0 5
0 7
0 12
0 557
0 1199
0 624
0 245
0 569
0 29
0 222
1 640
1 5
1 6
1 7
1 264
1 10
1 12
1 528
1 18
1 150
1 24
1 30
1 287
1 33
1 290
1 163
1 548
1 37
1 168
1 50
1 179
1 436
1 54
1 696
1 582
1 444
1 1061
1 323
1 454
1 71
1 840
1 1097
1 458
1 680
1 76
1 594
1 213
1 986
1 347
1 485
1 480
1 481
1 357
1 614
1 1212
1 747
1 1150
1 497
1 370
1 805
1 638
1 253
1 510
1 1109
2 128
2 1025
2 554
2 5
2 6
2 682
2 8
2 9
2 10
2 909
2 655
2 528
2 786
2 19
2 276
2 150
2 279
2 25
2 29
2 1190
2 619
2 37
2 38
2 40
2 42
2 171
2 300
2 1199
2 689
2 435
2 564
2 182
2 1080
2 56
2 607
2 60
2 319
2 192
2 834
2 67
2 310
2 838
2 458
2 75
2 460
2 590
2 1232
2 721
2 850
2 341
2 203
2 1017
2 473
2 218
2 95
2 352
2 737
2 482
2 891
2 357
2 235
2 237
2 113
2 579
2 756
2 629
2 1067
2 761
2 507
2 124
2 253
3 130
3 261
3 6
3 8
3 649
3 10
3 16
3 17
3 277
3 664
3 26
3 29
3 286
3 5
3 33
3 547
3 420
3 167
3 811
3 428
3 813
3 645
3 561
3 158
3 1226
3 961
3 69
3 417
3 202
3 334
3 722
3 730
3 988
3 736
3 740
3 1169
3 1004
3 365
3 373
3 247
3 249
3 250
3 126
3 383
4 387
4 5
4 6
4 7
4 8
4 10
4 11
4 14
4 408
4 18
4 21
4 662
4 152
4 283
4 32
4 547
4 134
4 39
4 551
4 46
4 176
4 689
4 306
4 820
4 57
4 572
4 830
4 65
4 194
4 1221
4 202
4 206
4 80
4 270
4 1081
4 1111
4 349
4 350
4 95
4 1176
4 613
4 102
4 234
4 423
4 109
4 118
4 119
4 120
4 762
4 252
4 1109
5 6
5 7
5 8
5 9
5 522
5 11
5 12
5 14
5 16
5 531
5 20
5 1048
5 25
5 28
5 90
5 34
5 1066
5 560
5 49
5 50
5 52
5 56
5 60
5 61
5 96
5 67
5 73
5 1100
5 79
5 99
5 1108
5 86
5 602
5 93
5 608
5 187
5 612
5 109
5 111
5 624
5 626
5 119
5 632
5 532
5 122
5 635
5 124
5 1154
5 654
5 159
5 112
5 1189
5 166
5 1192
5 1198
5 687
5 180
5 183
5 699
5 702
5 703
5 195
5 1220
5 712
5 120
5 725
5 729
5 222
5 224
5 739
5 721
5 745
5 236
5 241
5 755
5 248
5 762
5 257
5 770
5 259
5 773
5 779
5 285
5 798
5 48
5 291
5 810
5 303
5 305
5 306
5 308
5 312
5 340
5 862
5 1035
5 369
5 887
5 388
5 389
5 390
5 392
5 910
5 412
5 926
5 937
5 942
5 948
5 956
5 448
5 963
5 1185
5 969
5 484
5 488
5 489
5 1013
5 1016
5 507
5 509
5 1023
6 7
6 8
6 9
6 11
6 652
6 13
6 15
6 16
6 17
6 18
6 19
6 529
6 21
6 1113
6 1049
6 666
6 815
6 284
6 30
6 32
6 193
6 290
6 37
6 38
6 241
6 40
6 1193
6 170
6 175
6 1072
6 136
6 52
6 286
6 566
6 364
6 187
6 1104
6 446
6 703
6 65
6 1090
6 139
6 948
6 454
6 71
6 129
6 1228
6 78
6 848
6 81
6 83
6 84
6 726
6 601
6 1114
6 348
6 221
6 94
6 1189
6 272
6 893
6 742
6 465
6 105
6 875
6 108
6 750
6 367
6 1035
6 168
6 114
6 531
6 628
6 118
6 1144
6 121
6 1023
6 125
6 511
7 9
7 1034
7 11
7 13
7 17
7 18
7 20
7 21
7 23
7 26
7 27
7 31
7 33
7 34
7 36
7 518
7 41
7 45
7 53
7 1078
7 567
7 60
7 579
7 69
7 70
7 585
7 76
7 80
7 1106
7 1107
7 953
7 91
7 95
7 99
7 1125
7 103
7 618
7 619
7 1137
7 1044
7 634
7 635
7 124
7 106
7 131
7 138
7 140
7 656
7 147
7 661
7 151
7 665
7 155
7 157
7 166
7 175
7 176
7 693
7 701
7 190
7 196
7 204
7 730
7 736
7 1249
7 741
7 743
7 237
7 245
7 772
7 268
7 271
7 275
7 278
7 796
7 296
7 299
7 307
7 821
7 310
7 311
7 991
7 833
7 55
7 333
7 334
7 338
7 856
7 860
7 870
7 871
7 365
7 882
7 884
7 885
7 381
7 894
7 899
7 901
7 403
7 414
7 581
7 929
7 424
7 425
7 941
7 948
7 441
7 958
7 757
7 455
7 456
7 1100
7 973
7 980
7 984
7 479
7 993
7 1001
7 492
8 1027
8 648
8 9
8 10
8 11
8 12
8 13
8 14
8 15
8 895
8 145
8 18
8 19
8 20
8 534
8 663
8 410
8 855
8 666
8 34
8 1243
8 677
8 680
8 41
8 42
8 43
8 477
8 818
8 1033
8 181
8 438
8 999
8 184
8 266
8 318
8 63
8 64
8 736
8 68
8 309
8 198
8 199
8 1038
8 162
8 1230
8 525
8 981
8 774
8 1108
8 85
8 86
8 87
8 217
8 271
8 93
8 613
8 96
8 228
8 101
8 359
8 872
8 487
8 108
8 1234
8 1010
8 147
8 553
8 376
8 319
8 636
8 469
9 514
9 15
9 16
9 22
9 23
9 24
9 25
9 26
9 29
9 1054
9 32
9 33
9 35
9 39
9 40
9 553
9 49
9 53
9 57
9 1083
9 62
9 66
9 596
9 527
9 92
9 609
9 98
9 106
9 107
9 111
9 626
9 117
9 631
9 123
9 124
9 131
9 132
9 135
9 658
9 281
9 154
9 674
9 619
9 677
9 1193
9 174
9 175
9 179
9 181
9 185
9 1214
9 192
9 726
9 221
9 735
9 604
9 226
9 231
9 754
9 251
9 258
9 786
9 277
9 793
9 799
9 800
9 816
9 307
9 823
9 318
9 320
9 322
9 325
9 330
9 850
9 344
9 356
9 359
9 360
9 366
9 373
9 378
9 384
9 406
9 418
9 936
9 942
9 945
9 953
9 456
9 982
9 1011
10 133
10 649
10 778
10 855
10 12
10 194
10 14
10 15
10 146
10 546
10 404
10 917
10 150
10 24
10 537
10 559
10 28
10 285
10 415
10 416
10 34
10 803
10 548
10 933
10 552
10 668
10 1194
10 939
10 940
10 1070
10 47
10 49
10 862
10 180
10 53
10 457
10 500
10 699
10 701
10 574
10 309
10 832
10 672
10 66
10 325
10 70
10 609
10 456
10 329
10 930
10 354
10 206
10 463
10 208
10 849
10 594
10 213
10 87
10 771
10 770
10 527
10 719
10 224
10 225
10 98
10 379
10 100
10 742
10 488
10 1230
10 274
10 494
10 1085
10 336
10 116
10 504
10 377
10 1146
10 123
10 738
11 128
11 747
11 729
11 663
11 524
11 13
11 15
11 17
11 149
11 22
11 23
11 924
11 797
11 416
11 931
11 1202
11 809
11 42
11 45
11 176
11 562
11 51
11 52
11 57
11 188
11 480
11 581
11 713
11 75
11 82
11 86
11 527
11 89
11 346
11 475
11 606
11 224
11 867
11 484
11 235
11 1004
11 554
12 132
12 1132
12 523
12 13
12 14
12 655
12 921
12 19
12 21
12 473
12 917
12 25
12 27
12 1180
12 797
12 261
12 160
12 163
12 36
12 165
12 38
12 40
12 43
12 172
12 174
12 304
12 49
12 436
12 186
12 287
12 828
12 190
12 1035
12 1092
12 199
12 971
12 76
12 333
12 846
12 591
12 209
12 598
12 88
12 217
12 348
12 1062
12 233
12 1130
12 492
12 1133
12 147
12 760
12 638
12 127
13 34
13 43
13 137
13 1122
13 78
13 976
13 370
13 1139
13 238
13 87
13 1208
13 1102
13 63
14 527
14 16
14 17
14 20
14 22
14 26
14 27
14 30
14 31
14 33
14 44
14 46
14 48
14 49
14 50
14 52
14 54
14 59
14 572
14 522
14 62
14 63
14 64
14 584
14 73
14 76
14 611
14 85
14 1112
14 89
14 90
14 603
14 92
14 99
14 101
14 109
14 111
14 625
14 114
14 117
14 630
14 122
14 128
14 129
14 642
14 134
14 138
14 1164
14 152
14 665
14 157
14 670
14 159
14 165
14 678
14 690
14 180
14 181
14 696
14 185
14 1226
14 191
14 195
14 196
14 197
14 200
14 1225
14 714
14 203
14 207
14 1235
14 1245
14 222
14 228
14 232
14 233
14 237
14 254
14 256
14 263
14 1154
14 791
14 792
14 793
14 288
14 804
14 299
14 816
14 641
14 332
14 334
14 847
14 854
14 350
14 352
14 912
14 878
14 367
14 882
14 380
14 385
14 400
14 920
14 416
14 417
14 936
14 1097
14 442
14 446
14 449
14 451
14 456
14 462
14 979
14 470
14 984
14 477
14 677
14 484
14 1002
14 491
14 494
14 505
15 387
15 772
15 519
15 1037
15 782
15 784
15 275
15 1032
15 559
15 26
15 175
15 824
15 415
15 700
15 36
15 294
15 39
15 903
15 47
15 904
15 306
15 51
15 52
15 54
15 567
15 184
15 948
15 543
15 316
15 189
15 1204
15 950
15 876
15 458
15 459
15 1228
15 610
15 78
15 463
15 81
15 82
15 1236
15 86
15 1239
15 217
15 603
15 862
15 223
15 864
15 98
15 611
15 934
15 359
15 105
15 1002
15 847
15 108
15 239
15 242
15 115
15 119
15 506
15 127
16 1026
16 138
16 529
16 259
16 535
16 281
16 156
16 925
16 30
16 31
16 560
16 35
16 134
16 171
16 813
16 302
16 1117
16 48
16 434
16 952
16 57
16 314
16 927
16 117
16 576
16 1217
16 1093
16 991
16 353
16 969
16 842
16 78
16 1230
16 855
16 88
16 442
16 863
16 225
16 234
16 108
16 109
16 494
16 245
16 376
16 249
16 1002
17 1160
17 1196
17 780
17 429
17 145
17 20
17 22
17 281
17 538
17 28
17 286
17 927
17 165
17 44
17 45
17 430
17 48
17 179
17 308
17 926
17 868
17 1212
17 190
17 63
17 395
17 453
17 70
17 72
17 330
17 81
17 87
17 472
17 345
17 911
17 805
17 480
17 100
17 998
17 488
17 1134
17 367
17 752
17 114
17 628
17 1014
17 759
17 122
17 831
17 1020
17 639
18 514
18 780
18 143
18 145
18 914
18 19
18 23
18 155
18 35
18 1222
18 38
18 808
18 681
18 42
18 46
18 1148
18 51
18 437
18 568
18 569
18 347
18 315
18 191
18 1217
18 580
18 70
18 72
18 971
18 337
18 1237
18 855
18 344
18 986
18 91
18 655
18 478
18 228
18 550
18 102
18 1020
18 244
18 1017
18 1215
18 252
19 512
19 769
19 137
19 322
19 22
19 283
19 1180
19 417
19 291
19 297
19 433
19 50
19 312
19 59
19 714
19 1086
19 194
19 67
19 202
19 525
19 82
19 83
19 1098
19 344
19 601
19 607
19 1121
19 482
19 99
19 357
19 753
19 253
20 260
20 146
20 21
20 388
20 155
20 413
20 30
20 417
20 931
20 549
20 171
20 812
20 45
20 669
20 670
20 966
20 831
20 961
20 326
20 330
20 715
20 208
20 339
20 728
20 1094
20 1118
20 735
20 97
20 231
20 234
20 1006
20 111
20 112
20 760
20 249
20 378
20 618
21 1067
21 684
21 394
21 1111
21 529
21 790
21 24
21 25
21 1178
21 27
21 964
21 158
21 672
21 929
21 547
21 582
21 1052
21 1031
21 172
21 816
21 436
21 1097
21 55
21 953
21 61
21 834
21 324
21 326
21 140
21 76
21 208
21 466
21 727
21 602
21 863
21 355
21 105
21 364
21 366
21 489
21 241
21 883
21 119
21 890
21 380
22 261
22 148
22 277
22 23
22 157
22 36
22 37
22 40
22 413
22 1200
22 1074
22 309
22 695
22 151
22 842
22 191
22 193
22 195
22 836
22 584
22 74
22 339
22 84
22 267
22 1118
22 105
22 363
22 238
22 1136
22 116
22 831
22 255
23 555
23 1174
23 1030
23 136
23 526
23 273
23 146
23 1070
23 151
23 24
23 28
23 29
23 32
23 801
23 35
23 36
23 39
23 168
23 1065
23 43
23 174
23 925
23 432
23 177
23 692
23 182
23 1079
23 56
23 58
23 572
23 702
23 575
23 578
23 964
23 203
23 590
23 1166
23 854
23 1239
23 1112
23 292
23 358
23 1191
23 883
23 117
23 378
23 1151
23 1023
24 130
24 899
24 133
24 392
24 269
24 399
24 402
24 915
24 916
24 280
24 27
24 1011
24 31
24 928
24 291
24 292
24 37
24 1009
24 168
24 1066
24 305
24 690
24 51
24 566
24 56
24 569
24 315
24 957
24 958
24 63
24 64
24 1097
24 1088
24 331
24 77
24 335
24 696
24 338
24 340
24 599
24 601
24 890
24 609
24 232
24 362
24 496
24 360
24 243
24 244
24 766
24 120
24 634
24 123
24 126
25 776
25 270
25 145
25 530
25 156
25 677
25 954
25 58
25 320
25 325
25 72
25 713
25 714
25 79
25 80
25 980
25 782
25 215
25 90
25 93
25 1246
25 612
25 998
25 103
25 105
25 239
25 246
25 122
25 253
26 260
26 393
26 400
26 259
26 153
26 28
26 1053
26 544
26 1060
26 817
26 177
26 180
26 830
26 66
26 74
26 183
26 727
26 91
26 92
26 95
26 737
26 229
26 1126
26 1127
26 361
26 1131
26 242
26 631
26 890
27 643
27 786
27 659
27 1046
27 423
27 47
27 821
27 312
27 95
27 325
27 73
27 974
27 850
27 340
27 215
27 223
27 494
27 140
27 627
28 647
28 787
28 1044
28 1048
28 31
28 1056
28 35
28 1244
28 944
28 563
28 180
28 54
28 700
28 457
28 460
28 205
28 461
28 216
28 475
28 476
28 975
28 188
29 390
29 135
29 267
29 144
29 273
29 535
29 414
29 32
29 546
29 819
29 53
29 705
29 1091
29 456
29 592
29 478
29 351
29 656
29 364
29 118
30 644
30 517
30 135
30 264
30 905
30 662
30 985
30 900
30 1050
30 411
30 161
30 163
30 42
30 583
30 1196
30 498
30 1032
30 219
30 56
30 803
30 59
30 62
30 959
30 65
30 66
30 694
30 327
30 73
30 78
30 79
30 336
30 83
30 84
30 270
30 89
30 207
30 719
30 353
30 98
30 227
30 101
30 358
30 362
30 493
30 878
30 880
30 625
30 370
30 1142
30 247
30 124
30 490
30 382
31 393
31 1167
31 793
31 1135
31 425
31 811
31 684
31 817
31 564
31 566
31 571
31 583
31 725
31 87
31 1113
31 731
31 476
31 991
31 365
31 495
31 497
31 633
31 1021
32 395
32 525
32 911
32 534
32 644
32 795
32 540
32 542
32 159
32 919
32 421
32 550
32 41
32 44
32 432
32 709
32 1075
32 182
32 58
32 1093
32 447
32 68
32 197
32 454
32 1100
32 591
32 1235
32 340
32 471
32 345
32 474
32 1116
32 481
32 999
32 360
32 1005
32 110
32 240
32 1128
32 724
33 512
33 1172
33 516
33 439
33 134
33 665
33 1035
33 908
33 320
33 403
33 660
33 279
33 576
33 537
33 282
33 411
33 1180
33 1055
33 561
33 289
33 420
33 805
33 166
33 39
33 298
33 839
33 44
33 430
33 177
33 178
33 565
33 398
33 311
33 60
33 61
33 64
33 620
33 199
33 75
33 83
33 596
33 341
33 1239
33 1242
33 988
33 736
33 222
33 96
33 230
33 102
33 104
33 617
33 106
33 807
33 108
33 622
33 367
33 787
33 903
33 501
33 504
33 1017
33 763
33 1159
33 1130
34 714
34 107
34 990
34 79
34 1171
34 181
34 333
34 504
34 185
34 374
34 143
34 125
34 254
35 960
35 132
35 136
35 159
35 549
35 424
35 1066
35 44
35 561
35 818
35 832
35 963
35 68
35 970
35 845
35 594
35 85
35 214
35 600
35 219
35 1216
35 96
35 1131
35 127
36 256
36 916
36 925
36 674
36 38
36 297
36 391
36 300
36 47
36 1079
36 68
36 838
36 335
36 976
36 1115
36 868
36 1190
36 627
37 645
37 143
37 400
37 913
37 532
37 133
37 966
37 41
37 684
37 952
37 574
37 70
37 74
37 218
37 227
37 240
37 632
37 123
38 384
38 513
38 138
38 139
38 770
38 143
38 784
38 149
38 919
38 912
38 922
38 923
38 1094
38 41
38 426
38 172
38 46
38 50
38 950
38 440
38 57
38 318
38 192
38 705
38 1218
38 581
38 454
38 202
38 207
38 1105
38 213
38 1158
38 225
38 486
38 487
38 889
38 1045
39 768
39 775
39 776
39 265
39 266
39 151
39 781
39 406
39 283
39 803
39 421
39 553
39 43
39 826
39 61
39 65
39 838
39 455
39 1136
39 588
39 846
39 720
39 85
39 1162
39 216
39 473
39 1210
39 491
39 622
39 829
39 368
39 247
39 762
39 1019
39 127
40 128
40 1010
40 662
40 519
40 813
40 915
40 148
40 917
40 280
40 1135
40 1055
40 928
40 496
40 419
40 164
40 293
40 679
40 775
40 45
40 48
40 1201
40 437
40 59
40 492
40 637
40 323
40 324
40 453
40 1036
40 77
40 337
40 82
40 548
40 218
40 988
40 224
40 995
40 593
40 362
40 364
40 509
40 368
40 242
40 243
40 501
40 1142
40 759
40 764
40 125
40 766
40 383
41 65
41 323
41 233
41 583
41 71
41 192
41 562
41 1051
41 264
41 178
41 116
41 745
41 921
41 635
41 157
41 1029
42 133
42 139
42 141
42 918
42 408
42 164
42 1061
42 683
42 688
42 186
42 188
42 190
42 64
42 193
42 204
42 594
42 726
42 97
42 749
42 62
42 121
43 144
43 920
43 281
43 1053
43 296
43 1198
43 188
43 72
43 843
43 77
43 206
43 205
43 80
43 936
43 856
43 912
43 167
43 113
43 120
43 382
44 129
44 389
44 1033
44 267
44 524
44 149
44 152
44 414
44 415
44 1137
44 46
44 1073
44 54
44 447
44 544
44 1090
44 651
44 196
44 587
44 104
44 1132
44 110
44 872
44 505
44 1019
44 639
45 128
45 514
45 131
45 140
45 653
45 1027
45 1062
45 47
45 69
45 481
45 72
45 843
45 337
45 1124
45 220
45 94
45 608
45 353
45 228
45 869
45 1129
45 238
45 114
45 890
45 379
46 130
46 527
46 656
46 785
46 148
46 405
46 790
46 279
46 664
46 1178
46 1179
46 90
46 1064
46 686
46 431
46 563
46 1078
46 58
46 1217
46 706
46 325
46 201
46 74
46 471
46 345
46 218
46 91
46 733
46 362
46 792
46 89
46 250
46 1142
47 1219
47 522
47 523
47 653
47 707
47 406
47 922
47 412
47 541
47 1223
47 1016
47 698
47 321
47 395
47 586
47 711
47 74
47 592
47 173
47 214
47 92
47 107
47 238
47 111
47 1138
47 244
47 375
47 632
47 510
47 255
48 226
48 67
48 676
48 199
48 169
48 394
48 908
48 675
48 55
48 856
48 794
48 543
48 931
48 69
49 97
49 98
49 115
49 390
49 647
49 1160
49 589
49 685
49 947
49 51
49 533
49 1078
49 58
49 443
49 605
50 896
50 132
50 134
50 651
50 272
50 278
50 407
50 1181
50 1183
50 804
50 681
50 1197
50 562
50 53
50 55
50 60
50 451
50 584
50 457
50 77
50 461
50 1236
50 215
50 350
50 96
50 1040
50 355
50 100
50 1190
50 230
50 873
50 874
50 120
51 256
51 385
51 132
51 262
51 472
51 672
51 930
51 676
51 1190
51 169
51 173
51 55
51 185
51 314
51 445
51 441
51 67
51 708
51 709
51 1225
51 332
51 589
51 718
51 464
51 139
51 1111
51 984
51 343
51 267
51 90
51 349
51 1041
51 104
51 873
51 747
51 748
51 751
51 369
51 884
51 248
51 895
51 1149
51 1150
51 383
52 1056
52 97
52 136
52 1166
52 722
52 145
52 466
52 942
52 154
52 667
52 156
52 1245
53 525
53 1039
53 912
53 151
53 538
53 932
53 925
53 200
53 61
53 191
53 448
53 328
53 77
53 81
53 83
53 615
53 624
53 723
53 372
53 886
53 119
53 505
54 214
54 806
54 438
54 73
54 116
54 86
54 279
54 88
54 281
54 829
55 384
55 1170
55 662
55 663
55 1184
55 1075
55 809
55 263
55 821
55 320
55 965
55 582
55 583
55 335
55 210
55 596
55 725
55 855
55 463
55 220
55 358
55 1005
55 1135
55 374
55 634
55 1045
56 776
56 523
56 141
56 541
56 1185
56 1065
56 187
56 448
56 449
56 82
56 600
56 1114
56 866
56 245
56 886
56 888
56 1145
57 160
57 624
57 889
57 751
57 467
57 405
57 329
57 409
57 1241
57 62
57 1013
58 641
58 450
58 644
58 773
58 459
58 498
58 117
58 664
58 378
58 59
58 671
59 401
59 1046
59 924
59 670
59 668
59 939
59 429
59 305
59 437
59 1012
59 75
59 210
59 97
59 239
59 1140
59 505
59 892
60 675
60 1235
60 284
60 170
60 1234
60 495
60 368
60 835
60 784
60 91
60 156
60 1181
60 126
61 518
61 137
61 394
61 139
61 142
61 271
61 272
61 534
61 1132
61 1176
61 155
61 540
61 413
61 288
61 1192
61 426
61 541
61 816
61 749
61 436
61 822
61 823
61 314
61 71
61 1015
61 593
61 214
61 88
61 1115
61 698
61 1040
61 635
61 356
61 101
61 231
61 617
61 106
61 236
61 493
61 1134
61 112
61 242
61 1141
61 887
61 507
61 1021
62 643
62 397
62 1044
62 661
62 1048
62 300
62 1197
62 649
62 576
62 75
62 348
62 1120
62 235
62 1136
62 497
62 885
62 379
63 388
63 1158
63 144
63 401
63 545
63 550
63 296
63 1223
63 815
63 564
63 565
63 310
63 184
63 1082
63 827
63 1141
63 578
63 71
63 209
63 978
63 610
63 373
64 1123
64 454
64 528
64 248
64 840
64 953
64 121
64 476
64 223
65 588
65 945
65 66
65 182
65 138
65 268
65 141
65 113
65 274
65 150
65 507
65 394
66 136
66 1218
66 1169
66 402
66 148
66 149
66 919
66 163
66 937
66 1194
66 686
66 687
66 1090
66 68
66 69
66 712
66 201
66 587
66 79
66 547
66 1238
66 732
66 118
66 224
66 1003
66 1248
66 368
66 115
66 502
66 253
66 126
67 1039
67 401
67 474
67 517
67 419
67 293
67 172
67 814
67 432
67 822
67 479
67 702
67 328
67 590
67 730
67 607
67 227
67 100
67 872
67 622
67 1128
67 315
68 257
68 453
68 486
68 577
68 324
68 288
68 808
68 1174
68 1145
68 196
68 379
68 849
68 1105
69 266
69 529
69 643
69 1178
69 287
69 682
69 573
69 959
69 192
69 463
69 978
69 467
69 346
69 219
69 220
69 94
69 1125
69 485
69 103
69 504
69 251
70 260
70 1032
70 918
70 682
70 264
70 819
70 200
70 205
70 84
70 599
70 216
70 293
70 232
70 114
70 1144
70 249
70 891
71 263
71 522
71 301
71 920
71 161
71 1188
71 427
71 173
71 1203
71 820
71 441
71 317
71 577
71 323
71 199
71 825
71 976
71 81
71 215
71 1241
71 474
71 391
71 103
71 1002
71 491
71 110
71 113
71 1013
71 1143
72 289
72 867
72 905
72 426
72 80
72 116
72 89
72 602
72 490
72 914
73 104
73 778
73 84
73 542
73 247
73 92
73 221
74 896
74 1154
74 263
74 402
74 538
74 1191
74 424
74 170
74 299
74 691
74 829
74 190
74 328
74 458
74 738
74 973
74 88
74 354
74 230
74 358
74 747
74 236
74 112
74 113
74 370
74 499
74 504
75 225
75 1161
75 396
75 738
75 402
75 1208
76 1129
76 107
76 397
76 466
76 275
76 407
76 889
76 1115
76 860
77 256
77 130
77 262
77 280
77 1170
77 533
77 153
77 152
77 409
77 282
77 1054
77 425
77 1066
77 1071
77 1246
77 316
77 448
77 194
77 461
77 211
77 94
77 609
77 228
77 102
77 364
77 1134
77 625
77 763
77 892
77 126
77 255
78 515
78 1158
78 905
78 878
78 540
78 928
78 163
78 420
78 1209
78 828
78 220
78 740
78 1003
78 622
78 123
78 508
78 125
79 640
79 1216
79 262
79 775
79 777
79 1162
79 908
79 1166
79 146
79 1211
79 792
79 175
79 284
79 1242
79 158
79 161
79 164
79 805
79 93
79 553
79 170
79 303
79 1207
79 440
79 863
79 574
79 437
79 960
79 1089
79 452
79 331
79 332
79 1231
79 464
79 568
79 722
79 483
79 1030
79 218
79 221
79 479
79 864
79 99
79 363
79 237
79 110
79 757
79 118
79 125
80 129
80 235
80 487
80 172
80 653
80 906
80 531
80 331
80 209
80 259
80 85
80 406
80 791
80 657
80 154
80 250
81 131
81 868
81 296
81 169
81 299
81 1187
81 404
81 852
81 217
81 733
82 193
82 131
82 537
82 197
82 654
82 304
82 177
82 212
82 1200
82 185
82 121
82 345
82 94
82 549
83 782
83 1176
83 275
83 920
83 284
83 290
83 293
83 1198
83 306
83 315
83 1088
83 468
83 346
83 349
83 483
83 493
83 248
83 761
83 893
84 102
84 391
84 599
84 107
84 694
84 341
84 425
84 906
85 514
85 776
85 326
85 972
85 716
85 109
85 685
85 433
85 819
85 340
85 558
85 532
85 1019
85 541
85 1087
86 704
86 898
86 295
86 1001
86 176
86 691
86 220
87 769
87 918
87 135
87 523
87 1036
87 1042
87 278
87 667
87 162
87 938
87 1037
87 606
87 444
87 832
87 452
87 1095
87 971
87 1102
87 335
87 976
87 603
87 734
87 227
87 101
87 871
87 1010
87 371
87 767
88 321
88 682
88 752
88 489
88 234
88 910
88 242
88 403
88 692
88 400
88 1022
89 448
89 1237
89 779
89 329
89 664
89 206
89 616
89 658
89 403
89 875
89 630
89 617
89 696
89 1244
89 223
90 201
90 210
90 153
90 837
91 1153
91 387
91 270
91 784
91 558
91 1051
91 922
91 414
91 159
91 987
91 135
91 687
91 307
91 831
91 201
91 1227
91 211
91 212
91 341
91 984
91 219
91 93
91 485
91 353
91 355
91 229
91 742
91 871
91 490
91 750
91 370
91 468
91 380
92 194
92 300
93 320
93 1204
93 100
93 428
93 142
93 1233
93 882
93 243
93 244
93 150
93 857
93 1146
93 604
93 389
94 321
94 1223
94 106
94 556
94 336
94 276
94 870
94 153
94 186
94 1020
94 954
95 937
95 240
95 467
95 628
95 441
95 154
95 351
96 162
96 261
96 202
96 144
96 104
96 1203
96 244
96 758
96 183
96 884
96 698
96 959
96 127
97 384
97 545
97 968
97 453
97 200
97 137
97 142
97 432
97 758
97 169
97 410
97 957
97 1157
98 588
98 896
98 571
98 518
98 103
98 332
98 909
98 848
98 115
98 1076
98 1001
98 1080
98 559
98 170
99 1026
99 520
99 535
99 550
99 551
99 297
99 1068
99 690
99 1206
99 828
99 582
99 330
99 460
99 333
99 464
99 209
99 188
99 423
99 376
99 764
100 256
100 288
100 205
100 462
100 307
100 215
100 312
100 539
100 1116
100 798
101 129
101 803
101 292
101 385
101 297
101 471
101 684
101 679
101 1192
101 467
101 276
101 184
101 787
101 187
101 351
102 1030
102 313
103 480
103 1024
103 283
103 166
103 389
103 551
103 906
103 911
103 520
103 374
103 537
103 219
103 197
104 260
104 904
104 265
104 778
104 654
104 160
104 1061
104 935
104 306
104 435
104 439
104 701
104 459
104 1231
104 214
104 997
104 739
104 869
104 486
104 110
105 1039
105 555
105 323
105 165
105 392
105 339
105 331
105 1168
105 115
105 759
105 1208
105 666
105 655
105 319
106 896
106 130
106 648
106 525
106 659
106 154
106 546
106 169
106 176
106 328
106 1100
106 460
106 1101
106 846
106 349
106 991
106 490
106 112
106 881
106 500
106 762
106 508
107 736
107 749
107 909
107 322
107 142
107 208
107 696
107 439
107 216
107 1180
108 452
108 467
108 858
108 366
108 1096
108 434
108 147
108 814
108 932
108 186
108 666
109 257
109 354
109 291
109 902
109 835
109 536
109 446
110 928
110 546
110 644
110 198
110 649
110 970
110 738
110 752
110 754
110 500
110 567
110 1164
111 385
111 1025
111 405
111 1177
111 282
111 284
111 289
111 162
111 1058
111 304
111 1205
111 438
111 572
111 964
111 586
111 205
111 339
111 983
111 347
111 357
111 616
111 489
111 625
111 500
111 121
111 122
112 274
112 155
112 517
112 161
112 813
112 820
112 837
112 459
112 472
112 604
112 878
112 1008
112 371
112 246
112 251
112 381
112 254
113 427
113 268
113 301
113 1027
113 1109
113 822
113 824
113 698
113 802
113 156
114 1222
114 417
114 841
114 167
114 137
114 477
114 174
114 1078
114 745
114 1080
114 1220
114 829
114 157
115 258
115 269
115 148
115 917
115 167
115 426
115 308
115 183
115 443
115 830
115 1217
115 457
115 843
115 226
115 212
115 1242
115 351
115 1007
115 233
115 894
115 255
116 640
116 452
116 943
116 498
116 788
116 265
116 772
117 289
117 675
117 428
118 901
118 140
118 866
118 144
118 1061
119 160
119 234
119 780
119 433
120 1216
120 674
120 203
120 434
120 526
120 562
120 442
120 530
120 898
120 1221
121 198
121 133
121 680
121 811
121 908
121 910
121 710
121 345
121 186
121 938
121 874
121 1118
122 783
122 229
122 164
122 166
122 519
122 1196
122 554
122 651
122 556
122 338
122 502
122 503
122 600
122 767
122 836
122 191
123 384
123 395
123 141
123 920
123 309
123 503
123 761
123 796
123 789
124 1024
124 993
124 603
124 260
124 390
124 298
124 1131
124 178
124 621
124 944
124 1083
124 146
124 1106
124 663
124 187
125 516
125 551
125 237
125 1008
125 369
125 179
125 552
125 311
125 836
125 316
125 957
126 710
126 614
126 497
126 298
126 1127
126 718
126 496
126 152
126 901
126 825
126 1137
126 158
126 869
127 1036
127 657
127 1155
127 143
128 864
128 235
128 1224
128 216
128 834
128 189
128 894
129 240
129 388
129 1057
129 489
129 1129
129 718
129 695
129 1072
129 1210
129 880
130 816
130 717
130 421
130 173
130 688
130 946
130 195
130 791
130 1051
130 1215
131 800
131 1089
131 490
131 396
131 178
131 366
131 1165
131 891
131 605
132 264
132 1234
132 210
132 278
132 311
132 764
132 285
132 830
133 641
133 1026
133 753
133 149
133 374
133 986
134 773
134 743
134 968
134 363
134 300
134 141
134 1005
134 1201
134 1140
134 630
134 314
134 507
134 346
134 542
135 347
135 1092
135 231
135 887
135 332
135 142
135 879
135 592
135 1201
135 318
135 1144
136 978
136 992
136 261
136 168
136 458
136 355
136 226
136 562
136 147
136 533
136 153
136 1130
137 1186
137 1179
137 618
137 1195
137 1007
137 629
137 823
137 571
138 258
138 662
138 161
138 1059
138 804
138 1069
138 321
138 949
138 1206
138 313
138 196
138 198
138 586
138 989
138 528
138 1000
138 1013
139 416
139 706
139 204
139 271
139 755
139 252
139 350
139 965
140 896
140 164
140 934
140 465
140 401
140 338
140 789
140 441
140 1214
140 479
141 162
141 643
141 843
141 909
141 399
141 500
141 431
141 1049
141 994
142 355
142 1014
142 294
142 1125
142 679
142 304
142 274
142 725
142 577
142 695
142 698
142 571
142 455
142 295
143 1123
143 1221
143 258
143 1069
143 1200
143 209
143 211
143 276
143 885
143 632
144 386
144 1190
144 904
144 305
144 375
144 315
144 252
145 257
145 195
145 197
145 903
145 201
145 1034
145 491
145 654
145 630
145 521
146 518
146 616
146 1212
146 343
146 211
146 415
147 1106
147 659
147 277
147 182
147 1081
147 633
147 668
148 257
148 1196
148 167
148 521
148 268
148 877
148 449
148 756
148 373
148 889
148 383
148 319
149 737
150 158
151 341
151 181
152 672
152 705
152 386
152 329
152 239
152 756
152 951
152 348
152 447
153 480
153 923
153 585
153 586
153 428
153 335
153 1096
153 595
153 633
153 783
153 1116
153 1215
154 620
154 486
154 358
154 236
154 399
154 978
154 1077
154 407
154 280
154 436
154 443
155 690
155 206
156 513
156 1182
156 160
156 291
156 165
156 294
156 171
156 173
156 431
156 950
156 189
156 450
156 1222
156 976
156 1239
156 230
156 617
156 1130
156 620
156 243
156 252
157 643
157 1064
157 1063
157 844
157 208
157 177
157 243
157 248
157 254
158 997
158 395
158 716
158 217
158 1146
158 891
158 1093
159 1131
159 1010
159 595
159 339
159 1110
159 755
159 444
160 198
160 508
160 906
160 876
160 531
160 381
161 837
161 844
161 785
161 694
162 1200
162 689
162 536
162 602
163 928
163 684
163 229
163 265
163 1058
163 849
163 179
163 213
164 483
164 549
164 278
164 893
165 416
165 1091
165 989
165 277
165 759
165 189
166 923
166 623
166 1083
166 793
166 251
166 1191
167 704
167 578
167 969
167 302
167 782
167 1110
167 279
167 700
168 375
168 681
168 203
168 178
168 1015
168 246
168 669
168 222
168 543
169 933
169 705
169 914
169 1103
169 210
169 532
169 502
169 381
170 483
170 711
170 968
170 171
170 269
170 739
170 899
170 958
171 1008
171 326
171 807
171 241
171 818
171 629
171 724
171 1018
171 1050
172 967
172 744
172 174
172 921
172 697
173 704
173 746
173 1246
174 608
174 833
174 294
174 637
174 204
174 533
174 285
174 958
175 994
175 226
175 1051
175 342
175 552
175 231
175 973
175 1231
175 944
175 310
175 361
175 327
175 1249
175 927
176 636
176 963
176 293
176 1062
176 297
176 516
176 316
176 1213
176 1206
177 290
177 1067
177 560
177 597
178 732
178 330
178 269
178 274
178 1091
178 853
178 183
179 627
179 748
179 813
179 275
179 628
179 247
179 1016
180 817
181 519
181 1000
181 695
181 303
181 791
181 712
181 462
181 667
181 636
181 957
182 797
182 229
182 262
182 423
182 1000
182 585
182 524
182 207
182 212
182 566
182 804
182 934
182 431
182 189
182 382
182 1183
183 544
183 419
183 998
183 408
183 184
184 1057
184 1218
184 653
184 658
184 1141
185 576
185 800
185 612
185 679
185 714
185 207
185 305
185 238
185 375
185 895
185 735
186 832
186 295
186 269
186 1022
186 245
187 193
187 995
187 357
187 520
187 870
187 711
187 588
187 526
187 806
187 545
187 758
187 979
187 1223
187 223
187 510
188 225
188 838
188 381
188 1139
188 362
189 1095
189 1004
189 1043
189 986
189 508
190 289
190 387
190 241
190 317
190 875
190 283
191 674
191 806
191 1196
191 1186
191 568
191 1085
192 641
192 580
192 1164
192 1245
192 1075
192 233
192 957
192 485
193 484
193 424
193 1138
193 1149
193 240
193 979
193 377
193 522
193 1054
194 642
194 1099
194 211
194 200
194 540
194 1011
194 1134
194 301
194 232
194 405
194 536
194 575
195 321
195 1219
195 1124
195 327
195 232
195 532
195 1177
195 753
195 1182
195 709
196 513
196 930
196 328
196 1095
196 272
196 722
196 996
196 413
197 386
197 772
197 294
197 361
197 298
197 977
197 652
197 755
197 212
197 213
197 1113
197 503
197 825
197 506
197 478
197 585
198 945
198 1033
198 236
198 429
198 584
198 371
198 270
198 409
199 645
199 302
199 399
200 258
200 1232
200 443
200 1180
201 801
201 1041
201 1158
201 1126
201 359
201 265
201 1075
201 1086
201 1001
201 348
201 282
201 833
202 204
202 729
202 410
202 285
203 581
203 471
203 391
203 585
203 427
203 578
203 774
203 1237
203 822
203 794
203 1243
203 863
204 227
204 872
204 307
204 1172
204 1195
204 246
204 921
205 1088
205 835
205 316
205 1036
205 880
205 376
205 1014
205 280
205 836
205 783
206 613
206 424
206 745
206 249
206 792
206 412
206 254
207 512
207 931
207 356
207 230
207 841
207 420
207 844
207 1214
207 790
207 755
207 1070
207 1242
207 794
207 701
207 421
208 455
208 327
208 361
208 266
208 873
208 301
208 560
208 407
208 382
208 501
209 597
209 309
209 478
210 389
210 295
210 368
210 692
210 1210
211 1057
211 646
212 520
212 983
212 221
213 962
213 418
213 263
213 1032
213 930
213 372
213 405
213 794
213 865
214 1058
214 502
214 296
214 594
214 607
215 1147
215 303
215 343
215 798
216 779
216 1156
216 1069
216 1048
216 378
217 398
217 597
217 1017
218 905
218 301
218 1168
218 1169
218 558
218 406
218 568
218 879
218 557
219 1059
219 738
219 1034
219 1131
219 396
219 558
219 739
220 288
220 419
220 484
220 329
220 972
220 589
220 272
220 1117
220 318
221 608
221 992
221 396
221 398
221 1097
221 1019
222 1120
222 598
222 342
222 313
223 870
223 262
223 935
223 1065
223 1227
223 398
223 720
223 1140
223 824
223 732
223 925
224 708
224 422
224 636
224 440
224 540
224 255
225 707
225 292
225 657
225 380
225 748
225 337
225 658
225 692
225 970
225 849
225 444
225 778
225 702
226 610
226 356
226 521
227 705
227 987
227 462
227 1201
227 916
227 699
228 842
228 556
228 817
228 883
228 276
230 354
230 1085
230 273
230 313
230 859
230 906
230 543
231 1093
231 1034
232 544
232 1068
232 913
232 506
233 353
233 239
233 658
233 606
233 665
233 286
233 447
234 302
235 1073
236 267
236 652
236 398
236 496
236 433
236 1061
236 1237
236 1079
236 250
236 639
237 673
237 970
237 386
237 859
238 777
238 1204
238 431
238 414
238 639
239 304
239 450
239 611
239 1028
239 774
239 303
239 271
239 273
239 1013
239 246
239 1145
239 317
239 766
239 671
240 774
240 842
240 1057
241 835
241 558
241 273
241 404
241 1143
241 312
241 1204
241 250
241 686
241 517
242 363
242 1113
242 377
243 577
243 676
243 567
243 282
244 418
244 1171
244 1082
244 342
244 858
244 987
245 1224
245 723
246 929
246 259
246 1156
246 392
246 1045
247 1032
247 820
247 1086
247 361
247 954
247 251
247 1151
248 1059
248 669
248 440
249 390
249 727
250 497
250 802
250 451
250 651
250 403
250 308
250 536
250 382
250 639
251 292
251 661
252 392
252 687
253 951
254 1184
254 609
254 715
254 914
254 824
254 1148
254 575
255 547
255 1157
255 825
256 512
256 1096
256 592
256 369
256 430
256 373
256 311
256 730
256 1023
256 949
257 515
257 327
257 1037
257 461
257 506
257 477
257 837
258 1003
258 645
258 1094
258 715
258 693
258 344
258 444
258 413
258 965
259 902
259 360
259 716
259 268
259 596
259 660
260 676
260 519
260 1228
260 533
260 1076
260 350
261 352
261 290
261 614
261 587
261 686
261 1105
261 974
261 860
261 477
262 941
262 977
262 857
263 1038
263 377
263 1050
263 572
263 810
264 707
264 903
264 266
264 334
264 559
264 1008
264 446
264 374
264 733
264 501
265 1248
265 394
265 812
265 498
265 835
265 598
265 286
266 746
266 1109
266 287
267 1069
267 407
268 322
268 1046
268 460
268 336
268 465
268 469
268 342
269 833
269 997
269 1033
269 818
269 349
269 1016
269 950
269 697
269 346
269 947
270 579
270 812
270 308
270 734
271 352
271 581
271 520
271 1211
271 415
272 337
273 352
273 499
274 1042
274 742
274 700
274 877
274 302
274 943
274 979
274 474
274 476
274 981
275 708
275 603
276 669
276 1095
276 360
276 941
276 578
276 814
276 974
276 605
276 632
276 858
276 539
276 924
276 317
277 551
277 334
277 317
278 769
278 1001
278 1015
278 397
278 494
278 1129
278 314
278 1052
278 765
279 555
279 938
279 427
279 344
279 875
280 386
280 1098
281 747
281 1092
281 741
281 646
281 648
281 842
281 428
281 876
281 851
281 393
281 1087
281 287
282 673
282 618
282 524
282 590
282 442
282 799
283 709
283 1074
284 523
284 717
284 853
284 824
284 559
285 1248
285 1217
285 707
285 712
285 725
285 408
286 673
286 548
286 453
286 593
286 299
286 377
286 989
286 990
287 1023
287 808
287 495
287 595
287 667
287 637
287 298
287 319
288 741
288 1139
288 342
289 964
289 745
289 492
289 367
289 799
290 772
290 1137
290 371
290 1221
291 952
291 1160
291 689
291 668
291 671
292 800
292 322
292 295
292 680
292 426
292 493
292 851
293 642
293 324
293 549
293 411
294 482
294 647
294 457
294 1151
294 781
294 435
294 1110
294 927
294 661
295 746
296 1089
296 1195
296 517
296 1169
296 586
296 556
296 1040
296 565
296 728
296 778
297 425
297 748
297 634
298 331
298 511
298 411
299 385
299 830
299 359
299 333
299 789
299 310
299 570
300 481
300 650
300 994
300 932
300 347
300 927
301 866
301 399
301 693
301 766
302 580
302 499
302 470
303 647
303 397
303 313
303 1149
304 626
304 895
305 770
305 365
305 1007
305 434
305 469
305 1207
306 640
306 905
306 621
306 338
306 911
306 356
306 443
306 933
307 402
307 1033
308 806
308 375
308 1243
309 967
310 1195
311 969
311 423
311 1229
311 409
311 1028
312 539
312 808
314 673
314 1220
314 422
314 751
314 1209
314 829
314 1147
314 351
315 404
316 515
316 1229
317 1184
317 580
317 965
317 614
317 437
318 1153
318 326
318 476
318 1170
318 951
319 544
319 576
319 804
319 1031
319 939
319 1122
319 846
319 336
319 616
319 568
319 692
319 796
320 552
320 435
321 773
321 1234
321 1014
321 573
322 569
322 535
322 848
322 937
322 470
322 343
322 388
322 748
322 794
322 702
323 324
323 396
323 369
323 1203
323 564
323 886
323 575
324 422
324 1099
324 909
324 468
325 859
325 488
325 627
325 756
325 762
326 1205
326 451
326 851
326 630
326 636
327 740
327 837
327 1041
327 469
328 907
328 1012
329 728
329 501
330 1084
331 419
331 1073
331 812
331 408
331 1107
331 372
331 1103
333 1121
333 391
333 916
333 566
333 633
333 1117
334 635
334 670
335 1060
335 671
336 1188
336 589
336 786
336 959
336 874
337 993
337 1226
337 1163
337 1134
337 717
337 724
337 530
337 511
338 845
338 720
338 372
338 734
338 729
338 445
338 638
338 767
339 1220
339 563
339 1077
339 538
340 731
340 1156
340 646
340 365
340 557
340 465
340 343
340 826
340 765
340 734
341 539
341 516
341 711
341 1224
341 681
341 499
341 1110
341 570
342 962
342 464
342 821
343 771
343 1060
343 968
343 1079
343 400
343 371
344 897
344 852
345 773
345 951
346 450
346 452
346 1149
347 354
347 518
347 598
347 861
348 993
348 1159
348 943
348 393
350 1120
350 450
350 966
350 1064
350 401
350 1083
351 387
351 708
351 967
351 683
351 492
351 591
351 469
351 470
351 991
352 1025
352 430
352 1168
352 440
352 541
353 978
353 902
353 555
353 366
353 530
353 1076
353 629
353 447
354 1025
354 1167
354 434
354 916
354 442
355 481
355 940
355 508
355 565
356 579
356 1031
356 393
356 556
356 621
356 947
356 726
357 1115
357 580
357 1124
357 938
357 683
357 1053
357 438
357 1060
357 1084
357 1002
358 1047
358 1225
358 937
358 363
358 463
358 376
358 988
359 996
359 972
360 648
360 691
360 732
360 607
362 841
362 716
362 623
362 851
363 1042
363 846
363 473
364 897
364 475
364 1193
364 1035
364 1038
364 445
364 573
364 1111
364 921
364 379
365 712
365 1187
365 1177
366 962
366 1154
366 1020
366 451
366 796
367 521
367 404
367 545
367 1050
367 475
367 380
367 767
368 418
368 1122
368 1022
369 499
369 1104
369 689
369 439
369 879
370 515
370 1161
370 491
370 1068
370 495
370 883
370 372
370 569
370 468
370 412
370 1151
371 1009
371 1173
372 409
372 922
373 713
373 446
374 619
374 706
374 885
375 933
375 1163
375 590
375 1241
375 571
377 672
377 913
377 758
377 1146
378 1026
378 1091
378 838
378 713
378 907
378 781
378 688
378 914
378 1123
378 694
378 634
379 780
379 1003
379 397
379 1142
379 591
379 539
379 509
379 637
380 743
381 526
381 383
382 418
382 646
382 839
382 521
383 770
384 411
384 744
384 625
384 597
384 872
384 731
385 472
385 601
385 495
386 1163
386 597
386 534
386 410
388 619
388 574
390 898
390 771
390 876
390 438
391 1249
391 995
391 429
391 1240
391 1063
392 673
392 420
392 1192
392 557
393 449
393 1138
393 980
393 1176
394 960
394 483
394 552
394 433
394 691
394 857
394 1022
395 750
396 611
396 1029
396 1099
397 1089
397 731
397 1188
397 990
397 410
398 620
398 542
399 717
399 1219
399 628
399 660
400 422
400 524
400 502
400 485
401 482
401 1221
401 620
401 994
401 462
402 1152
402 553
402 526
402 1038
403 427
403 722
403 466
403 505
403 412
404 1199
404 422
404 429
406 515
406 757
406 943
406 602
407 514
407 869
407 841
407 853
408 579
408 1189
408 623
408 659
408 948
409 421
409 615
409 852
410 886
410 981
410 470
410 445
411 1193
411 877
411 1052
412 449
412 996
413 430
413 977
413 601
413 1082
414 999
414 1215
415 1058
415 561
415 1171
415 693
415 726
416 612
416 435
416 538
416 543
417 802
418 652
418 1183
419 637
419 693
419 439
419 793
419 511
420 833
420 1138
421 739
421 724
421 1015
422 432
422 811
422 563
422 472
422 724
423 967
423 650
423 1127
423 1243
423 1059
423 474
423 478
424 1041
424 513
424 509
425 618
425 822
425 874
426 1062
426 1176
426 665
426 570
427 614
427 840
427 848
427 852
429 763
429 900
429 587
429 679
429 464
429 503
430 721
430 506
431 744
431 687
431 720
431 827
432 737
432 864
433 1160
433 459
434 1153
435 709
435 844
435 974
435 719
435 488
435 918
435 631
435 992
435 699
436 932
436 743
436 1040
436 1018
436 949
437 1154
437 1030
437 877
437 655
437 1233
437 819
437 1140
437 1110
437 892
438 1123
438 487
438 890
438 731
438 1245
438 510
439 1231
439 792
440 610
440 582
440 498
440 1049
440 567
440 473
440 1241
441 482
441 623
443 1216
443 445
444 992
444 557
445 1167
445 531
446 577
446 487
446 685
446 1245
446 1021
446 606
447 546
447 455
447 587
447 797
448 1186
448 710
448 605
451 1152
451 461
451 465
451 754
451 475
452 944
452 785
452 629
453 963
453 646
453 468
454 973
454 1005
454 592
454 764
454 893
454 638
455 624
455 868
455 486
455 945
455 723
455 663
455 1175
455 1085
456 466
456 1022
457 1071
457 880
457 788
457 862
458 1147
458 961
458 880
458 1071
459 513
459 1192
459 599
459 847
459 1018
459 510
460 644
460 789
460 503
460 861
460 1054
461 641
461 843
462 990
463 471
463 1030
464 710
464 496
465 844
465 942
465 753
465 1074
465 981
466 686
467 1040
467 854
467 633
467 573
468 777
468 659
469 610
469 613
469 1181
469 529
469 536
469 761
469 858
469 728
469 479
470 1155
470 708
470 795
470 1150
471 1185
471 616
471 904
471 574
472 703
473 715
474 810
474 493
474 751
474 1047
474 1021
474 798
475 685
477 675
477 545
477 1063
477 913
477 737
478 516
479 765
479 1243
479 795
479 573
479 1077
480 956
480 666
480 828
481 1038
481 788
481 534
481 509
482 749
483 688
483 790
483 1244
484 907
484 934
484 1101
484 815
484 1103
484 669
485 570
485 670
485 511
486 677
486 799
487 1226
487 565
488 836
488 901
488 701
488 575
489 583
489 776
489 615
489 1233
489 879
489 613
490 1159
490 718
490 1203
490 650
491 711
491 1133
491 848
491 918
491 730
491 671
492 608
492 802
492 779
492 815
492 1128
492 563
492 661
492 734
493 1211
496 554
496 954
497 761
498 760
498 593
498 1170
498 598
498 777
499 512
499 977
499 740
499 554
500 1059
500 626
500 1047
500 1179
501 753
501 826
502 584
502 841
503 1050
504 1155
505 865
505 774
505 760
506 648
507 704
507 881
508 936
508 1235
508 1014
510 528
510 631
510 537
512 1128
512 564
513 1120
513 1222
513 647
513 941
514 1165
514 668
515 946
515 788
515 856
515 1118
516 815
516 535
517 560
518 1091
518 1096
518 1147
519 623
519 720
519 1144
520 996
520 530
520 956
520 1247
521 777
522 998
522 570
522 667
523 964
523 828
523 652
523 656
523 1116
523 697
523 699
524 1058
524 857
524 1117
526 1067
526 881
526 982
526 956
526 1247
527 870
528 946
528 1043
528 1182
529 769
529 834
530 1043
530 732
531 1218
531 548
531 874
531 550
531 561
531 1012
531 697
532 1069
532 542
534 1043
534 1017
534 1182
535 871
535 1003
535 606
536 1162
536 1107
536 604
537 899
537 997
538 935
538 591
538 882
538 1080
538 1052
539 653
540 733
540 888
541 589
541 942
541 784
541 600
541 885
542 900
542 1000
542 600
542 1076
542 1021
544 683
544 617
544 555
544 749
544 622
544 1195
545 1055
545 873
545 1135
545 1037
545 656
545 694
545 1049
546 1025
546 678
547 612
547 977
548 704
548 864
548 912
548 626
548 605
549 974
549 867
549 861
551 642
551 947
552 809
552 1232
553 867
553 1208
554 1010
554 895
555 588
555 887
555 631
556 1159
556 718
556 1178
557 939
557 621
557 947
557 891
558 640
558 768
558 834
558 955
558 595
559 1156
559 691
560 1173
560 664
561 1090
561 907
561 1049
562 719
563 807
563 650
563 1177
564 1197
565 1160
565 595
565 923
566 1060
566 975
566 1071
566 764
568 1068
568 1199
568 917
568 1048
568 1116
569 654
570 1216
570 651
570 615
570 596
571 1239
571 1072
572 810
572 1086
573 1219
573 744
573 782
573 808
573 1108
573 1128
574 1248
574 717
574 1107
575 611
575 1132
575 827
575 1055
576 1211
577 1125
577 1126
578 627
578 884
578 1191
579 1213
579 831
580 814
580 857
580 1077
581 1185
581 1227
581 887
581 1111
581 1146
582 721
582 1011
582 735
583 1215
583 1087
583 915
583 827
584 926
584 1119
585 954
586 707
586 795
587 642
588 593
589 897
589 997
589 934
589 1034
589 919
589 818
589 791
589 638
590 1233
590 809
590 657
590 723
590 1015
591 1028
591 742
591 1042
591 599
591 956
592 741
592 615
593 746
594 806
595 783
596 1095
596 807
596 713
596 1164
597 867
597 1046
597 759
597 604
597 703
598 710
598 621
598 1165
598 1173
600 645
600 849
601 1098
602 1028
602 1228
603 1092
603 966
604 683
604 910
604 860
605 1029
605 746
606 1248
606 1236
606 1029
606 678
606 877
606 783
606 1172
606 1081
606 1212
606 1125
606 703
607 740
607 1047
607 1210
608 832
608 680
608 926
610 787
610 1207
611 768
611 1124
611 998
611 1084
612 960
613 768
613 994
613 935
614 785
615 883
616 993
616 719
616 1008
617 1066
617 941
617 847
618 1158
618 973
618 1213
619 1193
619 924
621 1219
622 967
623 1084
623 1098
624 1068
624 775
624 940
625 675
625 1157
625 1163
626 1175
626 1129
628 649
629 875
629 1006
630 1024
630 1028
630 1107
630 1148
630 894
630 1183
631 975
631 1074
631 789
631 765
632 865
632 771
633 678
633 690
633 946
634 985
634 1051
634 892
635 801
635 1198
636 897
637 757
638 650
638 814
638 1098
639 1152
640 817
640 1044
640 767
642 715
642 685
642 1148
642 893
644 1189
644 820
645 903
645 657
645 723
645 853
645 1031
645 765
646 676
646 999
646 944
646 727
646 923
646 1011
647 898
648 1228
649 716
650 758
651 932
651 795
653 754
653 986
655 1121
655 995
655 678
655 940
656 961
656 688
656 945
656 1174
657 743
658 911
658 660
658 861
659 1056
659 763
659 660
660 750
660 1045
661 780
662 866
662 952
663 1194
663 1044
664 823
664 1183
665 854
666 907
667 727
667 952
667 735
667 958
668 682
670 744
670 729
670 741
671 674
671 1223
671 1201
671 819
671 1119
672 850
672 860
673 1187
673 878
674 681
674 924
675 1153
676 1006
676 1079
676 1209
676 1211
677 1031
677 785
677 825
677 1242
678 873
678 1237
679 754
679 990
680 946
681 1218
681 756
681 1238
681 1055
682 936
682 919
683 1126
683 1225
683 939
684 929
684 1202
684 787
686 1224
686 695
687 980
687 1108
688 1108
688 697
689 733
690 908
690 853
690 790
691 706
691 803
691 868
691 1247
692 898
692 1123
695 786
696 706
697 1042
697 1205
697 700
697 1054
701 931
702 801
703 768
703 1204
703 1179
706 1012
707 752
707 1073
707 821
708 996
708 751
709 810
709 1168
709 1117
711 975
712 1104
712 721
713 1047
714 781
714 892
715 850
716 888
717 839
717 1133
717 1043
718 1145
720 1161
720 757
720 1077
721 1114
722 1064
722 854
723 1206
724 1096
724 845
724 949
725 1181
725 1045
725 1080
726 858
726 1082
727 728
728 800
728 1236
728 987
728 1109
729 775
729 750
730 900
730 760
730 859
730 1119
731 981
733 799
734 933
734 826
734 1150
735 811
736 781
737 935
738 1103
738 1247
739 859
741 1188
742 769
742 1167
742 845
743 861
744 1122
745 881
746 1189
746 809
747 771
747 1155
747 972
747 752
747 987
750 955
750 852
751 1184
751 897
751 888
751 826
751 915
752 807
752 1112
753 1139
754 801
754 1029
754 1202
754 1081
754 989
754 1151
756 839
756 1186
756 910
756 982
757 968
758 965
758 888
758 1178
759 982
759 1175
760 1027
761 1224
762 1205
762 763
762 766
763 1016
763 862
764 901
764 1036
764 1009
764 851
767 805
767 1102
767 982
768 1053
769 823
769 796
770 779
770 1235
771 1152
771 961
771 1026
771 1126
771 840
771 1135
771 827
772 1053
773 1056
773 1105
773 788
774 1087
775 1234
775 882
775 1115
776 1007
776 959
778 1152
778 1171
778 1007
778 915
778 1076
779 866
779 1070
779 847
779 1143
779 798
780 1171
781 1185
781 1100
782 1075
782 1205
783 1006
783 879
784 1000
784 1005
786 1249
786 962
787 983
788 938
788 1167
788 1082
788 797
789 869
789 1229
789 1236
790 940
791 902
791 1112
791 988
792 1024
793 802
794 1170
795 1202
796 889
797 971
798 894
802 876
802 943
803 1132
804 1191
804 1102
806 899
806 812
806 983
809 1137
811 856
812 971
814 839
815 1172
817 929
817 949
818 1056
818 1063
818 840
818 1187
818 983
819 881
822 1127
823 1027
823 1106
824 902
825 1225
825 1197
825 955
826 951
829 960
829 975
831 1093
835 845
836 1057
836 984
838 1088
838 963
839 865
839 1203
839 1241
840 1238
841 1233
842 1172
844 863
845 966
845 1052
846 953
847 1220
847 1194
847 1085
850 922
851 1153
851 904
851 1101
851 1238
854 886
856 1209
857 1101
857 913
857 1206
859 865
862 1163
862 972
863 871
865 969
865 1020
866 1164
866 1087
867 1166
868 1102
868 1104
873 884
873 985
874 955
874 1084
875 1064
876 900
880 962
880 930
880 1214
886 1071
886 1213
888 1099
888 955
888 1214
894 1231
894 1168
894 1142
897 985
898 1046
899 1240
899 980
904 1104
905 1202
905 1039
905 1230
905 926
907 985
907 1182
910 1120
911 1024
911 1067
911 1009
914 1161
916 950
916 1018
920 989
921 1246
922 1200
922 1169
923 1072
923 1081
924 1004
924 1175
925 1156
925 1157
925 1208
926 1063
927 1041
927 1238
928 1136
928 1240
931 1121
934 1122
935 1227
935 1112
939 1009
940 1207
941 1157
941 1018
945 1124
945 1130
945 1197
947 970
948 1039
948 1240
949 999
953 1006
955 992
957 1065
957 1149
962 1209
963 1230
969 1188
969 1161
970 1086
975 1159
976 1210
978 1155
978 979
978 1012
979 1229
979 1078
981 995
981 1148
981 1114
984 1173
985 1114
988 1136
991 1004
991 1240
992 1089
993 1101
994 1037
999 1062
1003 1019
1003 1099
1006 1226
1008 1133
1008 1198
1011 1083
1014 1073
1014 1138
1016 1207
1018 1090
1021 1074
1021 1174
1022 1244
1023 1070
1023 1199
1027 1144
1029 1092
1032 1143
1033 1212
1041 1094
1042 1145
1044 1165
1047 1119
1049 1249
1051 1141
1052 1065
1054 1088
1057 1213
1062 1127
1063 1162
1065 1094
1069 1072
1072 1121
1074 1133
1076 1177
1077 1174
1078 1113
1080 1103
1082 1106
1082 1139
1086 1175
1090 1162
1090 1140
1094 1143
1095 1118
1100 1105
1100 1147
1101 1165
1103 1141
1104 1181
1108 1119
1116 1186
1124 1227
1128 1166
1129 1150
1137 1179
1151 1232
1153 1173
1153 1244
1159 1187
1176 1184
1179 1222
1191 1194
1196 1247
1207 1229
1209 1246
1214 1232
