0 5
0 6
0 8
0 9
0 343
0 652
0 15
0 19
0 29
0 33
0 676
0 39
0 47
0 49
0 306
0 68
0 1096
0 727
0 729
0 91
0 227
0 235
1 669
1 897
1 5
1 6
1 584
1 8
1 1033
1 10
1 776
1 274
1 1176
1 25
1 1178
1 156
1 413
1 162
1 36
1 41
1 683
1 45
1 605
1 560
1 392
1 1202
1 307
1 1078
1 567
1 568
1 60
1 189
1 458
1 67
1 581
1 199
1 200
1 73
1 202
1 1228
1 334
1 466
1 85
1 169
1 349
1 95
1 224
1 353
1 590
1 1126
1 230
1 615
1 924
1 1085
1 625
1 627
1 903
1 119
2 1212
2 386
2 5
2 7
2 486
2 522
2 11
2 12
2 1037
2 14
2 280
2 18
2 148
2 917
2 22
2 152
2 411
2 28
2 1087
2 33
2 162
2 291
2 36
2 936
2 42
2 44
2 302
2 943
2 48
2 755
2 309
2 566
2 56
2 1144
2 850
2 319
2 705
2 1092
2 673
2 74
2 333
2 696
2 82
2 469
2 346
2 220
2 221
2 606
2 1120
2 865
2 739
2 101
2 102
2 103
2 872
2 105
2 874
2 743
2 108
2 109
2 792
2 113
2 243
2 757
2 374
2 248
2 575
2 638
3 768
3 1025
3 386
3 5
3 6
3 7
3 8
3 139
3 141
3 271
3 17
3 147
3 406
3 23
3 152
3 281
3 1050
3 283
3 796
3 543
3 37
3 39
3 41
3 555
3 1196
3 50
3 53
3 823
3 57
3 442
3 62
3 63
3 65
3 11
3 324
3 453
3 609
3 205
3 665
3 463
3 80
3 465
3 724
3 949
3 92
3 805
3 352
3 208
3 1009
3 104
3 619
3 623
3 113
3 318
3 758
3 980
3 122
3 381
4 5
4 262
4 7
4 10
4 911
4 533
4 799
4 290
4 6
4 809
4 172
4 53
4 314
4 59
4 575
4 195
4 326
4 76
4 590
4 1107
4 218
4 221
4 621
5 6
5 7
5 9
5 1034
5 11
5 12
5 1026
5 17
5 20
5 1046
5 29
5 32
5 37
5 1063
5 40
5 41
5 45
5 47
5 50
5 513
5 58
5 571
5 572
5 574
5 63
5 64
5 66
5 523
5 68
5 581
5 70
5 1037
5 597
5 86
5 599
5 601
5 90
5 96
5 98
5 612
5 102
5 111
5 114
5 122
5 125
5 127
5 128
5 1153
5 642
5 644
5 133
5 134
5 137
5 1162
5 1163
5 140
5 1166
5 659
5 1175
5 665
5 671
5 163
5 677
5 173
5 692
5 1206
5 183
5 697
5 699
5 1219
5 196
5 712
5 720
5 1233
5 723
5 212
5 1030
5 220
5 748
5 754
5 979
5 263
5 274
5 789
5 278
5 804
5 298
5 816
5 819
5 827
5 322
5 855
5 350
5 863
5 884
5 889
5 394
5 910
5 402
5 925
5 423
5 445
5 461
5 975
5 675
5 489
5 491
6 7
6 8
6 9
6 10
6 14
6 17
6 22
6 23
6 25
6 27
6 28
6 30
6 31
6 34
6 36
6 38
6 39
6 41
6 43
6 50
6 51
6 513
6 54
6 55
6 61
6 63
6 67
6 1094
6 1095
6 75
6 1104
6 81
6 594
6 83
6 85
6 1110
6 88
6 90
6 92
6 93
6 1119
6 97
6 612
6 617
6 107
6 112
6 114
6 121
6 126
6 127
6 130
6 132
6 790
6 137
6 1168
6 145
6 1062
6 1181
6 160
6 1136
6 1186
6 164
6 1222
6 173
6 1200
6 1201
6 186
6 543
6 700
6 189
6 191
6 192
6 708
6 198
6 201
6 204
6 205
6 1233
6 210
6 731
6 736
6 225
6 738
6 550
6 519
6 1063
6 236
6 242
6 756
6 256
6 771
6 260
6 264
6 267
6 780
6 275
6 278
6 282
6 289
6 290
6 291
6 292
6 813
6 313
6 626
6 848
6 342
6 864
6 357
6 364
6 915
6 373
6 374
6 377
6 892
6 396
6 911
6 914
6 579
6 413
6 425
6 427
6 430
6 431
6 442
6 443
6 466
6 481
6 486
6 593
6 954
6 1022
6 597
7 8
7 9
7 10
7 11
7 12
7 13
7 14
7 16
7 17
7 1042
7 19
7 21
7 22
7 23
7 24
7 25
7 26
7 1054
7 32
7 33
7 35
7 552
7 43
7 44
7 50
7 52
7 53
7 54
7 59
7 60
7 62
7 64
7 66
7 70
7 1095
7 72
7 75
7 77
7 78
7 100
7 1114
7 1118
7 1119
7 612
7 613
7 616
7 105
7 619
7 125
7 127
7 137
7 140
7 653
7 1166
7 143
7 144
7 659
7 1181
7 167
7 1192
7 171
7 177
7 178
7 1225
7 195
7 713
7 733
7 232
7 747
7 245
7 249
7 253
7 257
7 259
7 778
7 288
7 299
7 303
7 829
7 836
7 328
7 331
7 334
7 141
7 866
7 869
7 368
7 369
7 386
7 404
7 411
7 437
7 454
7 468
7 846
7 471
7 847
7 989
7 487
7 490
7 493
7 765
7 1010
7 503
7 508
8 9
8 522
8 535
8 13
8 14
8 15
8 273
8 18
8 148
8 23
8 24
8 550
8 540
8 29
8 30
8 31
8 32
8 555
8 34
8 1060
8 38
8 295
8 1194
8 391
8 172
8 285
8 905
8 1016
8 53
8 837
8 265
8 184
8 799
8 705
8 955
8 67
8 69
8 198
8 1072
8 72
8 77
8 974
8 81
8 867
8 90
8 987
8 222
8 1163
8 225
8 738
8 529
8 294
8 231
8 104
8 1042
8 115
8 628
8 246
8 120
8 122
8 763
8 893
9 131
9 10
9 11
9 13
9 14
9 145
9 914
9 915
9 20
9 21
9 279
9 24
9 819
9 27
9 671
9 289
9 802
9 155
9 549
9 166
9 39
9 1169
9 363
9 426
9 619
9 49
9 627
9 181
9 952
9 57
9 58
9 60
9 1226
9 62
9 576
9 1194
9 1218
9 452
9 69
9 967
9 200
9 330
9 1208
9 87
9 88
9 473
9 94
9 224
9 995
9 294
9 401
9 104
9 106
9 295
9 893
9 368
9 881
9 115
9 245
9 118
9 425
9 760
9 916
9 251
9 253
9 789
10 1110
10 12
10 16
10 18
10 601
10 26
10 1051
10 28
10 543
10 33
10 38
10 40
10 41
10 557
10 47
10 562
10 51
10 55
10 57
10 1082
10 65
10 66
10 584
10 74
10 76
10 77
10 591
10 81
10 594
10 86
10 1111
10 89
10 93
10 99
10 103
10 622
10 624
10 124
10 1149
10 1155
10 146
10 1175
10 154
10 1182
10 160
10 161
10 674
10 678
10 540
10 170
10 684
10 174
10 692
10 969
10 184
10 698
10 188
10 1215
10 194
10 710
10 206
10 722
10 211
10 718
10 1245
10 223
10 227
10 234
10 249
10 763
10 725
10 263
10 812
10 1069
10 786
10 289
10 817
10 112
10 298
10 299
10 300
10 305
10 821
10 311
10 319
10 839
10 330
10 345
10 347
10 348
10 349
10 358
10 886
10 379
10 893
10 831
10 899
10 1089
10 392
10 394
10 407
10 927
10 416
10 417
10 936
10 426
10 1096
10 437
10 957
10 959
10 966
10 457
10 478
10 1190
10 492
10 1013
10 506
10 508
11 384
11 797
11 12
11 13
11 911
11 600
11 1171
11 920
11 538
11 413
11 416
11 164
11 38
11 43
11 431
11 689
11 755
11 180
11 956
11 446
11 192
11 321
11 452
11 587
11 973
11 462
11 82
11 597
11 344
11 478
11 96
11 609
11 102
11 744
11 1001
11 239
11 371
11 758
11 1017
11 382
11 383
12 571
12 259
12 390
12 13
12 142
12 15
12 16
12 536
12 18
12 387
12 150
12 919
12 408
12 26
12 28
12 29
12 543
12 35
12 1060
12 37
12 1063
12 135
12 46
12 797
12 456
12 1074
12 51
12 138
12 951
12 314
12 59
12 61
12 320
12 1082
12 194
12 246
12 70
12 71
12 427
12 582
12 909
12 80
12 338
12 339
12 340
12 710
12 855
12 89
12 770
12 91
12 989
12 199
12 95
12 97
12 355
12 100
12 231
12 107
12 274
12 752
12 1138
12 467
12 244
12 1141
12 118
12 506
12 767
12 126
12 255
13 768
13 257
13 642
13 516
13 358
13 262
13 962
13 15
13 16
13 742
13 274
13 19
13 20
13 789
13 278
13 23
13 1049
13 26
13 27
13 1053
13 32
13 913
13 1156
13 411
13 292
13 943
13 168
13 169
13 903
13 44
13 419
13 321
13 175
13 1069
13 49
13 50
13 955
13 769
13 317
13 958
13 575
13 64
13 65
13 322
13 67
13 964
13 454
13 71
13 74
13 343
13 1100
13 334
13 207
13 227
13 85
13 215
13 986
13 91
13 220
13 94
13 97
13 994
13 99
13 612
13 101
13 230
13 359
13 1103
13 995
13 108
13 109
13 110
13 1007
13 1032
13 1064
13 481
13 888
13 656
14 1027
14 387
14 389
14 1034
14 139
14 269
14 15
14 16
14 823
14 18
14 147
14 20
14 21
14 27
14 30
14 930
14 1184
14 717
14 283
14 37
14 166
14 1192
14 682
14 44
14 45
14 560
14 670
14 438
14 393
14 1210
14 187
14 960
14 1187
14 567
14 205
14 718
14 333
14 1232
14 209
14 291
14 727
14 472
14 527
14 221
14 94
14 741
14 866
14 99
14 739
14 870
14 593
14 872
14 362
14 748
14 403
14 1022
14 120
14 251
14 1021
14 126
15 128
15 150
15 1159
15 649
15 1162
15 523
15 813
15 528
15 17
15 19
15 20
15 1173
15 22
15 151
15 280
15 153
15 1241
15 27
15 29
15 31
15 33
15 34
15 167
15 40
15 42
15 555
15 428
15 301
15 1033
15 1064
15 777
15 579
15 1213
15 190
15 831
15 424
15 920
15 711
15 268
15 938
15 866
15 462
15 967
15 1108
15 341
15 214
15 983
15 1044
15 1114
15 219
15 92
15 367
15 865
15 226
15 742
15 616
15 490
15 236
15 365
15 878
15 253
15 112
15 113
15 242
15 1011
15 118
15 170
15 120
15 532
15 122
15 125
15 638
15 511
16 390
16 649
16 537
16 410
16 30
16 415
16 288
16 35
16 1158
16 38
16 40
16 1031
16 691
16 313
16 188
16 73
16 74
16 141
16 83
16 724
16 216
16 1244
16 483
16 228
16 616
16 105
16 877
16 168
16 767
16 511
17 259
17 532
17 21
17 22
17 663
17 408
17 25
17 26
17 28
17 410
17 1093
17 34
17 35
17 1188
17 134
17 1186
17 412
17 298
17 809
17 176
17 307
17 823
17 56
17 1209
17 698
17 315
17 60
17 61
17 1215
17 193
17 69
17 71
17 72
17 329
17 1065
17 290
17 464
17 312
17 82
17 1109
17 988
17 352
17 1083
17 992
17 358
17 487
17 1129
17 106
17 365
17 957
17 495
17 1116
17 114
17 245
17 375
17 1144
17 895
17 255
18 1039
18 1155
18 1068
18 964
18 271
18 401
18 947
18 19
18 532
18 21
18 853
18 601
18 25
18 922
18 411
18 924
18 797
18 1051
18 36
18 934
18 1073
18 680
18 42
18 428
18 500
18 816
18 584
18 648
18 308
18 311
18 1208
18 57
18 58
18 948
18 1091
18 68
18 328
18 329
18 202
18 971
18 403
18 78
18 975
18 466
18 399
18 398
18 804
18 216
18 473
18 91
18 477
18 94
18 224
18 226
18 763
18 230
18 488
18 234
18 1211
18 111
18 616
18 243
18 244
18 247
18 251
18 938
18 254
18 725
19 643
19 790
19 518
19 908
19 398
19 1040
19 1169
19 404
19 662
19 279
19 24
19 283
19 157
19 158
19 1183
19 161
19 674
19 547
19 839
19 557
19 175
19 817
19 1076
19 542
19 54
19 1225
19 1208
19 628
19 186
19 956
19 1218
19 197
19 70
19 225
19 1096
19 201
19 464
19 1236
19 782
19 1008
19 219
19 93
19 97
19 613
19 103
19 106
19 240
19 243
19 372
19 119
19 634
19 746
19 254
19 639
20 450
20 42
20 141
20 817
20 118
20 713
20 120
20 1179
21 385
21 145
21 405
21 30
21 287
21 416
21 417
21 35
21 1061
21 680
21 812
21 46
21 47
21 48
21 1074
21 435
21 52
21 180
21 649
21 56
21 185
21 445
21 192
21 577
21 451
21 197
21 842
21 1099
21 461
21 78
21 1080
21 722
21 225
21 355
21 363
21 239
21 113
21 762
21 533
22 896
22 131
22 439
22 522
22 267
22 268
22 435
22 282
22 31
22 1071
22 51
22 438
22 55
22 778
22 327
22 970
22 75
22 77
22 848
22 1106
22 339
22 218
22 220
22 999
22 360
22 107
22 108
22 749
22 494
22 117
22 1020
22 509
23 906
23 727
23 1036
23 762
23 1133
23 401
23 661
23 24
23 281
23 412
23 31
23 673
23 554
23 1068
23 301
23 302
23 566
23 824
23 316
23 703
23 64
23 459
23 1080
23 594
23 121
23 1240
23 349
23 101
23 614
23 231
23 872
23 489
23 493
23 496
23 1009
23 249
23 122
23 1150
23 917
24 257
24 133
24 397
24 271
24 145
24 792
24 665
24 161
24 291
24 48
24 821
24 312
24 59
24 1088
24 673
24 76
24 79
24 81
24 89
24 591
24 351
24 241
24 116
24 1145
24 378
25 517
25 526
25 144
25 1171
25 159
25 933
25 171
25 172
25 819
25 181
25 769
25 914
25 1205
25 76
25 78
25 84
25 726
25 472
25 862
25 863
25 100
25 273
25 786
25 1240
25 751
25 376
25 890
25 252
26 1195
26 530
26 918
26 794
26 923
26 418
26 168
26 297
26 135
26 46
26 48
26 1074
26 435
26 586
26 319
26 74
26 459
26 212
26 123
26 228
26 997
26 1000
26 106
26 491
26 624
26 374
26 1146
26 251
26 126
27 930
27 714
27 748
27 657
27 530
27 181
27 853
27 249
27 570
27 795
27 444
27 1118
27 533
28 1028
28 391
28 271
28 276
28 149
28 32
28 881
28 936
28 1072
28 49
28 58
28 1085
28 213
28 214
28 218
28 1082
28 1120
28 737
28 486
28 104
28 235
28 238
28 113
28 243
29 643
29 265
29 784
29 787
29 281
29 155
29 1057
29 300
29 689
29 52
29 185
29 1089
29 1091
29 71
29 204
29 1229
29 334
29 212
29 474
29 350
29 479
29 1040
29 1012
29 117
29 84
29 1148
29 254
30 259
30 650
30 1134
30 658
30 151
30 152
30 153
30 34
30 420
30 293
30 296
30 299
30 1160
30 308
30 820
30 52
30 582
30 1121
30 697
30 1099
30 78
30 337
30 84
30 215
30 1115
30 912
30 100
30 360
30 1005
30 110
30 882
30 1015
30 632
30 380
30 511
31 384
31 1152
31 898
31 721
31 901
31 142
31 1040
31 1041
31 148
31 917
31 280
31 538
31 155
31 540
31 798
31 325
31 160
31 39
31 553
31 301
31 433
31 695
31 187
31 190
31 64
31 961
31 69
31 841
31 332
31 205
31 80
31 81
31 466
31 1235
31 561
31 87
31 218
31 783
31 732
31 93
31 223
31 336
31 98
31 740
31 487
31 807
31 500
31 1176
31 809
31 762
32 396
32 783
32 279
32 175
32 157
32 261
32 672
32 297
32 171
32 47
32 304
32 449
32 72
32 1098
32 848
32 82
32 861
32 621
32 381
33 128
33 1155
33 982
33 269
33 532
33 150
33 540
33 36
33 682
33 45
33 385
33 1046
33 95
33 444
33 138
33 885
33 706
33 579
33 650
33 1153
33 201
33 463
33 86
33 602
33 987
33 223
33 992
33 869
33 236
33 240
33 117
33 381
34 128
34 129
34 130
34 134
34 1033
34 138
34 267
34 1177
34 1183
34 167
34 40
34 943
34 177
34 52
34 54
34 1081
34 442
34 1224
34 1039
34 677
34 482
34 233
34 501
34 761
34 123
34 1149
34 126
34 383
35 1067
35 901
35 1030
35 1032
35 1043
35 149
35 407
35 792
35 37
35 553
35 170
35 43
35 309
35 310
35 826
35 590
35 61
35 1216
35 321
35 452
35 1095
35 974
35 73
35 206
35 1231
35 85
35 343
35 608
35 493
35 623
35 241
35 501
35 507
36 773
36 194
36 145
36 662
36 303
36 201
36 834
36 73
36 847
36 92
36 94
36 223
36 868
36 741
36 102
36 244
36 378
37 400
37 530
37 131
37 151
37 408
37 156
37 669
37 676
37 166
37 43
37 942
37 1246
37 1206
37 55
37 185
37 58
37 1248
37 66
37 709
37 583
37 970
37 75
37 460
37 593
37 210
37 222
37 95
37 96
37 610
37 997
37 236
37 112
37 375
37 632
37 510
37 511
38 648
38 385
38 132
38 133
38 775
38 237
38 529
38 406
38 795
38 796
38 417
38 764
38 646
38 561
38 169
38 42
38 1067
38 690
38 46
38 392
38 562
38 179
38 57
38 570
38 187
38 705
38 1222
38 459
38 77
38 974
38 1232
38 209
38 467
38 213
38 598
38 88
38 731
38 1117
38 351
38 609
38 98
38 1083
38 102
38 231
38 744
38 233
38 234
38 235
38 1132
38 109
38 1007
38 496
38 1180
38 851
38 116
38 1013
38 630
38 504
38 1147
38 252
38 554
39 288
39 546
39 292
39 200
39 138
39 651
39 994
39 174
39 48
39 313
39 730
39 1084
39 266
40 44
40 786
40 277
40 664
40 157
40 542
40 164
40 424
40 684
40 46
40 53
40 703
40 70
40 840
40 349
40 353
40 105
40 368
40 115
40 1143
41 256
41 513
41 269
41 400
41 658
41 1054
41 681
41 171
41 180
41 55
41 56
41 59
41 191
41 581
41 1100
41 696
41 84
41 348
41 95
41 528
41 370
41 250
42 901
42 136
42 402
42 1046
42 154
42 283
42 803
42 45
42 302
42 49
42 947
42 54
42 63
42 68
42 206
42 720
42 83
42 469
42 869
42 359
42 490
42 743
42 878
42 1021
42 369
42 1010
42 373
42 1142
42 765
42 1022
43 173
43 1237
43 248
43 793
43 613
44 130
44 788
44 1079
44 161
44 549
44 166
44 171
44 560
44 178
44 564
44 183
44 825
44 446
44 204
44 75
44 588
44 208
44 212
44 142
44 629
44 1015
44 969
45 65
45 1197
45 464
45 536
45 996
45 595
45 148
45 885
45 502
45 183
45 408
45 244
45 507
45 92
45 394
45 965
46 896
46 258
46 194
46 664
46 682
46 433
46 819
46 694
46 1211
46 66
46 197
46 971
46 460
46 973
46 1237
46 1111
46 984
46 222
46 100
46 422
46 238
46 114
46 506
47 1074
47 388
47 646
47 263
47 1138
47 393
47 781
47 526
47 275
47 662
47 667
47 773
47 859
47 421
47 295
47 300
47 114
47 174
47 559
47 433
47 178
47 311
47 1210
47 60
47 1213
47 62
47 193
47 322
47 67
47 588
47 1104
47 340
47 471
47 217
47 475
47 1127
47 306
47 497
47 242
47 246
47 639
48 1024
48 745
48 775
48 141
48 1084
48 116
48 155
48 508
48 890
49 384
49 516
49 1168
49 276
49 800
49 425
49 177
49 563
49 181
49 61
49 577
49 207
49 87
49 91
49 619
49 754
49 499
49 124
50 480
50 129
50 955
50 328
50 335
50 1069
50 722
50 51
50 372
50 1141
50 788
50 1113
50 692
50 799
50 769
50 653
51 257
51 675
51 328
51 524
51 1163
51 277
51 246
51 1246
52 1248
52 833
52 387
52 647
52 514
52 1006
52 879
52 177
52 82
52 1014
52 689
52 219
52 127
53 913
53 146
53 929
53 295
53 937
53 264
53 56
53 1215
53 964
53 199
53 200
53 79
53 80
53 344
53 89
53 1119
53 483
53 101
53 234
53 115
53 890
54 384
54 88
54 146
54 1048
54 282
54 1181
54 289
54 803
54 476
54 687
54 820
54 441
54 448
54 197
54 71
54 840
54 462
54 80
54 600
54 604
54 99
54 732
54 998
54 750
54 370
54 378
54 1194
55 385
55 1156
55 904
55 651
55 806
55 148
55 793
55 414
55 624
55 548
55 165
55 294
55 303
55 69
55 869
55 731
55 1116
55 93
55 481
55 354
55 611
55 228
55 422
55 360
55 233
55 110
55 112
55 631
55 1146
56 97
56 643
56 420
56 198
56 1233
56 119
56 788
56 87
56 121
56 378
57 512
57 1028
57 389
57 1089
57 399
57 1173
57 538
57 545
57 418
57 163
57 676
57 168
57 553
57 811
57 1199
57 179
57 438
57 1216
57 705
57 801
57 330
57 79
57 592
57 211
57 1125
57 104
57 1170
57 368
58 417
58 994
58 1240
58 785
58 136
58 330
58 396
58 142
58 456
58 1064
58 311
58 184
59 515
59 779
59 152
59 1178
59 680
59 1159
59 813
59 174
59 62
59 140
59 1227
59 975
59 470
59 88
59 345
59 1119
59 867
59 487
60 706
60 324
60 520
60 1217
60 206
60 336
60 754
60 1204
60 809
60 657
60 570
60 881
60 477
60 849
60 63
61 388
61 389
61 531
61 284
61 159
61 162
61 176
61 189
61 971
61 546
61 208
61 1108
61 1238
61 230
61 105
61 757
61 376
62 549
62 796
62 968
62 1047
62 525
62 942
62 657
62 306
62 131
62 73
62 90
62 476
63 65
63 1186
63 737
63 457
63 652
63 333
63 893
63 176
63 209
63 617
63 1145
63 1135
63 381
64 1189
64 931
64 646
64 599
64 238
64 367
64 698
64 1150
65 874
65 68
65 101
65 521
65 1239
65 531
65 1170
65 123
65 708
65 537
65 311
65 376
65 153
65 79
65 767
65 522
66 131
66 1130
66 1107
66 500
66 430
66 252
66 765
67 354
67 196
67 746
67 631
67 524
67 72
67 676
67 1076
67 1048
67 505
67 744
67 89
67 763
67 124
67 990
67 1011
68 995
68 644
68 486
68 136
68 808
68 1202
68 79
68 328
68 183
68 154
68 1054
69 457
69 520
69 167
69 620
69 610
69 839
69 1039
69 786
69 821
69 87
69 1198
69 569
69 799
70 896
70 902
70 782
70 401
70 149
70 1191
70 818
70 312
70 830
70 713
70 226
70 654
70 345
70 98
70 106
70 880
70 377
70 380
71 1156
71 135
71 777
71 155
71 157
71 160
71 391
71 557
71 946
71 691
71 185
71 832
71 288
71 569
71 586
71 1099
71 336
71 83
71 468
71 85
71 86
71 544
71 96
71 785
71 877
71 629
71 1142
72 1025
72 261
72 902
72 651
72 270
72 278
72 1176
72 921
72 284
72 415
72 1189
72 178
72 179
72 315
72 190
72 325
72 459
72 974
72 1109
72 1248
72 1121
72 232
72 493
72 369
72 116
72 830
72 252
73 736
73 262
73 200
73 362
73 366
73 276
73 1150
73 151
73 90
73 861
74 768
74 304
74 387
74 389
74 265
74 111
74 1181
74 565
74 182
74 440
74 473
74 218
74 318
74 1205
75 1026
75 264
75 780
75 534
75 664
75 797
75 391
75 303
75 188
75 704
75 1217
75 76
75 334
75 849
75 220
75 739
75 495
75 118
75 121
76 521
76 237
76 451
76 158
76 162
76 307
76 564
76 693
76 438
76 568
76 188
76 1162
76 1088
76 713
76 203
76 1104
76 338
76 215
76 1241
76 865
76 715
76 103
76 618
76 235
76 108
76 109
76 1148
76 1130
76 1151
77 321
77 163
77 261
77 137
77 717
77 494
77 83
77 213
77 825
77 858
77 1247
77 1066
77 929
78 194
78 283
78 132
78 998
78 326
78 419
78 237
78 429
78 547
78 147
78 1086
78 601
78 603
78 721
78 159
78 149
79 129
79 134
79 136
79 147
79 1172
79 534
79 282
79 158
79 305
79 700
79 451
79 326
79 203
79 461
79 341
79 599
79 606
79 1212
79 107
79 111
79 707
79 248
79 1147
79 509
79 1022
80 774
80 1167
80 1040
80 277
80 539
80 288
80 419
80 550
80 451
80 1014
80 198
80 923
80 472
80 986
80 1243
80 876
80 758
80 636
80 894
81 1024
81 645
81 653
81 287
81 552
81 297
81 945
81 441
81 191
81 193
81 977
81 84
81 479
81 98
81 103
81 233
81 746
81 620
81 110
81 883
81 724
81 121
81 635
82 931
82 86
83 904
83 778
83 524
83 269
83 146
83 790
83 791
83 547
83 420
83 296
83 172
83 304
83 931
83 181
83 317
83 448
83 325
83 1164
83 1165
83 355
83 341
83 479
83 99
83 614
83 358
83 379
83 618
83 1229
83 110
83 111
83 115
83 761
83 123
83 124
84 130
84 139
84 642
84 1051
84 285
84 671
84 807
84 688
84 948
84 445
84 449
84 196
84 593
84 215
84 224
84 746
84 377
85 361
85 299
85 430
85 688
85 1038
85 585
85 795
86 130
86 655
86 156
86 286
86 517
86 1182
86 317
86 373
86 453
86 207
86 271
86 350
86 96
86 626
86 117
86 505
86 250
86 895
87 262
87 136
87 267
87 397
87 270
87 143
87 404
87 162
87 165
87 428
87 686
87 175
87 905
87 327
87 1207
87 719
87 736
87 356
87 873
87 1130
87 249
88 1154
88 294
88 395
88 716
88 493
88 494
88 179
88 1140
88 1151
89 642
89 648
89 1035
89 270
89 147
89 858
89 165
89 423
89 432
89 1207
89 450
89 455
89 712
89 463
89 210
89 1237
89 217
89 602
89 603
89 1191
90 258
90 778
90 272
90 273
90 150
90 535
90 159
90 422
90 534
90 174
90 304
90 177
90 307
90 310
90 457
90 184
90 954
90 1013
90 196
90 1221
90 460
90 462
90 1041
90 232
90 361
90 645
90 371
90 117
90 1142
90 247
90 376
90 509
91 129
91 898
91 1238
91 656
91 669
91 173
91 309
91 192
91 711
91 979
91 342
91 217
91 1026
91 494
91 1135
91 1142
91 761
92 995
92 340
92 213
92 150
92 452
92 154
93 1161
93 1151
93 346
93 987
93 284
93 1117
94 577
94 1126
94 1031
94 338
94 109
94 976
94 1177
94 637
95 488
95 554
95 1101
95 108
95 497
95 953
95 119
95 216
95 169
95 186
96 228
96 713
96 859
97 896
97 133
97 140
97 404
97 666
97 676
97 935
97 185
97 837
97 979
97 164
97 986
97 734
97 227
97 748
97 1020
97 255
98 132
98 390
98 652
98 909
98 149
98 517
98 544
98 291
98 932
98 680
98 943
98 946
98 692
98 571
98 320
98 1090
98 339
98 854
98 215
98 344
98 351
98 878
98 1173
99 139
99 272
99 404
99 279
99 1052
99 301
99 302
99 176
99 308
99 578
99 202
99 479
99 739
99 484
99 503
99 120
99 894
99 639
100 1140
100 814
100 172
100 845
100 431
100 370
100 596
100 533
100 662
100 489
100 332
100 492
100 637
101 651
101 492
101 211
101 922
101 1182
102 1184
102 675
102 957
102 740
102 938
102 578
102 207
102 710
102 774
102 116
102 610
102 180
102 1082
102 219
102 874
102 414
103 900
103 134
103 143
103 153
103 164
103 165
103 297
103 575
103 448
103 963
103 203
103 527
103 859
103 860
103 606
103 356
103 998
103 233
104 260
104 107
104 268
104 305
104 498
104 139
104 693
104 382
105 388
105 140
105 783
105 1185
105 165
105 810
105 1068
105 1010
105 434
105 755
105 1086
105 453
105 968
105 716
105 592
105 339
105 468
105 1109
105 216
105 730
105 1167
105 1244
105 735
105 352
105 1122
105 613
105 240
105 242
105 723
105 245
105 254
105 255
106 600
107 864
107 962
107 421
107 199
107 892
107 663
107 722
107 1246
107 183
107 1081
107 604
107 734
108 229
108 297
108 375
108 372
108 951
108 247
108 156
109 129
109 513
110 193
110 955
110 523
110 699
110 1131
110 209
110 235
110 1083
110 564
110 437
110 216
110 607
110 123
110 604
110 127
111 897
111 1037
111 144
111 793
111 928
111 556
111 941
111 314
111 702
111 1216
111 580
111 203
111 336
111 982
111 1113
111 346
111 475
111 482
111 485
111 743
111 232
111 757
111 635
112 1168
112 369
112 340
112 362
113 193
113 932
113 386
113 835
113 771
113 348
113 410
113 443
113 124
113 538
113 158
114 352
114 752
114 579
114 583
114 1032
114 978
114 592
114 754
114 211
114 1238
114 1047
114 346
114 527
114 357
115 128
115 1131
115 648
115 1164
115 655
115 146
115 1172
115 548
115 679
115 170
115 300
115 182
115 187
115 961
115 631
115 602
115 360
115 361
115 363
115 499
115 502
115 119
115 264
116 731
116 615
116 958
116 447
116 158
116 357
117 598
117 1069
117 563
117 180
117 791
118 514
118 138
118 529
118 1113
118 154
118 800
118 170
118 687
118 176
118 1202
118 822
118 1080
118 708
118 582
118 1096
118 337
118 470
118 729
118 346
118 484
118 234
118 375
118 125
119 132
119 296
119 458
119 1207
119 430
119 488
119 628
119 512
119 825
119 644
119 380
119 768
120 133
120 465
120 583
120 433
120 278
120 849
120 728
120 1076
120 186
120 702
120 1029
121 482
121 202
121 269
122 320
122 737
122 427
122 332
122 675
122 1015
122 286
122 293
123 323
123 750
123 585
123 1010
123 238
123 505
123 250
123 125
123 702
123 319
124 610
124 135
124 241
124 423
124 1189
125 779
125 855
125 314
126 1120
126 225
126 513
126 904
126 393
126 429
126 143
126 1240
126 501
126 214
126 1080
126 857
127 907
127 455
127 981
127 542
128 256
128 1027
128 1007
128 808
128 549
128 322
128 272
128 144
128 856
128 709
128 787
128 495
128 189
128 223
129 576
129 976
129 163
129 886
129 424
129 242
129 306
129 304
129 563
129 403
129 1205
129 182
129 589
129 953
129 380
129 190
130 576
130 627
130 534
130 354
130 205
130 386
130 989
130 753
130 626
130 275
130 947
130 415
131 323
131 523
131 332
131 589
131 685
131 752
131 469
131 727
131 344
131 281
131 860
131 733
131 261
132 256
132 515
132 392
132 1047
132 1179
132 415
132 418
132 191
132 689
132 440
132 319
132 331
132 353
132 228
132 229
132 749
132 503
133 770
133 260
133 135
133 137
133 152
133 1045
133 924
133 157
133 1029
133 807
133 428
133 173
133 690
133 565
133 1081
133 829
133 959
133 833
133 324
133 838
133 586
133 847
133 214
133 484
133 166
133 491
133 620
133 370
133 383
134 451
134 935
134 685
134 312
134 1137
134 239
134 413
135 142
135 527
135 784
135 797
135 710
135 810
135 1197
135 182
135 999
135 314
135 320
135 195
135 198
135 460
135 718
135 597
135 1115
135 221
135 1122
135 741
135 871
135 875
135 1007
135 499
135 374
135 760
135 505
135 638
136 229
136 808
136 204
136 910
136 143
136 504
136 1052
136 189
136 606
137 1154
137 646
137 520
137 266
137 1045
137 151
137 294
137 296
137 940
137 221
137 222
137 421
137 230
137 622
137 501
137 374
137 762
138 195
138 240
138 434
138 184
138 891
138 669
139 898
139 1156
139 163
139 331
139 1218
139 432
139 1115
139 824
139 986
139 603
140 379
140 327
140 411
140 239
140 533
140 169
140 553
140 316
140 605
140 766
140 517
141 780
141 144
141 405
141 296
141 298
141 308
141 950
141 953
141 445
141 830
141 719
141 1105
141 466
141 601
141 1124
141 357
141 617
141 808
141 498
141 276
141 378
141 764
142 1147
142 486
142 326
142 715
142 1132
142 1045
142 921
142 159
143 608
143 738
143 266
143 175
143 1170
143 724
143 766
144 514
144 1092
144 813
144 1064
144 436
144 186
145 199
145 974
145 559
145 434
145 372
145 265
145 634
145 405
146 323
146 322
146 310
146 295
146 470
146 329
146 925
146 239
146 851
146 810
147 449
147 292
147 1126
147 936
147 298
147 1195
147 1102
147 178
147 276
147 153
147 1241
147 270
147 1115
147 405
148 161
148 195
148 1104
148 375
148 847
148 272
148 788
149 864
149 422
149 776
149 168
149 618
149 791
149 1132
149 1245
149 720
149 593
149 564
149 567
149 1062
149 156
149 989
149 677
150 387
150 677
150 393
150 522
150 951
150 238
150 400
150 471
150 217
150 938
151 480
151 738
151 355
151 644
151 614
151 266
151 873
151 210
151 766
151 633
151 794
152 384
152 1058
152 1117
152 399
152 709
152 659
152 446
152 473
152 1018
152 765
152 287
153 484
153 337
153 605
154 192
154 481
154 1221
154 1245
154 785
154 403
154 217
154 927
155 419
155 260
155 1233
155 366
155 701
155 689
155 732
155 1111
155 761
155 890
155 1023
155 636
156 674
156 264
156 880
156 978
156 312
156 890
156 1083
156 990
157 800
157 1072
157 434
157 1078
157 668
157 669
158 160
158 352
158 290
158 965
158 246
158 167
158 956
158 299
158 461
158 790
158 214
158 1047
158 1229
158 474
158 796
158 895
159 226
159 816
159 241
159 210
160 369
160 1170
160 441
161 256
161 704
161 939
161 440
161 402
161 409
162 716
162 850
162 213
162 639
163 896
163 706
163 536
163 265
163 750
163 525
163 209
163 782
163 502
163 440
163 1050
163 1086
164 258
164 485
164 627
164 468
164 182
164 407
164 851
165 1124
165 812
165 1204
165 570
165 666
166 480
166 641
166 530
166 735
166 920
166 187
166 829
166 524
167 353
167 1128
167 977
167 920
167 402
167 760
167 559
167 367
167 348
167 613
168 1124
168 267
168 196
168 203
168 659
168 759
168 504
168 732
168 821
169 582
169 968
169 426
169 465
169 345
170 179
170 944
170 1137
170 442
170 933
171 772
171 904
171 654
171 1174
171 900
171 1057
171 1188
171 263
171 693
171 822
171 574
171 191
171 202
171 589
171 977
171 989
171 1000
171 240
171 498
171 630
171 635
171 253
172 712
172 1106
172 488
172 914
172 629
173 315
173 396
173 236
173 867
174 731
174 389
174 422
174 405
174 421
174 397
174 368
174 1044
174 309
174 663
174 222
174 351
175 715
175 1228
175 686
175 981
175 1199
175 1151
176 950
176 774
176 561
176 556
176 1143
176 284
177 935
177 624
177 373
177 790
177 1243
177 1180
178 420
178 813
178 925
178 363
178 679
178 1238
178 473
178 1180
178 605
179 747
179 333
179 285
180 388
180 392
180 1005
180 1133
180 275
181 395
182 325
182 818
182 212
182 858
184 641
184 388
184 1094
184 1057
184 306
185 516
185 614
185 1032
185 201
185 620
185 1198
185 1072
185 594
185 609
185 804
185 1051
185 453
186 519
186 653
186 658
186 1177
186 539
186 801
186 909
186 429
186 433
186 818
186 1139
186 820
186 315
186 188
186 318
186 245
186 324
186 1100
186 333
186 589
186 1118
186 487
186 491
186 751
186 1011
186 574
186 886
186 379
186 254
187 1159
187 1033
187 394
187 237
187 917
187 949
187 280
187 441
187 219
187 190
188 783
188 915
188 277
188 540
188 1071
188 305
188 313
188 961
188 323
188 197
188 327
188 845
188 596
188 856
188 617
188 745
188 248
188 1149
189 1220
189 1185
189 1004
189 654
189 632
189 544
189 376
190 1087
190 907
190 430
190 208
190 287
190 686
190 662
190 954
190 348
191 1194
191 463
191 377
192 608
192 354
192 859
192 1220
192 582
192 625
192 1085
192 495
192 401
192 1123
192 313
192 477
193 320
193 424
193 331
193 332
193 721
193 1146
194 204
194 1167
194 489
194 537
194 1180
195 806
195 456
195 559
195 667
196 1057
196 514
196 617
196 362
196 270
196 370
196 1187
196 437
196 1078
196 1108
197 699
197 742
197 518
197 1239
197 684
197 1133
197 303
197 1123
197 372
197 381
197 248
197 347
197 349
197 734
198 417
198 898
198 827
198 808
198 406
198 633
198 656
198 347
198 318
198 639
199 1227
199 966
199 360
199 367
199 474
199 573
200 247
201 226
201 648
201 810
201 460
201 407
201 475
202 525
202 860
203 848
203 481
203 1097
203 615
203 206
203 208
203 775
203 244
203 438
203 285
203 318
204 232
204 983
204 762
204 699
205 1143
205 652
205 1006
205 1047
205 442
206 1124
206 361
206 207
206 798
206 886
206 1226
206 315
206 286
207 490
207 845
207 1173
208 293
208 505
208 1023
209 231
209 776
209 1239
209 1229
209 211
209 980
209 1207
209 917
209 250
209 831
210 548
210 229
211 258
211 963
211 753
211 488
211 1095
211 1157
212 934
212 811
213 769
213 726
213 1075
213 1162
213 335
213 531
213 402
213 307
213 1044
213 406
213 937
213 984
213 414
213 575
214 705
214 578
214 515
214 806
214 457
214 363
214 594
214 547
214 566
214 446
214 507
214 991
215 576
215 588
215 1139
215 261
215 300
215 491
215 1247
215 784
215 1132
215 371
215 409
215 1210
215 1203
215 604
215 255
216 289
216 994
216 229
216 449
216 434
216 691
217 224
217 576
217 347
217 854
217 1103
217 1008
217 273
217 1059
217 663
217 796
217 701
218 366
218 266
219 480
219 738
219 1116
219 530
219 572
220 385
220 259
220 812
220 521
220 556
220 302
220 751
220 241
220 251
220 317
221 448
221 496
221 483
221 324
221 934
221 1107
221 1026
221 400
221 371
221 889
222 257
222 268
222 365
222 335
222 720
222 1205
223 227
223 1127
223 1223
223 717
223 1092
224 268
225 681
225 286
225 1110
225 279
225 956
226 1157
226 395
226 1171
226 280
226 1053
226 290
226 547
226 949
226 566
226 841
226 952
226 930
226 596
226 730
226 861
226 1128
226 758
226 506
227 840
227 427
227 1100
227 687
227 627
227 281
228 263
228 631
228 465
228 946
228 243
229 482
229 1036
229 866
229 1070
229 464
229 520
229 596
229 1244
229 383
230 864
230 452
230 741
230 1227
230 431
230 595
230 695
230 527
230 444
230 766
231 450
231 1156
231 421
231 273
231 793
231 721
231 795
231 316
232 802
232 1059
232 932
232 682
232 647
232 432
232 756
232 852
233 708
233 325
233 712
233 873
233 1201
233 1042
233 529
233 918
233 250
233 573
233 350
234 1225
234 838
234 310
235 1219
235 732
235 1159
235 428
235 330
235 1163
235 237
235 301
235 595
235 275
235 1044
235 341
235 247
235 282
235 794
235 383
236 631
236 364
236 1169
236 599
236 367
236 1244
236 285
237 951
238 767
239 779
239 580
239 846
239 685
239 558
239 1113
239 253
240 331
240 445
241 260
241 910
241 345
242 418
242 987
242 1094
242 321
242 712
242 727
242 844
242 621
242 1000
242 855
242 949
242 681
242 479
243 999
244 432
244 356
245 258
245 580
245 485
245 842
245 907
245 1011
245 1116
245 947
245 277
245 937
245 1020
245 985
245 475
245 892
245 990
245 597
246 633
246 1179
247 640
247 1221
247 774
247 262
247 1031
247 970
247 753
247 1191
247 630
247 410
247 287
248 704
248 498
249 733
250 450
250 443
250 1174
250 1000
250 811
250 1215
250 983
250 611
250 468
250 1144
250 252
250 572
251 879
252 519
252 828
252 1098
252 366
252 719
252 595
252 499
252 526
252 1017
252 1177
252 1243
252 284
252 477
253 653
253 272
253 660
253 983
253 745
253 286
254 740
254 852
254 1081
255 615
255 554
255 779
255 461
255 909
255 274
255 371
255 628
255 342
255 1172
255 799
256 610
256 993
256 716
256 523
256 556
256 1234
256 785
256 882
256 1145
256 446
256 854
256 729
256 344
256 356
256 382
257 931
257 327
257 551
257 711
257 882
257 574
258 1059
258 292
258 1244
260 484
260 518
260 781
260 293
262 877
262 338
262 1016
263 919
263 695
263 938
264 355
265 498
265 605
265 362
265 1081
265 700
266 643
266 763
266 585
266 541
266 335
266 883
266 412
266 474
267 932
267 1174
267 1070
267 591
267 1192
267 857
267 815
268 1249
268 899
268 490
268 979
268 436
268 439
269 1241
270 577
270 1239
270 976
270 1110
270 1212
270 542
271 591
271 1012
271 470
271 570
272 998
272 359
272 393
272 1223
272 1164
272 336
272 342
272 1129
272 504
272 1183
273 674
273 678
273 326
273 1097
273 942
273 308
273 661
274 897
274 359
274 968
274 586
274 398
274 338
274 794
274 1018
274 414
275 644
275 1222
275 455
275 499
275 728
275 1231
276 419
276 902
276 1052
276 335
276 882
276 535
276 1199
277 1218
277 504
278 867
278 1137
278 1012
278 986
278 862
279 810
279 1230
279 400
280 518
280 775
280 456
280 469
280 354
280 814
280 754
280 341
282 309
282 439
283 1121
283 869
283 711
283 841
283 839
283 343
283 1053
284 668
284 1100
284 1085
284 1206
284 408
285 1004
286 837
286 673
286 744
286 1130
286 911
286 526
286 927
287 887
289 361
290 293
290 1043
290 377
291 832
291 941
291 470
292 1196
292 305
292 723
292 1113
292 889
293 1129
294 1191
294 715
294 432
294 1160
294 1010
295 1217
295 528
295 1043
295 824
295 409
297 845
297 337
297 1165
297 561
297 316
298 435
298 515
298 782
298 366
298 734
298 952
298 350
298 1023
299 397
299 666
300 740
300 397
300 1214
300 1028
300 380
300 414
301 545
301 1092
301 485
301 999
301 878
301 496
301 1141
301 409
301 1167
301 478
302 679
302 957
303 970
303 967
303 825
303 447
304 514
304 1121
304 1065
304 798
304 834
304 497
304 510
304 544
304 861
304 478
304 821
305 549
305 625
305 829
306 580
306 1192
306 908
306 398
306 1106
306 573
306 1055
307 681
307 1070
307 310
307 571
307 509
308 903
308 1037
308 409
308 317
309 323
309 390
309 1136
311 1184
311 580
311 998
311 454
311 329
311 910
311 916
311 602
311 410
312 866
312 1101
312 507
313 316
313 399
313 342
313 573
314 992
314 833
314 733
314 925
314 1006
314 441
314 655
314 926
315 1249
315 996
315 677
315 358
315 497
315 1161
315 364
315 1018
315 656
315 340
315 982
315 541
316 771
316 720
316 696
316 634
317 842
317 622
317 946
317 500
317 1012
318 1105
318 955
318 1226
319 585
319 425
319 1105
319 471
319 474
319 415
320 1024
320 646
320 1164
320 426
320 440
320 347
320 988
320 606
320 1215
321 1231
321 560
321 475
323 966
323 700
323 492
323 655
323 785
323 759
323 607
323 373
324 337
324 658
324 1017
325 483
325 714
325 1107
325 398
325 879
325 339
325 1211
325 447
325 700
326 764
326 329
326 685
326 521
326 356
326 444
326 508
327 563
327 895
327 541
327 671
328 353
328 679
328 1234
328 583
328 359
328 630
328 641
329 548
329 1093
329 364
329 590
329 784
329 343
329 634
329 698
329 1190
330 923
331 578
331 456
331 1228
331 871
331 694
331 510
332 458
332 365
332 399
332 822
332 535
332 826
333 1127
333 472
334 395
334 555
334 643
334 891
335 589
335 469
335 982
335 761
335 569
335 988
335 426
335 382
336 673
336 667
336 688
336 1162
336 395
336 750
336 945
336 1011
336 567
336 568
336 379
337 747
337 661
337 443
338 1056
338 715
338 436
338 918
338 413
338 959
339 897
339 1058
339 870
339 1005
339 539
339 485
340 937
340 427
340 1110
341 390
341 1230
341 816
342 771
342 1002
342 626
342 467
342 502
342 602
342 351
343 993
343 744
343 979
343 949
343 841
343 794
343 1242
344 391
344 811
344 994
344 1008
344 1183
344 735
345 806
345 1160
345 585
345 887
346 993
346 939
346 697
346 874
346 683
346 365
346 1201
346 1131
346 535
346 429
346 574
347 448
347 550
347 1004
347 742
347 407
348 900
348 524
348 436
349 556
349 1008
350 801
350 1057
350 997
351 516
351 1001
352 701
353 707
353 357
353 592
354 1158
354 1223
354 859
354 1134
354 443
355 740
355 554
355 562
355 603
355 629
356 608
356 537
356 1180
357 534
357 1001
357 364
357 1068
357 406
357 887
357 1204
357 638
358 512
358 710
358 625
358 1127
358 941
358 598
359 563
359 562
359 501
359 444
360 980
360 382
361 759
361 987
361 412
363 672
363 394
363 1234
363 1201
363 633
363 1018
364 960
364 603
364 420
364 1073
364 748
365 1228
365 525
365 1202
365 1014
365 985
366 992
366 454
366 587
366 749
367 1124
367 423
367 845
367 1200
367 1140
367 439
367 477
368 416
368 518
368 625
368 690
368 756
368 694
368 926
369 928
369 611
369 1188
369 1129
369 551
369 396
369 558
369 675
369 760
369 803
369 1212
369 542
371 611
371 805
371 1226
371 1075
372 640
372 962
372 1035
372 591
372 696
373 600
374 685
374 403
374 569
374 478
374 1055
375 458
375 1200
375 1203
375 507
375 1119
376 515
376 1025
376 1097
377 1088
377 614
377 546
377 1134
377 529
377 888
377 573
377 958
379 458
379 889
380 1222
380 1186
380 516
380 517
380 1197
380 435
381 423
381 539
381 801
382 454
382 972
383 1200
383 584
383 688
383 883
383 536
383 830
384 877
384 757
384 665
384 667
386 861
386 510
387 418
387 1211
387 1125
387 587
387 567
387 539
387 924
388 1079
389 537
389 1019
390 836
390 871
390 1066
390 1127
390 687
390 660
390 668
391 459
391 965
391 425
391 817
391 541
392 850
392 630
392 439
392 1112
392 637
393 645
393 908
393 557
393 569
393 510
394 436
395 1152
395 1115
395 455
395 777
395 950
395 699
395 412
396 1090
396 649
396 587
396 854
396 568
396 1082
397 978
398 1007
398 670
398 447
399 928
399 969
399 437
399 886
400 545
400 934
400 940
400 1004
400 536
401 1025
401 1152
401 780
401 694
401 476
403 1231
404 482
404 1103
404 500
404 852
404 803
404 476
404 1076
405 741
405 462
406 628
407 1029
407 772
407 1178
407 604
407 1022
408 546
408 678
408 779
408 1242
409 453
410 1014
410 489
410 588
410 679
410 558
410 1037
410 983
411 450
411 843
411 519
411 940
411 455
411 718
411 922
411 1114
412 770
412 899
412 1009
412 834
412 686
412 691
413 647
413 723
414 416
414 942
414 1247
415 736
415 993
415 579
415 906
415 546
415 494
415 431
415 424
416 578
416 981
417 544
417 907
417 1141
417 1066
417 637
417 1125
418 1032
419 635
419 1206
419 632
419 703
420 1155
420 1224
420 624
421 774
421 892
421 607
422 972
422 467
422 828
423 802
423 985
423 503
423 1048
424 1235
424 973
424 787
424 798
426 641
426 1093
426 929
426 519
426 467
426 760
426 1145
427 645
427 683
427 598
427 695
427 1210
427 958
428 1089
428 429
428 654
428 562
428 543
429 674
429 707
429 1221
429 472
430 963
430 868
430 552
430 1165
430 976
430 776
431 815
432 558
432 824
432 565
432 664
432 1147
433 927
433 1199
433 598
433 511
434 521
434 856
434 531
434 891
435 1199
435 913
435 855
436 1158
436 622
436 595
437 512
437 902
437 497
438 865
438 1138
438 1016
439 746
439 555
439 756
440 623
440 900
440 1066
442 772
442 681
442 717
442 777
442 825
442 959
443 495
443 954
443 447
445 780
445 891
445 1086
445 1189
446 802
446 483
446 903
446 464
446 611
446 634
446 730
447 939
447 915
447 791
448 449
448 1179
448 804
449 837
449 1230
449 984
449 1138
450 545
450 680
450 1161
451 1121
452 933
452 1038
452 463
452 568
452 1019
452 1061
453 1008
454 967
454 1106
454 787
455 1193
455 1236
455 1112
457 552
457 877
457 586
458 795
458 842
458 471
458 1099
458 726
459 1157
459 939
459 465
460 706
460 1023
461 551
461 1225
461 805
461 693
461 728
461 697
461 506
461 719
461 638
462 629
462 1208
462 665
462 1039
462 892
462 922
463 508
463 782
463 1233
463 476
464 912
464 565
465 1160
465 824
465 557
465 559
465 664
465 658
465 1148
466 844
467 743
469 608
469 929
469 747
469 750
469 847
469 607
470 492
470 1043
470 1239
471 647
471 940
471 526
471 660
471 1177
471 815
472 496
472 660
473 835
473 881
473 1140
474 480
474 835
474 872
474 551
474 862
474 502
474 885
474 571
474 1045
475 1190
475 871
477 843
477 651
477 691
477 759
478 836
478 649
478 620
478 798
478 734
479 714
479 862
479 1151
480 709
480 683
481 835
481 1093
481 618
481 686
481 1043
481 1006
482 650
483 939
483 561
483 503
485 642
485 997
485 553
485 753
485 532
485 888
485 633
485 828
486 1154
486 846
486 868
487 1222
487 775
487 888
487 921
489 626
489 991
490 512
490 770
490 623
490 1041
490 853
490 632
491 545
491 1035
491 907
491 590
491 565
491 1054
492 1140
492 660
492 1092
493 1153
493 1059
493 742
493 1002
493 552
493 851
493 693
493 1208
494 684
494 558
494 856
494 1013
495 548
495 880
496 887
496 1147
497 672
497 943
498 928
498 1088
498 1123
498 836
498 581
498 588
498 1101
498 1017
498 827
498 668
498 509
499 520
499 745
499 564
500 612
500 1096
500 683
500 1197
501 1102
501 880
501 771
501 636
502 993
502 1025
503 714
503 528
503 952
503 926
504 933
504 541
504 990
504 725
506 1031
506 616
506 599
507 919
507 623
508 525
508 1034
509 667
509 701
512 1028
512 884
514 1159
514 815
514 692
514 1077
514 1079
515 963
515 1111
516 772
516 753
516 1000
516 1003
516 659
517 636
517 745
517 1144
517 1193
518 942
518 531
518 980
518 1236
518 1083
518 1157
519 635
519 587
521 1192
521 1205
521 918
522 960
522 678
522 654
522 822
522 984
522 1213
523 640
523 652
523 528
524 787
524 670
525 900
525 1203
526 1224
526 1195
526 560
526 1237
527 899
528 1112
528 1245
529 800
529 1132
529 879
529 566
529 887
530 577
530 970
530 916
530 666
532 1001
532 875
532 1036
532 724
533 962
533 1033
533 948
533 695
533 1084
534 874
534 1006
534 596
534 918
534 793
534 1050
535 1220
535 1098
535 1166
535 1077
535 1241
536 704
536 538
536 1087
536 1018
537 1203
538 704
538 708
538 870
538 550
538 711
538 1074
538 756
539 581
539 1029
539 607
540 843
540 823
540 842
541 788
543 957
544 1243
544 655
544 737
544 636
545 743
545 650
545 1041
545 661
545 792
546 1009
546 1028
546 905
546 903
546 657
546 755
546 1063
546 766
547 622
548 584
549 551
549 906
549 883
550 640
550 1073
550 1080
550 1055
551 1111
551 670
552 1030
552 1068
552 1135
552 856
552 1012
552 814
552 600
552 729
552 670
553 1191
553 969
553 985
553 988
554 971
555 934
555 1206
556 640
556 678
556 863
557 931
557 933
557 619
557 965
558 1097
558 718
558 767
559 641
559 764
559 1196
559 873
559 572
560 752
561 773
561 1175
562 819
564 1036
565 804
566 832
566 572
566 1214
568 690
568 1016
570 811
570 783
571 736
571 682
571 702
572 1027
572 850
572 661
572 792
573 1059
573 838
573 1150
574 867
574 807
574 840
574 1002
574 1230
575 1217
575 650
575 878
575 690
575 1172
575 927
575 789
578 645
578 684
578 592
578 827
579 583
579 941
579 786
580 928
580 875
580 703
581 944
583 960
583 1015
584 963
584 749
584 991
585 1114
585 991
586 1098
586 981
587 930
587 618
588 1042
588 749
588 884
589 803
589 1204
590 875
592 733
592 1087
593 1145
593 702
594 672
594 1188
594 849
594 923
596 913
597 609
597 1128
597 759
597 895
598 992
598 621
598 1005
598 950
599 834
599 820
599 726
600 737
600 729
600 827
601 1106
601 657
601 725
601 728
601 901
603 1141
603 663
603 826
603 637
604 615
604 621
604 846
604 698
604 1021
605 1220
606 812
606 716
606 656
606 1148
606 1086
606 764
606 830
607 860
609 647
609 1101
611 772
611 1227
611 857
615 707
615 687
616 1186
617 1056
617 935
618 709
619 944
619 862
621 723
622 1026
622 1067
622 975
622 1235
622 694
622 926
623 1021
623 958
624 826
625 897
625 1161
626 843
626 818
626 956
627 1063
627 1108
628 719
629 870
629 948
629 666
630 809
630 714
630 1231
630 784
631 954
632 1071
632 739
632 1209
633 1104
634 834
634 997
634 1181
635 1053
635 849
636 898
636 828
637 1165
637 1103
637 726
637 1143
640 854
642 751
643 1203
643 1003
644 1075
644 1107
644 777
645 721
645 755
645 1237
645 1020
646 770
646 1195
646 1016
647 1218
647 964
647 843
649 1027
649 965
649 838
649 1065
649 1130
649 1023
650 912
650 1049
651 672
651 868
651 916
653 1149
654 1248
654 805
654 893
654 820
654 1116
655 1058
655 776
655 688
656 1133
656 973
656 876
656 879
658 1176
658 671
659 1152
659 1019
659 1085
659 1054
660 1097
660 945
660 1013
661 706
661 751
661 668
661 831
662 1196
662 717
662 696
662 765
664 935
664 936
664 703
665 857
666 853
668 1193
668 976
669 791
669 728
670 881
671 730
671 991
672 1154
672 1137
676 1185
676 1184
677 722
678 850
679 876
680 839
680 747
680 922
682 826
683 880
684 773
684 1224
684 885
684 950
684 858
684 1149
685 836
685 701
686 1090
686 816
687 937
687 909
688 921
688 1214
689 773
689 952
690 1201
691 1158
691 697
692 873
692 815
692 945
694 1216
694 725
695 1005
696 1187
697 915
699 863
700 840
700 1169
700 980
700 1146
701 707
701 805
702 735
703 800
703 1034
703 984
705 1058
705 968
706 1161
707 1146
708 735
710 807
710 814
713 1223
713 990
714 905
715 868
715 1234
717 885
717 921
718 1195
718 906
720 1153
720 802
721 858
721 1214
723 1021
724 905
727 930
727 1139
727 1091
728 1227
729 758
731 940
733 932
733 852
734 999
734 1150
734 1014
734 985
734 889
735 768
735 978
736 769
736 1122
736 876
736 1198
736 1171
737 975
737 924
738 901
738 844
739 996
739 841
739 781
740 1069
741 1184
741 833
741 1015
742 781
742 872
742 853
744 870
744 757
745 778
745 1228
748 1207
748 894
749 871
749 1129
749 752
750 973
754 929
754 966
754 961
754 1131
754 1118
755 864
757 944
757 1078
758 966
758 781
758 916
758 982
758 823
759 1108
761 1019
763 1004
763 844
763 925
763 851
764 814
766 817
766 789
769 902
769 1041
769 863
771 1035
772 1220
773 1219
773 882
773 1109
774 1209
774 1179
775 912
776 1065
776 1036
776 1087
777 1247
777 1070
777 923
777 831
779 837
779 844
779 1169
779 884
779 1148
780 1056
780 1249
780 806
780 1038
780 1071
780 848
780 919
780 953
780 1175
781 1024
781 860
783 1236
784 1019
785 1062
785 1091
788 832
788 969
788 818
788 948
789 1061
789 1245
790 1062
790 1134
790 891
795 996
797 801
797 1065
798 946
798 1045
800 1029
801 972
802 1002
803 1125
806 945
807 996
807 852
807 857
807 1049
808 899
810 1070
810 911
810 1204
811 838
812 1178
812 829
813 926
815 822
817 833
819 1193
820 1072
822 908
825 832
826 1052
826 835
826 828
828 960
828 977
828 1050
829 865
829 1154
829 959
831 1198
832 846
833 1046
835 1249
835 906
835 944
836 876
837 1190
837 1066
837 904
837 1175
840 1067
841 978
843 967
843 1079
844 912
848 1060
848 1221
849 1224
850 1152
850 1217
850 908
853 1058
853 1049
855 1210
855 894
856 1187
856 875
858 1167
859 1062
859 1122
863 1153
863 1135
864 1020
865 894
868 919
868 964
869 913
869 1075
871 1001
871 951
871 1055
874 1226
875 1120
875 1187
875 1109
875 1051
876 1102
876 920
878 1003
878 1246
878 1182
880 1093
880 888
881 883
882 1003
882 1133
882 977
882 1235
882 884
883 1102
885 1076
885 1112
887 1055
888 910
889 1060
889 1232
891 961
891 953
893 1105
893 1035
893 1073
893 914
894 1213
895 1034
895 1039
895 1200
896 1090
896 1095
898 971
900 1247
904 947
904 1182
905 1174
907 1171
907 1046
907 1117
908 1027
908 1144
911 972
913 1185
914 1209
914 1212
916 1196
918 1172
918 1112
919 1134
920 1088
921 962
922 1056
922 1136
923 1188
927 1009
927 981
928 1243
928 1038
928 1166
928 1048
932 1225
932 1042
933 1219
933 941
935 1137
935 1138
936 1061
936 1190
936 1176
936 1077
939 1120
942 1136
942 1242
943 972
945 1123
945 1102
945 1242
946 1049
952 1143
954 1155
956 995
958 1094
958 1003
958 1168
960 988
961 1075
963 1189
963 1067
964 1038
965 1048
966 1185
967 1139
969 1168
971 1052
973 1077
974 1031
975 1248
978 1064
978 1071
980 1044
981 1202
988 1125
988 1128
989 1118
991 1216
993 1135
995 1030
995 1105
996 1091
998 1002
1000 1089
1000 1165
1001 1017
1001 1050
1002 1060
1002 1230
1005 1024
1005 1056
1005 1126
1006 1160
1010 1098
1012 1040
1017 1053
1020 1099
1021 1061
1021 1030
1022 1123
1022 1101
1023 1166
1024 1084
1025 1193
1025 1234
1025 1078
1025 1246
1033 1209
1033 1213
1038 1077
1042 1198
1045 1158
1049 1131
1049 1117
1050 1084
1052 1194
1053 1173
1054 1103
1055 1122
1055 1094
1059 1232
1059 1079
1063 1073
1064 1235
1069 1139
1077 1163
1080 1157
1083 1197
1086 1174
1088 1090
1089 1164
1089 1211
1090 1126
1090 1128
1092 1114
1101 1136
1106 1142
1107 1236
1111 1240
1133 1232
1136 1242
1140 1170
1149 1238
1171 1183
1176 1178
1178 1223
1184 1219
1189 1214
1203 1249
1216 1229
