0 896
0 131
0 5
0 9
0 11
0 12
0 270
0 149
0 1113
0 282
0 410
0 32
0 673
0 37
0 41
0 942
0 61
0 961
0 194
0 837
0 327
0 73
0 464
0 209
0 84
0 89
0 219
0 604
0 477
0 352
0 489
0 365
1 1027
1 5
1 6
1 7
1 8
1 10
1 523
1 12
1 15
1 17
1 20
1 21
1 22
1 23
1 536
1 33
1 35
1 548
1 518
1 38
1 45
1 46
1 54
1 55
1 1081
1 60
1 63
1 1088
1 578
1 353
1 73
1 84
1 603
1 94
1 607
1 104
1 632
1 122
1 1147
1 124
1 125
1 533
1 136
1 137
1 141
1 166
1 171
1 690
1 179
1 703
1 197
1 717
1 120
1 218
1 734
1 549
1 229
1 762
1 251
1 253
1 255
1 775
1 782
1 284
1 296
1 298
1 300
1 817
1 821
1 325
1 841
1 845
1 865
1 357
1 877
1 367
1 880
1 373
1 889
1 890
1 91
1 387
1 388
1 902
1 393
1 926
1 427
1 944
1 437
1 449
1 970
1 459
1 463
1 469
1 496
1 508
2 1156
2 5
2 6
2 7
2 1032
2 393
2 778
2 11
2 194
2 14
2 15
2 785
2 19
2 20
2 150
2 663
2 666
2 27
2 1224
2 30
2 32
2 1008
2 34
2 1243
2 36
2 134
2 1077
2 551
2 1192
2 937
2 938
2 43
2 557
2 1182
2 943
2 433
2 818
2 1046
2 854
2 53
2 311
2 1080
2 399
2 949
2 565
2 339
2 160
2 66
2 67
2 390
2 328
2 202
2 375
2 467
2 82
2 83
2 84
2 86
2 344
2 164
2 91
2 834
2 221
2 933
2 223
2 97
2 148
2 1009
2 741
2 103
2 360
2 1106
2 893
2 112
2 616
2 275
2 247
2 121
2 250
2 765
3 386
3 132
3 5
3 6
3 7
3 136
3 9
3 650
3 1166
3 15
3 17
3 21
3 153
3 28
3 669
3 926
3 162
3 38
3 41
3 1066
3 940
3 302
3 1053
3 177
3 180
3 56
3 697
3 444
3 192
3 193
3 696
3 728
3 1233
3 748
3 759
4 512
4 131
4 5
4 6
4 8
4 279
4 269
4 273
4 146
4 21
4 25
4 153
4 158
4 197
4 416
4 165
4 295
4 168
4 172
4 498
4 687
4 136
4 50
4 693
4 310
4 55
4 1081
4 698
4 699
4 714
4 448
4 1248
4 450
4 67
4 69
4 327
4 200
4 389
4 366
4 653
4 211
4 87
4 217
4 395
4 762
4 350
4 37
4 608
4 225
4 228
4 742
4 421
4 108
4 621
4 110
4 1135
4 114
4 1107
4 116
4 245
4 1090
4 506
5 6
5 7
5 8
5 9
5 10
5 11
5 12
5 13
5 14
5 19
5 532
5 24
5 26
5 27
5 29
5 30
5 33
5 34
5 35
5 36
5 552
5 555
5 45
5 1071
5 1032
5 52
5 56
5 57
5 62
5 65
5 578
5 72
5 73
5 74
5 1100
5 77
5 80
5 526
5 1145
5 93
5 1118
5 1120
5 98
5 101
5 615
5 105
5 107
5 108
5 1137
5 114
5 117
5 118
5 631
5 121
5 123
5 124
5 129
5 133
5 1159
5 140
5 655
5 144
5 145
5 147
5 149
5 150
5 151
5 1176
5 709
5 1185
5 167
5 1200
5 177
5 186
5 190
5 193
5 196
5 197
5 1229
5 206
5 215
5 219
5 222
5 226
5 745
5 236
5 239
5 247
5 760
5 766
5 266
5 267
5 783
5 281
5 287
5 302
5 999
5 323
5 652
5 331
5 332
5 337
5 339
5 854
5 1081
5 871
5 875
5 1148
5 380
5 895
5 394
5 1036
5 911
5 416
5 426
5 427
5 952
5 441
5 970
5 759
5 464
5 981
5 478
5 480
5 1104
5 482
5 698
5 490
5 510
5 1023
6 7
6 8
6 9
6 10
6 11
6 16
6 18
6 19
6 20
6 21
6 23
6 536
6 26
6 1199
6 541
6 30
6 32
6 1061
6 38
6 43
6 44
6 559
6 48
6 49
6 50
6 51
6 513
6 53
6 571
6 65
6 76
6 78
6 80
6 1208
6 83
6 85
6 88
6 95
6 96
6 609
6 1140
6 122
6 129
6 134
6 135
6 1160
6 143
6 154
6 672
6 1186
6 169
6 682
6 173
6 175
6 184
6 698
6 198
6 1246
6 519
6 746
6 251
6 254
6 258
6 776
6 277
6 280
6 47
6 285
6 811
6 309
6 824
6 315
6 324
6 326
6 844
6 333
6 334
6 854
6 345
6 348
6 861
6 862
6 59
6 870
6 363
6 884
6 888
6 377
6 893
6 398
6 404
6 919
6 413
6 926
6 415
6 448
6 449
6 464
6 470
6 488
6 489
6 493
6 496
6 502
6 1019
7 384
7 8
7 777
7 524
7 13
7 14
7 1168
7 17
7 259
7 22
7 196
7 27
7 28
7 30
7 36
7 518
7 540
7 42
7 428
7 45
7 883
7 53
7 54
7 311
7 827
7 437
7 64
7 450
7 715
7 68
7 438
7 1094
7 968
7 204
7 330
7 587
7 76
7 141
7 514
7 211
7 84
7 213
7 823
7 471
7 1119
7 734
7 95
7 98
7 997
7 230
7 232
7 233
7 566
7 243
7 372
7 123
8 9
8 10
8 12
8 13
8 15
8 16
8 20
8 21
8 538
8 28
8 31
8 1058
8 36
8 37
8 39
8 42
8 49
8 51
8 52
8 57
8 58
8 61
8 64
8 66
8 68
8 1095
8 72
8 587
8 612
8 614
8 618
8 620
8 110
8 113
8 116
8 632
8 134
8 138
8 140
8 147
8 150
8 669
8 158
8 169
8 967
8 1196
8 689
8 691
8 180
8 188
8 191
8 712
8 972
8 730
8 222
8 223
8 225
8 746
8 240
8 246
8 782
8 786
8 1242
8 289
8 292
8 903
8 816
8 305
8 308
8 735
8 316
8 1162
8 836
8 1164
8 844
8 333
8 1081
8 856
8 859
8 351
8 364
8 887
8 895
8 386
8 900
8 389
8 391
8 907
8 396
8 914
8 920
8 929
8 961
8 455
8 460
8 987
8 487
8 490
8 494
8 499
8 500
8 503
8 1193
8 509
8 510
9 521
9 10
9 12
9 15
9 16
9 18
9 19
9 22
9 1050
9 32
9 38
9 40
9 42
9 43
9 46
9 561
9 56
9 57
9 1091
9 68
9 1093
9 74
9 76
9 79
9 82
9 88
9 100
9 101
9 105
9 619
9 530
9 622
9 1135
9 115
9 119
9 120
9 647
9 137
9 139
9 144
9 147
9 1174
9 153
9 675
9 677
9 169
9 176
9 178
9 692
9 1208
9 569
9 199
9 200
9 1144
9 210
9 1238
9 216
9 734
9 226
9 743
9 755
9 757
9 765
9 768
9 259
9 263
9 797
9 802
9 49
9 832
9 322
9 324
9 843
9 338
9 343
9 656
9 363
9 882
9 372
9 374
9 890
9 901
9 907
9 396
9 401
9 402
9 580
9 413
9 414
9 418
9 435
9 955
9 446
9 454
9 1009
9 498
9 502
9 505
9 511
10 11
10 524
10 13
10 16
10 537
10 35
10 40
10 1066
10 43
10 50
10 55
10 56
10 59
10 575
10 523
10 1097
10 1100
10 81
10 597
10 87
10 605
10 1129
10 621
10 622
10 1136
10 627
10 117
10 120
10 125
10 127
10 135
10 137
10 138
10 660
10 25
10 152
10 159
10 1184
10 161
10 681
10 1202
10 693
10 182
10 696
10 706
10 1222
10 720
10 210
10 218
10 736
10 227
10 380
10 749
10 751
10 758
10 256
10 772
10 266
10 780
10 804
10 819
10 315
10 832
10 224
10 327
10 348
10 352
10 869
10 870
10 360
10 888
10 890
10 892
10 383
10 403
10 239
10 421
10 425
10 942
10 499
10 950
10 441
10 455
10 971
10 972
10 1011
11 128
11 260
11 135
11 13
11 14
11 493
11 16
11 17
11 18
11 403
11 788
11 686
11 22
11 23
11 24
11 25
11 26
11 27
11 28
11 29
11 414
11 901
11 160
11 1060
11 37
11 1007
11 810
11 402
11 943
11 945
11 178
11 309
11 54
11 567
11 56
11 443
11 446
11 575
11 578
11 195
11 182
11 70
11 199
11 200
11 73
11 204
11 141
11 592
11 465
11 526
11 87
11 728
11 612
11 152
11 335
11 93
11 606
11 144
11 226
11 867
11 356
11 486
11 359
11 877
11 364
11 146
11 494
11 111
11 1043
11 118
11 248
11 397
11 1020
11 639
12 643
12 132
12 641
12 651
12 14
12 143
12 17
12 1245
12 789
12 537
12 24
12 25
12 1241
12 1051
12 158
12 475
12 932
12 39
12 42
12 775
12 1117
12 48
12 562
12 1203
12 185
12 710
12 716
12 332
12 333
12 1102
12 973
12 83
12 1109
12 727
12 344
12 1113
12 271
12 92
12 221
12 1239
12 738
12 358
12 1041
12 116
12 1014
12 381
12 511
13 512
13 262
13 141
13 142
13 911
13 529
13 19
13 750
13 23
13 1048
13 666
13 539
13 671
13 653
13 162
13 667
13 292
13 422
13 40
13 681
13 301
13 1101
13 176
13 178
13 51
13 693
13 55
13 570
13 61
13 62
13 1134
13 581
13 455
13 203
13 802
13 79
13 978
13 980
13 1110
13 858
13 220
13 222
13 863
13 481
13 738
13 1041
13 749
13 366
13 702
13 1147
13 1021
13 638
14 518
14 1033
14 770
14 429
14 24
14 29
14 542
14 31
14 39
14 45
14 304
14 183
14 315
14 444
14 191
14 321
14 453
14 70
14 1228
14 856
14 92
14 1117
14 224
14 739
14 100
14 488
14 622
14 249
14 1018
14 1019
14 637
14 126
15 267
15 130
15 20
15 151
15 155
15 29
15 416
15 474
15 943
15 550
15 808
15 426
15 301
15 47
15 1032
15 1114
15 905
15 1080
15 60
15 62
15 672
15 66
15 326
15 583
15 1233
15 1107
15 86
15 88
15 346
15 991
15 608
15 744
15 365
15 1235
15 757
15 247
15 248
15 1150
16 747
16 958
16 389
16 577
16 1133
16 18
16 771
16 24
16 25
16 794
16 540
16 286
16 34
16 805
16 568
16 1127
16 172
16 47
16 1200
16 1073
16 946
16 179
16 184
16 57
16 570
16 428
16 266
16 62
16 1013
16 449
16 651
16 1092
16 1221
16 1094
16 1224
16 74
16 78
16 312
16 1098
16 86
16 474
16 92
16 1210
16 1189
16 103
16 104
16 618
16 235
16 364
16 365
16 1136
16 757
16 119
17 773
17 904
17 1090
17 270
17 528
17 145
17 18
17 22
17 282
17 623
17 415
17 801
17 418
17 36
17 423
17 680
17 952
17 52
17 969
17 184
17 185
17 316
17 319
17 64
17 66
17 71
17 201
17 332
17 464
17 337
17 1109
17 90
17 732
17 222
17 999
17 1191
17 402
17 111
17 371
17 638
18 139
18 398
18 405
18 791
18 159
18 163
18 44
18 685
18 46
18 568
18 31
18 444
18 799
18 460
18 591
18 1105
18 601
18 860
18 784
18 1145
18 252
18 789
19 132
19 144
19 401
19 627
19 276
19 283
19 218
19 31
19 802
19 134
19 38
19 39
19 169
19 44
19 558
19 175
19 1072
19 179
19 53
19 568
19 415
19 189
19 318
19 715
19 69
19 74
19 75
19 206
19 79
19 208
19 850
19 339
19 726
19 471
19 90
19 603
19 486
19 102
19 103
19 104
19 106
19 615
19 1135
19 369
19 371
19 507
20 640
20 391
20 396
20 270
20 656
20 998
20 26
20 1179
20 801
20 35
20 292
20 806
20 680
20 555
20 44
20 430
20 435
20 948
20 1207
20 701
20 69
20 583
20 713
20 78
20 336
20 85
20 1241
20 346
20 1018
20 1118
20 100
20 613
20 870
20 234
20 497
20 119
20 122
20 510
20 213
21 258
21 265
21 1048
21 148
21 278
21 23
21 478
21 26
21 1051
21 154
21 287
21 33
21 1065
21 426
21 174
21 925
21 1160
21 309
21 31
21 949
21 706
21 69
21 458
21 590
21 1231
21 466
21 598
21 94
21 863
21 98
21 616
22 1044
22 1045
22 30
22 1058
22 35
22 1064
22 44
22 557
22 49
22 55
22 58
22 60
22 63
22 71
22 72
22 78
22 79
22 89
22 1115
22 94
22 95
22 106
22 113
22 1139
22 635
22 126
22 639
22 640
22 129
22 1157
22 144
22 662
22 196
22 1179
22 157
22 1182
22 161
22 167
22 683
22 178
22 693
22 187
22 700
22 1220
22 1227
22 1231
22 1232
22 210
22 1238
22 215
22 216
22 221
22 738
22 248
22 762
22 254
22 257
22 726
22 262
22 263
22 793
22 304
22 822
22 323
22 330
22 335
22 861
22 351
22 357
22 359
22 376
22 380
22 899
22 395
22 419
22 424
22 944
22 953
22 448
22 995
22 508
23 320
23 107
23 292
23 41
23 108
23 814
23 1069
23 944
23 51
23 1044
23 1175
23 633
23 731
23 860
23 95
24 256
24 640
24 258
24 259
24 132
24 904
24 137
24 1027
24 534
24 663
24 280
24 154
24 155
24 157
24 287
24 474
24 33
24 34
24 932
24 933
24 166
24 40
24 49
24 50
24 948
24 184
24 186
24 59
24 190
24 198
24 1098
24 77
24 1247
24 461
24 979
24 340
24 910
24 857
24 90
24 1082
24 479
24 1248
24 99
24 104
24 107
24 751
24 368
24 371
24 1146
24 375
24 1016
24 250
24 252
25 1152
25 133
25 1031
25 1167
25 273
25 1043
25 430
25 406
25 1175
25 408
25 539
25 28
25 29
25 261
25 32
25 1059
25 342
25 297
25 42
25 813
25 46
25 47
25 48
25 318
25 580
25 581
25 455
25 203
25 204
25 334
25 80
25 721
25 214
25 220
25 349
25 737
25 1169
25 238
25 368
25 1139
25 117
25 635
25 124
26 132
26 1164
26 398
26 1171
26 594
26 27
26 156
26 33
26 804
26 1030
26 294
26 554
26 1202
26 818
26 564
26 53
26 696
26 697
26 322
26 452
26 837
26 71
26 80
26 82
26 1240
26 89
26 986
26 988
26 350
26 223
26 352
26 227
26 486
26 109
26 246
26 379
26 509
27 772
27 521
27 394
27 130
27 273
27 728
27 410
27 542
27 519
27 813
27 46
27 798
27 311
27 991
27 1084
27 189
27 69
27 328
27 842
27 208
27 337
27 472
27 93
27 735
27 721
27 647
27 1133
27 114
27 246
27 250
27 1240
27 1151
28 1027
28 389
28 1059
28 1060
28 37
28 41
28 173
28 966
28 212
28 357
28 487
28 106
28 237
28 113
28 275
28 1141
28 425
29 524
29 525
29 1041
29 645
29 423
29 41
29 51
29 60
29 588
29 207
29 85
29 1241
29 527
29 350
29 739
29 102
29 496
29 881
30 163
30 170
30 354
30 517
30 205
30 413
30 83
30 1017
30 883
30 61
30 94
30 406
31 768
31 1024
31 388
31 536
31 541
31 289
31 548
31 299
31 1080
31 317
31 190
31 65
31 963
31 587
31 209
31 600
31 108
31 238
31 1171
31 892
32 261
32 523
32 1026
32 173
32 272
32 917
32 1174
32 151
32 667
32 285
32 542
32 34
32 731
32 807
32 40
32 1244
32 939
32 940
32 45
32 559
32 1069
32 1073
32 819
32 570
32 828
32 317
32 702
32 65
32 451
32 964
32 865
32 923
32 1213
32 210
32 237
32 853
32 527
32 860
32 97
32 813
32 871
32 779
32 1212
32 1132
32 109
32 238
32 445
32 880
32 369
32 242
32 1235
32 126
32 127
33 227
33 388
33 716
33 236
33 809
33 1177
33 1196
33 182
33 503
33 57
33 1212
33 61
33 286
34 299
34 1156
34 263
34 265
34 682
34 1195
34 258
34 813
34 1169
34 279
34 665
34 1199
34 1180
34 157
34 159
34 240
34 521
34 882
34 554
34 43
34 434
34 47
34 287
34 305
34 306
34 181
34 54
34 183
34 313
34 187
34 573
34 1087
34 1090
34 1227
34 581
34 326
34 417
34 72
34 841
34 75
34 207
34 81
34 212
34 89
34 349
34 225
34 996
34 362
34 112
34 114
34 499
34 372
34 631
34 541
34 125
35 130
35 644
35 133
35 518
35 519
35 748
35 398
35 759
35 146
35 921
35 537
35 1051
35 413
35 544
35 545
35 406
35 274
35 1195
35 174
35 559
35 50
35 307
35 52
35 821
35 566
35 1033
35 441
35 59
35 394
35 574
35 63
35 705
35 73
35 75
35 1228
35 77
35 718
35 1104
35 978
35 1038
35 342
35 472
35 475
35 736
35 359
35 616
35 1002
35 492
35 237
35 751
35 1000
35 626
35 1140
35 375
35 888
35 249
36 288
36 99
36 420
36 457
36 1006
36 75
36 557
36 238
36 651
36 185
37 910
37 531
37 148
37 153
37 1055
37 39
37 425
37 776
37 68
37 583
37 119
37 593
37 594
37 355
37 602
37 227
37 231
37 360
37 935
37 113
37 114
37 503
37 1016
37 123
38 64
38 290
38 163
38 225
38 266
38 203
38 288
38 145
38 210
38 707
38 216
38 378
38 559
38 1066
38 862
38 166
39 130
39 797
39 133
39 393
39 525
39 1172
39 407
39 669
39 554
39 157
39 560
39 1209
39 70
39 71
39 1096
39 1036
39 77
39 338
39 855
39 89
39 1094
39 97
39 614
39 874
39 634
39 810
40 235
40 774
40 526
40 399
40 529
40 530
40 275
40 670
40 48
40 167
40 424
40 809
40 304
40 179
40 1080
40 58
40 63
40 800
40 707
40 452
40 758
40 710
40 1223
40 72
40 458
40 1100
40 213
40 342
40 787
40 1118
40 627
40 993
40 610
40 1147
40 229
40 107
40 115
40 1141
40 118
40 634
40 763
40 124
40 1237
41 769
41 514
41 982
41 529
41 275
41 276
41 421
41 220
41 175
41 48
41 820
41 694
41 833
41 70
41 1098
41 716
41 207
41 470
41 219
41 92
41 634
41 223
41 101
41 998
41 743
41 105
41 106
41 238
41 239
41 660
41 378
41 234
41 894
42 662
42 76
42 534
42 492
42 799
43 651
43 396
43 272
43 659
43 163
43 805
43 297
43 170
43 1204
43 569
43 58
43 446
43 71
43 845
43 335
43 725
43 442
43 95
43 868
43 102
43 236
43 881
43 1015
43 127
44 128
44 641
44 259
44 1029
44 647
44 522
44 1163
44 654
44 1169
44 408
44 411
44 290
44 369
44 685
44 1198
44 943
44 179
44 564
44 185
44 58
44 962
44 67
44 452
44 329
44 1106
44 212
44 864
44 993
44 99
44 1171
44 102
44 231
44 105
44 241
44 579
44 115
44 244
44 245
44 638
45 912
45 277
45 155
45 214
45 931
45 551
45 428
45 1069
45 942
45 310
45 334
45 654
45 342
45 735
45 97
45 611
45 868
45 101
45 1135
45 880
45 885
46 897
46 526
46 1173
46 293
46 434
46 188
46 62
46 191
46 65
46 70
46 457
46 1229
46 343
46 88
46 738
46 99
46 874
46 877
46 1138
46 633
46 1021
47 771
47 1157
47 531
47 921
47 944
47 113
47 1072
47 52
47 825
47 960
47 321
47 202
47 598
47 96
47 1131
47 239
47 241
47 377
47 899
48 128
48 192
48 486
48 584
48 677
48 76
48 264
48 498
48 115
48 838
48 405
48 268
48 379
48 520
49 131
49 141
49 275
49 533
49 535
49 158
49 551
49 434
49 54
49 265
49 60
49 830
49 66
49 567
49 1229
49 599
49 217
49 1120
49 737
49 739
49 228
49 617
49 108
49 1139
49 504
49 507
49 765
50 791
50 1156
50 156
50 293
50 540
50 170
50 563
50 951
50 1106
50 731
50 477
50 352
50 98
50 233
50 749
50 754
50 426
51 100
51 110
51 342
51 313
51 636
51 830
52 385
52 646
52 641
52 911
52 786
52 148
52 791
52 152
52 796
52 774
52 682
52 319
52 81
52 214
52 90
52 658
52 254
52 1017
52 253
52 382
53 192
53 784
53 965
53 990
53 169
53 74
53 683
53 775
53 401
53 318
53 440
53 729
53 731
53 860
53 126
53 159
54 139
54 1030
54 743
54 547
54 216
54 59
54 92
54 317
54 849
54 671
55 385
55 267
55 145
55 797
55 162
55 1190
55 935
55 222
55 183
55 193
55 67
55 198
55 199
55 397
55 606
55 735
55 747
55 372
55 121
56 1024
56 1068
56 1101
56 111
56 592
56 120
56 794
56 668
57 392
57 923
57 517
57 173
57 520
57 1079
57 1210
57 188
57 957
57 588
57 851
57 600
57 345
57 400
57 241
57 889
57 1023
58 96
58 289
58 67
58 1056
58 444
58 138
58 1010
58 1167
58 626
58 84
58 1049
58 168
58 412
59 256
59 449
59 1218
59 773
59 521
59 1037
59 597
59 271
59 978
59 803
59 468
59 117
59 1033
59 751
59 1021
59 63
60 643
60 897
60 140
60 295
60 1070
60 177
60 1208
60 825
60 570
60 313
60 1220
60 838
60 1249
60 80
60 433
60 441
60 346
60 605
60 1104
60 1124
60 229
60 465
60 488
60 747
60 124
61 994
61 1188
61 68
61 101
61 294
61 268
61 333
61 112
61 552
61 468
61 1150
61 215
61 985
61 122
61 155
61 1049
62 385
62 520
62 151
62 286
62 675
62 676
62 328
62 542
62 315
62 573
62 64
62 1093
62 327
62 200
62 464
62 1105
62 783
62 1247
62 483
62 358
62 230
62 503
62 121
62 507
62 509
62 382
63 1152
63 630
63 1001
63 1110
63 79
63 81
63 498
63 643
63 215
63 472
63 218
63 1084
64 636
64 770
64 939
64 836
64 582
64 361
64 75
64 716
64 855
64 382
64 470
64 849
64 953
64 447
64 604
64 231
65 642
65 520
65 905
65 151
65 922
65 1053
65 774
65 807
65 303
65 969
65 824
65 1209
65 1219
65 709
65 712
65 201
65 205
65 81
65 596
65 86
65 601
65 475
65 1249
65 363
65 495
65 625
65 123
65 382
65 255
66 645
66 705
66 671
66 164
66 168
66 180
66 949
66 444
66 445
66 449
66 865
66 329
66 1100
66 78
66 466
66 211
66 85
66 121
66 1240
66 473
66 353
66 358
66 752
66 249
66 250
66 767
67 256
67 416
67 296
67 140
67 770
67 566
67 548
67 1060
68 128
68 1036
68 653
68 1172
68 419
68 433
68 305
68 91
68 1206
68 830
68 714
68 77
68 209
68 347
68 476
68 933
68 993
68 995
68 233
68 760
68 250
68 764
69 737
69 484
69 1067
69 243
69 359
69 1172
69 435
69 462
69 548
69 209
69 593
69 409
69 868
70 661
70 270
70 511
70 87
70 475
70 149
71 96
71 193
71 331
71 772
71 1202
71 589
71 882
71 531
71 513
71 87
71 1144
71 441
71 785
71 351
72 513
72 912
72 917
72 280
72 925
72 160
72 932
72 174
72 181
72 457
72 1214
72 329
72 203
72 162
72 1231
72 595
72 855
72 601
72 347
72 604
72 607
72 865
72 1127
72 744
72 877
72 623
72 83
72 244
72 382
73 199
73 264
73 519
73 522
73 690
73 142
73 941
73 82
73 471
73 1199
74 208
74 331
74 620
74 171
74 556
74 709
74 180
74 293
75 704
75 131
75 773
75 404
75 149
75 281
75 1157
75 690
75 190
75 447
75 973
75 848
75 1241
75 1114
75 100
75 878
75 627
75 118
75 1151
76 1057
76 587
76 588
76 205
76 477
76 215
76 120
76 282
76 187
76 380
76 314
76 479
77 1163
77 142
77 400
77 401
77 947
77 414
77 290
77 164
77 680
77 307
77 692
77 440
77 205
77 208
77 291
77 725
77 727
77 1240
77 1113
77 91
77 231
77 1004
77 109
77 123
77 381
78 225
78 1062
78 493
78 873
78 810
78 655
78 226
78 206
78 143
78 433
78 402
78 1180
78 186
78 271
78 316
78 639
79 427
79 339
79 267
79 364
79 82
79 510
80 384
80 260
80 136
80 812
80 139
80 396
80 536
80 152
80 281
80 798
80 165
80 171
80 428
80 305
80 1074
80 436
80 905
80 793
80 963
80 710
80 205
80 207
80 211
80 463
80 473
80 90
80 335
80 719
80 104
80 622
80 239
80 253
81 675
81 933
81 513
81 1197
81 110
81 440
81 434
81 88
81 125
82 392
82 138
82 274
82 403
82 534
82 412
82 1055
82 808
82 298
82 815
82 562
82 182
82 1161
82 1083
82 317
82 835
82 582
82 584
82 211
82 93
82 487
82 233
82 110
82 119
83 1152
83 86
83 135
83 166
83 432
83 1076
83 573
83 582
83 327
83 977
83 214
83 986
83 476
83 989
83 94
83 351
83 103
83 492
83 624
83 504
83 1149
84 707
84 968
84 756
84 203
84 994
84 335
84 147
84 244
84 85
84 599
84 724
84 655
84 373
85 1025
85 642
85 1028
85 139
85 621
85 273
85 659
85 987
85 932
85 553
85 170
85 430
85 958
85 324
85 118
85 737
85 713
85 467
85 91
85 220
85 734
85 96
85 97
85 355
85 106
85 237
85 1010
85 246
85 762
85 764
86 900
86 390
86 833
86 1004
86 1163
86 269
86 154
86 284
86 1069
86 176
86 567
86 186
86 188
86 320
86 579
86 966
86 595
86 1116
86 350
86 1121
86 103
86 620
86 879
86 116
86 759
86 127
87 780
87 530
87 148
87 406
87 279
87 604
87 948
87 950
87 954
87 827
87 330
87 1228
87 1102
87 1107
87 217
87 986
87 732
87 98
87 356
87 105
87 364
87 274
87 1006
87 752
87 371
87 1013
87 122
87 891
87 345
88 799
88 131
88 165
88 850
88 291
88 789
88 374
88 1097
88 344
88 378
88 411
88 474
88 357
89 438
89 140
89 269
89 112
89 689
89 117
89 1209
89 753
90 368
90 229
90 1235
90 999
91 146
91 147
91 1046
91 924
91 1056
91 930
91 294
91 1063
91 561
91 182
91 315
91 715
91 602
91 219
91 1190
91 360
91 1201
91 756
92 704
92 322
92 790
92 230
92 1035
92 930
92 817
92 142
92 457
92 376
92 494
92 154
92 351
92 93
92 255
93 133
93 674
93 1068
93 447
93 966
93 713
93 976
93 723
93 468
93 742
93 102
93 111
93 624
93 1014
93 504
93 596
93 1148
94 129
94 400
94 157
94 286
94 544
94 814
94 180
94 952
94 196
94 328
94 1099
94 975
94 209
94 728
94 245
94 894
94 383
95 705
95 695
95 355
95 262
95 1004
95 630
95 463
95 817
95 697
95 319
96 192
96 386
96 277
96 869
96 136
96 234
96 561
96 115
96 116
96 470
96 760
96 591
96 1066
96 979
96 191
97 899
97 263
97 394
97 109
97 1176
97 668
97 553
97 427
97 172
97 303
97 778
97 928
97 964
97 839
97 349
97 99
97 228
97 613
97 167
97 493
97 882
97 507
97 126
98 257
98 258
98 524
98 919
98 284
98 418
98 164
98 306
98 1079
98 189
98 838
98 348
98 224
98 227
98 615
98 111
98 756
98 1149
98 1022
99 480
99 195
99 165
99 555
99 455
99 1162
99 171
99 240
99 112
99 467
99 1212
100 192
100 129
100 450
100 197
100 134
100 679
100 303
100 784
100 384
100 277
100 201
100 660
100 705
100 1083
100 1116
100 585
101 961
101 326
101 1195
101 268
101 589
101 1100
101 241
101 1042
101 307
101 532
101 309
101 184
101 1136
102 903
102 777
102 1040
102 146
102 278
102 664
102 669
102 800
102 421
102 423
102 682
102 818
102 690
102 436
102 826
102 956
102 582
102 480
102 610
102 107
102 1018
102 1150
103 234
103 386
104 999
104 940
104 884
105 768
105 172
105 779
105 1133
105 1049
105 941
105 947
105 314
105 578
105 195
105 844
105 1107
105 862
105 487
105 109
105 628
105 297
106 224
106 1089
106 547
106 421
106 796
106 744
106 268
106 767
106 1165
106 1168
106 305
106 306
106 297
106 921
106 571
106 741
107 266
107 782
107 149
107 667
107 156
107 935
107 557
107 175
107 691
107 1080
107 959
107 194
107 724
107 213
107 216
107 477
107 483
107 244
107 887
107 891
107 764
108 290
108 135
108 343
108 525
108 975
108 500
108 440
108 537
108 378
108 1063
108 254
109 412
109 711
109 847
109 883
109 150
109 316
109 189
110 768
110 1159
110 268
110 145
110 792
110 413
110 288
110 165
110 171
110 1076
110 438
110 183
110 416
110 331
110 588
110 590
110 479
110 610
110 997
110 234
111 481
111 772
111 325
111 977
111 1128
111 489
111 458
111 322
111 226
111 125
111 269
111 1048
111 524
111 1012
111 190
111 383
112 160
112 232
112 528
112 520
112 956
113 1205
113 130
113 329
113 622
113 1230
113 1075
113 821
113 538
113 143
113 837
114 214
114 164
114 156
115 918
115 1133
115 1166
115 150
115 265
115 332
115 634
115 795
116 918
116 295
116 301
116 206
116 687
116 1064
117 195
117 708
117 841
117 331
117 461
117 142
117 431
117 1134
117 1048
117 883
117 1014
117 686
117 886
117 283
117 875
117 927
118 322
118 260
118 749
118 1038
118 175
118 584
118 1204
118 1081
118 501
118 377
118 187
118 605
118 159
119 987
119 679
119 683
119 1004
119 505
119 603
120 644
120 525
120 160
120 1192
120 302
120 815
120 307
120 564
120 138
120 581
120 1099
120 719
120 338
120 975
120 240
120 761
120 255
120 383
121 618
121 1009
121 702
122 294
122 261
122 422
122 1133
122 848
122 600
122 1138
122 243
122 545
122 577
122 376
122 819
122 282
122 987
122 597
123 128
123 390
123 648
123 411
123 1185
123 321
123 1078
123 443
123 830
123 198
123 711
123 1228
123 1234
123 725
123 1239
123 473
123 232
123 1130
123 235
124 257
124 876
124 559
124 688
124 424
124 1015
124 1211
124 381
125 576
125 516
125 264
125 137
125 1035
125 876
125 240
125 278
125 344
125 442
125 303
125 1226
125 127
126 1124
126 278
126 806
126 811
126 726
126 593
126 914
126 697
126 965
126 703
126 348
126 1178
126 469
127 586
127 294
127 168
127 1039
127 945
127 565
127 793
127 313
127 670
128 365
128 1207
128 1116
129 230
129 839
129 271
129 1168
129 596
129 638
129 933
129 698
130 1057
130 453
130 166
130 971
130 245
130 1143
130 1242
131 866
131 395
131 1126
131 721
131 1234
131 528
131 242
131 469
131 856
131 284
131 280
132 262
132 533
132 153
132 549
132 299
132 686
132 689
132 1089
132 1092
132 840
132 340
132 1111
132 863
132 481
132 1125
132 368
132 370
132 755
132 888
132 380
133 554
133 829
133 176
133 564
133 725
133 374
133 185
133 312
133 668
133 1077
134 515
134 874
134 269
134 1181
134 447
135 548
135 232
135 301
135 308
135 795
136 711
136 649
136 1239
136 908
136 173
136 813
136 993
136 979
136 1155
136 439
136 568
136 292
136 703
136 191
137 291
137 650
137 456
137 684
137 143
137 253
137 468
137 311
137 890
137 187
138 641
138 1026
138 261
138 391
138 914
138 661
138 534
138 152
138 281
138 981
138 414
138 517
138 162
138 547
138 550
138 295
138 1065
138 300
138 558
138 158
138 439
138 707
138 584
138 202
138 1230
138 341
138 992
138 232
138 875
138 236
138 366
138 853
138 1141
138 248
138 789
139 641
139 672
139 554
139 429
139 960
139 716
139 717
139 591
139 601
139 986
139 354
139 355
139 361
139 372
139 501
139 249
139 341
140 1154
140 260
140 626
140 676
140 1203
140 317
141 392
141 754
141 628
141 920
141 1192
141 156
142 288
142 780
143 161
143 1223
143 779
143 237
143 204
143 793
143 312
143 332
143 575
143 956
143 287
144 193
144 459
144 428
144 370
144 412
145 841
145 650
145 235
145 176
145 1174
145 1148
145 990
146 614
146 200
146 363
146 742
146 468
146 405
146 822
146 724
146 509
146 318
146 1128
147 771
147 198
147 876
147 654
147 435
147 916
147 730
148 161
148 167
148 939
148 589
148 817
148 307
148 1208
149 422
149 936
149 1078
149 298
149 174
149 752
149 946
149 276
149 374
149 695
149 1144
149 852
149 443
150 194
150 323
150 391
150 745
150 846
150 539
151 420
151 168
151 361
151 300
151 181
151 662
151 745
151 984
151 556
152 699
152 485
152 1043
152 247
152 249
152 283
153 298
153 356
153 178
154 1042
154 155
154 161
154 546
154 806
154 295
154 170
154 304
154 195
154 714
154 462
154 975
154 1230
154 722
154 981
154 473
154 355
154 367
154 242
154 506
155 673
155 291
155 1061
155 241
155 306
155 823
155 859
155 927
156 640
157 608
157 163
157 912
157 569
157 186
158 1192
158 727
158 370
158 840
158 274
158 1225
158 503
158 346
158 923
158 607
159 774
159 1186
159 354
159 333
159 482
159 1244
159 511
160 516
160 909
160 532
160 540
160 808
160 174
160 947
160 181
160 694
160 312
160 194
160 1220
160 1222
160 204
160 488
160 361
160 1132
160 244
161 321
161 674
161 278
161 506
161 552
161 572
161 273
161 340
161 1103
161 252
161 253
161 798
161 485
162 1024
162 513
162 1126
162 1217
162 1129
162 427
162 872
162 1236
163 480
163 832
163 733
163 779
163 893
163 172
163 530
163 431
163 1104
164 576
164 197
164 924
164 972
164 177
164 341
164 183
164 252
164 319
165 1184
165 1040
165 514
165 1029
165 445
165 248
165 285
166 800
166 1027
166 644
166 482
166 561
166 756
166 789
167 502
167 594
167 213
168 485
168 625
168 972
168 177
168 562
168 212
168 724
168 251
168 671
169 334
170 354
170 836
170 934
170 846
170 784
170 598
170 1173
171 556
171 242
171 915
171 532
171 661
171 631
171 504
171 347
172 1026
172 388
172 753
173 1156
173 1166
173 1043
173 664
173 432
173 291
173 1191
173 297
173 688
173 822
173 1187
173 1108
173 221
173 617
173 1140
173 502
173 252
174 738
174 580
174 566
174 1189
174 1007
174 810
174 558
174 694
174 242
174 846
174 212
174 310
174 761
174 543
174 861
174 181
175 627
175 246
175 785
175 563
175 594
175 1109
175 1017
175 774
176 579
176 839
176 299
176 302
176 819
176 905
176 538
177 672
177 1063
177 553
177 395
177 685
177 207
177 628
177 1142
177 219
177 1214
178 384
178 482
178 1067
178 229
178 1062
178 681
178 591
178 272
178 243
178 343
178 376
178 1150
179 781
179 1175
179 1050
179 429
179 434
179 189
179 447
179 1216
179 451
179 199
179 460
179 336
179 740
179 478
179 865
179 228
179 495
179 499
179 1014
180 352
180 201
180 717
180 465
180 279
181 196
181 201
181 1026
181 941
181 687
181 921
181 456
181 1236
181 982
181 600
181 377
181 314
181 1083
181 348
181 606
182 274
182 1242
182 478
183 867
183 965
183 714
183 299
183 592
183 791
183 344
183 1130
183 220
183 701
184 387
184 689
184 476
184 475
184 188
185 803
185 603
186 642
186 550
186 522
186 1037
186 381
186 312
186 670
186 767
187 718
187 401
188 809
188 560
189 262
189 575
190 833
190 523
190 592
190 1176
190 658
190 822
190 853
190 374
190 217
191 571
191 1203
191 938
191 432
191 931
191 310
191 345
191 283
191 668
192 417
192 1190
192 233
192 920
192 314
192 752
193 560
193 770
193 1025
193 492
193 717
193 598
193 699
193 542
193 415
194 267
194 744
195 1186
195 516
195 325
195 423
195 202
195 1101
195 750
195 1206
195 279
195 540
195 572
196 766
196 891
196 231
196 456
196 1013
196 1130
196 1136
196 251
196 1245
196 405
197 576
197 872
197 202
197 1049
197 218
197 1019
197 445
198 720
198 439
198 462
198 368
198 632
198 954
198 1085
199 257
199 1218
199 491
199 678
199 456
199 334
199 303
199 369
199 745
199 889
199 511
200 545
200 700
200 765
200 446
201 746
201 206
201 633
201 474
202 704
202 781
202 528
202 310
203 546
203 496
204 224
204 806
204 208
204 377
204 509
205 1129
205 399
205 1201
205 223
206 800
206 829
206 318
207 324
207 776
207 1132
207 809
207 923
208 290
208 699
208 613
208 811
208 302
208 1198
208 217
208 572
209 1000
209 653
209 270
209 1032
209 403
209 660
209 949
209 644
209 1053
211 284
212 353
212 1005
212 750
212 634
213 458
213 243
213 1086
214 704
214 783
214 642
214 387
214 260
214 276
214 425
214 306
214 564
214 895
214 1155
214 571
214 395
214 221
214 639
215 617
215 657
216 259
216 868
216 1019
216 765
216 517
217 618
217 676
218 678
218 878
218 710
218 1012
218 245
218 567
218 1177
218 910
219 443
219 857
219 827
219 328
219 795
219 808
219 515
219 276
219 755
219 852
219 537
219 254
219 895
220 1026
220 235
220 649
220 429
220 409
220 410
220 931
220 293
220 301
220 1202
220 336
220 466
220 723
220 1115
220 1117
220 863
220 1000
220 491
220 492
221 961
221 599
221 500
221 505
221 313
221 282
221 285
222 298
223 913
223 971
223 1092
223 519
223 1034
223 903
223 296
223 409
223 602
224 608
224 549
224 969
224 1079
224 989
224 595
224 404
224 823
225 527
225 658
225 1134
225 408
226 896
226 289
226 898
226 228
226 230
226 776
226 882
226 782
226 280
226 420
226 623
226 701
227 1154
227 261
227 742
227 551
227 840
227 393
227 685
227 1001
227 522
227 574
228 1120
228 454
228 393
228 844
228 1154
228 1165
228 336
228 1241
228 516
228 251
228 1054
229 289
229 265
229 431
229 712
229 339
229 1161
229 283
230 1033
230 1163
230 753
230 277
230 409
230 794
231 320
231 577
231 1101
231 531
231 1206
231 837
232 928
232 769
232 387
232 236
232 593
232 402
232 1059
232 436
232 1206
232 1111
232 875
232 314
232 411
232 543
233 1008
233 362
233 560
233 602
233 446
233 543
234 674
234 739
234 407
234 957
235 316
235 589
235 558
236 971
236 993
236 588
236 304
236 369
236 727
236 760
236 1178
236 1115
237 358
237 839
237 585
237 491
237 558
237 948
237 777
237 703
238 768
238 1123
238 680
238 719
238 375
238 900
238 955
239 257
239 385
239 616
239 652
239 726
239 371
239 628
239 694
239 445
239 330
239 350
240 612
240 587
240 300
240 739
240 311
240 803
240 1242
241 418
241 879
241 263
241 1071
241 1040
241 247
241 792
241 863
242 256
242 390
242 264
242 461
242 911
242 904
242 699
242 828
243 288
243 384
243 1123
243 388
243 870
243 1207
243 1028
243 1125
244 320
244 676
244 992
244 489
244 296
244 724
244 924
244 255
245 1170
245 950
245 381
246 320
246 798
246 483
246 807
246 811
246 785
246 858
246 766
246 533
247 408
247 823
247 407
247 1083
247 508
248 385
248 1075
248 366
248 915
248 439
248 623
248 586
249 971
249 467
250 1029
250 1031
250 264
250 523
250 718
250 271
250 784
250 488
250 1236
250 1205
250 607
251 1104
251 605
252 1196
252 786
252 952
253 330
253 1106
253 439
253 376
253 894
254 547
254 1087
254 654
254 1136
254 1201
254 341
254 984
254 415
255 749
255 1134
255 414
255 1183
256 897
256 1013
256 466
256 635
256 1169
256 373
256 602
256 1141
256 286
256 767
257 992
257 296
257 908
257 272
257 308
257 281
257 859
257 990
257 543
258 325
258 1223
258 940
258 300
258 590
258 365
258 337
258 338
258 595
258 404
258 1115
258 894
259 871
260 835
260 458
260 1199
260 858
260 990
261 864
261 272
261 1236
261 1162
261 1047
261 394
262 1217
262 803
262 1053
262 596
262 479
263 392
263 363
263 1102
263 978
263 599
263 637
263 319
264 781
264 562
264 659
264 1112
264 943
265 1165
265 1243
266 729
266 410
266 1062
267 1088
267 648
267 812
267 884
267 917
268 679
268 429
268 990
269 293
269 946
269 538
270 551
270 904
271 379
271 1220
271 353
271 1149
271 563
271 547
271 409
271 828
271 285
272 1035
272 484
272 1108
272 983
272 1016
272 347
272 549
273 480
273 386
273 1204
273 806
273 390
273 1148
273 887
273 466
273 1212
273 308
273 375
273 988
274 490
274 876
274 508
274 383
275 804
275 652
275 994
275 563
276 672
277 995
277 649
277 1103
278 450
278 420
278 353
278 655
278 465
278 1108
278 644
279 576
279 976
281 1120
281 486
281 705
281 905
281 1232
281 370
281 432
282 420
282 646
282 337
282 470
282 1176
283 512
283 1185
283 1186
283 451
283 324
283 469
283 1216
283 397
283 938
283 1174
283 794
283 490
284 708
284 982
284 679
284 329
284 1009
284 656
284 625
284 631
284 979
284 1206
285 609
285 1051
285 900
285 360
285 586
285 821
285 630
285 443
286 930
286 459
286 1232
286 973
286 691
286 574
286 349
287 417
287 1188
287 356
287 518
287 362
287 910
287 665
287 345
287 996
288 495
288 437
288 1146
288 925
289 772
289 1095
289 1034
289 1240
289 467
289 820
289 1112
289 572
290 1226
290 1227
290 568
291 578
291 507
291 1002
291 983
291 1143
291 370
291 457
291 1099
292 325
292 908
292 581
292 399
292 1229
292 884
292 733
292 606
292 543
293 354
293 419
293 678
293 579
293 866
294 321
294 892
294 430
294 980
294 814
294 886
294 572
295 928
295 1122
295 645
295 939
295 1138
295 659
295 341
295 669
295 575
296 648
296 1217
296 526
296 720
296 417
296 499
296 501
296 1238
296 730
296 1215
297 586
298 611
298 1225
298 684
298 1101
298 757
298 761
298 479
299 336
299 611
299 1131
299 1038
299 560
299 1246
300 646
300 684
300 594
300 338
300 308
300 437
300 538
301 930
302 425
303 483
303 965
303 744
303 362
303 1003
304 450
304 835
304 1125
304 777
304 397
304 400
305 1191
305 1009
305 472
305 506
305 927
306 1249
306 710
306 550
306 998
306 1151
307 546
307 484
307 775
307 722
307 931
307 860
307 957
308 1056
308 323
308 773
308 746
308 621
308 1054
308 309
308 346
308 798
309 969
309 977
310 1063
310 1001
310 721
310 462
310 410
310 347
310 638
311 392
311 1198
311 881
312 647
312 650
312 340
312 828
313 1168
313 670
314 326
314 1031
314 842
314 497
314 504
314 1179
315 929
315 695
315 1034
316 992
316 962
316 1058
316 1030
316 775
316 495
317 512
318 485
318 633
318 569
318 1210
318 1085
319 976
319 361
319 624
319 484
319 932
319 1182
320 435
320 1055
321 367
321 343
321 442
321 508
322 481
322 323
322 356
322 901
322 1121
322 938
322 1036
322 1170
322 1091
322 612
322 539
322 1050
322 1086
322 1119
323 565
323 440
323 692
324 448
324 576
324 611
324 711
324 1153
324 595
325 577
325 489
325 619
325 431
325 497
325 722
325 1059
325 758
325 599
325 591
325 478
326 387
326 495
326 1150
327 832
327 1213
327 1182
327 842
328 1161
328 362
328 818
328 917
328 826
328 522
328 533
329 552
329 617
329 619
329 660
329 1213
329 1223
330 950
331 515
331 367
331 340
331 389
332 976
332 802
332 656
332 373
333 1249
333 866
333 781
333 658
333 405
333 982
335 1093
335 902
335 367
335 1105
335 754
335 857
336 417
336 866
336 349
337 539
337 454
337 945
338 609
338 422
338 615
338 1234
338 1074
338 1196
338 532
338 1164
338 958
339 845
339 487
339 909
339 1194
339 397
339 561
339 791
339 463
339 636
340 408
340 1189
340 400
341 677
341 359
341 985
341 667
342 742
342 391
342 629
342 894
343 624
343 974
343 535
343 697
344 769
344 1188
344 357
344 833
344 977
345 645
346 358
346 373
346 895
347 544
347 1200
347 680
347 659
347 565
347 1064
347 378
347 1023
348 914
348 790
350 544
350 418
350 816
350 1074
350 403
350 700
350 1023
351 937
351 1105
351 1148
352 442
353 515
353 583
353 1138
354 453
354 656
354 476
355 484
355 880
356 419
356 453
356 471
356 743
356 424
356 665
356 366
356 944
356 723
357 589
358 1153
358 1124
358 777
358 459
358 1246
358 433
358 562
358 629
358 566
358 379
359 966
359 496
359 596
359 1178
359 501
360 743
360 494
360 657
360 723
362 676
362 657
362 871
362 748
362 494
362 456
362 437
362 1078
362 521
362 1023
362 654
363 399
363 761
364 535
365 452
365 997
365 962
365 609
365 809
365 618
365 471
365 970
365 877
365 529
365 1002
365 436
365 438
365 407
365 687
365 746
366 965
366 423
366 796
366 462
366 664
366 918
366 753
366 636
366 490
367 834
367 1037
367 1232
367 404
367 823
367 1209
367 1143
368 678
368 854
369 1070
369 1135
369 625
369 663
369 797
370 721
370 979
371 431
371 379
371 477
372 961
372 615
372 688
372 857
372 671
374 719
374 850
374 553
374 701
374 1183
375 1195
375 1122
375 419
375 948
375 924
376 481
376 629
377 546
377 1003
377 683
377 525
377 1236
377 557
378 1155
378 430
378 527
378 1142
378 573
379 1088
379 942
379 1204
379 1112
379 476
380 451
380 460
380 630
380 398
380 529
380 794
380 411
381 960
381 555
381 491
382 609
382 506
383 1128
383 1111
384 736
384 1185
384 843
384 1151
385 848
385 853
385 1012
386 928
386 498
386 851
386 695
386 892
387 1197
388 1248
388 453
388 1217
388 1127
388 407
388 1087
389 801
389 1061
389 700
389 708
390 769
390 1125
390 914
390 412
391 448
391 432
391 1064
392 452
392 816
392 1048
392 700
393 1040
393 907
393 939
393 815
393 720
393 851
393 1167
394 787
394 820
394 760
397 620
397 1198
397 1054
398 1108
398 897
398 708
398 485
398 963
398 692
398 1076
398 763
399 1191
399 876
399 757
399 442
400 505
401 1078
401 586
401 534
402 579
402 1098
402 1011
402 1130
403 736
403 673
403 580
403 722
403 463
403 1110
403 505
404 1131
405 517
405 918
405 406
405 868
406 1091
406 998
406 1072
406 723
406 787
407 422
407 681
407 1039
407 858
407 926
407 831
408 610
408 1126
408 426
408 629
408 606
408 1109
409 1189
409 552
409 812
409 951
409 556
409 461
409 1169
409 934
409 600
410 1028
410 968
410 1207
410 985
410 920
410 633
410 1114
411 909
411 665
412 580
413 454
413 1036
413 1194
413 620
413 826
414 1106
415 1197
416 1184
416 424
416 1097
416 1073
417 682
417 459
417 514
417 1079
418 482
418 734
419 642
419 585
419 493
419 1076
419 574
420 867
420 778
420 530
420 607
421 497
421 920
422 1226
422 1143
422 438
422 926
423 1189
423 1149
424 512
424 528
425 1057
425 1215
425 549
425 1095
425 1138
425 1085
425 623
425 786
425 1171
425 601
425 603
425 829
426 1194
426 912
426 565
427 454
427 545
427 919
427 510
428 1208
429 840
429 461
429 720
429 436
429 1110
429 631
430 613
430 1000
430 874
430 908
430 1171
430 790
431 546
431 460
431 1234
432 616
432 617
432 563
432 727
432 536
432 1224
433 741
433 904
433 841
433 1015
433 958
434 1035
434 613
434 1003
434 1165
434 1045
434 670
436 451
436 740
436 1042
436 1082
437 673
438 847
438 915
438 502
440 684
440 664
440 796
441 674
441 899
441 694
442 553
442 1226
442 626
442 1046
442 473
443 619
443 857
444 1223
444 818
444 597
444 797
445 550
445 834
445 1207
446 1088
446 483
446 675
446 1052
446 829
447 840
447 570
448 770
448 937
448 719
448 497
448 472
449 1183
449 849
449 500
449 1055
450 977
450 1017
451 645
451 958
452 657
452 999
452 1165
452 883
452 788
453 967
453 748
453 465
453 754
453 574
454 673
454 683
454 756
454 1044
454 730
456 864
456 1029
456 807
456 469
456 1146
456 636
457 1093
457 976
458 535
458 708
459 689
460 873
460 714
460 535
460 847
461 643
461 584
461 906
461 1005
461 817
463 872
463 585
463 1141
464 836
464 541
465 906
465 604
465 1002
466 1091
466 1001
466 788
466 981
467 501
467 1211
468 1158
468 913
468 1107
468 983
469 1068
469 1167
470 635
471 706
471 678
471 1006
471 1237
471 1047
471 1215
472 1127
472 681
472 1231
472 666
474 1072
474 709
474 1035
474 1012
474 1065
476 848
476 764
477 896
477 751
477 573
478 709
478 567
479 866
479 771
479 1067
479 1039
479 1177
480 788
480 571
482 1219
482 491
482 915
483 800
483 674
483 614
483 685
483 624
483 1201
483 661
484 516
484 655
484 1045
487 983
488 648
488 830
489 514
490 1121
490 1187
490 901
491 902
491 1224
491 1116
491 878
491 1166
491 662
492 1007
492 1039
492 941
492 527
492 597
492 827
492 917
493 1173
493 826
493 732
494 702
495 838
495 875
495 1070
495 500
495 755
495 1079
496 1099
497 778
497 733
497 741
497 725
497 541
498 1137
498 1225
498 1210
498 859
499 825
500 906
500 819
501 555
501 652
501 1013
502 1060
502 625
503 907
504 898
504 855
504 637
505 1123
505 531
505 728
505 955
506 1062
507 1090
507 515
507 577
507 583
507 643
507 713
507 733
508 959
509 930
509 1122
509 688
509 635
509 1149
509 1247
510 889
510 762
511 929
511 740
511 1247
512 608
512 632
513 706
513 1052
513 861
514 592
514 593
514 786
515 732
516 1229
516 814
516 921
516 1018
517 1097
517 653
517 701
517 788
517 650
518 715
518 978
518 755
518 916
518 545
518 1151
519 614
519 1158
520 621
521 816
522 688
522 919
522 959
523 750
523 954
524 805
524 1190
524 696
525 960
525 619
525 1084
526 1095
527 1121
527 1068
527 922
527 691
528 686
528 1145
528 989
529 646
529 968
529 1014
529 1039
529 703
530 640
530 834
530 922
531 1010
532 996
532 711
532 956
532 1213
532 1118
533 940
533 853
533 919
533 612
533 1084
534 962
534 649
534 1186
534 1020
535 995
535 787
535 664
535 957
536 1216
536 569
537 544
537 1126
537 812
537 628
537 598
538 1015
538 663
538 827
538 1054
540 649
543 831
544 1032
544 1160
544 1242
545 1233
545 925
546 988
546 605
547 677
547 647
548 1237
549 780
549 556
549 851
549 1179
549 668
550 637
551 585
551 1119
552 1090
552 740
552 1172
553 864
553 1123
553 639
554 934
555 888
557 845
557 610
557 815
557 824
558 872
559 804
559 906
559 821
559 822
560 651
560 996
560 718
560 1172
560 1175
562 771
562 658
563 722
564 712
564 1016
564 850
566 1154
566 852
567 590
567 782
567 698
568 1092
568 715
568 974
569 833
569 946
570 646
570 582
570 1159
570 937
570 870
570 684
570 686
570 626
570 629
570 855
570 666
572 1111
572 893
574 1158
575 611
575 1235
575 846
575 848
575 1219
575 763
576 896
576 878
577 802
577 1193
578 687
578 913
578 835
578 820
578 1083
578 989
579 1122
579 936
579 988
579 1075
579 732
579 1022
580 590
581 690
583 1193
583 915
583 1205
585 901
585 1065
585 729
586 1227
586 991
588 879
588 1142
589 1099
589 1042
589 731
589 1214
590 872
591 801
592 839
592 1170
593 1154
593 898
593 815
593 862
594 981
596 792
597 1028
597 1061
597 1195
597 1200
597 859
598 902
598 1097
598 781
598 957
599 842
599 1181
600 836
600 778
600 985
600 906
600 1086
601 1127
602 973
602 696
604 630
604 956
605 1180
605 1113
606 936
606 1082
607 1015
608 677
608 745
609 834
610 1152
610 1005
610 1022
612 729
613 695
613 1012
615 1073
615 790
615 983
615 856
615 1115
615 764
615 637
616 902
617 886
617 1145
618 758
618 663
619 1051
619 666
621 928
621 1041
622 949
622 796
623 967
623 850
623 662
623 1096
623 1020
623 1181
624 652
625 773
625 843
625 1198
625 667
626 998
627 903
627 844
627 632
627 1020
627 1034
627 766
627 735
628 1152
628 648
628 1011
628 1211
629 1088
630 1246
632 1061
632 909
633 837
633 807
633 916
633 729
633 1193
634 793
635 970
635 1139
636 960
636 849
637 835
637 936
637 1096
637 959
638 925
639 1159
639 1045
639 730
640 657
640 691
640 1117
641 1089
641 974
641 795
641 1053
642 1140
642 950
642 769
642 1087
642 820
642 665
642 955
642 1245
642 661
644 1069
644 693
644 1211
645 1222
645 767
646 1064
646 1224
647 779
647 750
648 1122
648 873
648 854
648 1021
649 1103
651 934
651 1238
652 1006
652 910
652 951
652 1177
652 1146
653 675
653 713
654 1155
654 754
654 1215
655 814
655 831
656 712
656 893
656 831
657 984
657 1213
658 1031
658 776
658 937
658 1129
658 1047
659 867
659 702
660 717
660 1037
660 692
660 862
661 825
662 911
663 1124
663 1072
663 1203
663 763
664 740
664 1221
664 1068
664 980
664 826
664 1118
665 733
666 1205
668 747
668 1020
669 748
669 922
670 811
670 885
670 889
672 881
672 1034
673 828
674 704
676 783
676 1144
677 679
678 897
678 1033
678 1228
678 761
678 989
679 880
679 986
680 843
680 718
682 1094
682 927
683 824
684 1096
684 1108
684 726
685 996
685 1234
685 1197
685 1085
688 1057
688 706
688 869
688 792
688 858
689 1063
689 1143
690 845
690 752
690 1137
690 838
690 953
690 816
692 1120
692 886
692 1030
692 758
692 825
693 1158
693 1119
694 964
696 1047
696 799
697 846
698 1194
698 879
698 785
698 1010
699 1218
699 1130
701 1008
702 1132
703 1070
703 913
704 736
704 707
705 847
707 985
708 924
709 737
709 747
711 763
711 974
711 1238
712 1002
712 783
712 829
713 1157
713 824
715 1218
715 1156
715 908
715 952
717 899
717 1187
717 1031
717 1243
717 1052
718 1112
721 787
722 843
722 805
723 931
723 972
723 766
724 1004
724 808
724 1173
725 1126
725 1086
726 741
727 1025
730 1131
730 1132
731 1161
735 891
735 1001
736 1089
736 852
737 1196
738 753
738 984
738 1022
739 1142
740 1045
740 799
741 1046
742 1167
742 1043
742 1243
743 1042
748 1077
748 856
750 997
751 869
754 832
755 1219
755 810
755 780
755 1085
756 992
756 1184
757 1038
758 759
759 923
760 1158
760 1077
760 804
760 795
764 1067
764 1197
765 1248
765 1244
769 941
769 1054
770 1222
770 873
770 945
770 1091
770 1044
771 871
772 970
772 916
772 885
772 842
773 1147
773 951
775 1166
775 1082
776 1038
776 1019
777 1184
777 1170
777 1210
777 1181
779 1125
780 1187
780 887
780 954
781 1190
781 1140
783 1011
783 792
785 1028
785 874
786 912
786 1016
786 980
787 898
787 1161
787 852
788 1027
788 1194
788 790
788 805
789 803
790 1180
790 947
790 1065
792 1105
794 1057
794 1221
796 1056
796 867
796 903
796 812
796 881
796 1114
797 801
797 988
797 1071
797 1010
798 964
799 1024
799 942
800 1008
801 1164
801 886
802 963
802 929
802 968
802 938
802 935
802 984
802 1249
803 907
805 1230
805 1082
807 869
807 849
807 922
809 1153
809 890
809 1199
809 1214
810 967
810 987
810 1205
811 1005
816 1222
818 1024
818 1006
818 831
820 995
820 847
820 1237
822 1084
827 898
827 873
828 891
831 1243
832 851
832 1179
836 1173
838 967
839 1066
839 878
841 1233
841 884
846 927
846 892
847 1095
849 1040
849 913
850 1128
850 1239
850 1050
851 864
851 1017
852 973
852 861
854 929
854 1047
855 900
856 954
856 1245
858 1070
860 879
861 896
861 1050
861 1146
862 1139
865 918
866 1102
868 1025
868 1092
871 1089
871 1218
873 1077
874 1056
874 962
875 885
875 1116
875 1098
876 997
876 1078
876 887
876 955
877 916
880 975
881 909
881 1168
882 1018
882 959
883 1073
883 980
883 1060
883 991
884 885
887 936
888 1052
890 1086
891 947
893 966
893 946
893 951
896 1163
896 994
898 1187
902 1155
902 1074
904 953
905 1000
905 1192
905 1021
906 1183
907 1044
907 991
908 969
908 1201
912 1193
916 963
916 1093
916 1128
917 1159
917 1074
921 1119
923 1178
923 1087
924 974
928 935
928 1109
931 1007
933 934
935 1059
936 1129
936 1007
936 1008
936 945
936 1011
936 1049
937 1142
938 953
939 994
939 982
940 1003
940 1103
948 1029
948 1096
948 1071
949 1170
950 1188
950 1204
952 1202
956 1162
956 1113
960 1216
960 1239
962 964
964 1030
968 1157
969 1160
971 1185
971 1067
976 1237
976 1144
977 1022
980 1058
980 1182
981 1075
981 1145
983 1153
985 1121
985 1114
989 1003
989 1134
990 1225
990 1175
992 1220
992 1055
994 1041
995 1232
995 1174
996 1110
997 1076
998 1160
1002 1005
1004 1037
1008 1052
1010 1046
1015 1094
1016 1025
1017 1211
1019 1123
1021 1137
1026 1062
1029 1162
1029 1147
1029 1117
1030 1058
1030 1071
1030 1233
1036 1212
1037 1112
1038 1124
1040 1235
1044 1177
1045 1216
1045 1075
1045 1245
1045 1214
1046 1178
1050 1191
1050 1103
1055 1111
1060 1246
1063 1200
1066 1131
1074 1183
1081 1102
1082 1244
1084 1217
1086 1137
1099 1244
1106 1221
1114 1203
1117 1225
1117 1227
1118 1226
1118 1164
1121 1180
1127 1181
1129 1153
1137 1247
1140 1188
1155 1176
1160 1248
1170 1215
1177 1209
1194 1221
1194 1230
1201 1219
1229 1231
