0 257
0 5
0 6
0 135
0 138
0 651
0 141
0 14
0 15
0 16
0 1091
0 20
0 22
0 919
0 408
0 538
0 796
0 33
0 727
0 774
0 934
0 39
0 168
0 1065
0 554
0 300
0 302
0 431
0 48
0 1225
0 577
0 969
0 56
0 569
0 58
0 829
0 319
0 65
0 1035
0 694
0 201
0 75
0 332
0 334
0 207
0 592
0 1097
0 723
0 596
0 214
0 87
0 1209
0 954
0 862
0 607
0 101
0 104
0 878
0 239
0 369
0 1010
0 372
0 1016
0 831
0 252
0 639
1 1026
1 1027
1 5
1 6
1 7
1 8
1 521
1 10
1 13
1 15
1 20
1 21
1 22
1 25
1 29
1 32
1 34
1 35
1 36
1 37
1 39
1 553
1 519
1 45
1 49
1 1074
1 1075
1 52
1 568
1 1082
1 65
1 70
1 585
1 76
1 589
1 79
1 81
1 85
1 89
1 94
1 98
1 100
1 106
1 110
1 114
1 115
1 120
1 1146
1 130
1 1155
1 1158
1 136
1 138
1 1166
1 145
1 146
1 153
1 162
1 166
1 183
1 184
1 187
1 190
1 193
1 200
1 713
1 1060
1 1030
1 1246
1 236
1 757
1 251
1 282
1 801
1 807
1 813
1 1160
1 821
1 836
1 329
1 858
1 869
1 361
1 889
1 902
1 913
1 402
1 406
1 412
1 938
1 612
1 982
1 986
2 896
2 448
2 130
2 981
2 5
2 6
2 7
2 8
2 9
2 10
2 12
2 13
2 17
2 18
2 403
2 20
2 277
2 281
2 179
2 27
2 28
2 30
2 671
2 33
2 781
2 37
2 38
2 39
2 680
2 553
2 1152
2 173
2 1062
2 1008
2 560
2 392
2 51
2 52
2 182
2 311
2 1055
2 62
2 447
2 64
2 880
2 66
2 505
2 69
2 932
2 909
2 951
2 335
2 464
2 1108
2 213
2 86
2 471
2 89
2 90
2 347
2 94
2 361
2 608
2 737
2 997
2 785
2 233
2 877
2 622
2 367
2 112
2 787
2 756
2 446
2 119
2 1016
2 276
2 252
2 341
3 699
3 100
3 5
3 9
3 726
3 634
3 219
3 316
4 320
4 1001
4 5
4 6
4 7
4 1057
4 137
4 10
4 267
4 526
4 472
4 275
4 529
4 21
4 790
4 985
4 1004
4 283
4 796
4 1025
4 159
4 133
4 161
4 965
4 1041
4 165
4 325
4 40
4 41
4 554
4 171
4 44
4 814
4 47
4 645
4 773
4 1077
4 54
4 300
4 184
4 820
4 698
4 415
4 393
4 64
4 449
4 1090
4 68
4 69
4 326
4 545
4 200
4 649
4 842
4 680
4 1183
4 333
4 78
4 531
4 81
4 83
4 846
4 710
4 88
4 857
4 897
4 182
4 806
4 865
4 100
4 741
4 359
4 361
4 871
4 748
4 366
4 856
4 113
4 499
4 1059
4 788
4 745
4 505
4 1194
4 510
5 6
5 7
5 8
5 11
5 12
5 17
5 18
5 19
5 23
5 24
5 25
5 26
5 29
5 31
5 546
5 1059
5 548
5 518
5 1066
5 43
5 44
5 50
5 1078
5 1080
5 570
5 61
5 1086
5 63
5 1025
5 1101
5 80
5 598
5 93
5 612
5 107
5 114
5 1148
5 128
5 641
5 140
5 141
5 1169
5 1171
5 671
5 160
5 167
5 172
5 1208
5 1221
5 198
5 224
5 228
5 747
5 239
5 262
5 267
5 273
5 789
5 792
5 794
5 295
5 811
5 305
5 314
5 348
5 362
5 366
5 373
5 382
5 896
5 903
5 395
5 406
5 920
5 425
5 435
5 966
5 459
5 475
5 508
5 679
5 1020
6 515
6 518
6 7
6 8
6 9
6 11
6 12
6 13
6 14
6 528
6 18
6 22
6 24
6 540
6 29
6 30
6 1029
6 34
6 1201
6 40
6 41
6 42
6 43
6 1074
6 564
6 54
6 55
6 1080
6 57
6 59
6 60
6 1085
6 574
6 523
6 70
6 71
6 73
6 75
6 1101
6 79
6 596
6 85
6 1110
6 87
6 89
6 91
6 97
6 1026
6 102
6 105
6 1132
6 530
6 622
6 1137
6 114
6 627
6 117
6 119
6 636
6 130
6 1155
6 132
6 1162
6 656
6 149
6 151
6 154
6 161
6 677
6 169
6 177
6 690
6 179
6 182
6 188
6 189
6 705
6 709
6 199
6 1228
6 205
6 206
6 207
6 720
6 722
6 725
6 215
6 719
6 734
6 229
6 748
6 241
6 248
6 249
6 764
6 765
6 259
6 727
6 274
6 275
6 280
6 798
6 290
6 292
6 293
6 304
6 305
6 1246
6 310
6 311
6 326
6 334
6 853
6 858
6 859
6 861
6 351
6 865
6 868
6 358
6 362
6 876
6 366
6 370
6 609
6 376
6 891
6 894
6 895
6 904
6 395
6 579
6 405
6 411
6 412
6 413
6 417
6 424
6 938
6 1037
6 439
6 444
6 959
6 451
6 1038
6 971
6 473
6 475
6 990
6 996
6 494
6 1019
7 8
7 9
7 10
7 11
7 12
7 525
7 15
7 16
7 22
7 537
7 539
7 28
7 31
7 32
7 34
7 547
7 548
7 40
7 42
7 45
7 47
7 562
7 54
7 62
7 64
7 76
7 589
7 87
7 1111
7 96
7 98
7 1134
7 113
7 115
7 119
7 632
7 636
7 129
7 642
7 133
7 1168
7 147
7 25
7 664
7 1184
7 676
7 678
7 1192
7 1052
7 170
7 173
7 1204
7 699
7 190
7 1215
7 196
7 714
7 211
7 1236
7 1237
7 726
7 1239
7 220
7 226
7 228
7 741
7 748
7 750
7 552
7 755
7 246
7 214
7 778
7 267
7 786
7 290
7 805
7 296
7 810
7 319
7 328
7 336
7 342
7 347
7 863
7 904
7 906
7 395
7 915
7 404
7 406
7 919
7 413
7 936
7 426
7 953
7 442
7 958
7 971
7 974
7 983
7 990
7 1026
7 494
7 1010
7 1011
7 502
7 1193
7 505
7 506
7 509
8 1027
8 520
8 9
8 11
8 14
8 16
8 19
8 21
8 22
8 23
8 25
8 27
8 28
8 29
8 32
8 33
8 36
8 1030
8 38
8 551
8 44
8 1072
8 58
8 60
8 63
8 66
8 581
8 72
8 78
8 79
8 80
8 84
8 597
8 88
8 601
8 90
8 94
8 608
8 528
8 99
8 102
8 103
8 1129
8 1144
8 122
8 124
8 128
8 1156
8 651
8 652
8 141
8 146
8 659
8 1174
8 154
8 673
8 168
8 682
8 176
8 689
8 1203
8 181
8 186
8 1217
8 195
8 199
8 200
8 1200
8 211
8 1238
8 727
8 729
8 1246
8 736
8 226
8 739
8 740
8 742
8 1148
8 749
8 750
8 263
8 779
8 277
8 793
8 286
8 288
8 988
8 303
8 825
8 738
8 854
8 347
8 355
8 869
8 368
8 887
8 898
8 901
8 397
8 1005
8 408
8 415
8 940
8 941
8 432
8 946
8 951
8 449
8 462
8 465
8 978
8 1103
8 476
8 998
8 488
8 1003
8 493
8 494
8 1012
8 545
9 10
9 524
9 514
9 15
9 530
9 20
9 29
9 1056
9 1057
9 43
9 556
9 520
9 53
9 57
9 1087
9 76
9 77
9 90
9 91
9 93
9 1120
9 614
9 103
9 104
9 617
9 623
9 532
9 1147
9 636
9 128
9 641
9 648
9 651
9 1164
9 655
9 152
9 111
9 171
9 692
9 181
9 1221
9 712
9 460
9 1230
9 213
9 731
9 805
9 736
9 740
9 233
9 237
9 250
9 251
9 253
9 255
9 257
9 792
9 281
9 282
9 795
9 293
9 813
9 305
9 331
9 333
9 352
9 358
9 873
9 364
9 367
9 368
9 378
9 380
9 898
9 420
9 440
9 447
9 972
9 462
9 467
9 469
9 984
9 1002
9 504
9 507
10 128
10 491
10 439
10 138
10 11
10 13
10 256
10 1197
10 144
10 401
10 18
10 643
10 448
10 21
10 23
10 1176
10 324
10 26
10 27
10 538
10 1182
10 31
10 672
10 1185
10 162
10 35
10 164
10 1189
10 666
10 807
10 171
10 556
10 769
10 49
10 51
10 935
10 311
10 706
10 314
10 315
10 671
10 62
10 320
10 65
10 66
10 68
10 978
10 609
10 535
10 74
10 203
10 76
10 1090
10 208
10 504
10 82
10 340
10 825
10 344
10 346
10 947
10 826
10 222
10 225
10 98
10 100
10 1127
10 106
10 363
10 728
10 621
10 1011
10 1140
10 1214
10 758
10 1067
10 435
10 322
10 255
11 363
11 900
11 12
11 13
11 14
11 15
11 16
11 918
11 1241
11 559
11 286
11 160
11 653
11 932
11 166
11 43
11 684
11 302
11 47
11 689
11 54
11 1046
11 571
11 700
11 193
11 68
11 203
11 77
11 78
11 525
11 80
11 1106
11 974
11 217
11 527
11 479
11 1040
11 928
11 999
11 105
11 235
11 1084
11 114
11 632
11 123
12 896
12 131
12 132
12 264
12 364
12 906
12 452
12 269
12 14
12 16
12 17
12 19
12 662
12 25
12 1160
12 157
12 30
12 581
12 544
12 163
12 804
12 165
12 38
12 42
12 647
12 142
12 605
12 432
12 392
12 306
12 179
12 52
12 542
12 969
12 568
12 180
12 570
12 318
12 448
12 1099
12 68
12 69
12 328
12 332
12 759
12 204
12 590
12 467
12 340
12 85
12 474
12 93
12 1246
12 1061
12 96
12 97
12 145
12 360
12 1036
12 236
12 750
12 751
12 1139
12 702
12 503
12 124
12 381
13 772
13 133
13 140
13 653
13 17
13 323
13 20
13 430
13 537
13 26
13 28
13 794
13 673
13 162
13 164
13 41
13 436
13 46
13 1139
13 308
13 53
13 313
13 571
13 956
13 189
13 181
13 1089
13 267
13 582
13 200
13 202
13 693
13 821
13 342
13 88
13 477
13 95
13 634
13 614
13 1128
13 620
13 110
13 241
13 787
13 378
13 124
13 511
14 257
14 939
14 513
14 521
14 269
14 399
14 912
14 273
14 402
14 277
14 1046
14 1048
14 26
14 687
14 540
14 930
14 35
14 933
14 39
14 554
14 647
14 428
14 557
14 174
14 175
14 946
14 1131
14 1211
14 1226
14 1091
14 452
14 711
14 73
14 842
14 459
14 1165
14 599
14 92
14 995
14 870
14 1127
14 489
14 167
14 1133
14 240
14 626
14 115
14 1163
14 376
14 122
14 123
15 642
15 262
15 1168
15 783
15 144
15 17
15 921
15 410
15 34
15 1024
15 1009
15 296
15 813
15 385
15 584
15 563
15 649
15 1220
15 200
15 329
15 971
15 977
15 995
15 215
15 88
15 609
15 98
15 99
15 110
15 253
15 752
15 905
15 502
15 759
15 122
15 1240
15 381
16 387
16 390
16 18
16 478
16 665
16 26
16 27
16 32
16 795
16 37
16 40
16 809
16 391
16 941
16 94
16 95
16 61
16 318
16 1077
16 193
16 1042
16 67
16 583
16 72
16 209
16 83
16 470
16 732
16 350
16 165
16 1121
16 354
16 611
16 356
16 365
16 1138
16 890
17 385
17 641
17 137
17 130
17 19
17 150
17 27
17 36
17 295
17 298
17 48
17 1080
17 952
17 58
17 708
17 326
17 73
17 1230
17 593
17 215
17 473
17 218
17 655
17 482
17 997
17 486
17 105
17 107
17 236
17 368
17 762
18 1074
18 644
18 521
18 143
18 914
18 19
18 148
18 21
18 24
18 156
18 30
18 545
18 803
18 165
18 170
18 562
18 942
18 560
18 178
18 51
18 53
18 55
18 697
18 58
18 59
18 830
18 964
18 456
18 202
18 695
18 462
18 338
18 604
18 627
18 106
18 624
18 625
18 498
18 275
18 375
18 120
18 121
18 123
18 1194
18 254
19 1154
19 387
19 987
19 1033
19 151
19 451
19 788
19 23
19 24
19 155
19 160
19 33
19 879
19 164
19 582
19 555
19 305
19 1064
19 426
19 43
19 428
19 45
19 264
19 417
19 55
19 56
19 571
19 444
19 672
19 195
19 453
19 70
19 327
19 968
19 823
19 77
19 846
19 207
19 976
19 84
19 469
19 1111
19 600
19 804
19 152
19 91
19 1060
19 478
19 351
19 224
19 353
19 613
19 231
19 1129
19 746
19 274
19 750
19 623
19 241
19 481
19 934
19 511
19 508
19 126
19 127
20 133
20 513
20 266
20 550
20 524
20 320
20 662
20 23
20 666
20 155
20 28
20 159
20 801
20 419
20 38
20 686
20 946
20 567
20 63
20 64
20 706
20 836
20 838
20 866
20 591
20 1232
20 82
20 477
20 354
20 101
20 1128
20 617
20 1015
20 636
21 134
21 907
21 911
21 856
21 148
21 284
21 159
21 1058
21 36
21 933
21 166
21 39
21 1169
21 41
21 811
21 556
21 1197
21 433
21 183
21 186
21 187
21 61
21 958
21 451
21 459
21 77
21 845
21 1083
21 344
21 985
21 349
21 315
21 228
21 359
21 752
21 937
21 505
21 379
21 1150
22 1156
22 150
22 24
22 799
22 35
22 292
22 421
22 422
22 1064
22 47
22 50
22 52
22 181
22 310
22 1211
22 60
22 189
22 319
22 1090
22 1098
22 331
22 80
22 209
22 1234
22 212
22 86
22 223
22 720
22 678
22 231
22 120
23 256
23 512
23 235
23 132
23 675
23 1239
23 268
23 143
23 784
23 786
23 277
23 580
23 671
23 32
23 417
23 35
23 37
23 38
23 41
23 42
23 1195
23 690
23 46
23 48
23 1148
23 306
23 563
23 436
23 565
23 312
23 313
23 59
23 828
23 1226
23 958
23 575
23 706
23 196
23 524
23 1119
23 331
23 205
23 206
23 333
23 209
23 466
23 83
23 471
23 356
23 95
23 482
23 315
23 100
23 223
23 259
23 361
23 107
23 109
23 366
23 515
23 371
23 245
23 886
23 617
23 248
23 508
24 783
24 922
24 30
24 31
24 291
24 941
24 687
24 304
24 439
24 323
24 198
24 353
24 211
24 724
24 725
24 473
24 225
24 242
24 246
24 637
25 132
25 398
25 1028
25 156
25 413
25 33
25 36
25 172
25 1198
25 175
25 48
25 49
25 51
25 444
25 1087
25 321
25 1094
25 329
25 1100
25 214
25 984
25 93
25 863
25 360
25 108
25 749
25 241
25 1010
25 121
25 123
26 288
26 320
26 419
26 627
26 941
26 203
26 492
26 701
26 416
26 480
26 997
26 125
26 254
26 973
27 944
27 326
27 230
27 551
27 75
27 463
27 594
27 467
27 1204
27 374
27 1015
27 392
27 1209
27 488
27 507
27 380
28 1108
28 683
28 1029
28 902
28 521
28 139
28 1038
28 663
28 1177
28 665
28 282
28 284
28 37
28 297
28 42
28 427
28 173
28 46
28 309
28 183
28 244
28 954
28 955
28 373
28 441
28 195
28 75
28 204
28 1229
28 781
28 821
28 84
28 382
28 203
28 87
28 1242
28 864
28 483
28 101
28 360
28 490
28 107
28 111
28 116
28 245
28 1014
28 501
28 404
28 831
28 1148
28 618
28 126
29 515
29 644
29 263
29 394
29 532
29 1048
29 623
29 837
29 1057
29 676
29 1193
29 171
29 44
29 45
29 304
29 825
29 1210
29 188
29 1213
29 448
29 608
29 66
29 453
29 1153
29 1136
29 460
29 334
29 1103
29 336
29 469
29 96
29 464
29 486
29 106
29 492
29 365
29 239
29 496
29 753
29 116
29 245
29 374
29 764
30 514
30 917
30 154
30 924
30 31
30 801
30 828
30 40
30 49
30 695
30 57
30 316
30 189
30 62
30 63
30 64
30 770
30 1106
30 218
30 478
30 352
30 227
30 1126
30 105
30 1149
30 496
30 242
30 503
30 637
30 126
31 1047
31 782
31 663
31 666
31 541
31 34
31 812
31 669
31 50
31 310
31 185
31 59
31 833
31 324
31 72
31 1229
31 336
31 83
31 345
31 603
31 876
31 240
31 758
31 125
31 255
32 780
32 657
32 402
32 791
32 408
32 419
32 903
32 174
32 695
32 59
32 318
32 202
32 459
32 594
32 743
32 619
32 891
32 126
33 784
33 905
33 778
33 144
33 1141
33 57
33 315
33 1011
34 259
34 1165
34 656
34 1169
34 771
34 148
34 661
34 432
34 1186
34 49
34 936
34 44
34 1071
34 48
34 177
34 55
34 1140
34 192
34 889
34 1245
34 734
34 351
34 97
34 102
34 239
34 500
34 121
34 252
35 769
35 136
35 1036
35 141
35 533
35 665
35 286
35 1184
35 418
35 1094
35 806
35 297
35 558
35 50
35 179
35 542
35 190
35 964
35 70
35 73
35 460
35 336
35 81
35 338
35 979
35 84
35 92
35 99
35 1125
35 102
35 1182
35 363
35 1009
35 500
35 830
35 119
36 97
36 743
36 882
36 949
37 687
37 858
37 957
37 95
38 512
38 1138
38 151
38 271
38 272
38 273
38 146
38 278
38 408
38 795
38 1008
38 546
38 1065
38 45
38 432
38 561
38 178
38 1080
38 316
38 573
38 1021
38 331
38 75
38 204
38 717
38 211
38 213
38 345
38 90
38 92
38 992
38 610
38 50
38 228
38 529
38 103
38 1130
38 491
38 108
38 237
38 253
38 880
38 370
38 376
38 251
38 125
39 1030
39 264
39 137
39 1069
39 1171
39 541
39 545
39 294
39 1066
39 556
39 557
39 46
39 178
39 307
39 951
39 61
39 191
39 834
39 67
39 71
39 587
39 214
39 602
39 355
39 101
39 109
39 122
39 558
39 124
39 383
40 768
40 1132
40 906
40 279
40 1053
40 290
40 1068
40 175
40 692
40 53
40 55
40 56
40 57
40 1213
40 198
40 199
40 1227
40 674
40 974
40 80
40 341
40 217
40 346
40 606
40 739
40 231
40 360
40 492
40 499
40 884
40 1014
40 762
40 1022
41 1032
41 291
41 935
41 301
41 61
41 586
41 972
41 468
41 853
41 91
41 101
41 615
41 1136
41 116
41 117
41 887
41 760
41 125
42 130
42 643
42 901
42 522
42 1165
42 365
42 670
42 46
42 437
42 184
42 441
42 463
42 212
42 121
42 856
42 109
42 244
42 1143
42 377
42 892
42 765
42 255
43 640
43 514
43 131
43 260
43 1038
43 914
43 790
43 158
43 415
43 133
43 673
43 421
43 687
43 306
43 564
43 53
43 1208
43 316
43 1042
43 195
43 591
43 848
43 1233
43 594
43 805
43 352
43 870
43 742
43 231
43 234
43 493
43 113
43 251
44 256
44 1024
44 665
44 153
44 154
44 156
44 927
44 163
44 553
44 47
44 264
44 310
44 74
44 581
44 1095
44 458
44 1099
44 589
44 1108
44 597
44 1123
44 1128
44 1131
44 364
44 634
44 891
44 126
45 905
45 1045
45 792
45 540
45 414
45 162
45 551
45 1203
45 1081
45 444
45 573
45 830
45 460
45 981
45 93
45 1138
45 756
45 117
45 377
45 789
46 384
46 1168
46 274
46 793
46 965
46 1070
46 52
46 820
46 1090
46 67
46 69
46 454
46 71
46 849
46 1111
46 89
46 869
46 746
46 876
46 113
46 885
47 1032
47 785
47 148
47 415
47 544
47 987
47 429
47 686
47 308
47 1205
47 70
47 1095
47 73
47 718
47 79
47 468
47 463
47 92
47 350
47 95
47 481
47 868
47 999
47 489
47 493
47 116
47 245
47 1015
47 84
47 507
47 382
48 388
48 1043
48 660
48 410
48 158
48 292
48 549
48 295
48 1069
48 815
48 828
48 63
48 196
48 198
48 74
48 203
48 465
48 727
48 230
48 234
48 889
49 258
49 261
49 129
49 1032
49 139
49 1164
49 271
49 1172
49 1045
49 151
49 964
49 947
49 168
49 937
49 407
49 263
49 173
49 51
49 414
49 56
49 827
49 62
49 65
49 194
49 67
49 68
49 72
49 1119
49 716
49 418
49 78
49 338
49 1054
49 206
49 86
49 730
49 1115
49 94
49 223
49 111
49 753
49 115
49 674
49 574
49 118
49 633
49 725
50 519
50 906
50 142
50 157
50 288
50 423
50 1192
50 681
50 135
50 1076
50 700
50 1162
50 67
50 71
50 72
50 201
50 1098
50 76
50 77
50 859
50 99
50 229
50 1212
50 110
50 1019
51 1137
51 678
51 145
51 717
51 82
51 526
51 109
51 787
51 309
51 654
52 747
52 390
52 543
52 1063
52 936
52 311
52 573
52 197
52 342
52 220
52 1003
52 237
52 1137
52 243
52 372
52 250
52 509
53 854
53 139
53 270
53 918
53 532
53 150
53 1177
53 982
53 922
53 1052
53 158
53 799
53 1186
53 165
53 1066
53 243
53 54
53 56
53 709
53 715
53 86
53 1116
53 1005
53 627
53 117
53 660
53 916
54 1026
54 131
54 168
54 927
54 140
54 496
54 699
54 731
55 263
55 151
55 280
55 926
55 934
55 553
55 427
55 176
55 179
55 180
55 440
55 948
55 60
55 1204
55 587
55 162
55 212
55 1240
55 104
55 368
56 513
56 641
56 392
56 269
56 1173
56 1177
56 1051
56 158
56 454
56 422
56 769
56 180
56 58
56 60
56 565
56 198
56 721
56 468
56 470
56 966
56 734
56 1120
56 865
56 612
56 359
56 106
56 498
56 630
56 119
56 703
56 252
57 1170
57 1221
57 1105
57 1249
57 626
57 208
57 81
57 434
57 85
57 566
57 169
57 345
57 265
57 501
58 1158
58 137
58 1168
58 401
58 794
58 923
58 286
58 686
58 561
58 1033
58 185
58 65
58 208
58 991
58 98
58 1124
58 997
58 870
58 233
58 753
58 1144
58 136
59 610
59 291
59 453
59 266
59 107
59 1122
59 1048
59 345
59 1050
59 650
59 318
60 224
60 612
60 422
60 361
60 1175
60 236
60 920
60 296
60 658
60 1080
60 1114
60 443
61 519
61 136
61 1163
61 140
61 278
61 407
61 667
61 389
61 547
61 302
61 944
61 440
61 189
61 830
61 707
61 79
61 952
61 475
61 739
61 112
61 506
61 766
62 384
62 268
62 274
62 787
62 153
62 425
62 691
62 309
62 960
62 964
62 71
62 977
62 722
62 490
62 748
62 371
62 1151
63 99
63 615
63 379
63 523
63 175
63 862
63 489
63 186
63 239
63 156
64 357
64 169
64 924
64 461
64 334
64 975
64 979
64 217
64 796
65 1046
65 266
65 1042
65 150
65 152
65 301
65 559
65 176
65 177
65 308
65 828
65 192
65 193
65 66
65 457
65 204
65 1236
65 92
65 226
65 997
65 248
65 761
66 672
66 451
66 1092
66 1125
66 843
66 1089
66 439
66 178
66 174
66 221
66 912
66 82
66 403
66 375
67 134
67 1036
67 558
67 278
67 708
67 538
67 1194
67 445
67 702
67 195
67 324
67 69
67 456
67 74
67 354
67 333
67 83
67 212
67 857
67 1242
67 226
67 108
67 496
67 595
67 245
67 382
68 194
68 294
68 401
68 1117
68 553
68 1106
68 334
68 957
68 306
68 435
68 814
68 184
68 1180
68 701
68 1223
68 536
69 134
69 534
69 409
69 161
69 290
69 422
69 551
69 298
69 964
69 1095
69 74
69 208
69 215
69 216
69 103
69 231
69 1016
70 418
70 502
70 129
70 297
70 234
70 1021
70 109
70 321
70 430
70 118
70 1097
70 89
70 346
70 991
70 570
70 127
71 481
71 194
71 933
71 258
71 980
71 926
71 822
71 186
71 1245
72 576
72 129
72 992
72 1056
72 460
72 270
72 216
72 829
73 358
73 199
73 843
73 78
73 784
73 433
73 250
73 285
73 373
74 769
74 642
74 268
74 528
74 785
74 535
74 667
74 157
74 674
74 169
74 818
74 947
74 1034
74 961
74 1229
74 86
74 1239
74 473
74 994
74 617
74 1134
74 1162
74 885
74 379
75 449
75 708
75 103
75 860
75 1120
75 82
75 403
75 312
75 1245
75 735
76 962
76 400
76 113
76 936
76 177
76 265
76 440
76 185
76 570
76 319
76 450
76 451
76 709
76 712
76 210
76 596
76 606
76 354
76 369
76 370
76 1018
77 797
77 544
77 1188
77 170
77 812
77 945
77 692
77 955
77 575
77 335
77 981
77 719
77 221
77 108
77 375
77 888
77 124
77 85
78 192
78 1034
78 493
78 846
78 976
78 468
78 1102
78 470
78 644
79 643
79 1159
79 1035
79 654
79 143
79 914
79 149
79 279
79 156
79 287
79 816
79 688
79 648
79 1087
79 839
79 464
79 81
79 597
79 96
79 867
79 358
79 977
79 104
79 745
79 1134
79 625
79 628
79 1141
79 247
79 122
80 899
80 457
80 202
80 943
80 247
80 760
80 730
80 446
81 578
81 806
81 225
81 232
81 139
81 744
81 433
81 323
81 892
81 670
81 127
82 391
82 337
82 788
82 572
83 1153
83 140
83 909
83 145
83 915
83 148
83 661
83 918
83 153
83 285
83 289
83 930
83 549
83 551
83 174
83 818
83 755
83 566
83 568
83 1211
83 577
83 694
83 908
83 1098
83 332
83 207
83 211
83 725
83 91
83 1107
83 612
83 615
83 235
83 1133
83 110
83 111
83 112
83 241
83 115
83 629
83 118
83 762
83 635
83 1150
84 256
84 513
84 1206
84 710
84 1239
84 173
84 854
84 87
84 88
84 185
84 538
84 175
84 701
84 447
85 768
85 260
85 646
85 1159
85 138
85 396
85 142
85 144
85 402
85 659
85 921
85 90
85 414
85 929
85 815
85 563
85 1205
85 838
85 972
85 474
85 490
85 1142
85 250
86 848
86 641
86 965
86 593
86 712
86 714
86 235
86 300
86 335
86 592
86 1034
86 1018
86 1023
86 170
86 383
87 97
87 548
87 197
87 488
87 105
87 937
87 616
87 207
87 840
87 552
87 118
87 631
87 152
87 670
88 1153
88 260
88 1031
88 138
88 907
88 531
88 276
88 150
88 537
88 544
88 697
88 1085
88 456
88 1122
88 1209
88 730
88 347
88 1118
88 96
88 738
88 104
88 238
88 240
88 246
88 404
88 254
88 127
89 131
89 775
89 798
89 1057
89 170
89 567
89 1217
89 322
89 196
89 205
89 975
89 208
89 220
89 1118
89 226
89 1004
89 114
89 1142
89 120
89 380
90 523
90 194
90 590
90 1231
90 168
90 438
90 222
91 163
91 1222
91 232
91 183
91 584
92 224
92 325
92 136
92 201
92 685
92 116
92 852
92 123
93 544
93 577
93 1030
93 454
93 877
93 204
93 149
93 698
93 831
93 188
93 926
93 533
94 992
94 161
94 583
94 271
94 948
94 153
94 721
94 603
95 642
95 388
95 393
95 522
95 273
95 147
95 149
95 278
95 927
95 416
95 427
95 1069
95 819
95 650
95 194
95 586
95 397
95 214
95 784
95 357
95 657
95 872
95 1127
95 493
95 624
95 243
96 931
96 957
96 818
96 718
96 146
96 180
96 1081
96 822
96 1049
96 313
96 219
96 559
97 960
97 129
97 102
97 167
97 329
97 298
97 343
97 285
97 531
97 755
97 509
97 1207
97 125
97 1098
98 450
98 1046
98 822
98 974
98 1171
98 694
98 761
98 511
98 414
98 127
99 864
99 782
99 1174
99 905
99 554
99 142
99 112
99 360
99 499
99 654
99 1142
99 184
99 474
99 604
99 893
100 1075
100 746
100 183
100 1042
100 526
100 304
100 362
100 339
100 603
100 330
100 317
100 394
100 159
101 1232
101 1222
101 471
101 458
101 455
101 685
101 845
101 1040
101 146
101 1110
101 313
101 244
101 1082
101 1066
101 351
102 387
102 261
102 940
102 273
102 536
102 389
102 262
102 810
102 300
102 687
102 569
102 1225
102 209
102 774
102 216
102 610
102 108
102 112
102 1017
103 1235
103 1154
103 227
103 676
103 135
103 557
103 335
103 808
103 259
103 949
103 279
103 312
103 1199
103 1207
103 589
104 481
104 166
104 134
104 1064
104 856
105 896
105 275
105 1055
105 928
105 1078
105 315
105 322
105 1220
105 1231
105 338
105 1241
105 111
105 497
105 756
105 629
105 1018
105 763
105 253
105 510
106 128
106 514
106 272
106 274
106 403
106 406
106 473
106 157
106 163
106 804
106 302
106 961
106 721
106 729
106 355
106 357
106 238
106 625
106 255
107 769
107 135
107 215
107 1164
107 155
107 541
107 261
107 293
107 696
107 457
107 971
107 791
107 599
107 485
107 357
107 487
107 490
107 1005
107 497
107 1138
107 117
107 249
108 1223
108 303
108 817
108 509
108 845
109 131
109 1157
109 776
109 522
109 663
109 299
109 927
109 416
109 548
109 199
109 557
109 946
109 1078
109 186
109 580
109 327
109 979
109 726
109 1115
109 861
109 222
109 247
110 1161
110 919
110 1178
110 155
110 299
110 436
110 569
110 711
110 977
110 597
110 121
110 348
110 225
110 875
110 238
110 495
110 240
110 249
111 482
111 1123
111 197
111 391
111 883
111 467
111 118
111 169
111 762
111 443
111 313
111 645
112 192
112 897
112 227
112 294
112 167
112 907
112 477
112 443
112 472
112 283
112 1093
113 811
113 134
113 328
113 172
113 525
113 1227
113 528
113 856
113 694
113 745
113 332
113 219
113 157
113 959
114 650
114 272
114 529
114 1049
114 541
114 800
114 681
114 309
114 312
114 320
114 206
114 1235
114 213
114 400
114 613
114 1129
114 235
114 1006
115 515
115 946
115 675
115 952
115 187
116 994
116 251
116 196
116 1186
116 327
116 682
116 396
116 141
116 1200
116 209
116 280
116 155
116 1037
117 1003
117 1196
117 494
117 749
117 857
117 476
117 501
118 611
118 640
118 515
118 356
118 518
118 177
118 1111
118 461
118 760
118 1242
119 270
119 399
119 668
119 160
119 1188
119 681
119 135
119 429
119 689
119 288
119 582
119 210
119 419
119 222
119 229
119 743
119 775
119 120
120 384
120 283
120 349
121 962
121 801
121 246
121 423
121 236
121 269
121 589
121 498
121 1076
121 182
121 439
121 568
121 1137
121 188
121 586
121 1214
122 576
122 1249
122 388
122 959
122 500
122 696
122 191
123 496
123 426
123 621
123 144
123 629
123 346
123 688
124 737
124 166
124 1106
124 344
125 289
125 264
125 814
125 756
125 425
125 697
125 668
125 733
126 386
126 1028
126 394
126 514
126 143
126 1040
126 1179
126 289
126 172
126 816
126 307
126 1182
126 567
126 187
126 192
126 834
126 1232
126 339
126 340
126 216
126 475
126 1004
126 757
127 480
127 712
127 681
127 1071
127 178
127 859
127 317
127 280
128 193
128 132
128 390
128 801
128 749
128 558
128 574
128 374
128 185
128 314
128 223
128 1180
128 234
128 197
129 386
129 261
129 795
129 927
129 420
129 293
129 935
129 174
129 569
129 1088
129 202
129 715
129 472
129 478
129 736
129 871
129 1000
129 621
129 751
129 882
129 1017
130 480
130 491
130 684
130 398
130 626
130 467
130 1176
130 669
131 963
131 164
131 137
131 143
131 466
131 1172
131 1039
131 882
131 254
132 707
132 619
132 978
132 530
132 1145
132 540
133 288
133 171
133 552
133 651
133 401
133 149
133 790
133 788
133 317
134 418
134 580
134 825
134 748
134 301
134 1149
134 983
134 281
134 920
134 217
134 826
134 1050
135 710
135 390
135 1157
136 653
136 708
136 666
136 649
136 139
136 395
136 1070
136 335
136 336
136 145
136 976
136 470
136 932
137 517
137 745
137 647
137 461
137 142
137 210
137 147
137 630
137 595
138 359
138 745
138 172
138 369
138 182
138 381
138 1237
139 832
139 848
139 898
139 676
139 844
139 531
139 497
139 438
139 599
139 154
139 894
140 260
140 393
140 779
140 147
140 292
140 1116
140 303
140 441
140 319
140 323
140 714
140 781
140 980
140 220
140 222
140 742
140 1043
140 631
140 376
140 1147
141 1228
141 603
141 645
142 1216
142 163
142 375
142 1068
142 297
143 673
143 585
143 343
143 907
143 690
143 206
143 248
143 152
143 722
143 634
143 1193
144 928
144 547
144 295
144 568
144 1123
144 536
145 1222
145 578
145 547
145 646
145 685
145 531
145 337
145 948
145 213
145 835
145 1236
145 218
145 802
145 858
145 735
146 516
146 527
146 147
146 723
146 824
147 321
147 1020
147 1244
147 1160
147 939
147 594
147 848
147 1076
147 638
147 374
147 1109
147 442
147 191
147 188
147 573
147 382
148 1230
148 882
148 654
148 176
148 438
148 794
148 595
149 797
149 1223
149 742
149 176
149 721
149 276
149 726
149 916
149 495
149 540
150 512
150 773
150 410
150 218
150 671
150 1065
150 1050
150 317
150 967
150 968
150 330
150 717
150 852
150 858
150 865
150 482
150 619
150 1137
150 1138
150 1011
150 1013
150 633
151 386
151 578
151 431
151 504
152 160
152 322
152 879
152 878
152 766
152 243
152 754
152 841
152 384
152 606
152 601
152 233
152 931
152 350
153 372
153 344
154 517
154 705
154 279
154 409
154 410
154 411
154 287
154 164
154 1201
154 814
154 817
154 437
154 317
154 447
154 321
154 407
154 1224
154 587
154 717
154 718
154 889
154 592
154 633
154 606
154 352
154 483
154 998
154 743
154 1127
154 366
154 626
154 247
154 249
155 224
155 833
155 715
155 677
155 230
155 362
155 1039
155 570
155 1083
156 1235
156 1095
156 1229
156 1139
156 990
156 888
156 219
156 158
157 482
157 923
157 838
157 584
157 237
157 461
157 539
157 159
158 831
158 879
158 294
158 167
158 284
158 234
158 429
158 271
158 248
158 402
158 583
158 758
158 489
158 767
158 381
158 181
159 448
159 635
159 588
159 426
159 396
159 365
159 916
159 219
160 1016
160 161
160 291
160 356
160 839
160 521
160 893
160 907
160 238
160 483
160 433
160 210
160 501
160 285
160 261
161 780
161 406
161 1093
161 1185
161 546
161 420
161 302
161 1081
161 191
161 465
161 340
161 470
161 605
161 352
161 484
161 873
161 1017
161 639
162 416
162 730
162 685
162 321
162 680
162 201
162 503
162 300
162 242
162 205
162 594
162 602
162 330
162 1098
163 455
163 397
163 669
164 673
165 384
165 272
165 742
165 232
165 370
165 718
165 1064
165 1043
165 1049
165 598
165 1015
165 345
165 190
165 223
166 708
166 485
166 294
166 238
166 424
166 1170
166 339
166 823
166 314
166 1146
167 205
167 947
167 437
167 735
167 293
168 1136
168 683
168 1157
168 362
168 491
168 240
168 371
168 221
168 958
169 337
169 445
170 580
170 659
170 327
170 591
170 243
170 180
170 1173
170 504
170 218
170 187
171 928
171 898
171 747
171 555
171 842
171 664
171 931
171 887
171 280
171 805
172 420
172 761
172 1132
172 311
173 259
173 1116
173 653
173 1170
173 628
173 666
173 827
173 703
174 646
174 618
174 704
174 1105
174 246
174 281
174 284
175 620
175 434
176 747
176 871
176 471
176 1168
176 945
176 409
176 346
176 221
176 511
177 229
177 808
177 1100
177 811
177 591
177 592
177 1061
177 373
177 1014
177 949
177 571
177 766
177 902
177 190
177 390
178 518
178 648
178 522
178 1054
179 866
179 405
180 1124
180 845
180 399
180 912
180 953
180 569
180 970
180 1037
180 191
181 258
181 459
181 472
181 1151
182 1089
182 230
182 1143
182 516
182 851
182 276
182 855
182 664
182 700
183 772
183 645
183 534
183 535
183 290
183 548
183 817
183 950
183 1084
183 456
183 466
183 339
183 1114
183 615
183 232
183 242
183 372
183 885
184 1093
184 630
184 823
184 1083
185 1095
185 855
186 704
186 270
186 850
186 438
187 484
187 506
188 966
188 633
188 884
188 441
189 265
189 1163
189 1149
190 197
190 746
190 299
190 242
190 419
190 788
190 675
190 1047
190 1012
190 730
190 799
190 221
190 1239
191 1059
191 292
191 1160
191 585
191 618
191 651
191 398
191 367
191 976
191 1007
191 820
191 404
191 399
191 956
191 861
191 1118
192 969
192 331
192 1228
192 400
192 723
192 277
192 1146
192 686
193 228
193 1143
193 592
193 452
193 282
193 688
193 734
194 256
194 229
194 518
194 437
194 881
195 1027
195 1217
195 201
195 364
195 237
195 461
195 232
195 210
195 308
195 662
195 344
195 787
195 1082
196 704
196 880
196 244
196 601
196 396
196 364
196 1133
196 1007
196 984
196 762
196 220
196 1213
196 542
196 581
197 1152
197 707
197 260
197 677
197 777
197 458
197 727
197 324
197 367
197 377
198 1200
198 804
198 775
198 535
198 216
198 373
198 438
198 1061
198 415
199 423
199 662
199 1176
199 1149
200 450
200 298
200 526
200 456
200 600
201 258
201 1053
201 623
201 307
201 285
202 387
202 262
202 1140
202 340
202 244
202 533
202 281
202 250
202 800
202 314
202 767
203 868
203 230
203 301
203 565
203 287
204 648
204 924
204 310
204 254
205 998
206 837
206 1163
207 266
207 930
207 479
208 643
208 328
208 1101
209 386
209 738
209 1005
210 950
210 998
210 328
210 266
210 407
210 527
210 212
210 886
210 217
210 957
210 1150
211 417
211 434
211 316
211 1247
212 225
212 257
212 265
212 487
212 397
212 719
212 724
213 1089
213 1233
213 970
213 622
213 1044
213 1145
213 350
214 1099
214 484
214 838
214 582
214 572
214 458
214 268
214 679
214 529
214 1050
214 411
214 412
214 446
215 1076
216 604
216 337
216 437
216 1177
216 412
217 1027
217 1188
217 1202
217 786
217 1041
217 564
217 1117
218 871
218 1086
219 227
219 308
219 278
220 428
220 299
220 527
220 600
220 1209
220 420
220 411
221 848
221 357
221 423
221 1006
221 562
221 546
221 659
221 754
221 249
222 343
222 611
222 583
222 299
222 272
222 854
222 874
223 774
223 945
223 1015
223 915
224 1235
224 644
224 422
224 296
224 590
224 1205
225 768
225 737
225 227
225 324
225 581
225 233
225 879
225 343
225 442
225 380
225 413
226 704
226 354
226 1158
226 905
226 267
226 845
226 707
226 596
226 917
226 729
226 411
226 252
227 1107
227 619
227 484
227 325
227 257
227 1187
227 874
227 588
227 1218
227 271
227 626
227 371
227 564
227 533
227 312
227 773
228 963
228 1092
228 809
228 1240
228 408
228 929
228 597
229 768
229 337
229 523
229 268
229 1234
229 765
229 447
229 283
229 637
229 351
231 1238
231 697
231 389
232 683
232 560
232 476
233 519
233 301
233 1198
233 505
233 318
234 549
234 903
234 1161
234 561
234 884
234 1193
234 349
235 485
235 1190
235 520
235 425
235 333
235 846
235 852
235 501
235 952
235 926
236 284
236 510
237 455
237 1136
237 338
237 542
238 835
238 265
238 395
238 733
238 306
238 713
238 476
238 669
239 582
239 423
239 713
239 1227
239 445
239 1119
239 638
240 449
240 258
240 678
240 391
240 297
241 355
241 616
241 386
241 1013
241 1142
241 247
241 477
242 608
242 586
242 566
242 711
242 1039
242 585
242 426
242 269
242 654
242 557
242 275
242 534
242 1007
242 253
243 649
243 689
243 1109
244 800
244 327
244 750
244 752
244 1029
244 287
245 303
246 485
246 1044
246 1050
246 1180
246 381
247 291
247 1030
247 369
247 428
247 1131
247 396
247 494
248 263
248 1036
248 1041
248 276
248 1051
248 1179
248 933
248 307
248 440
248 967
248 735
248 483
248 487
248 886
248 503
248 379
248 1022
248 767
249 586
249 593
249 782
249 662
249 1016
249 731
249 444
250 1033
250 777
250 970
250 465
250 330
251 1026
251 804
251 1014
251 286
253 480
253 262
253 823
253 365
253 561
253 371
253 639
253 575
254 383
255 487
256 800
256 565
256 298
257 289
257 516
257 296
257 1002
257 387
257 429
257 1019
257 712
257 498
257 307
257 757
257 739
257 282
257 443
258 304
258 270
258 353
259 326
259 405
259 1013
259 1031
259 1005
259 752
259 657
259 660
259 341
259 607
259 347
259 1141
259 287
260 972
260 817
260 1042
260 279
260 573
261 903
261 424
261 695
262 578
262 517
262 619
263 1219
263 741
263 759
263 434
263 348
263 670
264 672
264 325
265 512
265 303
265 1202
265 1203
265 534
265 431
265 894
265 1183
266 614
266 424
266 744
266 305
266 348
266 413
266 1023
267 705
267 1040
267 1000
267 1104
267 1167
267 591
267 432
267 644
267 442
267 639
267 380
267 703
267 543
268 780
268 720
268 607
269 550
269 679
269 379
269 670
270 385
270 607
270 966
270 567
270 720
270 433
270 1202
270 852
270 543
270 890
270 479
271 993
271 617
271 502
271 510
272 1248
272 1073
272 1140
272 921
272 443
272 1247
273 795
273 325
273 1062
273 616
273 489
273 747
273 1199
273 850
273 728
274 391
274 943
274 953
275 696
276 785
277 864
277 329
277 1072
277 436
278 783
278 820
278 572
279 530
279 341
279 375
279 860
280 1091
280 1134
281 1109
281 283
281 348
281 1226
283 960
283 417
283 1238
283 323
283 713
283 1079
283 495
283 434
283 595
283 643
283 950
283 409
283 931
283 445
284 455
284 574
285 512
285 550
285 1106
285 601
285 627
286 289
286 1223
286 1084
287 356
287 359
287 397
287 1166
287 850
287 1123
287 429
287 476
288 513
288 363
288 367
288 368
289 771
289 385
289 724
290 550
290 524
290 1006
290 400
290 979
291 588
292 878
292 1178
293 601
293 797
294 1089
294 363
294 837
294 295
294 1205
294 1142
295 495
296 481
296 839
296 785
296 403
296 532
296 480
296 701
297 840
297 728
297 859
298 546
298 675
298 1040
298 658
298 739
298 383
299 640
299 774
299 341
299 430
299 378
299 1021
300 655
301 770
301 485
301 1249
301 1128
301 394
301 572
301 881
301 370
301 343
301 378
301 508
301 605
301 533
302 875
302 1124
302 353
302 877
302 541
302 736
302 1145
302 602
302 350
303 688
303 562
303 1052
304 388
304 937
304 427
304 562
306 942
306 425
306 874
306 1103
306 716
306 603
307 840
307 587
307 1206
308 322
308 781
308 934
308 910
308 399
308 309
308 535
308 895
309 1088
309 808
309 809
309 908
309 820
309 445
310 802
310 516
310 1062
310 332
310 942
310 824
310 890
310 1178
311 729
311 810
312 492
313 458
313 624
313 702
313 767
315 996
315 691
316 1116
316 330
316 719
316 414
316 374
316 731
316 668
316 821
317 754
317 664
317 1147
318 710
318 342
318 638
319 674
319 389
319 1218
319 1072
319 658
319 404
319 1113
320 771
320 1225
320 632
320 342
320 793
320 536
320 761
321 1121
321 388
321 1217
321 1192
321 810
321 525
321 755
321 409
321 836
321 1012
322 436
322 1145
323 799
323 806
323 909
323 498
323 543
324 705
324 847
324 1234
324 1059
324 479
324 421
325 486
325 658
325 1054
326 738
326 453
326 967
326 1207
326 923
326 339
326 407
326 637
326 901
327 560
327 932
327 1198
327 1167
327 400
327 631
327 859
327 490
327 1022
327 1183
328 874
328 469
329 452
329 389
329 1084
329 1102
329 572
329 629
330 355
331 811
331 1060
331 453
331 555
331 981
331 632
331 474
331 349
332 843
332 430
332 786
332 462
332 1210
333 919
333 349
334 870
334 990
335 1206
335 1194
335 686
335 914
335 1166
335 377
335 442
336 1056
336 1198
336 1107
336 1204
336 377
337 353
338 1006
338 500
338 797
338 1086
340 1170
340 988
341 910
342 872
342 393
342 497
342 658
342 732
343 656
344 1060
344 758
344 1053
344 383
345 1043
345 959
346 640
346 358
347 796
347 866
347 721
347 571
347 668
348 864
348 1248
348 837
348 1200
348 401
348 372
348 630
348 503
348 475
348 861
348 421
350 837
350 935
350 596
350 793
350 698
350 539
350 991
351 1216
351 457
351 778
351 866
351 1102
351 369
351 1076
351 1207
351 1019
351 764
351 1093
352 614
352 587
353 385
353 584
353 821
353 1096
354 929
354 676
354 1157
354 909
354 559
355 965
355 1066
355 378
356 834
356 517
356 680
357 1248
357 1155
357 495
357 600
358 1196
358 879
358 732
359 491
359 943
359 849
359 468
359 822
359 831
360 1077
360 376
361 640
361 577
361 875
361 1196
361 464
361 1017
362 728
363 523
363 779
363 635
363 554
364 966
364 1003
364 1230
364 1104
364 989
365 454
365 487
365 777
365 537
365 954
365 796
366 744
366 1029
367 499
369 576
369 424
369 560
369 405
369 918
369 667
370 549
370 583
370 1218
370 722
370 405
370 886
370 738
371 1186
371 1175
371 1231
371 559
371 847
371 892
372 1191
372 520
372 693
372 792
372 1019
373 394
373 684
375 613
375 552
375 1004
375 940
375 590
375 950
376 1153
376 579
376 951
376 655
376 919
377 1058
377 579
377 740
377 855
378 645
378 1158
378 1114
379 1111
379 911
379 567
379 574
380 576
380 803
380 1094
380 849
380 660
380 469
380 538
380 1247
381 431
381 435
381 500
381 1244
381 1151
382 897
383 886
383 486
383 751
383 693
383 1141
384 418
384 817
384 624
384 819
384 1210
384 893
384 543
385 608
385 1000
385 1104
385 652
385 944
385 922
385 1007
385 1146
386 802
386 392
387 838
387 393
387 652
387 398
387 893
388 1105
388 575
390 428
391 647
391 522
391 999
391 684
391 398
391 881
391 851
391 536
391 1063
391 1229
392 962
392 421
392 488
392 947
392 851
392 441
392 669
392 479
393 834
393 840
393 716
393 1034
393 1201
393 763
394 936
394 970
394 506
394 1115
394 446
395 1188
395 943
395 857
395 412
396 576
396 782
397 463
397 688
397 435
398 556
398 431
398 663
398 700
398 605
399 416
399 871
400 1125
400 499
401 1175
402 466
402 607
403 483
403 549
403 870
403 1100
403 450
403 410
403 1182
404 930
404 1063
404 446
405 1033
405 628
405 1139
405 692
405 763
405 637
406 994
406 972
406 754
406 563
406 604
407 866
407 622
408 621
409 931
409 1166
409 1147
409 884
410 555
410 430
411 975
411 1112
411 472
411 731
414 824
415 610
415 715
415 1224
415 532
415 757
415 699
415 606
416 452
416 1008
416 1203
417 635
417 486
417 875
417 590
417 824
417 771
417 826
418 1017
418 1020
419 706
419 1232
419 1201
420 1189
420 465
421 427
421 1172
422 1153
422 904
422 822
423 806
423 1161
423 628
423 1109
423 1047
424 454
424 732
424 1150
425 1224
425 755
425 986
425 1023
426 992
426 955
426 1029
427 1004
427 511
428 450
428 516
428 677
428 593
428 534
428 506
428 1206
428 702
428 895
429 862
429 545
429 737
429 478
430 828
431 449
431 741
431 649
431 1130
431 975
431 1234
431 595
431 1145
431 602
431 732
432 563
432 508
433 492
433 815
433 659
433 918
433 851
433 507
434 827
434 1060
434 841
434 715
434 588
435 896
435 1195
435 723
435 600
435 836
435 1051
436 926
437 642
437 816
437 632
437 1023
438 939
438 604
439 488
439 1001
439 463
440 462
440 701
440 1202
441 847
441 699
442 558
443 761
443 1214
444 743
444 497
444 471
444 1053
445 577
445 983
445 602
446 564
447 615
448 1132
449 630
450 1088
450 1216
450 455
450 1159
450 973
450 552
450 598
450 1117
451 1132
451 813
451 1115
452 737
452 944
453 1063
453 840
453 525
453 942
454 457
454 605
454 691
454 1225
454 798
455 1241
456 778
456 849
456 477
457 466
457 464
458 752
458 863
459 683
459 980
460 962
460 629
460 862
460 1055
463 1032
463 843
463 970
463 1049
463 474
463 893
463 1135
464 650
464 1010
464 1242
465 1092
466 1189
466 625
466 542
467 611
467 900
467 517
467 520
467 976
467 882
467 664
468 723
469 775
469 978
469 1097
471 867
471 1001
471 1207
471 908
471 913
471 502
472 776
472 510
472 1045
473 798
474 509
475 709
476 1039
476 507
478 484
478 733
479 1243
479 756
479 763
480 809
480 527
480 1245
480 575
480 539
481 1130
481 1243
481 764
482 876
482 1117
482 791
483 1067
483 754
483 539
484 993
485 610
485 647
485 1136
485 691
485 599
485 1179
485 1023
486 925
486 530
486 920
486 955
487 807
487 585
487 923
488 803
488 1243
488 791
488 566
488 792
488 986
489 744
489 887
490 790
490 924
490 694
491 1150
492 504
492 657
492 729
493 770
493 683
493 693
494 928
494 1155
495 934
496 736
496 1248
496 740
496 775
496 1165
496 815
496 529
496 772
496 1055
497 616
497 819
498 625
498 1204
498 1020
498 733
498 958
499 880
500 751
501 885
502 705
503 677
503 779
503 912
503 1013
503 855
504 695
504 528
504 760
504 700
505 842
505 836
505 639
506 1215
506 1194
506 799
507 611
507 648
507 835
508 565
508 537
508 613
509 961
509 973
509 789
509 888
510 1100
510 667
511 519
511 844
512 932
512 842
512 524
512 623
513 961
513 1035
513 812
513 526
514 960
514 578
514 741
514 1166
515 1075
515 772
515 1190
515 920
516 898
516 753
516 1113
516 901
517 1247
518 1170
518 716
518 1154
518 782
518 697
518 1244
520 550
520 874
521 786
521 1147
522 579
522 1169
522 638
523 622
523 855
523 759
523 1125
524 656
524 1009
524 661
524 860
525 613
525 1185
525 620
525 717
526 935
526 818
527 636
527 555
528 1037
528 598
529 656
529 1122
529 682
529 908
530 561
530 598
531 1032
531 1097
532 709
532 646
532 969
532 1161
533 1191
533 872
533 1022
533 1018
533 883
533 766
534 1112
535 704
535 829
535 1013
536 925
537 1238
537 891
538 689
538 547
538 819
539 833
539 624
539 963
539 1109
539 631
541 833
541 937
541 780
541 980
542 996
542 1235
542 1067
542 1073
542 1171
543 844
543 588
543 813
543 899
543 566
543 957
544 832
545 776
545 1041
546 1131
546 620
546 954
547 720
547 618
547 621
547 765
547 894
548 863
549 1038
549 1084
550 593
551 897
551 1028
551 1129
553 696
554 994
554 698
555 1072
556 832
556 1156
556 1125
556 620
556 1069
556 1043
557 1010
557 771
557 851
557 1082
557 1181
558 710
559 579
559 1028
559 682
559 759
559 1112
559 1130
560 772
560 818
560 718
560 734
560 1215
562 722
562 917
562 599
562 783
563 1027
563 584
563 653
563 826
564 1148
565 661
566 746
566 634
567 869
567 904
568 800
568 1096
569 652
569 850
569 1236
571 1249
571 965
571 814
571 691
572 681
572 921
572 1174
574 853
575 916
576 675
576 1190
576 1000
577 802
577 1099
577 1021
577 943
578 580
578 975
578 1135
579 1185
579 740
579 816
579 1018
580 1196
582 1120
582 609
582 810
582 663
582 910
582 628
582 703
583 679
583 969
583 812
583 952
584 713
585 1157
586 609
587 744
587 1097
587 760
588 614
588 711
588 631
590 724
590 789
590 633
590 1085
592 993
592 1051
593 973
593 916
593 638
594 899
594 660
595 1240
595 1144
596 1096
596 844
596 922
596 667
596 668
597 777
599 1216
599 803
599 1068
599 844
599 1073
599 1203
599 1087
600 998
600 967
600 924
600 940
600 690
600 883
601 1052
601 1093
604 1197
604 852
604 790
605 678
605 956
605 1189
608 758
608 1079
608 735
610 616
610 1044
610 989
610 1086
611 1156
611 680
611 652
611 728
611 1085
612 873
612 618
612 693
615 839
615 938
615 665
616 661
616 1211
617 1187
617 783
617 913
617 1177
618 646
618 1167
618 707
618 1092
619 808
620 1024
622 911
623 1031
623 915
624 753
627 1226
627 1135
627 991
628 835
628 877
628 944
628 887
629 827
629 679
629 1143
629 860
630 835
632 1035
633 1126
633 635
635 773
635 650
635 684
635 1237
635 979
636 657
637 655
639 1155
640 902
640 714
641 929
642 781
643 1219
644 1154
644 779
644 1186
644 716
644 685
645 682
645 1176
646 812
646 877
646 778
647 672
647 986
647 987
649 986
650 942
651 1159
651 1103
651 690
651 1078
651 857
652 1124
652 1167
652 1073
652 895
653 773
653 839
653 917
654 950
655 869
655 968
655 793
656 829
657 1152
658 881
659 1199
659 696
659 1096
659 1020
659 894
660 1144
661 698
662 993
662 940
662 816
662 1012
662 989
662 1151
664 711
664 807
666 674
666 1058
667 850
667 702
668 808
670 719
671 725
671 982
671 953
671 1244
671 733
673 1028
674 897
674 1187
674 724
674 703
676 992
676 827
676 767
677 774
677 1108
678 1228
678 1070
679 1064
679 878
679 949
680 1065
680 692
680 706
681 939
682 864
682 834
682 780
682 847
682 1212
683 819
684 805
684 714
685 1088
685 1228
685 949
686 867
686 1196
687 993
687 1081
687 1119
688 939
688 1107
689 1002
689 1167
689 945
689 988
690 1205
692 865
692 938
692 776
692 1047
693 974
694 960
694 1083
694 1212
695 873
695 1102
695 1083
696 913
696 1212
696 765
697 1160
697 892
698 883
700 985
701 1224
701 791
702 985
702 925
703 833
705 1085
706 726
707 1001
707 1067
707 1058
708 1199
709 885
710 1120
710 1099
711 1179
711 764
712 1206
712 776
713 1096
714 967
714 1134
714 890
714 1054
715 929
715 908
717 1068
717 983
718 1222
720 1220
722 1034
724 900
725 832
725 770
725 1181
726 1178
727 1036
727 1038
727 751
727 1110
727 888
728 768
728 911
728 895
729 991
730 881
732 770
732 1122
732 941
733 1063
736 1073
736 1146
737 948
738 1225
738 1197
738 784
738 1181
739 862
739 830
740 938
740 846
740 911
740 978
740 757
740 873
740 922
741 959
742 1007
742 1210
743 892
744 994
744 807
744 749
744 973
744 763
745 777
746 1173
747 1135
749 1008
749 1158
749 1126
749 999
749 909
749 912
749 1113
749 829
750 1012
752 802
752 1031
752 1107
752 1101
752 867
752 1078
752 1117
753 1112
754 861
754 1116
754 766
755 853
758 1091
758 1240
758 956
759 1199
759 883
760 995
760 904
761 1067
761 794
761 1181
762 1122
762 971
762 789
762 824
762 847
762 1054
763 951
764 953
765 1025
766 899
768 1126
768 1159
768 910
768 1243
769 1223
769 798
771 900
771 945
771 890
772 797
773 803
773 1008
773 1044
773 1208
773 921
773 899
774 1184
775 1024
775 1000
776 843
776 815
776 1079
778 1025
778 1061
778 1070
778 1234
778 1173
778 863
781 1001
781 1174
781 825
782 875
783 1232
784 1094
785 1144
786 1121
788 1088
789 841
789 985
789 889
790 1121
793 823
793 1052
794 903
794 1070
794 923
795 901
795 1045
796 872
796 913
796 854
798 884
800 809
801 963
802 826
803 841
803 1079
803 1215
804 841
805 1041
805 853
807 1163
808 1221
808 1241
808 891
809 867
809 832
810 1183
812 1051
819 995
819 1247
821 1124
821 1014
821 888
822 1185
822 849
823 868
823 876
824 1024
825 1214
825 1118
826 900
826 917
826 906
830 954
831 878
832 1121
832 962
832 1220
832 989
833 1031
834 1091
834 1210
835 968
836 981
837 1047
838 963
838 1219
838 1048
840 1049
841 955
842 1039
844 868
844 1114
845 1037
847 1169
847 1143
848 910
849 1174
849 1127
849 872
849 984
849 1191
850 860
852 1053
853 1188
855 961
855 1226
855 1149
856 1181
858 1006
860 1082
864 1092
864 1011
865 995
865 999
865 1191
865 880
866 1218
866 982
866 925
866 1118
868 1003
868 1081
869 1104
873 1165
873 1071
874 1110
874 1180
875 933
875 1202
876 1192
876 982
876 990
877 977
879 1094
880 1130
883 1187
885 1025
887 1062
889 1065
889 987
890 1216
890 1237
891 1129
891 1162
892 1075
892 925
893 1179
894 915
896 902
896 1103
896 983
897 1056
897 1048
899 1139
900 1219
900 1069
900 1227
900 1208
901 930
901 980
903 1002
906 1152
907 1035
907 1110
909 1221
909 1233
909 1113
910 1131
910 1009
910 914
913 1190
915 1126
915 1074
916 1212
918 1151
920 1061
921 996
923 1059
923 1119
925 989
927 1075
927 956
928 1087
930 1056
930 1133
930 1175
930 1244
931 984
934 987
937 1068
938 1231
938 948
939 988
940 1154
945 1175
946 1062
946 1215
948 968
948 1079
950 1009
950 1172
951 1162
953 996
957 1101
959 1105
963 1183
966 988
967 1033
967 1237
968 1161
969 1195
970 1230
971 1114
973 1090
973 1071
974 1057
975 1156
975 1002
983 1058
983 1245
984 1021
985 1105
986 1055
989 1208
993 1022
994 1164
995 1074
996 1123
1002 1190
1003 1224
1004 1227
1004 1077
1007 1201
1008 1045
1008 1209
1009 1141
1009 1178
1011 1072
1011 1173
1013 1249
1013 1187
1014 1086
1015 1044
1017 1046
1022 1184
1022 1104
1024 1100
1024 1193
1025 1200
1031 1071
1031 1214
1035 1243
1042 1195
1042 1236
1042 1115
1042 1213
1044 1077
1049 1172
1052 1231
1056 1241
1058 1233
1060 1197
1068 1152
1075 1195
1075 1135
1076 1140
1078 1102
1084 1108
1088 1113
1089 1242
1103 1112
1106 1211
1108 1182
1109 1219
1110 1192
1115 1171
1115 1246
1118 1184
1123 1198
1126 1176
1127 1128
1129 1189
1130 1133
1133 1233
1142 1180
1148 1248
1152 1217
1159 1220
1159 1222
1163 1164
1186 1191
1191 1213
1192 1218
1232 1238
