0 5
0 7
0 9
0 10
0 11
0 12
0 13
0 14
0 17
0 19
0 20
0 21
0 26
0 27
0 28
0 29
0 35
0 39
0 1066
0 555
0 46
0 47
0 566
0 58
0 68
0 585
0 74
0 588
0 1108
0 86
0 953
0 89
0 603
0 605
0 1121
0 99
0 100
0 104
0 116
0 1141
0 636
0 128
0 1158
0 145
0 658
0 1176
0 674
0 169
0 688
0 692
0 1207
0 188
0 191
0 1220
0 714
0 734
0 225
0 227
0 238
0 246
0 1031
0 43
0 261
0 775
0 309
0 316
0 322
0 326
0 335
0 338
0 854
0 857
0 347
0 351
0 1170
0 884
0 886
0 898
0 919
0 422
0 434
0 435
0 1097
0 441
0 955
0 446
0 960
0 450
0 455
0 457
0 460
0 469
0 473
0 481
0 996
0 850
0 500
0 1021
1 259
1 5
1 6
1 7
1 8
1 393
1 10
1 891
1 12
1 142
1 15
1 272
1 18
1 19
1 532
1 406
1 408
1 25
1 26
1 28
1 346
1 1114
1 928
1 33
1 546
1 675
1 902
1 678
1 167
1 40
1 682
1 43
1 428
1 557
1 174
1 815
1 48
1 136
1 820
1 565
1 986
1 1161
1 57
1 1210
1 59
1 61
1 318
1 1076
1 194
1 835
1 836
1 454
1 552
1 427
1 168
1 1143
1 369
1 84
1 697
1 218
1 271
1 226
1 355
1 806
1 487
1 1073
1 234
1 146
1 238
1 1103
1 113
1 1171
1 1163
1 702
1 375
1 724
1 396
1 251
1 1020
1 125
2 129
2 387
2 5
2 6
2 7
2 9
2 911
2 771
2 148
2 922
2 880
2 931
2 165
2 296
2 169
2 554
2 940
2 45
2 305
2 1197
2 62
2 67
2 580
2 69
2 518
2 75
2 79
2 1104
2 465
2 978
2 211
2 85
2 984
2 473
2 92
2 250
2 1066
2 587
2 104
2 877
2 112
2 625
2 501
2 887
2 760
2 122
2 1021
3 388
3 5
3 6
3 7
3 8
3 10
3 11
3 14
3 16
3 529
3 18
3 19
3 21
3 1048
3 324
3 1160
3 431
3 30
3 287
3 32
3 34
3 291
3 292
3 293
3 41
3 298
3 263
3 300
3 302
3 47
3 177
3 562
3 563
3 180
3 822
3 57
3 186
3 699
3 572
3 317
3 961
3 68
3 837
3 70
3 75
3 340
3 185
3 92
3 96
3 528
3 358
3 108
3 750
3 368
3 403
3 1244
3 245
3 1193
3 504
3 889
3 251
3 636
4 1216
4 961
4 130
4 132
4 5
4 6
4 657
4 8
4 908
4 13
4 175
4 16
4 424
4 335
4 307
4 911
4 407
4 91
5 6
5 7
5 8
5 137
5 10
5 139
5 140
5 13
5 15
5 16
5 17
5 131
5 20
5 512
5 516
5 363
5 1180
5 32
5 496
5 923
5 1060
5 659
5 487
5 41
5 938
5 44
5 557
5 1011
5 437
5 55
5 188
5 829
5 62
5 191
5 193
5 578
5 69
5 71
5 396
5 74
5 844
5 589
5 593
5 466
5 212
5 214
5 605
5 95
5 144
5 98
5 484
5 231
5 105
5 225
5 112
5 114
5 147
5 643
5 1022
5 297
5 148
5 766
6 8
6 9
6 650
6 11
6 12
6 13
6 14
6 528
6 17
6 661
6 22
6 407
6 920
6 27
6 1181
6 542
6 31
6 653
6 304
6 34
6 539
6 420
6 933
6 678
6 807
6 40
6 1247
6 42
6 172
6 301
6 600
6 48
6 798
6 1079
6 351
6 1212
6 1034
6 318
6 63
6 192
6 1088
6 578
6 837
6 73
6 202
6 1068
6 702
6 846
6 463
6 336
6 209
6 725
6 88
6 603
6 604
6 221
6 1200
6 95
6 1248
6 848
6 785
6 104
6 1129
6 1002
6 871
6 237
6 112
6 115
6 373
6 118
6 249
6 1151
6 508
6 1109
7 516
7 262
7 503
7 392
7 9
7 138
7 1134
7 656
7 17
7 18
7 19
7 20
7 366
7 24
7 27
7 675
7 942
7 1158
7 828
7 40
7 809
7 775
7 557
7 46
7 53
7 438
7 393
7 442
7 316
7 447
7 448
7 66
7 67
7 1222
7 71
7 73
7 74
7 439
7 1100
7 845
7 462
7 210
7 467
7 340
7 718
7 470
7 983
7 88
7 94
7 1040
7 850
7 99
7 742
7 259
7 361
7 402
7 238
7 515
7 755
7 117
7 118
7 119
7 376
7 1236
7 250
7 635
7 509
7 1022
7 767
8 9
8 10
8 11
8 13
8 15
8 25
8 29
8 32
8 33
8 34
8 91
8 549
8 39
8 53
8 568
8 522
8 67
8 70
8 584
8 1098
8 79
8 1105
8 603
8 604
8 94
8 103
8 622
8 114
8 116
8 142
8 143
8 144
8 660
8 152
8 153
8 668
8 167
8 171
8 687
8 691
8 182
8 705
8 707
8 196
8 545
8 716
8 546
8 206
8 210
8 212
8 1240
8 220
8 223
8 225
8 745
8 246
8 761
8 765
8 257
8 261
8 266
8 779
8 784
8 277
8 310
8 823
8 831
8 329
8 336
8 340
8 343
8 362
8 363
8 877
8 885
8 887
8 902
8 399
8 582
8 72
8 953
8 453
8 974
8 464
8 991
8 993
8 995
9 726
9 12
9 642
9 918
9 402
9 1043
9 22
9 1177
9 793
9 69
9 416
9 165
9 550
9 40
9 169
9 391
9 44
9 45
9 816
9 49
9 434
9 54
9 543
9 31
9 191
9 708
9 182
9 1223
9 76
9 1127
9 653
9 598
9 856
9 476
9 221
9 609
9 99
9 231
9 235
9 108
9 623
9 1244
9 629
9 1142
9 759
9 764
9 766
10 513
10 11
10 12
10 526
10 15
10 16
10 17
10 533
10 22
10 23
10 26
10 28
10 544
10 33
10 34
10 37
10 38
10 39
10 42
10 556
10 50
10 51
10 56
10 57
10 59
10 60
10 1086
10 65
10 582
10 1099
10 77
10 78
10 82
10 94
10 99
10 102
10 113
10 1139
10 1140
10 633
10 123
10 127
10 650
10 652
10 653
10 655
10 660
10 669
10 675
10 1194
10 179
10 1063
10 545
10 205
10 1229
10 209
10 213
10 121
10 222
10 224
10 738
10 747
10 249
10 251
10 273
10 275
10 788
10 284
10 797
10 292
10 808
10 297
10 1246
10 314
10 833
10 863
10 878
10 374
10 380
10 392
10 394
10 415
10 419
10 420
10 421
10 937
10 426
10 429
10 945
10 436
10 446
10 449
10 968
10 969
10 472
10 480
10 482
10 995
10 492
10 501
10 1014
11 256
11 1138
11 172
11 535
11 1117
11 387
11 20
11 21
11 22
11 23
11 1178
11 155
11 1052
11 29
11 35
11 292
11 1094
11 168
11 41
11 1152
11 44
11 1069
11 175
11 905
11 305
11 50
11 694
11 393
11 189
11 64
11 705
11 578
11 651
11 198
11 203
11 332
11 205
11 80
11 855
11 595
11 597
11 86
11 87
11 88
11 985
11 986
11 506
11 862
11 95
11 608
11 1124
11 226
11 228
11 233
11 875
11 1133
11 878
11 751
11 114
11 115
11 629
11 630
11 873
11 120
11 121
11 122
11 403
11 254
11 1023
12 771
12 136
12 791
12 14
12 493
12 18
12 21
12 23
12 1051
12 30
12 420
12 423
12 425
12 49
12 960
12 786
12 315
12 61
12 574
12 1087
12 64
12 701
12 68
12 714
12 75
12 460
12 973
12 206
12 341
12 215
12 344
12 219
12 1210
12 996
12 876
12 109
12 495
12 499
12 245
12 246
12 121
13 642
13 833
13 919
13 14
13 15
13 16
13 148
13 23
13 29
13 544
13 1200
13 37
13 41
13 554
13 299
13 44
13 48
13 1160
13 50
13 51
13 58
13 188
13 192
13 193
13 195
13 196
13 325
13 201
13 78
13 208
13 1242
13 92
13 863
13 361
13 753
14 160
14 290
14 740
14 236
14 302
14 1069
14 464
14 982
14 761
14 248
14 25
14 762
14 28
14 29
14 30
15 386
15 1156
15 861
15 684
15 779
15 1164
15 658
15 144
15 145
15 18
15 20
15 150
15 791
15 153
15 1053
15 133
15 293
15 369
15 40
15 1194
15 683
15 159
15 1209
15 47
15 432
15 690
15 371
15 53
15 566
15 56
15 57
15 570
15 59
15 316
15 573
15 190
15 191
15 65
15 962
15 964
15 70
15 204
15 208
15 352
15 693
15 185
15 729
15 220
15 221
15 94
15 229
15 96
15 993
15 610
15 571
15 100
15 101
15 1170
15 103
15 361
15 106
15 423
15 743
15 549
15 111
15 113
15 115
15 501
15 350
15 490
16 19
16 918
16 24
16 1028
16 27
16 28
16 30
16 929
16 804
16 38
16 809
16 1066
16 200
16 316
16 576
16 964
16 70
16 72
16 73
16 972
16 334
16 208
16 81
16 468
16 590
16 93
16 614
16 112
16 1180
16 127
17 289
17 1160
17 176
17 52
17 1173
17 120
17 116
17 442
17 156
17 602
17 69
18 1114
18 777
18 522
18 267
18 654
18 1168
18 145
18 146
18 515
18 1172
18 21
18 1046
18 23
18 1048
18 25
18 26
18 27
18 1180
18 413
18 31
18 538
18 35
18 680
18 681
18 938
18 1159
18 882
18 46
18 47
18 176
18 155
18 181
18 54
18 56
18 186
18 443
18 671
18 445
18 62
18 1087
18 66
18 395
18 324
18 69
18 583
18 77
18 906
18 975
18 210
18 980
18 85
18 218
18 527
18 702
18 1141
18 990
18 223
18 97
18 739
18 742
18 102
18 615
18 997
18 1084
18 1211
18 1042
18 497
18 579
18 1139
18 116
18 638
18 118
18 1129
18 891
18 283
19 614
19 262
19 73
19 170
19 619
19 1196
19 655
19 280
19 958
19 1178
19 24
19 705
19 719
19 1240
19 922
19 542
20 1041
20 22
20 538
20 1053
20 31
20 32
20 36
20 37
20 45
20 46
20 52
20 54
20 55
20 1076
20 1089
20 66
20 1035
20 89
20 90
20 1117
20 96
20 610
20 105
20 106
20 1134
20 623
20 1136
20 1143
20 632
20 1149
20 133
20 649
20 651
20 147
20 1182
20 163
20 1190
20 680
20 169
20 682
20 685
20 177
20 179
20 1205
20 187
20 190
20 192
20 711
20 1144
20 211
20 216
20 227
20 228
20 241
20 1235
20 757
20 260
20 778
20 790
20 792
20 283
20 285
20 1157
20 288
20 295
20 819
20 1161
20 313
20 314
20 327
20 795
20 337
20 348
20 358
20 362
20 368
20 63
20 900
20 1087
20 403
20 924
20 413
20 419
20 941
20 436
20 954
20 446
20 462
20 979
20 469
20 996
20 486
20 496
20 511
20 1023
21 86
21 264
21 270
21 789
21 26
21 34
21 38
21 42
21 173
21 51
21 183
21 834
21 325
21 592
21 722
21 214
21 224
21 720
21 227
21 108
21 1106
21 626
21 628
21 426
22 576
22 132
22 641
22 397
22 1048
22 1198
22 24
22 25
22 674
22 548
22 421
22 806
22 355
22 174
22 688
22 49
22 611
22 181
22 574
22 320
22 577
22 706
22 68
22 197
22 71
22 592
22 83
22 84
22 469
22 342
22 87
22 475
22 1246
22 1107
22 227
22 232
22 490
22 111
22 626
22 115
22 1012
22 1031
22 761
22 1002
22 1044
22 1023
23 652
23 1166
23 400
23 152
23 147
23 148
23 789
23 24
23 666
23 155
23 986
23 1054
23 913
23 1173
23 35
23 37
23 294
23 43
23 45
23 1181
23 304
23 434
23 307
23 566
23 55
23 312
23 803
23 442
23 1127
23 61
23 62
23 703
23 450
23 325
23 840
23 524
23 74
23 75
23 1100
23 333
23 463
23 336
23 696
23 547
23 88
23 218
23 731
23 348
23 1061
23 228
23 486
23 102
23 103
23 617
23 487
23 622
23 751
23 1009
23 1214
23 950
23 763
23 383
24 918
24 776
24 1042
24 276
24 661
24 151
24 282
24 1051
24 540
24 154
24 32
24 161
24 1059
24 422
24 171
24 688
24 1201
24 310
24 61
24 1215
24 832
24 544
24 907
24 328
24 971
24 80
24 83
24 92
24 1248
24 229
24 487
24 104
24 617
24 1005
24 893
24 752
24 373
24 963
24 250
24 125
24 766
25 258
25 131
25 389
25 987
25 140
25 653
25 143
25 856
25 259
25 814
25 281
25 412
25 30
25 1055
25 674
25 291
25 164
25 37
25 1190
25 167
25 809
25 302
25 605
25 51
25 659
25 1212
25 63
25 323
25 201
25 458
25 844
25 78
25 80
25 721
25 210
25 340
25 213
25 88
25 345
25 90
25 91
25 93
25 606
25 95
25 611
25 101
25 230
25 872
25 551
25 364
25 978
25 835
25 242
25 275
25 376
25 293
25 123
26 1028
26 134
26 392
26 471
26 963
26 277
26 918
26 1050
26 795
26 1249
26 927
26 33
26 1105
26 39
26 168
26 42
26 306
26 308
26 1078
26 372
26 827
26 959
26 65
26 66
26 195
26 838
26 673
26 457
26 202
26 459
26 1104
26 977
26 213
26 215
26 216
26 601
26 97
26 868
26 871
26 109
26 624
26 244
26 888
26 85
27 555
27 388
27 134
27 654
27 145
27 534
27 35
27 391
27 1069
27 174
27 1199
27 48
27 1076
27 990
27 700
27 1217
27 836
27 581
27 199
27 72
27 713
27 973
27 79
27 1235
27 212
27 92
27 350
27 479
27 1008
27 933
27 254
28 262
28 1025
28 1032
28 137
28 527
28 147
28 152
28 537
28 157
28 289
28 290
28 419
28 36
28 134
28 38
28 295
28 808
28 681
28 171
28 814
28 541
28 432
28 1224
28 50
28 478
28 1097
28 521
28 60
28 193
28 200
28 969
28 1015
28 460
28 846
28 86
28 472
28 347
28 350
28 607
28 739
28 934
28 358
28 892
28 106
28 363
28 630
28 887
28 506
28 124
29 456
29 133
29 321
29 906
29 652
29 482
29 530
29 188
29 148
29 433
29 397
29 161
29 475
29 166
29 39
29 1208
29 42
29 43
29 46
29 175
29 49
29 310
29 55
29 56
29 570
29 827
29 60
29 65
29 834
29 828
29 70
29 72
29 969
29 77
29 79
29 81
29 82
29 86
29 215
29 89
29 730
29 347
29 1018
29 607
29 992
29 98
29 955
29 101
29 1126
29 1218
29 105
29 234
29 658
29 111
29 368
29 370
29 1012
29 886
29 1210
29 1172
29 136
29 618
30 385
30 646
30 1162
30 146
30 408
30 31
30 160
30 33
30 802
30 526
30 298
30 43
30 44
30 939
30 306
30 52
30 1206
30 1209
30 186
30 1184
30 66
30 68
30 71
30 456
30 78
30 591
30 852
30 85
30 470
30 613
30 100
30 485
30 583
30 126
30 1023
31 389
31 1034
31 909
31 529
31 668
31 299
31 311
31 184
31 320
31 322
31 76
31 462
31 94
31 235
31 236
31 1007
31 240
31 123
32 129
32 135
32 137
32 146
32 67
32 36
32 1191
32 304
32 179
32 191
32 195
32 838
32 76
32 82
32 84
32 87
32 1240
32 1115
32 741
32 232
32 490
32 370
32 531
32 891
32 639
33 514
33 900
33 982
33 390
33 267
33 269
33 1041
33 915
33 662
33 495
33 1048
33 793
33 283
33 1056
33 1186
33 155
33 36
33 38
33 808
33 685
33 48
33 49
33 52
33 183
33 698
33 138
33 575
33 706
33 323
33 795
33 957
33 1098
33 567
33 1233
33 1034
33 854
33 87
33 986
33 1243
33 732
33 954
33 225
33 226
33 102
33 1001
33 1133
33 239
33 625
33 242
33 499
33 754
33 383
34 1173
34 1174
34 924
34 545
34 36
34 299
34 172
34 941
34 47
34 432
34 704
34 196
34 716
34 96
34 489
34 120
34 255
34 1021
35 107
35 485
35 295
35 425
35 83
35 440
35 1223
35 798
36 384
36 132
36 151
36 41
36 45
36 51
36 183
36 190
36 161
36 200
36 461
36 595
36 1114
36 859
36 107
36 126
36 761
36 250
36 638
36 895
37 400
37 1041
37 659
37 533
37 918
37 430
37 186
37 608
37 90
37 224
37 353
37 357
37 236
37 110
37 112
37 627
37 886
38 260
38 389
38 390
38 136
38 777
38 273
38 658
38 925
38 540
38 1195
38 428
38 303
38 648
38 53
38 954
38 830
38 1217
38 77
38 206
38 81
38 211
38 84
38 728
38 217
38 476
38 144
38 357
38 1052
38 243
39 129
39 270
39 1171
39 670
39 555
39 303
39 184
39 444
39 65
39 67
39 76
39 206
39 987
39 488
39 234
39 375
39 509
40 293
40 490
40 135
40 110
40 563
40 882
40 179
40 686
40 881
40 765
40 693
41 799
41 165
41 385
41 936
41 809
41 492
41 662
41 624
41 758
41 1205
41 502
41 183
41 504
41 699
41 572
41 63
42 320
42 451
42 484
42 425
42 875
42 108
42 141
42 253
42 342
42 55
42 347
42 117
43 388
43 517
43 128
43 269
43 792
43 914
43 1044
43 536
43 287
43 309
43 54
43 311
43 318
43 703
43 602
43 356
43 358
43 360
43 745
43 237
43 1013
43 119
43 1144
43 127
44 394
44 1038
44 1070
44 156
44 133
44 550
44 937
44 199
44 812
44 430
44 689
44 178
44 186
44 1055
44 707
44 327
44 1230
44 781
44 1166
44 249
44 96
44 740
44 119
44 505
44 635
44 508
44 639
45 388
45 449
45 393
45 288
45 1057
45 1059
45 426
45 775
45 812
45 173
45 905
45 1075
45 705
45 59
45 319
45 833
45 480
45 749
45 500
45 254
46 784
46 1024
46 294
46 883
46 938
46 114
46 173
46 400
46 113
46 563
46 218
46 573
46 800
46 479
47 903
47 108
47 144
47 157
47 678
47 935
47 1197
47 308
47 58
47 1214
47 450
47 324
47 328
47 162
47 217
47 98
47 102
47 236
47 914
48 963
48 646
48 74
48 684
48 532
48 53
48 641
48 58
48 865
48 245
49 385
49 513
49 266
49 810
49 269
49 401
49 1170
49 410
49 159
49 160
49 630
49 293
49 807
49 860
49 298
49 300
49 306
49 305
49 50
49 52
49 649
49 56
49 59
49 64
49 321
49 197
49 584
49 585
49 1015
49 972
49 333
49 397
49 312
49 723
49 471
49 216
49 89
49 91
49 800
49 817
49 351
49 736
49 997
49 232
49 105
49 1131
49 109
49 753
49 628
49 118
49 873
49 763
49 124
49 253
49 255
50 128
50 514
50 131
50 389
50 142
50 1005
50 784
50 274
50 1044
50 1045
50 1135
50 159
50 163
50 295
50 171
50 61
50 174
50 431
50 180
50 949
50 314
50 138
50 62
50 63
50 139
50 1225
50 82
50 526
50 642
50 601
50 1082
50 898
50 523
50 101
50 1131
50 620
50 493
50 111
50 113
50 883
50 121
50 890
50 125
50 126
51 1153
51 656
51 1053
51 934
51 1191
51 942
51 307
51 181
51 1212
51 1218
51 326
51 331
51 332
51 208
51 209
51 1114
51 605
51 357
51 101
51 364
51 1135
51 242
51 1013
52 132
52 909
52 911
52 866
52 947
52 1206
52 825
52 451
52 329
52 610
52 977
52 343
52 1112
52 217
52 346
52 481
52 98
52 109
52 370
52 116
52 760
52 511
53 513
53 265
53 780
53 271
53 415
53 1200
53 167
53 297
53 391
53 1196
53 817
53 562
53 820
53 54
53 1079
53 58
53 443
53 1091
53 581
53 198
53 77
53 209
53 84
53 599
53 217
53 955
53 100
53 741
53 465
53 104
53 1006
53 232
53 372
53 553
53 251
54 641
54 134
54 524
54 783
54 530
54 163
54 549
54 813
54 439
54 184
54 1119
54 60
54 574
54 565
54 646
54 719
54 81
54 595
54 724
54 983
54 1112
54 733
54 479
54 485
54 1132
54 115
54 762
54 381
55 264
55 527
55 794
55 541
55 693
55 438
55 57
55 447
55 329
55 847
55 83
55 599
55 335
55 604
55 1000
55 748
55 124
56 931
56 196
56 838
56 647
56 356
56 276
56 628
56 1047
56 313
56 655
56 895
57 64
57 896
57 132
57 1094
57 263
57 72
57 845
57 78
57 580
57 369
57 131
57 184
57 89
57 60
57 746
57 415
58 769
58 523
58 780
58 1167
58 563
58 823
58 187
58 317
58 448
58 75
58 204
58 207
58 722
58 97
58 354
58 1125
58 621
58 243
58 1140
58 122
59 832
59 418
59 165
59 1088
59 811
59 494
59 368
59 1218
59 372
59 590
59 408
59 917
59 797
59 735
60 385
60 149
60 156
60 965
60 804
60 298
60 71
60 500
60 1203
60 187
60 822
60 327
60 73
60 330
60 76
60 79
60 336
60 853
60 600
60 90
60 613
60 742
60 231
60 106
60 492
60 110
60 244
60 950
60 170
61 544
61 565
61 196
61 1056
61 129
61 236
61 170
61 107
61 237
61 676
61 117
61 356
61 93
61 414
61 277
62 256
62 195
62 790
62 284
62 286
62 163
62 561
62 178
62 64
62 451
62 80
62 81
62 856
62 93
62 1232
62 226
62 99
62 878
62 239
62 690
62 507
62 253
63 1090
63 643
63 212
63 1064
63 330
63 1239
63 175
63 1225
63 1173
63 278
63 1177
63 506
64 459
64 164
64 806
64 1095
64 204
64 557
64 1038
64 815
64 1085
64 404
64 1159
64 477
65 1026
65 708
65 746
65 491
65 1090
65 880
65 277
65 631
65 952
65 445
65 1054
66 1024
66 428
66 523
66 400
66 281
66 1114
66 1094
66 556
66 1077
66 1207
66 824
66 1211
66 198
66 712
66 1102
66 80
66 593
66 339
66 90
66 743
66 620
66 110
66 1014
67 896
67 259
67 870
67 230
67 202
67 845
67 338
67 339
67 1152
67 117
67 567
67 537
67 1088
67 885
68 261
68 449
68 905
68 402
68 404
68 149
68 150
68 535
68 664
68 156
68 543
68 160
68 418
68 294
68 423
68 430
68 321
68 1121
68 1217
68 983
68 996
68 95
68 97
68 740
68 616
68 622
68 1140
68 1142
68 252
68 509
69 87
69 396
69 405
69 1049
69 1157
69 418
69 805
69 810
69 436
69 453
69 471
69 346
69 475
69 1118
69 480
69 98
69 488
69 1021
70 1078
70 267
70 371
70 214
70 311
70 158
71 385
71 164
71 424
71 458
71 205
71 750
71 669
72 192
72 577
72 1186
72 219
72 1163
72 270
72 168
72 82
72 597
72 534
72 120
72 570
72 828
72 350
72 159
73 256
73 644
73 137
73 1163
73 671
73 1198
73 820
73 182
73 1089
73 454
73 715
73 977
73 83
73 85
73 735
73 1005
73 497
73 374
73 123
73 1150
74 160
74 1092
74 612
74 825
74 185
74 669
74 734
75 1162
75 1035
75 270
75 404
75 287
75 162
75 169
75 690
75 1207
75 577
75 589
75 729
75 735
75 737
75 1122
75 105
75 502
75 1143
75 122
76 256
76 138
76 141
76 271
76 276
76 1046
76 1049
76 157
76 161
76 426
76 300
76 93
76 1072
76 182
76 193
76 988
76 349
76 617
76 492
76 239
76 373
77 224
77 609
77 709
77 776
77 284
77 1010
77 989
77 788
77 534
77 151
77 441
77 252
78 128
78 384
78 923
78 583
78 812
78 1038
78 589
78 784
78 921
78 626
78 1139
78 539
78 444
79 324
79 439
79 684
79 1039
79 915
79 1108
79 789
79 1171
79 281
79 153
80 683
80 1029
80 198
80 1078
80 266
80 237
80 333
80 241
80 338
80 843
80 948
80 406
80 1071
80 796
80 586
81 139
81 145
81 158
81 1068
81 685
81 1221
81 585
81 1098
81 461
81 462
81 470
81 987
81 991
81 364
81 749
81 503
81 121
82 130
82 1027
82 747
82 343
82 379
82 798
83 611
83 100
83 601
83 679
83 1007
83 685
83 765
83 1232
83 291
83 533
83 153
83 506
83 315
83 412
83 538
84 140
84 273
84 156
84 157
84 414
84 295
84 430
84 1078
84 695
84 198
84 970
84 215
84 1119
84 352
84 482
84 233
84 623
84 124
84 383
85 1164
85 405
85 407
85 163
85 292
85 304
85 948
85 696
85 335
85 344
85 91
85 1120
85 97
85 1125
85 999
85 489
85 507
85 126
86 656
86 643
86 452
86 231
86 732
86 204
86 592
86 401
86 531
86 1238
86 1211
86 1237
87 450
87 932
87 422
87 135
87 453
87 642
87 1240
87 147
87 180
87 152
87 569
87 923
87 852
87 165
88 1216
88 130
88 1155
88 612
88 695
88 207
88 1080
88 691
88 1109
88 1171
88 248
88 474
88 1119
89 128
89 774
89 257
89 418
89 294
89 167
89 301
89 431
89 178
89 435
89 180
89 1210
89 189
89 194
89 1137
89 745
89 618
89 107
89 493
89 881
89 243
89 885
89 378
89 127
90 768
90 907
90 142
90 149
90 150
90 664
90 158
90 417
90 1193
90 433
90 842
90 634
90 478
90 120
90 250
90 637
90 382
91 384
91 289
91 707
91 598
91 625
91 658
91 782
91 114
91 512
91 505
91 982
91 607
92 519
92 797
92 162
92 166
92 303
92 305
92 187
92 703
92 1092
92 1101
92 846
92 848
92 599
92 770
92 860
92 1118
92 244
92 253
93 129
93 130
93 197
93 162
93 524
93 967
93 141
93 366
93 1085
93 179
93 501
93 1175
93 748
93 475
93 930
94 162
94 411
94 229
94 748
94 327
94 140
94 549
94 1137
94 117
94 153
94 981
94 111
94 189
95 1193
95 618
95 173
95 942
95 592
95 1207
95 409
95 315
95 157
96 328
96 777
96 509
96 958
97 627
97 801
97 526
97 1125
97 328
97 201
97 365
97 110
97 189
97 435
97 532
97 303
97 1244
98 192
98 256
98 228
98 103
98 125
98 403
98 1216
98 315
98 190
99 473
99 323
99 613
99 731
99 1224
99 427
99 109
99 1062
99 951
99 118
99 119
99 543
99 345
99 315
99 106
99 255
100 226
100 294
100 840
100 1162
100 107
100 533
100 380
100 893
100 351
101 352
101 388
101 103
101 233
101 647
101 272
101 625
101 932
101 764
101 255
102 515
102 676
102 959
102 486
102 1205
102 574
102 139
102 525
102 510
102 536
102 362
102 138
102 222
102 565
103 427
103 817
103 234
103 1202
103 366
103 520
103 242
103 119
103 409
103 855
103 682
103 159
104 481
104 865
104 139
104 450
104 275
104 660
104 854
104 183
104 859
104 349
104 286
105 352
105 1019
105 228
105 1228
105 556
105 877
105 893
105 310
105 219
105 222
105 485
106 868
106 137
106 239
106 1199
106 787
106 149
106 217
106 212
106 143
106 687
106 254
107 928
107 975
107 551
107 349
107 496
107 1187
107 628
107 309
107 509
107 127
108 833
108 1124
108 199
108 727
108 282
108 158
109 546
109 1092
109 694
109 135
109 268
109 263
109 1106
109 720
109 178
109 323
109 1109
109 278
109 599
109 692
109 123
109 638
110 164
110 297
110 130
110 335
110 1104
110 1145
110 361
110 184
110 569
111 517
111 519
111 141
111 528
111 1058
111 296
111 755
111 309
111 957
111 832
111 723
111 730
111 867
111 366
111 573
111 883
111 637
112 136
112 426
112 1154
112 302
112 209
112 243
112 979
112 507
112 1020
112 1213
112 734
113 907
113 1173
113 154
113 547
113 437
113 188
113 1086
113 452
113 979
113 655
113 476
113 736
113 359
113 488
113 370
113 767
113 125
113 1151
114 394
114 531
114 1029
114 301
114 308
114 697
114 1214
114 454
114 202
114 1230
114 211
114 1110
114 473
114 476
114 368
114 369
114 758
114 505
115 512
115 1238
115 291
115 229
115 232
115 297
115 720
115 1059
115 404
115 377
115 252
115 1181
116 141
116 949
116 722
117 640
117 164
117 133
117 134
117 489
117 583
117 1197
117 174
117 381
117 969
117 1011
117 841
117 601
117 234
117 572
118 386
118 578
118 1073
118 170
118 955
118 844
118 146
118 271
118 1061
118 244
118 151
118 154
118 465
118 541
118 831
119 257
119 651
119 1166
119 407
119 924
119 177
119 1080
119 190
119 395
119 709
119 717
119 337
119 470
119 728
119 738
119 360
119 1009
119 244
119 247
119 122
120 484
120 166
120 177
121 1072
121 203
121 166
121 401
121 1064
121 201
121 143
121 619
121 723
121 771
121 399
121 124
121 618
122 559
122 279
122 1208
123 896
123 899
123 525
123 657
123 161
123 812
123 559
123 444
123 702
123 449
123 801
123 202
123 1232
123 341
123 342
123 861
123 863
123 621
123 241
123 629
123 248
123 249
123 1022
124 357
124 230
124 265
124 599
124 921
124 805
124 154
124 959
124 126
124 709
125 518
125 151
125 1169
125 1047
125 1186
125 1193
125 1076
125 309
125 698
125 1091
125 1220
125 851
125 1236
125 982
125 744
125 747
125 254
126 834
126 149
126 152
126 555
126 1203
126 443
126 706
126 978
126 213
126 726
126 600
126 548
126 606
126 488
126 372
126 246
126 893
127 354
127 135
127 700
127 172
127 1026
127 786
127 984
127 1146
127 443
127 508
127 829
128 961
128 454
129 131
129 324
129 870
129 1117
129 361
129 366
129 785
129 756
130 645
130 519
130 1165
130 654
130 278
130 793
130 287
130 673
130 171
130 434
130 713
130 213
130 219
130 349
130 1122
130 363
130 751
131 672
131 438
131 458
131 690
131 143
131 952
131 150
131 344
131 283
132 1121
132 1155
132 519
132 168
132 1033
132 975
132 176
132 305
132 275
132 541
133 908
133 360
133 934
133 200
133 586
133 683
133 140
133 848
133 241
133 531
133 345
133 185
133 926
134 802
134 443
134 606
134 496
134 728
134 1083
134 664
134 414
134 181
135 916
135 229
135 166
135 395
135 175
135 1150
135 319
135 1010
135 180
135 766
135 276
135 890
135 219
135 1229
135 429
136 517
136 235
136 142
136 701
136 467
136 277
136 723
136 727
136 345
136 1084
136 341
137 900
137 199
137 904
137 1084
137 1071
137 721
137 1148
137 181
137 284
137 471
137 1161
137 639
138 406
138 1052
138 662
138 497
138 755
138 150
138 282
138 316
138 410
139 204
139 558
139 239
139 947
139 1236
139 698
140 768
140 323
140 969
140 301
140 218
140 669
141 801
141 994
141 999
141 855
141 222
142 870
142 977
142 586
142 307
142 852
143 1234
143 581
143 850
143 660
143 1171
143 375
143 852
143 1119
144 417
144 322
144 1219
144 649
144 427
144 268
144 817
145 289
145 676
145 967
145 329
145 620
145 462
145 816
145 1172
145 285
146 521
146 531
146 311
146 671
146 415
147 840
147 522
147 403
147 534
147 154
147 837
148 480
148 951
148 1062
148 487
148 330
148 247
148 787
148 565
148 214
148 472
148 282
149 707
149 935
149 1159
149 1230
149 623
149 176
149 756
149 405
149 889
149 377
149 251
149 751
150 528
150 1119
150 1136
150 1247
150 176
150 195
150 596
150 182
150 279
150 984
150 891
150 285
150 670
150 319
151 962
151 939
151 261
151 779
151 205
151 1142
151 155
151 421
152 448
152 1133
152 880
152 985
152 158
153 1115
153 211
153 1229
153 200
153 442
154 483
154 741
154 710
154 615
154 173
154 429
154 559
154 447
155 912
155 1045
155 822
155 185
155 922
155 1209
156 865
156 354
156 486
156 262
156 1201
156 652
156 203
156 367
156 630
156 713
156 282
156 253
156 1221
157 1059
157 170
157 979
157 406
157 952
157 409
157 1051
157 1076
158 512
158 640
158 194
158 259
158 460
158 1226
158 408
158 290
158 976
158 594
158 276
158 245
158 1204
158 794
158 895
159 773
159 230
159 873
159 362
159 455
159 892
159 821
159 438
159 663
159 344
159 636
160 355
160 201
160 1135
160 909
160 815
160 178
160 494
160 598
160 1111
160 248
160 558
160 604
161 554
161 593
161 402
161 889
161 633
161 380
162 1141
162 189
163 1056
163 321
163 1099
163 197
163 951
163 663
163 210
163 718
163 913
163 562
163 375
163 1242
163 410
163 666
164 224
164 773
164 892
164 1031
164 525
164 1103
164 657
164 338
164 1213
164 663
164 384
164 704
164 381
164 597
165 1154
165 172
165 546
165 1073
165 1113
165 410
165 858
165 862
166 427
166 203
166 647
166 1063
166 1038
166 369
166 822
166 793
166 231
167 453
167 330
167 439
167 428
167 781
167 526
167 1047
167 1019
167 220
167 381
167 478
168 194
168 715
168 193
168 1006
168 401
168 615
168 249
168 447
168 199
168 319
169 451
169 268
169 258
169 524
169 376
169 1108
169 318
169 930
170 353
170 1091
170 1224
170 886
170 685
170 839
170 1000
170 365
170 398
170 177
170 885
170 1096
171 472
171 945
171 715
171 270
171 432
171 241
171 280
172 864
172 296
172 610
172 1230
172 440
172 756
172 279
172 216
172 706
172 1044
172 744
173 939
173 612
173 666
173 235
173 240
173 1115
173 740
173 347
173 572
173 602
173 382
174 288
174 194
174 839
174 1074
174 206
174 207
174 727
174 1213
175 945
175 328
175 240
175 712
175 466
175 1237
175 409
175 260
175 1018
176 492
176 890
176 187
176 765
176 830
177 966
177 970
177 696
177 470
177 313
177 378
177 511
177 714
177 446
177 223
178 452
178 422
178 879
178 498
178 435
178 948
178 472
178 221
179 1066
179 515
179 1157
179 327
179 905
179 567
179 889
179 500
179 399
179 785
179 914
179 691
179 247
179 280
179 313
179 892
180 775
180 493
180 525
180 921
180 999
180 1050
180 285
181 353
181 582
181 233
181 1190
182 1046
182 778
182 747
182 717
183 898
183 655
183 927
183 803
183 1064
183 310
183 953
183 1092
183 455
183 1097
183 208
183 1234
183 377
183 856
183 353
183 1017
183 890
183 379
183 252
184 704
184 1140
184 1046
184 230
184 714
184 267
184 556
184 1167
184 820
184 474
184 1244
184 538
185 752
185 1179
185 518
185 263
185 429
185 238
185 240
185 376
185 468
185 463
185 248
185 1030
185 507
185 381
185 351
186 802
186 431
186 920
186 441
186 378
187 688
187 1122
187 993
187 264
187 781
187 840
187 695
187 632
187 1182
188 546
188 356
188 808
188 267
188 396
188 238
188 317
188 338
188 980
188 1102
188 1014
188 953
188 857
188 538
188 463
189 515
189 437
189 1183
190 1228
190 753
191 644
191 235
191 332
191 720
191 498
191 819
191 702
191 215
191 752
191 222
192 800
192 225
192 971
192 502
192 257
192 425
192 967
192 207
192 272
192 306
192 1187
192 278
192 759
192 286
193 576
193 1153
193 610
193 1090
193 358
193 680
193 552
193 342
193 280
193 1144
193 1215
194 448
194 290
194 579
194 390
194 203
194 716
194 1101
194 594
194 859
195 1177
195 412
196 768
196 899
196 197
196 910
196 468
196 343
196 220
197 314
197 382
198 768
198 577
198 1128
198 555
198 1108
198 916
198 989
198 1215
199 320
199 1211
199 644
199 710
199 367
199 274
199 1110
199 444
200 1105
200 220
200 1197
200 334
200 367
200 497
200 242
200 692
200 265
200 283
200 1221
201 708
201 774
201 1003
201 205
201 1233
201 853
201 836
202 416
202 1156
202 263
202 1033
202 844
202 1135
202 1179
202 1211
203 512
203 1161
203 272
203 467
203 756
203 342
203 440
203 507
204 320
204 648
204 1152
205 417
205 805
205 998
205 424
205 308
205 394
205 735
206 258
206 869
206 298
206 843
206 207
206 692
206 214
206 378
206 1226
206 670
207 1058
207 357
207 582
207 265
207 1129
207 397
207 592
207 786
207 1075
207 1204
207 727
207 1083
207 954
208 1248
208 353
208 645
208 614
208 1071
208 691
208 312
208 731
208 621
208 223
209 624
209 930
209 683
209 216
209 1054
210 1225
210 459
210 782
210 401
210 1017
210 1111
210 988
210 894
210 671
211 631
211 354
211 279
212 513
212 1153
212 233
212 395
212 300
212 1137
212 1010
212 1191
212 1178
212 570
212 1018
213 901
213 974
213 413
213 255
214 1153
214 322
214 1219
214 1001
214 682
214 331
214 940
214 760
214 917
214 827
214 508
214 349
214 542
214 287
215 474
215 1118
215 1096
215 329
215 1227
215 464
215 1016
215 789
215 553
215 888
215 411
215 766
216 899
216 1039
216 279
216 348
216 1199
216 560
216 562
216 1077
216 311
216 466
216 467
216 987
216 988
216 227
216 356
216 883
216 633
217 288
217 837
217 333
217 654
217 1139
217 1174
217 917
217 943
217 639
217 221
217 286
217 223
218 965
218 289
218 976
219 1057
219 931
219 452
219 581
219 1185
219 1096
219 264
219 529
219 469
219 374
219 280
219 730
219 1147
219 924
220 1037
220 564
220 477
221 647
221 1074
221 560
221 1205
221 374
221 444
221 447
222 258
222 900
222 1189
222 712
222 398
222 240
222 1192
222 469
222 503
223 288
223 609
223 1026
223 326
223 625
223 647
223 620
223 498
223 718
224 851
224 891
225 339
225 1039
225 307
225 888
225 819
226 266
226 1217
226 391
226 278
226 761
226 661
227 736
227 551
227 269
227 1233
227 313
227 474
228 673
228 1239
228 1062
228 359
228 524
228 717
228 495
228 657
228 983
228 312
228 436
228 527
228 284
228 1037
228 415
229 1088
229 683
229 621
229 1223
229 687
229 703
230 420
230 1033
230 428
230 830
231 354
231 360
231 684
231 962
231 243
231 457
231 767
232 548
232 749
232 245
233 513
233 292
233 902
233 584
233 265
233 460
233 681
233 247
234 416
234 847
234 587
234 973
234 876
234 898
234 477
234 449
234 542
234 559
234 764
234 350
235 1067
235 708
235 391
235 423
235 237
235 1008
235 264
235 596
235 617
235 281
235 1210
236 355
236 998
236 483
236 980
236 894
237 1188
237 457
237 1085
237 334
237 733
237 371
237 246
237 247
237 312
237 730
237 956
237 575
238 355
238 333
238 675
238 697
238 504
238 762
239 395
239 849
239 1227
239 343
240 332
240 567
240 445
241 483
241 1067
241 700
241 542
242 780
242 268
242 823
243 376
244 801
244 322
244 387
244 667
244 389
244 1187
244 330
244 271
244 272
244 337
244 786
244 371
244 527
244 901
245 258
245 262
245 777
245 273
245 1245
245 275
245 410
245 1071
245 796
245 477
245 946
245 698
245 317
245 321
245 962
245 1226
245 725
245 346
245 861
245 785
245 1002
245 765
245 638
246 885
247 976
247 260
247 1100
247 466
247 274
247 1179
247 252
247 383
248 390
248 665
248 489
248 1055
248 569
248 286
248 543
249 1104
249 459
249 847
249 1008
249 402
249 611
249 981
249 379
250 928
250 1123
250 861
250 423
250 650
250 940
250 463
250 562
250 822
250 1081
250 842
251 290
251 1028
251 929
251 331
252 622
252 911
253 260
253 1158
253 519
253 520
253 331
253 941
253 981
253 1206
253 905
253 314
254 257
254 548
254 801
254 398
254 1040
254 1044
254 878
254 868
255 1027
255 1025
255 1089
255 568
255 456
255 553
255 711
255 365
255 1165
255 912
255 387
255 536
255 377
255 635
255 834
255 1221
256 417
256 966
256 1002
256 337
256 1083
256 895
257 996
257 1126
257 938
257 660
257 597
257 920
257 380
258 827
258 269
258 1019
258 914
258 411
258 540
259 898
259 261
259 362
259 811
259 268
259 941
259 273
259 803
259 505
259 1082
259 955
260 769
260 663
260 689
260 377
260 862
261 641
261 1093
261 903
261 266
261 1035
261 303
261 296
261 274
261 291
261 1240
261 825
261 539
261 1162
261 575
262 876
262 365
262 944
262 413
263 489
263 299
263 824
263 1123
263 792
263 925
264 445
265 796
265 821
265 302
265 881
265 947
265 436
265 375
265 735
266 643
266 552
266 300
266 386
266 430
266 461
266 974
266 738
266 317
266 318
267 579
267 686
267 1178
268 608
268 1232
268 879
268 409
268 634
268 510
269 752
269 439
270 1238
270 712
270 616
270 274
270 739
270 564
270 950
270 285
270 341
271 1222
271 635
271 1126
271 390
271 424
271 1165
271 912
271 456
271 466
271 341
271 379
271 382
272 394
272 364
272 397
272 1070
272 416
272 1130
272 458
272 414
273 544
273 580
273 904
273 467
273 543
274 614
274 744
274 749
274 499
274 696
274 281
275 576
275 960
275 1129
275 367
275 725
275 564
275 346
275 874
275 373
276 344
277 339
278 1188
278 453
278 614
278 654
278 306
278 408
278 669
279 875
279 1092
279 1032
279 841
279 299
279 853
279 1017
279 539
280 981
280 1157
281 968
281 301
282 484
282 776
282 1037
282 979
282 788
282 756
282 575
283 933
283 551
283 586
283 598
283 1116
285 769
285 1172
285 982
285 907
285 461
285 434
285 665
285 1079
286 737
286 503
287 737
287 1094
287 1036
287 364
287 560
287 532
287 1077
287 506
287 668
288 1194
288 593
288 511
289 516
289 843
289 760
289 440
289 793
289 477
290 603
290 584
290 811
290 594
291 326
292 580
292 624
292 851
292 339
292 698
292 991
293 1104
293 296
293 755
294 1160
294 331
294 848
294 529
294 910
294 1243
294 573
295 326
295 530
295 1134
295 915
295 1205
295 1085
295 862
295 607
296 493
296 304
296 634
296 637
297 352
297 584
297 587
297 1201
297 826
297 348
298 864
298 705
298 452
298 537
298 442
299 1129
299 1034
299 441
300 897
300 1058
300 484
300 882
300 722
300 665
300 308
300 1116
300 383
301 836
301 665
301 414
302 516
302 1046
302 774
302 971
302 1036
302 651
302 1003
302 431
302 1109
302 534
302 943
302 1212
302 1190
302 1023
303 550
303 746
303 1131
303 1138
303 659
304 387
304 882
304 942
304 754
305 1073
305 876
305 429
305 1234
305 947
305 569
306 1222
306 502
306 870
306 433
306 1033
306 334
306 628
306 1183
307 741
307 774
307 1162
307 587
307 399
307 946
307 596
307 676
307 783
307 348
308 932
308 325
308 359
309 1072
309 919
309 619
309 689
309 340
309 727
309 404
310 1045
310 437
310 795
310 924
310 661
311 448
311 802
311 810
311 781
311 847
311 1077
311 860
312 1123
312 679
312 632
312 591
312 536
312 1149
313 490
313 590
313 751
313 1198
313 374
313 411
313 1011
314 522
314 550
314 393
314 567
314 468
314 677
315 384
315 451
315 334
315 881
315 882
315 437
315 345
315 319
316 768
316 504
316 769
317 418
317 602
317 392
317 332
317 589
317 943
317 899
317 503
317 1188
317 571
317 554
319 615
319 713
320 1136
320 1156
320 325
320 560
320 824
321 903
321 1067
321 589
321 925
321 1176
322 878
322 337
323 977
323 1107
323 1080
323 570
324 1029
324 1196
324 336
324 1091
324 464
324 405
324 1172
324 831
325 990
325 894
326 1218
326 518
326 400
326 721
326 532
327 576
327 386
327 644
327 998
327 521
327 491
327 1148
327 371
327 901
328 835
328 748
328 728
328 1101
328 816
328 433
328 818
328 726
328 733
328 510
329 608
329 769
329 454
329 365
329 558
329 859
329 637
330 700
330 975
330 373
331 964
331 679
331 1128
331 596
331 764
331 1150
331 1151
332 797
333 1040
333 1090
333 488
333 1105
333 360
333 1064
333 1099
333 498
333 501
333 677
333 380
333 925
333 581
334 910
334 520
334 691
334 729
334 1050
335 579
335 872
335 906
335 1074
335 957
336 1159
336 676
336 666
336 826
336 479
337 743
337 392
337 523
337 500
337 943
337 791
337 776
337 568
337 379
337 541
337 706
337 1247
338 743
338 745
338 1003
338 1164
338 1010
338 985
338 670
339 901
339 585
339 684
339 622
340 1047
341 804
341 553
341 593
342 1155
342 432
342 372
343 945
343 359
343 363
343 1132
343 648
344 612
344 646
344 871
344 396
344 522
344 491
344 867
344 1143
344 917
344 413
344 606
345 850
346 386
346 1007
346 1106
346 920
346 988
347 687
347 406
347 696
348 1057
348 617
349 758
349 649
349 624
349 596
349 535
349 1176
349 1012
349 926
350 992
350 571
350 455
350 556
350 813
350 1051
350 884
350 505
351 770
352 548
352 424
352 627
352 853
352 985
352 378
353 420
353 398
353 763
353 645
354 837
354 1062
354 1115
355 1065
355 632
356 770
356 771
356 773
356 359
356 650
356 1053
356 471
356 666
357 1107
357 803
357 520
357 874
357 590
357 561
357 370
357 563
357 1080
357 667
358 1007
358 1106
358 405
358 820
359 936
359 521
359 495
359 818
359 948
360 687
360 382
361 1189
361 838
361 1128
361 1036
361 1010
361 633
361 474
361 667
361 412
362 929
362 1223
362 648
362 438
362 985
362 412
363 1185
363 1186
363 588
363 578
363 367
363 1182
364 537
365 433
365 809
366 835
366 1097
366 620
366 754
366 1142
366 441
367 916
367 1017
368 673
368 616
369 800
369 482
369 1138
369 1111
369 667
370 417
370 475
371 928
371 931
371 533
371 894
372 1182
372 750
373 1208
373 731
373 927
374 957
374 588
374 718
374 445
375 930
375 561
375 865
376 1075
376 1158
376 1030
376 729
376 1004
376 398
376 764
377 529
377 440
377 796
378 736
378 419
378 618
378 813
379 1132
379 498
379 1081
379 1086
380 678
380 1004
380 814
381 928
381 865
381 965
381 1159
381 558
382 904
382 1174
383 399
383 1052
383 510
384 416
384 902
384 744
384 1168
384 547
384 435
384 1140
384 758
385 1184
385 419
385 517
385 1128
385 754
385 788
386 672
386 1216
386 963
386 972
386 791
386 664
388 411
389 550
389 680
389 715
389 525
389 758
389 1214
390 485
390 935
390 1072
390 742
390 1121
391 547
391 582
391 653
391 631
392 1217
392 933
392 1225
392 496
392 662
392 504
392 537
393 843
393 518
393 1164
393 1005
394 545
395 483
395 456
395 858
396 561
396 478
396 446
397 1158
397 598
397 1145
398 421
398 590
398 913
399 1184
399 934
399 999
399 1193
399 600
399 1011
399 606
400 552
400 1037
400 1229
400 922
401 994
401 877
401 788
402 1175
402 1074
402 407
402 760
403 841
403 842
403 1170
403 694
404 514
404 1219
404 421
404 1041
404 1066
404 1009
404 1074
404 932
404 603
405 958
406 1061
406 1093
408 1228
408 846
408 721
408 723
409 457
409 944
409 468
409 1150
410 422
410 425
410 587
410 464
410 917
410 778
410 693
411 616
411 1175
411 558
411 799
412 516
412 1238
413 1189
413 1133
413 528
415 732
416 1121
416 1058
416 945
416 478
417 483
417 1019
417 539
417 826
417 511
418 1124
418 725
418 476
419 719
419 530
420 1220
420 455
420 461
420 494
420 661
421 772
422 588
423 897
423 674
424 545
424 716
424 1176
424 890
424 637
425 901
425 574
426 594
426 668
426 573
427 1130
427 591
428 640
428 714
428 497
428 1043
428 1015
428 849
429 566
429 1111
430 1065
431 650
431 1149
432 995
432 1188
434 689
435 841
435 815
435 631
436 908
436 559
436 759
436 1241
437 1009
437 877
437 722
437 540
437 1206
438 677
438 1068
438 1005
438 499
438 857
439 803
439 813
439 459
439 1132
439 829
441 1043
441 517
441 521
441 682
441 495
441 1229
441 794
441 762
442 672
442 677
442 557
444 577
444 709
444 486
444 1032
444 1185
444 623
444 465
445 547
446 1161
447 586
447 1138
447 789
449 491
449 781
450 535
450 1166
450 824
450 699
451 772
451 1183
451 726
451 564
451 956
451 799
452 480
452 481
452 523
452 908
452 718
452 730
452 988
453 458
453 494
453 1032
453 569
453 1116
454 1167
454 1177
454 473
455 864
455 929
456 579
457 866
457 851
457 872
457 585
457 1072
457 595
457 1001
457 931
458 514
458 1234
458 499
458 894
459 808
459 659
459 634
460 672
460 1107
460 601
460 540
461 896
461 551
461 1146
462 704
462 1202
462 849
463 804
463 613
463 1063
463 1003
463 465
463 1113
463 568
463 794
464 1088
464 641
464 1122
464 611
464 872
464 1124
465 744
465 514
465 925
466 792
467 1242
468 502
469 699
469 1003
469 790
469 665
469 571
470 481
470 491
470 845
470 626
470 510
470 824
470 633
471 1020
471 892
471 479
473 743
473 874
473 1227
473 642
473 1123
473 854
474 1154
474 689
474 839
474 1186
474 494
474 1103
474 1147
475 608
475 868
475 1031
475 1070
475 591
475 1241
475 927
476 712
476 750
476 564
476 916
477 992
477 970
478 482
478 1196
478 802
478 814
478 1169
478 1011
479 583
481 968
481 857
481 825
481 700
482 710
482 940
482 602
483 1028
483 1068
483 749
483 831
484 783
484 560
484 754
484 1022
484 1142
484 734
485 796
486 1194
486 627
486 1051
487 737
487 879
487 860
488 938
488 759
489 778
489 1058
489 1169
489 757
489 826
490 952
491 818
492 604
492 640
492 978
492 554
493 1231
494 1067
495 508
496 667
496 798
497 973
497 797
497 1000
497 951
497 568
497 911
497 701
497 863
499 786
501 1131
502 864
502 867
502 932
502 935
502 1248
502 1039
502 656
502 957
502 575
503 635
504 912
504 791
504 1112
504 571
504 572
505 609
506 872
506 1116
506 854
506 857
507 580
507 836
508 1060
508 662
509 673
509 782
509 671
510 1057
510 629
510 1146
511 1165
512 613
512 774
512 1086
512 984
513 1057
513 773
513 520
513 535
513 827
513 701
514 787
515 896
515 1026
515 1220
515 956
515 1054
516 752
516 597
516 737
517 835
517 909
517 530
517 954
517 731
517 1115
517 670
518 588
518 605
518 1008
519 549
520 778
520 1110
521 1157
521 1063
521 1189
522 807
523 1128
523 553
523 1060
523 636
524 736
524 1089
524 1096
524 636
524 734
525 630
525 997
526 1068
528 1187
528 1020
529 834
529 726
529 536
529 990
530 738
530 644
531 652
531 826
531 1110
532 900
532 681
532 1179
533 1222
533 1164
533 970
533 883
533 861
534 643
534 868
534 634
534 862
535 742
535 679
535 681
535 1149
535 591
535 1009
535 819
535 1236
536 1120
536 1233
536 1036
536 919
536 695
536 699
536 1084
536 1118
537 832
537 870
537 1169
537 566
537 923
537 767
538 1120
538 1191
538 874
538 715
540 552
540 770
540 561
541 1212
541 1001
541 828
542 1075
542 1065
542 914
543 1202
543 956
543 1055
544 937
544 1227
544 686
544 1141
545 688
545 1018
545 1116
546 800
546 708
546 719
546 720
546 821
546 794
546 1243
546 639
548 640
548 994
548 619
548 621
548 1245
548 991
549 638
550 1069
550 1203
550 933
550 607
551 1219
551 942
551 995
552 968
552 852
552 1018
553 867
553 879
554 967
554 1006
555 1083
555 1050
556 1156
556 1141
557 1136
557 629
557 956
557 869
558 710
559 649
559 693
562 646
562 1238
563 648
563 697
564 672
564 846
565 971
565 886
565 888
565 959
566 1024
566 709
566 615
566 1100
567 1241
567 989
568 1095
570 993
570 1239
570 1181
570 951
570 980
570 701
570 863
571 934
571 753
571 694
573 889
573 1180
574 1102
574 631
575 1027
576 842
576 651
577 1040
577 724
577 989
578 674
578 839
578 782
578 1049
579 612
579 1103
580 849
581 866
581 850
584 913
584 616
584 816
584 1107
586 783
586 645
586 1207
586 600
587 903
588 775
588 873
588 594
590 678
590 1137
590 908
590 913
590 978
590 910
591 711
591 840
591 1233
591 595
592 1201
593 964
593 902
593 1089
593 1095
593 1144
593 893
593 830
594 1191
594 724
594 1246
594 950
594 663
594 1016
594 1113
595 1147
596 1061
597 632
598 609
598 1236
598 790
599 704
599 864
599 1189
599 1062
599 936
599 619
599 817
599 627
599 958
600 1175
601 961
601 805
601 799
602 1102
603 867
603 1081
604 961
604 656
604 690
605 1111
606 725
606 703
608 679
608 626
608 997
609 804
609 645
609 1223
609 1000
609 747
609 692
609 724
609 763
611 1181
612 859
613 866
613 875
613 1070
613 729
613 767
614 1124
614 668
615 815
615 721
616 975
617 875
617 750
619 1112
620 772
620 717
620 946
622 897
622 1042
623 994
623 707
623 686
623 847
623 915
623 697
624 1087
626 906
626 1043
628 716
630 711
632 762
633 1195
633 1106
633 828
635 845
635 785
637 819
637 953
638 755
638 884
639 995
640 664
641 1133
641 783
641 829
642 1042
642 779
642 1007
642 884
643 1030
643 1006
643 1081
643 1190
644 770
644 907
644 1136
644 1204
645 1192
645 879
645 1079
645 922
645 1147
645 874
645 816
647 686
647 831
647 798
649 1231
651 677
651 657
651 805
653 694
653 746
654 1012
654 1175
654 860
657 771
657 710
659 851
660 1035
661 884
662 675
662 1220
662 967
662 748
662 1064
662 855
663 773
664 680
665 1078
666 1248
666 814
666 1037
666 695
667 880
667 1070
667 1134
668 1113
668 732
669 799
670 999
670 1199
671 966
673 713
673 790
674 833
674 1201
674 1204
674 921
675 871
675 757
675 821
676 740
676 1004
677 1219
677 887
678 741
678 1224
678 971
678 780
678 806
679 958
680 1025
680 842
680 1134
680 976
680 869
681 1249
681 1021
682 1033
682 1144
683 753
684 777
684 732
685 1228
687 1025
687 711
687 719
687 1183
688 811
689 929
690 821
691 1196
692 880
692 759
694 1230
696 733
698 1213
698 763
698 926
699 1226
699 739
700 856
701 980
702 811
703 973
705 952
706 1155
706 843
706 1019
707 1132
708 1126
710 858
710 926
713 997
713 780
713 1215
714 818
714 1208
714 728
715 832
715 818
716 745
716 717
717 1061
718 1163
718 1200
719 1184
721 1012
721 1113
723 782
723 1054
724 950
724 946
725 829
727 869
728 919
728 787
728 733
728 1087
729 739
729 772
729 810
729 1143
730 746
731 936
731 1036
731 899
732 1055
733 991
736 1153
736 823
737 738
737 920
738 784
740 947
743 1027
743 806
743 807
743 787
746 948
746 757
747 1101
747 1075
748 949
751 949
752 937
752 1045
753 1073
754 912
755 1202
755 1174
755 1034
756 1041
756 757
757 926
758 830
758 869
759 776
760 1015
760 825
761 855
762 936
762 795
763 779
763 1020
764 916
764 1117
764 959
765 970
765 1015
765 983
766 1017
767 823
769 1222
770 810
771 772
773 1032
774 1035
775 807
776 963
776 1226
776 940
776 1085
778 972
778 1047
778 792
780 966
780 944
781 839
781 1016
782 1155
782 813
782 1146
783 1099
783 923
783 1086
787 930
787 1145
788 841
788 1080
789 1123
789 1098
789 1082
790 909
793 871
795 946
796 1024
796 966
798 937
798 1150
799 1192
799 1231
800 1185
800 1004
801 1202
801 895
802 935
802 812
803 927
804 1052
804 1163
804 1014
804 858
806 887
806 858
806 1084
809 1094
809 1177
810 990
812 1065
812 1165
812 1203
813 1148
814 866
814 849
814 1139
815 1185
815 1245
815 1214
819 838
819 1130
819 1040
822 998
822 881
822 1013
824 1199
824 1148
825 1091
826 1160
827 1095
827 1130
828 903
828 921
829 962
835 1188
835 1246
836 976
838 1154
838 844
838 853
839 1127
839 981
841 1095
842 1030
844 1105
845 848
846 1053
848 1029
850 992
851 897
851 1025
851 1249
851 1049
852 1093
855 1145
856 1056
857 1027
858 876
861 1026
863 915
864 1249
865 1081
867 960
867 1056
867 968
868 1126
869 1125
869 873
869 989
870 904
873 1030
873 1082
874 1013
874 1125
875 944
876 910
876 1147
876 1130
878 1152
880 888
880 1204
880 1146
882 904
883 1024
884 1168
884 1145
887 974
887 1008
889 998
890 1001
890 949
890 1112
891 897
891 906
891 1067
891 1045
893 1187
894 1096
895 1038
895 1079
896 1060
899 986
900 960
901 1014
903 1135
904 943
908 1197
909 1120
909 994
909 965
912 964
912 1215
914 1059
914 1118
916 1013
919 939
922 1022
923 1039
923 987
924 939
924 1231
925 1120
926 1131
926 941
926 1110
926 1179
928 1167
930 1100
932 1082
934 1050
937 972
938 974
939 1237
940 944
941 1195
941 1071
942 1137
946 1198
948 1244
951 1028
952 1060
952 1249
952 1138
952 1235
955 993
955 1156
955 965
955 1228
955 1168
956 1049
957 1004
958 1016
959 1065
962 1127
962 1178
962 1247
965 1002
970 1234
971 1093
973 1083
973 1239
975 1151
976 1221
977 1168
980 1099
982 984
983 1148
984 1192
989 992
989 1209
990 1006
991 1029
991 1077
991 1093
992 1098
992 1149
992 1200
993 1000
993 1208
995 1127
996 1048
997 1097
998 1031
1001 1245
1001 1242
1002 1069
1004 1043
1006 1103
1008 1174
1008 1016
1010 1180
1021 1232
1022 1195
1028 1090
1031 1218
1031 1063
1031 1042
1032 1225
1036 1231
1048 1192
1054 1235
1057 1102
1058 1170
1058 1206
1059 1117
1067 1194
1069 1209
1069 1182
1070 1195
1077 1101
1079 1239
1080 1224
1092 1154
1092 1247
1097 1176
1100 1152
1101 1241
1105 1108
1106 1109
1117 1122
1118 1166
1121 1183
1131 1246
1138 1243
1140 1167
1143 1245
1145 1237
1146 1151
1153 1203
1159 1216
1168 1169
1176 1213
1183 1184
1189 1227
1191 1198
1197 1235
1207 1241
1208 1242
1224 1237
1232 1243
