0 1028
0 5
0 6
0 7
0 8
0 9
0 10
0 599
0 12
0 13
0 14
0 527
0 16
0 17
0 19
0 20
0 21
0 24
0 25
0 27
0 30
0 35
0 36
0 774
0 550
0 553
0 43
0 50
0 52
0 56
0 59
0 1085
0 1086
0 63
0 576
0 67
0 72
0 73
0 1101
0 1105
0 526
0 87
0 93
0 606
0 1125
0 103
0 106
0 111
0 1137
0 1140
0 117
0 119
0 1146
0 127
0 128
0 641
0 133
0 134
0 136
0 650
0 139
0 652
0 653
0 142
0 144
0 1173
0 1049
0 666
0 165
0 166
0 167
0 680
0 172
0 687
0 692
0 183
0 184
0 186
0 1211
0 1215
0 1216
0 714
0 717
0 214
0 730
0 1246
0 892
0 234
0 237
0 238
0 239
0 753
0 244
0 246
0 639
0 262
0 267
0 782
0 271
0 273
0 792
0 283
0 286
0 293
0 814
0 817
0 310
0 312
0 318
0 319
0 320
0 327
0 336
0 851
0 1166
0 347
0 357
0 878
0 879
0 882
0 374
0 380
0 896
0 388
0 389
0 390
0 394
0 1175
0 924
0 1178
0 414
0 937
0 427
0 429
0 457
0 477
0 487
0 505
1 769
1 1028
1 5
1 1153
1 8
1 393
1 901
1 800
1 36
1 1194
1 1200
1 50
1 63
1 65
1 194
1 70
1 199
1 459
1 1004
1 1103
1 593
1 343
1 1114
1 95
1 995
1 1129
1 876
1 111
1 241
1 754
2 641
2 642
2 131
2 5
2 6
2 7
2 9
2 10
2 907
2 140
2 13
2 15
2 17
2 403
2 20
2 790
2 663
2 24
2 794
2 453
2 678
2 40
2 41
2 171
2 645
2 691
2 53
2 951
2 187
2 906
2 309
2 69
2 968
2 715
2 460
2 80
2 594
2 83
2 341
2 983
2 89
2 1239
2 864
2 357
2 745
2 749
2 112
2 753
2 1138
2 371
2 1140
2 1048
2 119
2 378
2 1148
2 381
3 5
3 6
3 7
3 9
3 650
3 783
3 659
3 22
3 36
3 710
3 430
3 52
3 55
3 184
3 64
3 454
3 587
3 208
3 292
3 92
3 223
3 736
3 1136
3 117
3 503
4 1027
4 5
4 6
4 7
4 8
4 11
4 13
4 15
4 16
4 88
4 20
4 537
4 32
4 33
4 37
4 554
4 555
4 44
4 48
4 50
4 53
4 1079
4 65
4 69
4 582
4 78
4 525
4 80
4 600
4 604
4 97
4 617
4 618
4 1131
4 112
4 118
4 1143
4 120
4 123
4 135
4 136
4 141
4 658
4 666
4 1179
4 1222
4 175
4 688
4 177
4 698
4 188
4 705
4 706
4 198
4 1223
4 202
4 1229
4 206
4 1232
4 213
4 216
4 731
4 223
4 737
4 226
4 232
4 979
4 254
4 771
4 276
4 286
4 290
4 804
4 300
4 304
4 308
4 822
4 329
4 333
4 847
4 342
4 360
4 368
4 1165
4 883
4 893
4 895
4 386
4 905
4 394
4 395
4 397
4 1037
4 429
4 459
4 467
4 497
4 1022
5 6
5 7
5 10
5 13
5 15
5 1041
5 18
5 21
5 22
5 25
5 26
5 539
5 29
5 35
5 37
5 40
5 553
5 42
5 1031
5 45
5 47
5 1072
5 51
5 565
5 56
5 58
5 59
5 62
5 66
5 68
5 69
5 72
5 74
5 75
5 76
5 81
5 83
5 87
5 89
5 90
5 91
5 1116
5 99
5 100
5 105
5 1130
5 107
5 621
5 110
5 111
5 124
5 128
5 129
5 131
5 647
5 648
5 139
5 146
5 622
5 150
5 152
5 157
5 166
5 682
5 174
5 1053
5 694
5 704
5 201
5 714
5 715
5 213
5 1238
5 729
5 221
5 224
5 231
5 233
5 754
5 755
5 248
5 253
5 769
5 265
5 268
5 786
5 277
5 279
5 795
5 800
5 289
5 292
5 1159
5 301
5 304
5 1050
5 827
5 317
5 835
5 838
5 839
5 330
5 340
5 342
5 343
5 354
5 358
5 876
5 366
5 879
5 371
5 373
5 377
5 891
5 385
5 397
5 404
5 1092
5 1241
5 412
5 415
5 425
5 429
5 430
5 432
5 437
5 446
5 447
5 462
5 976
5 612
5 1105
5 488
5 495
5 499
5 508
6 8
6 9
6 12
6 14
6 144
6 273
6 146
6 19
6 148
6 686
6 22
6 407
6 1177
6 26
6 797
6 158
6 133
6 803
6 39
6 169
6 172
6 46
6 925
6 392
6 55
6 440
6 697
6 671
6 60
6 373
6 65
6 323
6 836
6 453
6 198
6 199
6 72
6 140
6 203
6 205
6 846
6 336
6 81
6 83
6 212
6 341
6 87
6 984
6 857
6 730
6 592
6 610
6 227
6 741
6 209
6 892
6 1160
6 402
6 110
6 111
6 114
6 1011
6 244
6 117
6 1142
6 1236
6 764
7 448
7 513
7 8
7 9
7 10
7 11
7 12
7 258
7 270
7 1133
7 16
7 17
7 18
7 403
7 20
7 149
7 153
7 664
7 132
7 179
7 559
7 1053
7 33
7 1058
7 163
7 1189
7 1067
7 39
7 170
7 939
7 44
7 1069
7 175
7 561
7 172
7 137
7 57
7 314
7 991
7 1212
7 61
7 320
7 65
7 522
7 701
7 908
7 614
7 716
7 386
7 1037
7 1233
7 1100
7 1017
7 212
7 469
7 569
7 476
7 93
7 351
7 962
7 481
7 355
7 229
7 102
7 1041
7 235
7 530
7 317
7 916
7 881
7 114
7 118
7 119
7 249
7 378
7 252
7 381
7 255
8 899
8 261
8 520
8 10
8 11
8 1164
8 13
8 173
8 16
8 17
8 146
8 1155
8 686
8 772
8 151
8 25
8 410
8 29
8 389
8 33
8 34
8 37
8 297
8 43
8 45
8 46
8 986
8 49
8 1035
8 180
8 53
8 823
8 56
8 308
8 58
8 574
8 693
8 320
8 66
8 267
8 69
8 456
8 73
8 1226
8 331
8 1232
8 977
8 338
8 739
8 902
8 88
8 858
8 135
8 222
8 607
8 99
8 997
8 104
8 775
8 114
8 116
9 521
9 11
9 14
9 15
9 16
9 17
9 534
9 24
9 537
9 1050
9 27
9 540
9 1056
9 34
9 35
9 551
9 41
9 554
9 43
9 45
9 46
9 48
9 49
9 55
9 61
9 1090
9 1035
9 68
9 71
9 76
9 610
9 592
9 81
9 597
9 86
9 1116
9 609
9 98
9 101
9 102
9 103
9 108
9 1134
9 111
9 122
9 1148
9 132
9 139
9 147
9 196
9 155
9 1187
9 680
9 169
9 687
9 688
9 177
9 178
9 180
9 183
9 184
9 708
9 200
9 202
9 205
9 721
9 1234
9 225
9 1233
9 295
9 749
9 756
9 1031
9 277
9 279
9 794
9 283
9 561
9 304
9 316
9 320
9 323
9 324
9 325
9 838
9 843
9 333
9 346
9 859
9 350
9 355
9 365
9 370
9 374
9 386
9 387
9 1177
9 418
9 438
9 953
9 954
9 446
9 969
9 1020
10 1156
10 236
10 756
10 11
10 12
10 130
10 14
10 984
10 18
10 533
10 22
10 23
10 152
10 281
10 154
10 283
10 28
10 30
10 927
10 32
10 33
10 34
10 39
10 808
10 1054
10 278
10 818
10 449
10 1075
10 158
10 54
10 56
10 57
10 187
10 316
10 189
10 446
10 575
10 320
10 416
10 578
10 453
10 1094
10 327
10 961
10 207
10 82
10 726
10 313
10 216
10 729
10 218
10 348
10 478
10 95
10 443
10 357
10 167
10 108
10 237
10 496
10 625
10 706
10 574
10 758
10 760
10 1176
10 123
10 1159
10 253
10 127
11 1153
11 133
11 1047
11 12
11 14
11 15
11 1169
11 19
11 20
11 149
11 279
11 537
11 27
11 29
11 31
11 1185
11 674
11 675
11 764
11 40
11 41
11 453
11 1159
11 777
11 818
11 433
11 533
11 435
11 52
11 55
11 184
11 826
11 316
11 61
11 63
11 64
11 450
11 708
11 69
11 1094
11 72
11 396
11 970
11 1207
11 76
11 461
11 844
11 845
11 952
11 84
11 142
11 598
11 91
11 1244
11 861
11 734
11 97
11 1147
11 700
11 277
11 619
11 492
11 296
11 1138
11 403
11 1012
11 630
11 425
11 276
11 191
11 252
11 362
11 127
12 797
12 265
12 269
12 144
12 19
12 366
12 25
12 282
12 28
12 794
12 30
12 671
12 160
12 164
12 38
12 44
12 47
12 306
12 819
12 300
12 1081
12 188
12 138
12 1217
12 451
12 329
12 74
12 1123
12 729
12 219
12 224
12 523
12 482
12 867
12 356
12 357
12 230
12 235
12 110
12 61
12 112
12 369
12 246
12 887
13 139
13 141
13 147
13 917
13 22
13 24
13 26
13 29
13 927
13 805
13 38
13 561
13 954
13 59
13 188
13 829
13 73
13 592
13 722
13 217
13 481
13 102
13 493
13 1085
14 1067
14 726
14 143
14 145
14 985
14 19
14 21
14 1174
14 23
14 538
14 285
14 1115
14 36
14 550
14 49
14 553
14 298
14 171
14 943
14 48
14 177
14 351
14 948
14 393
14 59
14 394
14 709
14 76
14 206
14 548
14 722
14 979
14 590
14 214
14 1240
14 345
14 271
14 988
14 349
14 719
14 229
14 101
14 234
14 494
14 368
14 753
14 915
14 116
14 502
14 895
14 853
15 259
15 519
15 904
15 138
15 141
15 1038
15 400
15 280
15 18
15 148
15 533
15 23
15 152
15 409
15 431
15 542
15 415
15 32
15 547
15 37
15 170
15 172
15 47
15 177
15 436
15 670
15 441
15 955
15 190
15 1157
15 672
15 70
15 71
15 589
15 590
15 781
15 1051
15 344
15 644
15 220
15 638
15 1037
15 95
15 1249
15 635
15 1126
15 750
15 623
15 501
15 379
15 382
15 511
16 897
16 1163
16 268
16 783
16 1168
16 273
16 18
16 1194
16 25
16 411
16 540
16 160
16 539
16 421
16 296
16 938
16 172
16 944
16 947
16 311
16 826
16 189
16 576
16 577
16 579
16 1249
16 652
16 75
16 1213
16 594
16 211
16 84
16 85
16 86
16 87
16 856
16 1121
16 483
16 104
16 874
16 829
16 113
16 247
16 507
16 253
17 257
17 515
17 516
17 138
17 525
17 856
17 274
17 21
17 534
17 23
17 540
17 797
17 31
17 674
17 803
17 420
17 423
17 553
17 391
17 557
17 303
17 54
17 314
17 60
17 1141
17 705
17 962
17 325
17 1099
17 460
17 717
17 846
17 847
17 80
17 88
17 89
17 730
17 605
17 479
17 864
17 353
17 868
17 624
17 115
17 1013
17 937
17 889
17 1022
18 772
18 195
18 21
18 1174
18 157
18 30
18 31
18 801
18 930
18 1054
18 926
18 42
18 135
18 176
18 52
18 53
18 694
18 824
18 564
18 699
18 60
18 62
18 67
18 929
18 202
18 335
18 212
18 1145
18 463
18 992
18 225
18 911
18 742
18 999
18 1134
18 751
18 371
18 505
18 634
19 512
19 875
19 132
19 901
19 705
19 136
19 143
19 144
19 899
19 405
19 23
19 666
19 27
19 544
19 161
19 411
19 677
19 38
19 1063
19 40
19 42
19 583
19 685
19 48
19 1201
19 820
19 181
19 891
19 816
19 830
19 447
19 672
19 502
19 70
19 455
19 840
19 585
19 76
19 1101
19 720
19 1105
19 83
19 398
19 982
19 215
19 949
19 731
19 220
19 477
19 480
19 483
19 1124
19 166
19 1128
19 105
19 363
19 237
19 1243
19 498
19 499
19 374
19 119
19 377
19 123
19 767
20 134
20 398
20 160
20 417
20 931
20 806
20 46
20 47
20 288
20 196
20 587
20 724
20 854
20 363
20 113
20 120
20 510
21 132
21 1164
21 915
21 26
21 159
21 35
21 1064
21 291
21 1073
21 694
21 58
21 62
21 704
21 590
21 978
21 419
21 1108
21 1082
21 98
21 338
21 246
22 1166
22 494
22 67
22 686
22 1079
22 1242
22 27
22 796
22 925
23 1025
23 1110
23 646
23 135
23 940
23 962
23 1168
23 658
23 148
23 24
23 282
23 28
23 29
23 164
23 39
23 44
23 413
23 49
23 51
23 308
23 950
23 696
23 187
23 1191
23 66
23 1091
23 1220
23 456
23 713
23 1196
23 85
23 86
23 365
23 1249
23 100
23 870
23 360
23 167
23 108
23 109
23 750
23 752
23 506
23 123
23 124
23 637
23 382
23 1151
24 641
24 747
24 133
24 1159
24 266
24 1167
24 916
24 917
24 28
24 31
24 288
24 240
24 34
24 296
24 540
24 199
24 44
24 45
24 46
24 176
24 563
24 615
24 428
24 445
24 191
24 864
24 323
24 836
24 70
24 71
24 968
24 74
24 463
24 209
24 514
24 341
24 88
24 612
24 474
24 478
24 96
24 609
24 100
24 992
24 870
24 231
24 359
24 493
24 112
24 116
24 246
24 120
24 447
24 252
25 448
25 777
25 141
25 913
25 536
25 281
25 26
25 28
25 287
25 38
25 1201
25 168
25 42
25 1067
25 813
25 1072
25 689
25 52
25 185
25 444
25 192
25 1204
25 711
25 457
25 338
25 57
25 96
25 226
25 484
25 1127
25 616
25 497
25 242
25 116
25 1018
25 1021
26 721
26 1244
26 43
26 271
26 720
26 305
26 850
26 51
26 1204
26 1047
26 179
26 956
26 1191
26 702
26 959
27 896
27 517
27 1030
27 784
27 145
27 146
27 796
27 773
27 347
27 166
27 40
27 301
27 304
27 948
27 54
27 1033
27 315
27 63
27 1157
27 207
27 210
27 213
27 982
27 1112
27 91
27 607
27 354
27 100
27 104
27 236
27 883
27 122
27 447
27 125
27 597
28 1026
28 388
28 1089
28 267
28 525
28 400
28 538
28 283
28 796
28 922
28 30
28 32
28 34
28 35
28 845
28 167
28 1116
28 429
28 558
28 175
28 50
28 627
28 713
28 317
28 318
28 193
28 328
28 588
28 74
28 204
28 205
28 79
28 209
28 467
28 92
28 1245
28 94
28 351
28 356
28 488
28 361
28 106
28 1003
28 112
28 243
28 446
28 489
28 248
28 1022
29 770
29 260
29 902
29 649
29 276
29 406
29 33
29 171
29 944
29 305
29 309
29 310
29 442
29 957
29 835
29 196
29 289
29 841
29 202
29 77
29 82
29 1123
29 988
29 954
29 1247
29 481
29 99
29 740
29 488
29 361
29 1234
29 1128
29 243
29 118
29 264
30 427
30 260
30 520
30 395
30 749
30 147
30 660
30 798
30 31
30 32
30 555
30 164
30 683
30 585
30 39
30 424
30 299
30 567
30 190
30 832
30 651
30 68
30 839
30 73
30 1079
30 77
30 973
30 721
30 1106
30 739
30 1064
30 218
30 94
30 866
30 507
30 356
30 617
30 234
30 109
30 1135
30 1009
30 116
30 1145
30 123
30 511
31 171
31 134
31 391
31 264
31 782
31 783
31 272
31 515
31 151
31 281
31 161
31 675
31 37
31 424
31 41
31 43
31 949
31 186
31 191
31 194
31 582
31 77
31 665
31 847
31 208
31 82
31 213
31 875
31 220
31 954
31 421
31 614
31 1001
31 107
31 631
31 888
31 633
31 383
32 392
32 779
32 1036
32 292
32 937
32 170
32 685
32 184
32 953
32 74
32 62
32 450
32 842
32 80
32 98
32 361
32 237
32 1146
33 261
33 137
33 1163
33 401
33 658
33 792
33 164
33 241
33 41
33 945
33 438
33 187
33 195
33 580
33 566
33 585
33 75
33 80
33 210
33 36
33 608
33 225
33 827
33 657
33 360
33 617
33 493
33 616
33 369
33 377
34 1024
34 643
34 524
34 1039
34 661
34 150
34 154
34 538
34 415
34 162
34 295
34 686
34 49
34 1074
34 179
34 521
34 569
34 955
34 575
34 1222
34 930
34 78
34 1114
34 999
34 747
34 365
34 750
34 252
35 785
35 580
35 86
35 800
35 54
35 188
35 62
35 703
35 68
35 586
35 79
35 214
35 92
35 477
35 227
35 105
35 118
35 891
36 915
36 532
36 559
36 1024
36 941
36 47
36 48
36 305
36 54
36 823
36 1095
36 1100
36 77
36 654
36 854
36 1199
36 237
36 113
36 245
36 1143
36 124
37 643
37 273
37 402
37 150
37 536
37 644
37 159
37 987
37 548
37 38
37 169
37 45
37 947
37 94
37 60
37 799
37 71
37 714
37 1183
37 461
37 974
37 339
37 1109
37 1239
37 216
37 219
37 221
37 222
37 96
37 97
37 955
37 956
37 627
37 504
37 121
37 636
37 765
37 382
38 129
38 385
38 1175
38 277
38 934
38 413
38 162
38 294
38 423
38 42
38 51
38 181
38 1206
38 700
38 1086
38 575
38 833
38 842
38 852
38 856
38 101
38 223
38 806
38 867
38 678
38 109
38 1021
38 251
38 253
39 259
39 1158
39 408
39 664
39 155
39 420
39 680
39 428
39 93
39 951
39 1083
39 55
39 339
39 989
39 862
39 238
39 252
40 59
40 70
40 808
40 1129
40 66
40 530
40 1143
40 607
40 380
40 383
41 132
41 147
41 149
41 163
41 294
41 584
41 50
41 63
41 118
41 328
41 201
41 1059
41 473
41 603
41 991
41 488
41 880
41 787
41 374
41 377
42 192
42 68
42 391
42 138
42 939
42 626
42 79
42 337
42 472
42 1061
43 257
43 145
43 1171
43 788
43 918
43 151
43 924
43 802
43 1088
43 174
43 309
43 568
43 313
43 60
43 192
43 322
43 836
43 994
43 208
43 465
43 340
43 728
43 221
43 94
43 96
43 354
43 868
43 229
43 744
43 620
44 492
44 159
44 802
44 554
44 51
44 566
44 1216
44 580
44 71
44 718
44 82
44 84
44 224
44 226
44 355
44 740
44 364
44 1006
44 367
44 1139
44 379
45 268
45 143
45 414
45 169
45 520
45 53
45 310
45 1033
45 952
45 1210
45 65
45 198
45 455
45 73
45 84
45 85
45 219
45 479
45 1120
45 872
45 617
45 106
45 1007
45 497
45 627
45 884
45 297
45 1236
45 891
45 126
46 102
46 471
46 717
46 1240
46 1165
46 272
46 145
46 115
46 297
46 857
46 90
46 508
46 285
46 414
46 741
47 1154
47 518
47 263
47 142
47 400
47 532
47 282
47 795
47 284
47 666
47 163
47 295
47 433
47 947
47 398
47 573
47 1225
47 213
47 598
47 932
47 1116
47 228
47 102
47 363
47 61
48 1088
48 875
48 518
48 1170
48 806
48 302
48 1073
48 695
48 697
48 570
48 245
48 64
48 67
48 761
48 825
48 78
48 57
48 186
48 107
48 1011
48 126
48 120
48 249
48 1019
48 125
48 510
49 163
49 307
49 392
49 77
49 489
49 81
49 195
49 308
49 910
49 1081
49 532
49 347
49 381
49 702
49 191
50 384
50 278
50 640
50 160
50 426
50 683
50 56
50 441
50 1092
50 972
50 330
50 332
50 57
50 735
50 741
50 1002
50 1131
51 384
51 192
51 258
51 262
51 919
51 770
51 913
51 153
51 155
51 541
51 1054
51 799
51 291
51 690
51 755
51 58
51 959
51 64
51 608
51 1098
51 588
51 206
51 467
51 725
51 90
51 604
51 96
51 353
51 1169
51 1003
51 881
51 626
51 243
51 372
51 923
52 1154
52 258
52 230
52 1244
52 663
52 738
52 1230
52 244
52 87
52 818
52 540
52 575
53 448
53 1197
53 664
53 292
53 165
53 298
53 942
53 566
53 698
53 64
53 75
53 1100
53 471
53 92
53 224
53 486
53 105
53 1003
53 246
54 256
54 1172
54 101
54 721
54 651
54 556
54 484
54 1069
54 659
54 372
54 1045
54 472
54 228
54 1077
54 997
55 271
55 664
55 412
55 418
55 692
55 437
55 58
55 319
55 326
55 329
55 458
55 459
55 79
55 1107
55 90
55 221
55 736
55 1002
55 423
55 497
55 1151
55 127
56 66
56 931
56 324
56 588
56 244
56 311
56 248
56 1113
56 485
57 263
57 144
57 1027
57 358
57 295
57 235
57 1179
57 85
57 1207
57 250
57 997
57 125
57 158
57 629
58 651
58 786
58 152
58 550
58 426
58 173
58 1073
58 956
58 577
58 194
58 966
58 207
58 212
58 479
58 619
58 120
58 124
58 149
59 992
59 67
59 902
59 993
59 332
59 751
59 848
59 81
59 596
59 1214
59 86
59 215
59 1150
59 485
60 257
60 705
60 113
60 103
60 233
60 973
60 1113
60 528
60 787
60 1077
60 807
60 857
60 228
60 250
60 1057
60 732
61 770
61 134
61 143
61 156
61 546
61 803
61 422
61 445
61 1098
61 974
61 853
61 726
61 604
61 238
61 495
61 637
61 511
62 653
62 546
62 325
62 421
62 555
62 589
62 78
62 399
62 293
62 1050
62 223
63 482
63 516
63 165
63 1023
63 770
63 1139
63 949
63 470
63 299
63 570
63 91
63 1054
63 197
64 128
64 263
64 136
64 137
64 398
64 400
64 1176
64 147
64 535
64 280
64 286
64 710
64 808
64 1065
64 265
64 203
64 197
64 198
64 200
64 201
64 75
64 464
64 471
64 1047
64 331
64 459
64 1189
64 1129
64 234
64 620
64 241
64 114
65 262
65 401
65 1223
65 300
65 308
65 439
65 1217
65 452
65 453
65 839
65 337
65 82
65 988
65 350
65 95
65 480
65 101
65 106
65 367
65 1146
65 894
66 344
66 97
66 546
66 907
66 678
66 641
66 233
66 746
66 139
66 79
66 532
66 1065
66 439
66 509
66 581
67 384
67 133
67 265
67 322
67 621
67 146
67 407
67 417
67 834
67 197
67 198
67 204
67 210
67 856
67 860
67 95
67 107
67 402
68 288
68 72
68 971
68 175
68 1205
68 186
68 138
68 325
69 387
69 487
69 226
69 824
69 983
69 215
69 696
69 729
69 1122
69 573
69 94
70 898
70 523
70 654
70 1181
70 940
70 557
70 312
70 581
70 342
70 727
70 613
70 355
70 485
70 870
70 104
70 105
70 365
70 1192
71 513
71 134
71 778
71 661
71 288
71 161
71 168
71 169
71 571
71 828
71 965
71 200
71 1101
71 591
71 977
71 1107
71 343
71 731
71 93
71 990
71 677
71 1125
71 232
71 1138
71 121
71 917
72 256
72 203
72 263
72 911
72 883
72 155
72 389
73 514
73 983
73 638
73 674
73 431
73 221
74 128
74 516
74 521
74 401
74 658
74 1175
74 158
74 548
74 422
74 943
74 1200
74 1213
74 190
74 196
74 582
74 78
74 1235
74 1117
74 1121
74 1042
74 1006
74 113
74 244
74 509
74 767
75 1040
75 1042
75 1044
75 1052
75 442
75 1091
75 161
75 85
75 217
75 103
75 104
75 233
75 107
75 748
75 369
75 801
75 255
76 258
76 261
76 1162
76 1170
76 282
76 795
76 412
76 413
76 544
76 418
76 933
76 295
76 432
76 435
76 309
76 438
76 183
76 318
76 181
76 833
76 707
76 965
76 461
76 848
76 340
76 142
76 89
76 1018
76 990
76 1119
76 225
76 363
76 240
76 373
76 119
76 890
77 99
77 593
77 648
77 1131
77 845
77 562
77 787
77 789
78 771
78 267
78 275
78 921
78 156
78 417
78 419
78 813
78 176
78 706
78 331
78 1231
78 211
78 981
78 601
78 987
78 92
78 1124
78 615
78 1014
78 1015
79 384
79 512
79 130
79 650
79 578
79 275
79 154
79 1181
79 944
79 1202
79 321
79 330
79 83
79 1236
79 989
79 735
79 110
79 498
79 243
79 1147
80 131
80 908
80 109
80 176
80 1170
80 182
80 100
80 93
80 190
80 1087
81 140
81 909
81 1198
81 786
81 277
81 284
81 545
81 290
81 1137
81 170
81 1068
81 174
81 434
81 1139
81 311
81 185
81 629
81 195
81 204
81 598
81 1112
81 345
81 218
81 91
81 989
81 350
81 229
81 362
81 1009
81 115
81 126
81 888
81 121
81 254
82 736
82 706
82 485
82 1185
82 1173
82 302
82 463
82 84
82 853
83 1152
83 900
83 647
83 909
83 143
83 168
83 427
83 1245
83 564
83 439
83 571
83 316
83 319
83 577
83 708
83 605
83 352
83 613
83 236
83 366
83 881
83 1014
83 378
84 700
84 326
84 230
84 211
84 455
84 425
84 426
84 115
84 278
84 375
84 1112
84 1050
84 572
84 959
85 97
85 229
85 109
85 306
85 1012
85 502
85 90
85 668
86 642
86 1156
86 407
86 157
86 674
86 1066
86 302
86 432
86 189
86 1086
86 1216
86 721
86 88
86 89
86 219
86 371
86 125
87 832
87 131
87 776
87 108
87 301
87 710
87 593
87 1199
87 630
87 151
87 1049
87 347
87 1069
87 864
88 163
88 997
88 299
88 976
88 644
88 180
88 356
88 200
88 248
88 254
89 769
89 1155
89 902
89 649
89 395
89 130
89 149
89 280
89 925
89 167
89 440
89 574
89 578
89 579
89 334
89 335
89 464
89 594
89 468
89 1242
89 614
89 785
89 881
89 253
89 767
90 363
90 122
90 602
91 770
91 772
91 390
91 135
91 906
91 657
91 403
91 750
91 1184
91 165
91 173
91 563
91 701
91 191
91 199
91 986
91 110
91 880
91 115
91 757
92 772
92 262
92 131
92 411
92 432
92 162
92 176
92 436
92 1097
92 329
92 716
92 466
92 727
92 349
92 1135
92 240
92 382
93 677
93 956
93 559
93 945
93 274
93 155
93 668
93 1125
93 127
94 165
94 98
94 324
94 200
94 106
94 402
94 150
94 407
94 1188
94 1083
95 128
95 130
95 361
95 391
95 387
95 1133
95 1070
95 850
95 259
95 903
95 631
95 873
95 1216
95 959
96 385
96 261
96 136
96 137
96 267
96 531
96 934
96 568
96 314
96 1097
96 209
96 855
96 344
96 98
96 1130
96 239
96 121
97 129
97 99
97 326
97 353
97 776
97 182
97 358
97 1078
97 348
98 1156
98 293
98 166
98 833
98 523
98 428
98 376
99 352
99 451
99 1030
99 103
99 201
99 779
99 399
99 905
99 114
99 275
99 468
99 183
99 739
99 1115
99 764
100 257
100 1104
100 367
100 242
100 179
100 436
100 1046
100 601
100 591
101 549
101 456
101 1134
101 625
101 178
101 340
101 718
101 471
101 571
101 862
102 321
102 464
102 805
102 935
102 222
102 1229
102 148
102 117
102 1194
102 1208
102 701
102 126
102 287
103 512
103 903
103 392
103 1163
103 922
103 667
103 158
103 927
103 171
103 181
103 735
103 857
103 603
103 863
103 994
103 871
103 767
104 233
104 1133
104 499
104 565
104 1144
104 125
104 126
105 266
105 1038
105 273
105 1180
105 286
105 162
105 1063
105 1196
105 302
105 443
105 449
105 579
105 326
105 583
105 465
105 467
105 855
105 601
105 851
105 1127
105 623
105 243
106 129
106 900
106 179
106 1158
106 257
106 1036
106 271
106 528
106 532
106 1178
106 801
106 676
106 1062
106 428
106 563
106 441
106 1100
106 972
106 479
106 224
106 609
106 1147
106 743
106 370
106 251
107 496
107 868
107 108
107 479
107 561
107 765
107 885
107 278
107 152
107 374
107 379
107 474
108 1035
108 583
108 236
108 525
108 558
108 941
108 851
108 468
108 1237
108 1039
108 810
108 222
108 575
109 514
109 268
109 397
109 1168
109 1164
109 148
109 304
109 824
109 831
109 140
109 719
109 469
109 232
109 360
109 1015
109 276
109 255
110 877
110 403
110 346
110 389
110 859
110 679
110 168
110 307
110 454
110 208
110 1110
110 474
110 250
110 478
110 1167
110 493
110 117
110 632
110 761
110 122
110 251
110 383
111 522
111 140
111 141
111 405
111 154
111 411
111 926
111 672
111 933
111 181
111 777
111 318
111 193
111 324
111 709
111 711
111 1226
111 459
111 335
111 211
111 218
111 603
111 994
111 748
111 495
111 241
111 628
111 122
111 124
111 1021
112 886
112 872
112 1193
112 174
112 910
112 726
112 1215
113 160
113 129
113 354
113 323
113 353
113 1132
113 364
113 804
113 344
113 121
113 1247
113 394
113 223
114 576
114 1174
114 142
114 1240
114 430
114 918
114 151
114 299
114 558
114 434
114 187
114 450
114 970
114 341
114 984
114 1243
114 349
114 613
114 1130
114 369
114 755
114 245
114 1150
115 385
115 290
115 707
115 486
115 1246
115 661
115 1083
115 153
115 666
115 412
115 702
115 159
116 711
116 746
116 241
116 436
116 1000
116 506
116 636
116 817
117 526
117 274
117 1173
117 150
117 794
117 923
117 925
117 162
117 676
117 552
117 180
117 827
117 581
117 326
117 971
117 462
117 976
117 849
117 852
117 216
117 217
117 858
117 1060
117 492
117 879
117 886
117 255
118 192
118 768
118 266
118 359
118 460
118 269
118 413
118 309
118 375
118 153
118 431
118 156
118 429
119 1089
119 555
119 646
119 362
119 263
119 270
119 175
119 208
119 625
119 1238
119 1043
119 411
119 285
119 861
120 1056
120 451
120 294
120 977
120 210
120 521
120 205
120 593
120 178
120 475
120 1151
121 482
121 419
121 636
121 245
121 1016
121 444
122 866
122 310
122 582
122 878
122 214
122 312
122 217
122 220
123 549
123 681
123 882
123 670
123 1142
123 728
123 1011
124 289
124 931
124 620
124 301
124 174
124 1041
125 219
125 700
125 236
125 269
125 814
125 949
125 408
125 1178
125 156
125 607
126 673
126 357
126 1089
126 1067
126 527
126 702
126 502
126 632
126 635
126 222
127 481
127 513
127 583
127 1031
127 154
127 768
128 611
128 1187
128 723
128 315
128 362
129 130
129 643
129 487
129 738
129 368
129 595
129 805
129 1081
129 230
130 194
130 667
130 336
130 207
130 778
131 356
131 807
131 396
131 834
131 1102
131 562
131 500
131 405
131 1156
131 188
132 1032
132 910
132 157
132 544
132 168
132 809
132 556
132 817
132 948
132 1012
132 1210
132 1076
132 703
132 709
132 330
132 1227
132 846
132 975
132 1230
132 465
132 722
132 1108
132 231
132 748
132 466
132 1134
132 1010
132 756
132 886
132 503
132 1023
132 405
133 551
133 681
133 306
133 791
133 859
134 194
134 293
134 333
134 625
134 790
134 437
134 182
134 343
134 217
134 475
135 936
135 1027
135 579
135 1009
135 681
135 972
135 178
135 548
135 529
135 563
135 1176
135 1097
135 1016
135 249
135 851
135 799
136 898
136 1001
136 137
136 972
136 681
136 305
136 340
136 425
136 312
136 404
136 346
136 285
137 1205
137 1040
137 231
137 268
137 1197
137 592
137 1064
137 725
137 182
137 737
137 958
137 351
138 768
138 1184
138 994
138 197
138 518
138 457
138 333
138 153
138 461
138 621
138 586
138 543
139 585
139 235
139 877
139 145
139 1238
139 409
139 185
139 506
140 161
140 516
140 225
140 524
140 1003
140 300
140 178
140 631
140 1042
141 1089
141 774
141 454
141 364
141 1075
141 538
141 445
141 895
142 996
142 332
142 589
142 559
142 509
142 190
143 385
143 1146
143 890
143 189
144 1057
144 196
144 647
144 328
144 490
144 424
144 434
144 1146
144 900
144 157
144 689
145 226
145 440
145 1131
145 215
145 408
145 1114
146 1036
146 183
146 798
147 193
147 451
147 485
147 646
147 776
147 300
147 624
147 177
147 275
147 660
147 669
148 928
148 387
148 716
148 204
149 266
149 408
149 287
149 933
149 679
149 170
149 427
149 941
149 431
149 696
149 189
149 204
149 1101
149 206
149 976
149 232
149 875
149 1007
149 379
150 584
150 1047
150 748
150 1215
150 435
150 215
150 443
150 606
150 703
151 1184
151 673
151 578
151 507
151 651
151 488
151 519
151 202
151 610
151 337
151 950
151 823
151 408
151 744
151 443
152 392
152 1219
152 409
152 156
152 294
152 1065
152 1074
152 948
152 568
152 321
152 195
152 1092
152 970
152 203
152 855
152 1115
152 609
152 370
153 576
153 1039
153 247
153 570
153 490
154 391
154 873
154 823
154 1084
154 733
154 670
155 448
155 912
155 677
155 742
155 462
155 943
155 531
155 596
155 180
155 406
155 313
155 314
155 699
156 704
156 1024
156 1014
156 489
156 714
156 1035
156 973
156 573
156 661
156 379
157 711
157 632
157 1202
157 873
157 248
157 441
157 216
157 164
157 799
157 1118
157 159
158 483
158 581
158 583
158 781
158 743
158 1200
158 579
158 1051
158 828
158 426
158 1215
159 923
159 861
159 298
159 1199
159 750
159 495
159 401
159 182
159 634
159 443
159 901
160 848
160 720
160 547
160 773
160 264
160 203
160 397
160 819
160 373
160 568
160 1017
160 530
160 501
161 513
161 261
161 1126
161 844
161 535
161 1055
161 1246
162 256
162 707
162 875
162 626
162 247
162 380
162 218
162 381
162 572
163 352
163 290
163 975
163 1108
163 431
164 1241
164 742
164 1195
164 173
164 249
164 186
165 283
165 504
165 958
165 447
165 987
165 433
165 339
165 245
165 311
165 376
165 569
165 442
165 899
166 227
166 262
166 615
166 291
166 396
166 1193
166 238
166 910
166 969
166 856
166 345
166 316
166 861
166 543
167 640
167 654
168 577
168 227
168 342
168 1231
168 1097
168 551
168 239
168 656
168 884
168 214
168 185
168 696
168 982
168 699
168 510
168 639
169 496
169 551
169 336
169 500
169 534
169 631
169 637
170 578
170 1096
170 489
170 231
170 688
170 788
170 1207
170 764
171 480
171 715
171 567
171 201
171 458
171 423
171 907
171 274
171 1070
171 361
171 537
172 653
172 259
172 998
172 523
172 876
172 173
172 366
172 529
172 249
172 284
172 317
172 621
173 865
173 1009
173 199
173 812
173 811
173 1117
173 337
173 1099
173 1059
173 1195
173 324
173 1021
173 254
174 260
174 205
174 686
174 669
174 757
174 792
174 836
174 858
174 285
175 352
175 193
175 610
175 1222
175 393
175 265
175 279
175 301
175 668
175 280
175 1177
175 420
177 384
177 648
177 342
177 713
177 388
177 1193
177 989
177 1055
178 1218
178 838
178 804
178 197
178 486
178 1098
178 1067
178 269
178 655
178 210
178 531
178 660
178 247
178 506
178 444
178 517
179 1000
179 212
179 405
179 470
179 920
179 351
180 960
180 251
180 849
180 211
180 820
180 825
181 740
181 422
181 330
181 944
181 689
181 284
181 746
182 1120
182 1218
182 1224
182 461
182 528
182 438
182 279
182 1211
182 446
183 609
183 1095
183 206
183 622
183 630
183 713
183 185
184 998
184 742
184 1121
184 808
184 554
184 844
184 1039
184 240
184 369
184 1015
184 727
184 745
184 1103
185 731
185 420
185 622
185 655
185 432
185 306
185 1043
185 725
185 507
186 484
186 589
186 785
186 562
186 1205
186 344
186 1151
187 258
187 1090
187 274
187 755
187 789
188 805
188 1131
188 879
188 209
188 286
189 1211
189 292
189 406
189 999
189 264
189 1031
189 334
189 552
189 985
189 452
189 603
189 220
189 234
189 510
189 565
190 649
190 270
190 402
190 1057
190 679
190 554
190 1198
190 690
190 393
190 332
190 336
190 599
190 348
190 611
190 383
190 380
190 511
191 193
191 997
191 945
191 329
191 207
191 1168
191 1138
191 724
191 926
192 718
192 689
192 759
192 1247
193 865
193 1091
193 228
193 389
193 1062
193 711
193 645
193 881
193 242
193 399
193 599
193 1112
193 538
194 645
194 519
194 528
194 281
194 416
194 1200
194 418
194 552
194 903
194 556
194 814
194 560
194 452
194 482
194 475
194 1122
194 612
194 633
195 483
195 929
195 296
195 393
195 1034
195 395
195 978
195 1005
195 435
195 341
195 569
195 885
196 256
196 1008
196 1190
196 616
196 563
196 599
196 536
197 580
197 844
197 591
197 535
197 687
197 317
198 331
198 364
198 227
198 612
198 314
198 605
199 1058
199 1007
199 737
199 424
199 1161
199 458
199 876
199 333
199 1043
199 759
200 480
200 338
200 335
200 242
200 732
200 1149
201 977
201 758
201 1082
201 628
201 662
201 852
201 378
201 829
202 322
202 239
203 1165
204 928
204 1030
204 230
204 270
204 272
204 338
204 694
204 791
204 1150
205 901
205 530
205 1177
206 302
206 642
206 907
206 239
206 820
206 602
206 734
207 259
207 685
207 319
207 1155
207 313
208 450
208 688
208 693
208 242
208 366
208 1048
209 610
209 452
209 358
209 456
209 760
209 918
209 397
209 860
209 559
209 272
209 616
209 726
209 410
210 1198
210 1212
210 350
211 293
211 232
211 331
211 1068
211 951
211 247
211 600
211 858
211 667
212 1120
212 1161
212 362
212 718
212 496
212 275
212 469
212 1183
212 597
213 1212
213 323
213 713
213 619
213 684
213 595
213 339
213 693
213 727
213 924
213 733
214 964
214 647
214 1065
214 712
214 1010
214 435
214 375
214 507
216 451
216 990
216 555
216 879
216 1224
216 963
216 827
216 766
217 1062
217 1127
217 723
217 404
217 1179
217 445
217 1013
218 353
218 1071
219 358
219 360
219 746
219 911
219 695
220 368
220 278
220 1049
220 703
221 521
221 617
221 1204
221 345
221 315
222 640
222 514
222 674
222 310
222 1209
222 569
222 390
223 1172
223 409
223 282
223 940
223 557
223 815
223 306
223 691
223 948
223 321
223 970
223 464
223 339
223 601
223 733
223 495
223 690
224 386
224 740
224 590
224 240
224 442
224 986
224 319
225 576
225 995
225 228
225 455
225 303
225 536
225 1199
225 572
226 1092
226 1248
226 546
226 842
226 334
226 276
227 629
228 487
228 878
228 1137
228 251
229 1150
230 683
230 1094
230 1057
230 458
230 235
230 335
230 830
231 1188
232 1086
232 287
233 289
233 1084
233 909
233 238
233 334
234 936
234 1050
234 476
235 992
235 675
235 490
235 819
235 951
235 920
235 698
235 859
235 382
236 804
236 421
236 823
236 526
236 372
236 942
236 343
236 250
237 1029
237 650
237 423
237 904
237 365
237 494
237 954
237 570
237 618
238 266
238 396
238 1002
238 415
239 354
239 801
239 807
239 936
239 1042
239 597
239 1160
240 264
240 600
240 733
240 250
240 346
240 442
241 621
241 626
241 499
241 757
241 633
241 628
242 1187
242 1094
242 327
242 1147
242 732
242 893
243 994
243 387
243 517
243 454
243 307
243 1168
243 349
243 1078
243 606
243 837
244 256
244 260
244 1099
244 494
244 288
244 1104
244 740
244 474
244 687
244 413
244 255
245 419
245 839
245 334
245 821
245 348
245 510
246 480
246 895
246 1155
246 1221
246 929
246 552
246 269
246 693
246 936
246 468
246 1046
246 628
246 315
246 894
247 496
247 580
247 709
247 615
247 625
247 629
247 730
247 349
248 289
248 673
248 815
248 848
248 307
248 887
249 1088
249 739
249 486
249 591
249 501
249 761
250 614
250 757
250 313
250 762
251 359
251 551
251 719
251 1139
251 604
251 1162
251 542
252 867
252 1044
252 998
252 1004
252 386
252 399
252 884
252 821
252 889
252 254
253 272
253 1058
253 809
253 598
253 1019
254 643
254 325
254 966
254 681
254 979
254 468
254 383
254 287
255 1073
255 1020
255 509
256 963
256 844
256 652
256 558
256 280
257 961
257 1154
257 618
257 1190
257 284
257 716
257 463
257 1008
257 410
257 477
258 416
258 294
258 1132
258 1023
259 896
259 891
259 260
259 618
259 1211
259 466
259 1173
259 548
259 1242
259 1214
260 541
260 433
260 1234
261 364
261 1038
261 626
262 298
262 270
262 564
263 484
263 869
263 327
263 751
264 1026
264 484
264 812
264 651
264 524
264 466
264 953
265 449
265 967
265 780
266 481
266 993
266 1073
266 434
266 476
267 322
267 291
267 678
267 508
267 1034
267 416
267 852
267 718
267 470
267 887
268 542
268 318
269 620
269 588
269 1162
269 619
269 541
269 410
269 347
269 894
270 1187
270 684
270 395
270 877
270 1229
271 611
271 971
271 487
271 665
271 587
271 281
271 987
271 1207
272 1185
272 472
272 792
272 296
272 1214
272 375
272 312
272 1182
273 784
273 650
273 748
273 623
273 790
273 297
273 376
273 508
273 638
274 299
274 1144
274 473
274 476
275 291
275 460
275 596
275 937
275 595
275 590
275 727
275 345
275 859
276 677
276 328
276 303
276 305
276 918
278 1249
278 290
278 549
278 1007
278 504
279 834
279 547
279 682
279 684
279 562
279 372
279 439
279 504
279 969
279 714
280 421
280 759
280 701
280 703
281 456
281 1013
281 630
281 956
282 600
283 328
283 1233
283 1117
284 475
284 1157
284 623
284 297
284 560
284 307
284 980
284 1083
284 303
284 1071
285 417
285 567
285 1198
285 624
285 810
285 606
286 547
286 458
286 728
286 996
286 672
287 1121
287 773
287 1104
287 401
287 1048
287 1055
288 417
288 1225
288 787
289 298
289 874
289 1203
289 311
289 1211
289 1151
290 545
290 1235
290 1192
290 522
290 655
290 498
290 660
290 348
291 608
291 1136
291 1010
291 635
292 1090
292 775
292 683
292 1037
292 355
292 631
293 646
293 712
293 873
293 426
293 460
293 824
293 825
293 1023
294 513
294 1124
294 929
294 482
294 885
294 1148
294 607
295 1163
295 848
295 414
296 715
296 1095
296 745
296 682
296 303
296 657
296 427
296 371
296 445
296 667
296 381
296 734
297 966
297 779
297 821
298 1221
298 659
298 830
299 871
299 810
299 630
299 826
301 450
301 763
301 455
301 592
301 370
301 766
302 416
302 370
302 1103
302 564
302 380
303 806
303 501
304 359
304 1235
304 414
305 933
305 1042
306 1171
306 1019
307 1185
307 1106
307 635
307 543
308 1155
308 709
308 359
308 972
308 845
308 404
309 545
309 516
309 582
309 422
309 556
309 526
309 465
309 594
309 663
309 1145
309 574
309 901
310 529
310 937
310 433
310 1074
310 441
311 657
311 1160
311 1201
311 531
311 982
311 732
312 708
312 425
312 1195
312 620
312 914
312 691
313 946
313 315
313 618
314 1041
314 648
314 524
314 922
314 573
315 800
315 1056
315 712
315 749
315 337
315 471
315 378
316 321
316 964
316 332
316 469
316 376
317 706
317 744
317 1098
317 779
317 1204
317 1111
317 444
317 1207
318 434
319 1122
319 419
319 682
319 889
319 1229
319 756
319 608
320 322
320 899
320 1095
320 949
320 539
321 1080
322 801
322 454
322 327
322 1032
322 499
322 659
322 822
322 862
323 688
324 352
324 1006
324 984
324 821
324 375
324 473
324 602
324 412
324 698
325 1222
325 822
325 503
325 952
325 921
325 474
325 634
326 644
326 1004
326 728
326 470
326 440
326 346
326 763
326 924
326 469
327 1153
327 935
327 1198
327 912
327 753
327 756
327 438
327 668
327 478
328 515
328 872
328 778
328 700
328 594
328 505
328 925
329 707
329 774
329 775
329 430
329 595
329 758
330 768
330 388
330 1228
330 655
330 734
330 517
331 773
331 531
331 1014
331 890
332 764
332 938
332 788
332 792
332 669
333 805
333 1093
334 1213
334 595
334 537
334 410
335 390
335 1159
335 518
335 812
335 850
335 465
335 1048
335 504
335 869
336 946
336 1055
337 898
337 1028
337 1062
337 967
337 367
337 1200
337 730
337 733
338 1230
338 368
339 1152
339 866
339 679
339 350
340 486
340 457
340 372
340 855
340 506
342 745
342 1066
342 974
342 1135
342 1225
342 1020
343 616
343 490
343 557
343 606
343 542
344 813
344 525
344 791
344 920
344 1052
345 491
346 448
346 636
346 1092
346 673
346 1104
346 743
346 1007
346 871
346 567
346 473
346 1019
346 444
346 585
347 1249
347 1122
347 1106
347 745
347 430
347 562
347 1044
347 406
347 1018
347 1181
348 894
348 935
348 683
348 1133
348 1203
348 439
348 377
348 574
348 927
349 1063
349 407
349 367
349 622
349 888
349 985
349 634
350 536
350 604
351 544
351 1217
351 420
351 587
351 527
351 1046
352 752
352 388
352 993
352 652
352 400
352 1025
353 804
353 981
353 1174
353 729
353 1119
353 1180
353 1013
354 643
354 550
354 945
354 780
354 373
354 1174
355 642
355 941
355 462
355 973
355 982
355 809
355 633
355 639
355 671
355 556
356 744
356 1234
356 1224
356 783
356 968
356 466
356 596
357 1027
357 967
357 1076
358 449
358 710
358 586
358 1004
358 754
358 1126
359 877
360 867
360 1192
360 1196
360 782
360 900
362 1093
362 1157
364 1085
364 567
364 477
364 837
365 1088
365 742
365 951
365 767
366 490
366 842
366 478
367 522
367 530
367 376
367 990
368 999
368 494
368 913
368 543
369 1202
369 1171
370 775
370 470
371 406
371 634
372 897
372 1099
372 1232
372 628
372 511
373 932
373 712
373 1006
373 744
373 415
374 867
374 463
374 912
374 885
374 697
374 539
375 1140
375 1130
375 529
375 1109
375 964
375 1076
376 646
376 404
377 880
377 691
377 723
377 542
378 1126
378 645
378 390
378 652
378 930
378 989
378 534
378 701
379 904
379 841
379 781
379 669
380 613
380 758
380 440
381 1240
381 699
381 508
382 394
382 398
382 573
383 675
383 870
383 597
383 396
383 1008
383 503
383 889
383 957
384 1039
384 399
384 983
384 602
385 1102
385 475
385 862
386 512
386 1019
386 422
386 860
386 784
386 1017
386 955
386 830
387 814
388 418
388 678
388 1137
388 1230
388 627
388 570
388 765
389 1059
389 524
389 692
389 782
389 825
389 639
390 452
390 1213
391 577
391 685
391 725
392 608
392 1123
394 758
395 780
395 828
396 716
396 684
396 719
397 960
397 935
397 424
397 777
397 1136
397 909
397 815
397 880
397 947
397 981
397 809
397 571
398 428
398 1232
398 437
398 854
398 975
399 741
399 695
400 738
400 1105
400 436
401 581
401 843
401 528
401 946
401 950
401 1017
401 1118
402 640
402 596
402 1080
402 409
402 892
402 1109
403 771
403 772
403 656
403 793
404 1248
404 1186
404 1123
404 1222
404 533
404 636
405 1227
405 1233
406 656
406 793
407 653
407 1235
407 788
407 605
408 1040
409 832
409 1223
409 1100
409 624
409 913
409 1172
409 437
409 759
409 831
410 904
410 1078
410 1113
411 865
411 1026
411 993
411 884
411 787
411 665
411 916
411 819
412 642
412 1219
412 840
412 1114
412 1051
413 897
413 790
413 535
414 960
414 821
414 505
416 519
416 492
416 1037
416 497
416 467
416 1204
416 665
416 1107
417 649
417 747
417 560
417 671
418 545
418 522
419 1196
419 464
419 739
419 598
419 759
419 952
420 736
420 747
420 491
420 816
420 917
420 502
421 1136
421 676
421 645
421 807
421 557
421 503
421 1049
421 539
423 553
424 587
424 1239
425 803
425 1148
425 1194
425 760
425 498
425 501
425 572
426 1000
426 498
426 830
427 611
427 815
428 517
429 483
429 552
430 512
430 811
430 784
430 515
430 691
430 1227
430 1208
430 549
431 929
431 1175
432 675
433 1172
434 649
434 1054
435 672
435 449
435 493
435 918
435 560
435 835
435 1109
435 760
435 543
437 798
437 632
437 766
437 981
438 904
439 1025
439 1038
439 684
439 558
439 975
439 1169
439 693
440 457
440 846
441 492
441 462
441 942
442 832
442 932
442 849
442 914
443 811
443 1106
443 698
443 797
444 806
444 793
444 561
444 915
445 523
445 846
446 1027
446 547
446 1106
446 707
446 472
447 476
447 1085
448 1025
448 515
448 489
448 876
448 1144
448 1001
448 1016
448 541
448 565
449 775
450 624
450 1219
450 1127
450 1161
450 1238
450 919
450 988
450 1118
451 1120
451 1059
451 472
452 842
453 996
453 898
453 1081
453 831
454 491
454 946
454 654
454 566
455 779
455 633
456 841
456 685
456 957
457 869
457 940
457 843
457 788
457 541
457 1016
457 946
457 629
457 566
457 509
458 803
458 838
458 840
458 1111
459 1192
459 588
459 882
459 853
459 572
460 968
460 560
461 1220
461 1008
462 519
462 500
462 602
463 939
463 1079
463 831
464 500
465 928
465 491
465 863
465 725
466 1189
466 919
466 689
466 473
466 1221
467 584
467 586
467 977
468 520
468 1091
468 734
468 728
469 975
469 658
469 1245
470 544
470 1059
470 843
470 874
470 908
470 653
470 791
470 663
470 1049
471 656
473 1123
473 505
473 850
474 641
474 869
475 699
475 1187
475 1075
475 667
476 1182
477 906
477 491
477 815
477 535
477 863
478 1096
478 755
478 1046
479 705
479 934
479 882
479 1142
479 697
480 715
480 1025
480 591
481 550
481 1096
481 984
482 526
482 785
482 1102
482 663
482 793
484 928
484 992
484 933
484 1129
484 1161
484 1110
485 1137
485 533
485 638
486 835
486 854
486 1053
487 776
487 1149
488 514
488 518
488 1098
488 912
488 979
490 665
490 564
491 520
491 584
491 1111
492 752
492 965
492 1153
492 874
492 656
492 786
492 1107
492 500
493 795
493 1231
493 632
493 534
493 571
494 1220
494 872
494 812
494 1103
495 743
495 808
495 1000
496 1058
496 613
496 1149
497 1024
497 818
497 639
498 1058
498 1040
498 664
499 644
499 1158
499 780
499 868
499 851
499 605
500 527
500 1145
501 1096
501 1228
501 662
502 549
502 1084
503 586
504 906
504 877
504 945
504 978
504 917
504 635
506 896
506 820
506 807
506 1068
506 908
506 782
506 657
506 1176
506 731
507 934
507 1228
507 1133
507 1113
507 1010
507 790
508 749
508 1142
508 958
509 640
509 660
509 1178
511 778
511 724
511 668
512 1130
513 1218
513 1101
513 913
513 892
514 593
514 661
514 662
515 1206
515 1242
516 1184
516 1191
516 1167
516 1209
516 986
517 1041
518 1186
518 919
519 1242
519 863
520 835
520 908
520 761
520 1082
521 943
521 1080
522 1156
522 930
523 584
523 527
523 638
524 763
526 991
526 796
526 765
527 529
527 927
528 720
528 778
529 1095
529 1117
529 958
531 1061
531 890
532 704
532 545
532 1225
532 654
532 924
532 1181
532 766
533 1158
533 680
533 565
533 854
533 1135
534 737
534 1061
535 599
535 1135
536 969
536 810
536 818
536 932
536 1093
537 546
537 780
537 962
538 1036
538 889
539 1126
539 568
540 1079
541 820
542 611
542 905
542 1111
542 600
542 655
542 1182
543 1012
543 1052
544 777
545 1043
545 795
546 676
546 1186
546 866
547 1056
548 769
548 878
548 695
549 967
550 914
550 920
551 858
551 603
551 988
551 862
551 1247
552 973
553 907
554 1192
554 921
554 637
554 1023
556 798
557 866
557 1132
557 980
558 622
558 819
558 1119
559 833
559 724
561 1014
561 662
561 1001
563 659
563 695
563 762
564 614
565 964
565 696
565 1220
566 682
568 971
568 1004
569 816
569 826
569 1052
570 800
570 965
570 692
570 670
571 990
572 847
573 1217
573 963
573 1063
573 1180
573 1150
573 976
573 1011
573 789
573 1045
574 849
575 910
575 885
575 601
576 752
576 813
577 669
578 974
578 1012
579 680
579 1047
579 797
581 928
581 1190
581 738
582 802
582 922
582 958
583 765
584 647
584 840
584 903
585 757
586 627
586 1161
586 811
586 589
586 719
586 690
586 822
586 1147
588 798
589 1021
589 813
589 1008
589 887
589 893
590 829
590 1005
590 694
590 1115
590 1084
590 637
591 995
591 676
591 1072
591 1208
591 1175
591 952
591 957
592 811
592 717
592 847
592 1148
593 832
593 932
593 1218
594 843
594 1044
594 1018
595 1060
596 938
597 619
600 712
600 623
600 1160
601 662
601 969
602 1186
602 723
603 938
603 1033
603 1051
605 870
605 1033
608 1142
608 863
609 1206
609 1210
609 670
610 769
610 612
610 999
610 887
610 754
610 950
610 761
612 615
612 939
612 1030
613 865
614 938
614 1208
615 736
615 1093
615 1075
615 1045
618 1000
618 1006
618 1091
618 884
619 872
619 809
619 692
619 923
620 791
620 735
621 1190
622 1216
622 893
622 762
623 1099
623 762
623 763
623 1086
623 1183
627 931
627 902
627 1197
627 1203
627 1245
627 766
628 722
628 860
628 895
629 991
630 900
631 1116
632 648
633 1118
634 1028
634 1103
635 1205
635 697
636 1194
636 796
637 781
637 1136
637 1180
638 845
638 690
639 914
640 1062
640 776
640 717
640 817
641 921
642 1237
642 899
642 1108
642 1038
642 799
644 1122
644 746
644 783
644 1094
645 1034
645 1143
646 1215
649 687
649 1077
651 1160
653 1088
653 1239
653 1149
654 673
654 841
654 724
654 1076
655 967
655 979
655 1077
656 760
657 722
657 852
658 710
658 679
658 1040
658 1081
658 1066
658 1118
658 671
659 1110
660 794
660 1119
661 1244
661 911
661 827
665 1005
665 1070
667 708
667 741
667 1045
667 893
668 1208
670 1243
670 868
670 723
670 1022
671 1064
672 1188
673 802
673 1097
673 751
673 720
674 768
675 878
675 1052
676 1128
676 784
678 960
678 774
678 702
679 871
679 874
680 751
682 743
682 1001
682 869
682 981
682 920
683 1015
685 738
685 774
685 753
685 735
686 1029
686 980
687 896
687 816
689 802
690 771
692 1102
692 1044
694 704
695 752
699 860
700 865
700 905
702 1171
702 1188
702 1011
703 1032
704 1064
704 781
704 1048
704 1179
704 861
705 841
705 1080
705 921
706 1152
706 903
706 732
707 1017
709 762
710 1090
711 814
712 1236
714 855
715 939
715 898
715 1141
715 1205
716 754
717 1104
718 737
718 882
719 922
720 771
720 837
720 1030
720 826
722 1029
722 810
722 1199
722 763
722 1053
722 1183
723 840
725 1074
725 828
727 789
728 1185
730 816
731 1128
732 1162
732 942
732 916
734 1223
734 1143
735 837
735 942
735 786
735 1237
735 1180
736 747
738 871
738 1141
740 1005
741 1243
742 964
742 1105
743 883
743 1111
743 793
743 1020
744 1218
744 1134
744 1018
745 1244
746 1219
746 1071
746 822
749 817
749 953
750 789
752 785
752 1181
753 963
753 1154
754 1066
755 1220
755 1229
755 1070
757 998
758 1107
759 773
759 873
759 906
760 1121
760 1031
760 985
761 1206
762 944
764 905
764 1139
765 839
766 1020
766 1077
768 1029
769 974
770 833
770 1186
772 1189
772 1213
773 961
773 1247
773 886
775 930
775 812
776 853
776 1078
777 836
778 909
778 888
780 1197
782 911
783 965
783 849
784 1152
785 1072
785 1003
785 1109
785 828
786 963
786 1085
790 912
791 1195
791 1069
792 1140
793 890
794 1043
795 1153
795 1034
795 986
795 1182
800 1203
800 829
801 837
803 1024
803 1117
803 943
804 1128
805 831
806 978
807 834
808 1065
808 1034
809 1009
811 1063
812 834
812 1061
813 934
813 1005
813 850
816 1188
817 1145
818 1210
819 824
820 995
820 1227
820 1169
820 991
823 1074
823 883
823 825
823 1178
823 1087
824 1144
824 1013
824 1112
824 1214
825 838
827 1195
827 1078
830 1162
832 1076
832 1087
833 996
833 1060
834 880
834 886
837 1110
839 1057
839 941
841 1120
842 1202
842 959
845 1184
845 1115
846 961
846 894
847 1163
848 864
848 888
848 857
850 1053
852 960
852 1241
853 1235
855 1201
858 1140
859 1238
860 1029
862 1231
863 1032
865 1228
866 919
866 1051
867 1227
867 923
867 957
868 985
871 962
872 1089
873 1165
877 1060
877 1082
879 1224
879 955
880 897
884 1028
885 1071
886 1243
887 897
887 1026
887 1087
891 892
892 1206
892 926
893 1219
893 947
894 970
895 971
895 914
896 1225
896 940
897 1224
897 1232
898 935
899 1093
901 1234
902 1083
905 1132
905 1212
906 998
909 915
910 1032
911 1158
915 916
915 1060
915 1149
916 987
916 1132
916 926
917 1214
919 931
920 996
920 1061
920 1173
920 1124
923 1066
923 1046
924 1002
927 1170
929 936
931 1015
933 961
933 1113
934 966
934 950
935 1223
935 1102
935 980
937 1124
939 968
944 1179
944 1071
946 993
946 1141
946 953
947 980
948 966
948 1055
948 1022
949 1069
949 1165
949 1240
950 995
950 1169
950 1193
952 1125
958 1068
958 1167
959 1075
960 983
961 1246
962 1082
963 1217
963 1096
965 1209
966 1164
966 1141
967 978
967 1209
971 1210
975 1201
976 1182
978 1202
979 1036
982 1010
983 1108
985 1087
986 1068
986 1144
990 1033
990 1002
990 1016
990 1080
993 1056
994 1127
997 1228
998 1221
999 1166
1000 1026
1000 1154
1009 1233
1013 1248
1013 1045
1018 1035
1019 1164
1025 1183
1030 1090
1030 1166
1032 1177
1042 1170
1044 1189
1057 1230
1058 1070
1063 1171
1063 1191
1063 1084
1063 1119
1064 1129
1066 1072
1067 1226
1068 1152
1070 1138
1072 1166
1072 1236
1072 1114
1076 1237
1084 1231
1084 1172
1096 1239
1098 1125
1103 1248
1103 1191
1109 1176
1114 1167
1129 1157
1135 1190
1144 1246
1145 1203
1158 1209
1162 1226
1164 1248
1171 1196
1171 1241
1180 1197
1180 1193
1194 1226
1197 1241
1206 1245
1210 1212
1212 1221
1223 1237
