0 258
0 5
0 521
0 394
0 13
0 1168
0 887
0 921
0 666
0 27
0 1181
0 30
0 133
0 40
0 42
0 968
0 1221
0 1219
0 325
0 327
0 72
0 329
0 459
0 332
0 213
0 854
0 728
0 488
0 236
0 498
0 500
0 246
0 631
0 1146
1 514
1 1027
1 5
1 6
1 7
1 9
1 12
1 14
1 1041
1 18
1 19
1 23
1 24
1 26
1 38
1 39
1 555
1 559
1 49
1 1078
1 56
1 57
1 571
1 62
1 69
1 71
1 73
1 1104
1 270
1 90
1 603
1 1116
1 605
1 94
1 95
1 105
1 107
1 628
1 117
1 1151
1 130
1 134
1 657
1 660
1 151
1 152
1 666
1 157
1 1193
1 684
1 182
1 189
1 703
1 200
1 1242
1 1247
1 231
1 250
1 255
1 768
1 259
1 775
1 264
1 776
1 796
1 285
1 802
1 821
1 842
1 482
1 334
1 853
1 348
1 356
1 870
1 359
1 890
1 385
1 386
1 391
1 398
1 927
1 934
1 424
1 428
1 444
1 454
1 975
1 989
1 479
1 994
1 497
1 1012
2 5
2 6
2 10
2 907
2 140
2 15
2 1169
2 23
2 153
2 26
2 288
2 423
2 711
2 303
2 306
2 1080
2 60
2 1162
2 71
2 72
2 76
2 77
2 590
2 845
2 593
2 735
2 224
2 225
2 635
2 616
2 108
2 111
2 243
2 885
2 379
2 1021
2 1023
3 320
3 388
3 5
3 6
3 7
3 8
3 138
3 142
3 17
3 274
3 281
3 158
3 31
3 1092
3 390
3 39
3 425
3 684
3 1202
3 47
3 816
3 306
3 1203
3 55
3 184
3 966
3 570
3 444
3 192
3 323
3 580
3 70
3 455
3 713
3 1098
3 203
3 461
3 717
3 339
3 84
3 902
3 343
3 600
3 346
3 222
3 482
3 100
3 742
3 102
3 1003
3 621
3 112
3 1137
3 1139
3 724
3 762
3 891
3 766
3 127
4 5
4 6
4 7
4 8
4 9
4 10
4 11
4 12
4 13
4 15
4 17
4 18
4 1044
4 22
4 23
4 24
4 25
4 26
4 1051
4 1053
4 32
4 33
4 1115
4 551
4 40
4 44
4 48
4 52
4 53
4 57
4 59
4 61
4 63
4 65
4 578
4 68
4 1096
4 73
4 75
4 76
4 79
4 81
4 83
4 84
4 599
4 91
4 92
4 103
4 618
4 111
4 1137
4 118
4 125
4 126
4 129
4 139
4 141
4 142
4 623
4 159
4 686
4 176
4 180
4 182
4 1207
4 1209
4 699
4 701
4 192
4 1217
4 545
4 203
4 205
4 206
4 207
4 791
4 209
4 217
4 219
4 228
4 232
4 750
4 752
4 243
4 247
4 263
4 274
4 729
4 796
4 800
4 804
4 808
4 692
4 316
4 318
4 834
4 852
4 341
4 342
4 861
4 350
4 366
4 369
4 370
4 372
4 406
4 1213
4 411
4 420
4 422
4 935
4 936
4 941
4 431
4 953
4 464
4 476
4 995
4 486
4 1003
4 502
4 505
5 918
5 6
5 7
5 8
5 1196
5 138
5 11
5 12
5 13
5 15
5 16
5 1169
5 904
5 19
5 968
5 21
5 534
5 23
5 664
5 538
5 29
5 30
5 415
5 624
5 34
5 419
5 37
5 38
5 809
5 821
5 43
5 257
5 306
5 157
5 1165
5 433
5 50
5 414
5 310
5 201
5 440
5 803
5 58
5 543
5 60
5 191
5 66
5 1134
5 583
5 840
5 73
5 586
5 1200
5 332
5 967
5 339
5 341
5 472
5 348
5 221
5 96
5 685
5 354
5 827
5 391
5 698
5 110
5 637
5 112
5 1235
5 1012
5 246
5 511
5 504
5 255
5 460
5 381
5 149
6 1158
6 7
6 8
6 9
6 10
6 11
6 1164
6 13
6 14
6 271
6 144
6 17
6 20
6 174
6 537
6 409
6 900
6 27
6 29
6 30
6 645
6 32
6 35
6 295
6 40
6 681
6 298
6 135
6 44
6 46
6 304
6 305
6 499
6 53
6 54
6 649
6 953
6 60
6 61
6 446
6 778
6 736
6 522
6 195
6 710
6 516
6 1096
6 841
6 330
6 663
6 909
6 209
6 163
6 1233
6 726
6 90
6 220
6 862
6 224
6 1127
6 744
6 1001
6 875
6 711
6 317
6 113
6 115
6 379
6 125
6 382
6 661
7 1031
7 8
7 9
7 10
7 11
7 12
7 13
7 14
7 15
7 16
7 18
7 515
7 20
7 22
7 1049
7 27
7 29
7 30
7 1059
7 552
7 562
7 56
7 569
7 60
7 585
7 74
7 76
7 78
7 80
7 81
7 1109
7 90
7 102
7 616
7 105
7 619
7 109
7 112
7 113
7 114
7 628
7 122
7 124
7 126
7 640
7 131
7 135
7 658
7 148
7 157
7 162
7 1051
7 172
7 626
7 179
7 692
7 542
7 187
7 702
7 886
7 715
7 720
7 727
7 1240
7 218
7 1243
7 226
7 229
7 245
7 247
7 249
7 252
7 768
7 261
7 785
7 1242
7 802
7 292
7 296
7 301
7 315
7 832
7 322
7 843
7 332
7 337
7 341
7 856
7 858
7 347
7 349
7 359
7 361
7 374
7 385
7 905
7 395
7 403
7 405
7 925
7 415
7 930
7 429
7 441
7 443
7 956
7 449
7 451
7 452
7 455
7 844
7 460
7 461
7 465
7 476
7 990
7 1105
7 1009
8 9
8 1034
8 11
8 17
8 18
8 20
8 22
8 28
8 33
8 35
8 36
8 37
8 550
8 39
8 40
8 519
8 46
8 50
8 52
8 64
8 577
8 69
8 74
8 83
8 1129
8 86
8 87
8 1116
8 1118
8 1119
8 98
8 611
8 105
8 1042
8 114
8 119
8 633
8 1154
8 136
8 139
8 1166
8 145
8 147
8 661
8 151
8 155
8 158
8 164
8 680
8 1052
8 171
8 175
8 176
8 181
8 187
8 545
8 201
8 208
8 213
8 121
8 223
8 240
8 755
8 757
8 761
8 261
8 272
8 277
8 280
8 294
8 299
8 819
8 313
8 830
8 839
8 329
8 338
8 339
8 857
8 352
8 353
8 883
8 372
8 373
8 896
8 901
8 65
8 927
8 439
8 450
8 1123
8 970
8 459
8 974
8 467
8 493
8 1006
8 1018
8 508
9 131
9 534
9 748
9 10
9 652
9 14
9 813
9 16
9 1240
9 147
9 20
9 622
9 278
9 24
9 25
9 490
9 34
9 942
9 134
9 38
9 40
9 42
9 391
9 45
9 46
9 816
9 136
9 178
9 1075
9 436
9 1079
9 351
9 1212
9 522
9 64
9 480
9 262
9 837
9 776
9 1221
9 78
9 80
9 465
9 774
9 979
9 852
9 981
9 87
9 88
9 95
9 96
9 99
9 358
9 234
9 1131
9 236
9 110
9 879
9 881
9 244
9 503
9 790
9 298
10 773
10 779
10 14
10 784
10 23
10 536
10 1050
10 669
10 543
10 36
10 646
10 49
10 41
10 172
10 685
10 305
10 137
10 965
10 837
10 1095
10 1224
10 1228
10 334
10 595
10 87
10 985
10 733
10 979
10 97
10 610
10 1008
10 626
10 339
10 117
11 128
11 576
11 259
11 137
11 599
11 12
11 814
11 529
11 18
11 19
11 21
11 217
11 24
11 772
11 26
11 175
11 1190
11 32
11 417
11 923
11 1188
11 134
11 38
11 41
11 813
11 302
11 47
11 179
11 310
11 696
11 1239
11 316
11 320
11 978
11 834
11 324
11 950
11 865
11 202
11 1221
11 974
11 210
11 1235
11 340
11 1109
11 982
11 215
11 88
11 89
11 859
11 92
11 297
11 606
11 421
11 97
11 100
11 166
11 870
11 600
11 106
11 237
11 622
11 623
11 116
11 169
11 1016
11 1147
11 1206
11 686
12 1027
12 387
12 134
12 906
12 16
12 275
12 20
12 149
12 1070
12 155
12 284
12 158
12 389
12 752
12 35
12 36
12 293
12 796
12 647
12 46
12 27
12 561
12 434
12 1054
12 695
12 312
12 569
12 1034
12 62
12 961
12 578
12 712
12 846
12 1103
12 82
12 851
12 469
12 1061
12 352
12 400
12 1107
12 1019
12 100
12 101
12 998
12 743
12 1120
12 109
12 112
12 241
12 371
12 1140
12 830
12 502
12 505
12 506
12 123
13 128
13 1026
13 899
13 137
13 523
13 268
13 1154
13 1197
13 344
13 19
13 792
13 1177
13 28
13 802
13 36
13 165
13 166
13 296
13 1065
13 42
13 171
13 428
13 45
13 561
13 577
13 568
13 313
13 897
13 449
13 779
13 822
13 71
13 204
13 1229
13 548
13 1232
13 211
13 213
13 726
13 1081
13 88
13 217
13 219
13 719
13 1249
13 226
13 996
13 907
13 879
13 369
13 370
13 756
13 118
13 1147
13 254
14 524
14 15
14 16
14 21
14 26
14 1114
14 31
14 34
14 1059
14 551
14 1066
14 49
14 52
14 54
14 1084
14 522
14 66
14 579
14 1093
14 583
14 72
14 75
14 588
14 77
14 1103
14 83
14 88
14 89
14 602
14 93
14 98
14 102
14 104
14 107
14 786
14 627
14 628
14 118
14 121
14 122
14 533
14 128
14 132
14 143
14 665
14 154
14 1186
14 166
14 177
14 1204
14 1207
14 1208
14 698
14 1215
14 193
14 1220
14 718
14 723
14 214
14 216
14 735
14 239
14 240
14 382
14 759
14 764
14 267
14 270
14 1240
14 274
14 644
14 291
14 311
14 833
14 331
14 1034
14 344
14 364
14 368
14 881
14 379
14 894
14 384
14 397
14 67
14 949
14 438
14 951
14 957
14 967
14 468
14 473
14 991
14 486
14 252
14 492
14 503
14 510
15 257
15 899
15 776
15 265
15 388
15 395
15 141
15 916
15 917
15 22
15 279
15 408
15 25
15 1050
15 28
15 474
15 32
15 161
15 34
15 731
15 549
15 990
15 284
15 1173
15 44
15 174
15 47
15 1032
15 180
15 437
15 56
15 187
15 650
15 843
15 207
15 339
15 84
15 85
15 90
15 91
15 221
15 94
15 355
15 101
15 379
15 1052
15 111
15 488
15 378
15 123
15 443
15 382
15 895
16 644
16 17
16 915
16 21
16 24
16 665
16 155
16 214
16 673
16 674
16 539
16 41
16 903
16 882
16 48
16 822
16 1033
16 982
16 187
16 60
16 273
16 816
16 193
16 326
16 71
16 459
16 1102
16 335
16 978
16 85
16 86
16 1111
16 603
16 738
16 227
16 101
16 102
16 103
16 108
16 109
16 879
16 726
16 114
16 553
16 1147
16 637
16 510
16 1079
17 256
17 385
17 386
17 142
17 529
17 19
17 21
17 22
17 260
17 410
17 29
17 670
17 416
17 33
17 35
17 935
17 41
17 812
17 303
17 1050
17 180
17 53
17 696
17 564
17 830
17 544
17 68
17 69
17 966
17 457
17 847
17 672
17 221
17 610
17 104
17 492
17 365
17 1140
17 757
17 126
18 137
18 138
18 900
18 27
18 293
18 934
18 39
18 558
18 1074
18 312
18 709
18 849
18 601
18 98
18 103
18 365
18 751
19 131
19 520
19 402
19 277
19 793
19 1181
19 810
19 53
19 567
19 569
19 59
19 1077
19 193
19 194
19 838
19 871
19 488
19 369
19 754
19 506
19 1066
20 99
20 100
20 421
20 655
20 337
20 47
20 1136
20 113
20 210
20 470
20 1156
20 63
20 412
20 125
20 734
20 31
21 448
21 912
21 132
21 513
21 397
21 143
21 147
21 215
21 405
21 28
21 30
21 832
21 33
21 37
21 680
21 540
21 45
21 1199
21 432
21 563
21 437
21 55
21 312
21 61
21 190
21 64
21 193
21 1099
21 737
21 586
21 823
21 889
21 80
21 85
21 87
21 601
21 1231
21 860
21 95
21 736
21 353
21 668
21 484
21 636
21 366
21 829
21 753
21 754
21 1043
21 117
21 1142
21 120
21 249
21 378
21 380
22 130
22 901
22 277
22 1046
22 407
22 31
22 1201
22 296
22 173
22 776
22 452
22 84
22 1110
22 727
22 271
22 230
22 1002
22 495
22 626
22 1139
22 248
23 43
23 641
23 521
23 659
23 25
23 1063
23 937
23 171
23 559
23 817
23 52
23 181
23 55
23 828
23 1085
23 832
23 66
23 69
23 89
23 218
23 97
23 490
23 757
23 118
23 632
23 1020
23 509
24 133
24 135
24 266
24 276
24 25
24 461
24 411
24 413
24 415
24 32
24 1008
24 162
24 678
24 168
24 45
24 562
24 53
24 649
24 569
24 831
24 67
24 68
24 965
24 1228
24 458
24 1079
24 460
24 77
24 78
24 79
24 211
24 724
24 358
24 616
24 877
24 880
24 381
25 896
25 130
25 135
25 267
25 514
25 921
25 156
25 414
25 263
25 559
25 265
25 58
25 188
25 574
25 63
25 903
25 70
25 78
25 719
25 1115
25 988
25 221
25 360
25 617
25 490
25 1231
25 775
25 113
25 116
26 941
26 146
26 872
26 411
26 28
26 33
26 35
26 881
26 168
26 172
26 45
26 560
26 179
26 56
26 65
26 197
26 71
26 795
26 73
26 1200
26 81
26 727
26 472
26 94
26 997
26 359
26 104
26 107
26 750
26 552
26 754
26 1151
27 1024
27 131
27 773
27 649
27 138
27 140
27 1167
27 1168
27 145
27 404
27 533
27 31
27 774
27 1062
27 552
27 425
27 1110
27 449
27 51
27 694
27 188
27 62
27 1087
27 65
27 194
27 199
27 1226
27 588
27 722
27 86
27 730
27 219
27 92
27 480
27 225
27 489
27 117
27 268
27 122
27 661
28 375
28 1138
28 1143
28 267
28 140
28 656
28 579
28 985
28 1135
28 284
28 29
28 538
28 291
28 676
28 37
28 295
28 668
28 42
28 43
28 370
28 46
28 797
28 945
28 50
28 948
28 309
28 1208
28 244
28 58
28 1191
28 1215
28 65
28 451
28 197
28 710
28 865
28 1096
28 268
28 714
28 75
28 848
28 1144
28 87
28 1112
28 89
28 569
28 220
28 1118
28 95
28 481
28 939
28 228
28 614
28 999
28 935
28 621
28 893
28 937
28 114
28 116
28 373
28 247
28 771
28 558
28 170
28 511
29 649
29 145
29 147
29 152
29 1178
29 159
29 36
29 454
29 168
29 135
29 1072
29 59
29 447
29 198
29 74
29 77
29 211
29 342
29 994
29 996
29 501
30 272
30 162
30 262
30 423
30 48
30 561
30 562
30 1110
30 1218
30 72
30 587
30 290
30 206
30 80
30 467
30 598
30 93
30 1168
30 226
30 489
30 1010
30 1016
30 635
30 639
31 129
31 397
31 783
31 1048
31 659
31 149
31 89
31 536
31 922
31 37
31 38
31 39
31 170
31 43
31 939
31 303
31 177
31 51
31 823
31 824
31 314
31 62
31 192
31 707
31 70
31 841
31 331
31 206
31 1234
31 270
31 217
31 732
31 862
31 876
31 1135
31 241
31 1142
31 888
31 917
31 763
31 127
32 835
32 101
32 170
32 1053
32 141
32 625
32 82
32 333
32 154
32 93
32 229
33 773
33 1167
33 260
33 111
33 1182
33 1072
33 34
33 155
33 1062
33 682
33 432
33 307
33 954
33 67
33 584
33 585
33 74
33 75
33 77
33 889
33 343
33 474
33 223
33 225
33 610
33 997
33 104
33 239
33 368
33 753
33 114
33 630
33 376
33 121
34 131
34 132
34 395
34 435
34 660
34 525
34 286
34 419
34 686
34 547
34 51
34 54
34 185
34 59
34 1212
34 963
34 584
34 463
34 83
34 85
34 734
34 97
34 483
34 612
34 229
34 872
34 873
34 498
34 1014
35 642
35 517
35 145
35 275
35 1177
35 539
35 947
35 161
35 165
35 294
35 295
35 48
35 50
35 51
35 445
35 325
35 1057
35 458
35 335
35 902
35 856
35 1244
35 229
35 739
35 422
35 874
35 366
35 371
36 256
36 513
36 130
36 812
36 143
36 275
36 408
36 415
36 928
36 419
36 676
36 42
36 684
36 136
36 908
36 1078
36 311
36 441
36 1141
36 961
36 584
36 457
36 55
36 461
36 849
36 655
36 476
36 1125
36 360
36 757
36 758
36 759
36 377
36 506
37 771
37 940
37 399
37 791
37 410
37 540
37 291
37 44
37 302
37 49
37 50
37 61
37 705
37 323
37 325
37 1121
37 97
37 502
37 249
37 895
37 639
38 736
38 258
38 1058
38 165
38 487
38 360
38 205
38 589
38 52
38 1110
38 1044
38 1039
38 316
38 798
39 258
39 1174
39 394
39 142
39 406
39 1175
39 1051
39 289
39 165
39 1068
39 815
39 176
39 55
39 1080
39 185
39 186
39 287
39 188
39 1219
39 70
39 714
39 567
39 209
39 338
39 90
39 226
39 81
39 106
39 235
39 501
39 118
39 124
40 388
40 900
40 518
40 41
40 47
40 54
40 183
40 64
40 449
40 69
40 439
40 461
40 208
40 978
40 604
40 93
40 224
40 363
40 109
40 1011
40 251
40 383
41 384
41 129
41 130
41 643
41 390
41 1037
41 531
41 532
41 1047
41 154
41 157
41 670
41 425
41 1200
41 177
41 51
41 58
41 59
41 1084
41 191
41 834
41 424
41 328
41 713
41 202
41 845
41 1229
41 849
41 82
41 211
41 980
41 983
41 1231
41 1040
41 611
41 231
41 106
41 241
41 248
41 123
41 124
42 384
42 939
42 1156
42 530
42 137
42 679
42 297
42 43
42 44
42 173
42 176
42 182
42 300
42 954
42 68
42 76
42 1108
42 347
42 997
42 234
42 107
42 252
43 994
43 113
43 329
43 1159
43 1228
43 605
43 688
43 49
43 1225
43 508
44 512
44 904
44 908
44 140
44 144
44 408
44 537
44 282
44 606
44 1053
44 293
44 1195
44 301
44 1203
44 308
44 181
44 57
44 699
44 821
44 196
44 454
44 1013
44 652
44 208
44 849
44 851
44 340
44 597
44 984
44 783
44 222
44 103
44 489
44 244
44 245
44 1108
44 639
45 259
45 132
45 1160
45 1036
45 145
45 530
45 662
45 926
45 288
45 426
45 173
45 174
45 1204
45 777
45 1209
45 58
45 79
45 216
45 473
45 860
45 95
45 747
45 498
45 371
45 119
45 766
46 659
46 662
46 409
46 799
46 936
46 687
46 48
46 648
46 1161
46 57
46 319
46 320
46 1164
46 1227
46 332
46 78
46 79
46 86
46 99
46 508
46 766
47 1125
47 1133
47 430
47 720
47 387
47 1150
47 120
47 252
47 286
48 515
48 654
48 1198
48 536
48 800
48 673
48 806
48 299
48 54
48 568
48 185
48 957
48 63
48 67
48 452
48 969
48 1107
48 85
48 751
48 248
48 507
49 896
49 717
49 1248
49 449
49 306
49 175
49 146
49 115
49 1108
49 693
49 979
49 853
50 132
50 133
50 108
50 398
50 144
50 921
50 667
50 165
50 1069
50 1072
50 520
50 184
50 187
50 1084
50 66
50 67
50 1098
50 1166
50 654
50 912
50 364
50 365
50 753
50 372
50 501
50 886
50 503
50 853
51 394
51 269
51 922
51 924
51 926
51 289
51 291
51 808
51 300
51 178
51 739
51 464
51 214
51 91
51 96
51 227
51 102
51 103
51 242
51 245
52 1154
52 1238
52 656
52 216
52 152
52 160
52 1058
52 804
52 553
52 1066
52 839
52 303
52 456
52 178
52 56
52 288
52 453
52 327
52 72
52 971
52 1104
52 214
52 88
52 734
52 529
52 104
52 633
52 136
52 127
52 765
52 510
52 383
53 225
53 774
53 369
53 105
53 531
53 850
53 838
53 279
53 57
53 1189
54 360
54 484
54 485
54 74
54 162
54 847
54 273
54 1107
54 788
54 916
54 1231
54 330
55 257
55 778
55 139
55 652
55 337
55 411
55 287
55 545
55 1010
55 179
55 820
55 565
55 186
55 572
55 61
55 62
55 321
55 330
55 209
55 596
55 86
55 216
55 91
55 988
55 638
55 81
55 235
55 364
55 496
55 370
55 116
55 446
55 125
55 126
56 704
56 251
56 391
56 129
56 1023
56 127
56 159
56 498
56 1008
56 255
56 885
56 598
56 615
56 79
56 122
56 63
57 70
57 391
57 458
57 1151
57 443
57 1245
57 94
57 863
58 1024
58 648
58 532
58 789
58 664
58 160
58 164
58 811
58 558
58 308
58 309
58 1083
58 575
58 64
58 588
58 75
58 76
58 210
58 1129
58 93
58 736
58 98
58 892
58 106
58 236
58 240
58 374
58 169
58 632
58 124
58 254
59 848
59 385
59 66
59 874
59 398
59 528
59 340
59 740
59 964
59 798
59 1060
60 264
60 1232
60 146
60 148
60 150
60 520
60 810
60 305
60 790
60 180
60 1213
60 119
60 80
60 82
60 1247
60 1104
60 996
60 233
60 759
60 893
60 255
61 273
61 1049
61 416
61 944
61 425
61 560
61 700
61 319
61 1216
61 193
61 709
61 1094
61 973
61 544
61 988
61 735
61 232
61 572
61 1003
61 623
61 191
61 510
61 1173
62 160
62 710
62 929
62 1128
62 524
62 394
62 427
62 110
62 496
62 1009
62 882
62 908
62 560
62 174
62 1076
62 1214
63 1153
63 264
63 393
63 282
63 730
63 542
63 1185
63 420
63 1064
63 307
63 1210
63 189
63 318
63 710
63 1224
63 84
63 855
63 602
63 479
63 230
63 743
63 1134
63 880
63 123
64 368
64 164
64 817
64 144
64 852
64 220
64 1246
64 149
65 749
65 167
65 743
65 429
65 463
65 151
66 897
66 139
66 143
66 1171
66 538
66 879
66 163
66 166
66 1095
66 1020
66 440
66 151
66 317
66 1089
66 966
66 199
66 842
66 204
66 718
66 1106
66 1243
66 736
66 98
66 892
66 491
66 1133
66 111
66 122
66 508
66 639
67 387
67 261
67 646
67 1031
67 146
67 534
67 159
67 1059
67 845
67 426
67 814
67 571
67 956
67 703
67 799
67 68
67 1095
67 333
67 334
67 207
67 341
67 591
67 719
67 786
67 238
67 627
67 959
68 99
68 789
68 631
68 164
68 157
69 128
69 642
69 1030
69 524
69 525
69 272
69 659
69 404
69 661
69 667
69 541
69 1182
69 169
69 683
69 1068
69 182
69 567
69 1213
69 958
69 704
69 705
69 73
69 202
69 715
69 205
69 338
69 83
69 601
69 92
69 478
69 991
69 912
69 105
69 106
69 623
69 497
69 243
69 500
69 502
69 361
69 532
70 522
70 529
70 771
70 1006
70 537
70 685
70 434
70 186
70 832
70 196
70 332
70 462
70 596
70 854
70 1000
70 110
70 378
70 124
71 395
71 902
71 129
71 424
71 809
71 1002
71 199
71 1107
71 365
71 851
71 468
71 951
71 471
71 216
72 1120
72 1153
72 1166
72 121
73 738
73 582
73 357
73 389
73 1201
73 744
73 109
73 685
73 536
73 248
73 633
73 1211
73 604
74 643
74 108
74 1005
74 274
74 283
74 172
74 944
74 817
74 308
74 188
74 960
74 706
74 161
74 328
74 218
74 94
74 737
74 738
74 620
74 749
74 367
74 373
74 254
75 263
75 141
75 110
75 280
75 418
75 807
75 169
75 430
75 819
75 1208
75 185
75 703
75 837
75 337
75 82
75 213
75 983
75 570
75 101
75 238
75 115
75 116
75 253
75 127
76 128
76 1033
76 1026
76 403
76 660
76 156
76 647
76 1198
76 433
76 1204
76 958
76 984
76 92
76 1117
76 1125
76 617
76 754
76 190
77 259
77 154
77 426
77 818
77 1205
77 183
77 441
77 309
77 1057
77 970
77 1227
77 592
77 526
77 949
77 613
77 508
77 381
78 258
78 1054
78 163
78 678
78 555
78 693
78 182
78 756
78 570
78 828
78 321
78 322
78 709
78 199
78 456
78 931
78 726
78 855
78 988
78 733
78 485
78 362
78 624
78 244
78 888
78 505
78 1078
79 1010
79 942
79 269
79 563
79 787
79 148
79 686
79 153
79 285
79 416
79 161
79 290
79 168
79 169
79 175
79 115
79 624
79 1088
79 1089
79 197
79 328
79 725
79 345
79 1244
79 351
79 608
79 229
79 359
79 1128
79 366
79 112
79 242
79 243
79 885
79 120
80 214
80 523
80 789
80 534
80 668
80 799
80 160
80 690
80 953
80 1094
80 456
80 331
80 204
80 589
80 212
80 342
80 991
80 493
80 367
80 240
80 246
80 125
80 149
81 480
81 1189
81 968
81 524
81 260
81 1149
81 574
82 96
82 331
82 460
82 1117
82 573
82 1003
82 745
82 672
82 189
82 1086
83 1152
83 1164
83 147
83 280
83 158
83 159
83 929
83 681
83 183
83 184
83 445
83 1088
83 330
83 593
83 215
83 1242
83 611
83 755
83 506
84 1033
84 914
84 275
84 494
84 278
84 151
84 154
84 412
84 290
84 1059
84 420
84 540
84 1070
84 1076
84 698
84 188
84 577
84 1094
84 218
84 351
84 228
84 617
84 361
84 238
84 119
84 120
84 382
85 386
85 1155
85 266
85 1175
85 153
85 295
85 424
85 809
85 450
85 200
85 337
85 345
85 99
85 100
85 362
85 1005
85 629
86 353
86 645
86 1233
86 887
86 173
86 177
86 692
86 442
86 829
86 638
87 107
87 271
87 1065
88 257
88 133
88 1041
88 530
88 281
88 417
88 549
88 185
88 581
88 711
88 714
88 203
88 653
88 1239
88 1122
88 627
88 763
89 634
89 740
89 133
89 550
89 1068
89 851
89 533
89 822
89 280
89 1124
89 378
89 91
89 285
90 171
90 164
90 198
90 1245
90 1011
90 999
90 283
90 251
90 1020
90 285
90 751
91 171
91 304
91 148
92 547
92 108
92 266
92 333
92 591
92 415
92 196
92 485
92 153
92 986
92 1029
92 287
93 641
93 847
93 515
93 589
93 541
93 347
93 509
94 1154
94 197
94 967
94 940
94 883
94 152
94 924
94 554
95 138
95 1038
95 658
95 707
95 542
95 930
95 677
95 556
95 694
95 439
95 448
95 578
95 323
95 708
95 453
95 715
95 204
95 1119
95 96
95 737
95 615
95 745
95 241
95 373
96 256
96 1025
96 162
96 1190
96 750
96 475
97 289
97 614
97 143
97 244
97 414
97 440
97 249
97 156
97 906
97 215
98 608
98 672
98 1134
98 207
98 117
98 150
98 375
98 184
98 699
98 1052
98 341
99 647
99 202
99 237
99 243
99 599
99 708
99 1225
100 704
100 801
100 706
100 325
100 326
100 234
100 142
100 721
100 946
100 323
100 235
100 1208
100 212
100 541
100 222
101 450
101 694
101 1126
101 1000
101 361
101 310
101 745
101 504
101 377
102 196
102 581
102 198
102 488
102 531
102 273
102 718
102 470
102 120
102 153
102 155
102 413
102 861
103 1155
103 1031
103 556
103 1102
104 834
104 981
104 1097
104 889
104 898
104 239
104 985
104 629
104 345
104 212
104 604
104 575
105 399
105 144
105 276
105 407
105 152
105 282
105 666
105 937
105 1069
105 201
105 190
105 959
105 705
105 457
105 992
105 1122
105 884
105 632
105 121
106 482
106 326
106 626
106 400
106 849
106 466
106 509
106 1054
107 739
107 166
107 807
107 200
107 183
107 303
107 210
107 1078
107 603
107 380
107 702
108 512
108 772
108 264
108 651
108 271
108 146
108 150
108 408
108 219
108 676
108 1073
108 180
108 1206
108 443
108 448
108 465
108 855
108 655
108 609
108 355
108 998
108 1013
108 758
109 417
109 971
109 843
109 883
109 1211
109 457
109 731
110 1123
110 612
110 663
110 678
110 241
110 670
110 233
110 793
110 410
111 448
111 1157
111 654
111 535
111 927
111 546
111 803
111 933
111 1088
111 1069
111 302
111 320
111 455
111 587
111 844
111 1101
111 592
111 1105
111 722
111 1166
111 731
111 232
111 1129
111 364
111 115
111 1013
111 503
111 123
112 649
112 375
112 141
112 657
112 269
112 854
112 119
112 344
113 136
113 372
113 218
114 163
114 170
114 720
114 334
114 781
114 227
114 1046
114 787
114 281
114 688
114 253
114 446
115 454
115 745
115 687
115 189
116 904
116 656
116 531
116 923
116 283
116 1191
116 680
116 436
116 960
116 582
116 199
116 1097
116 1232
116 721
116 352
116 610
116 499
116 631
117 587
117 425
117 267
117 688
117 280
117 700
117 542
118 1099
118 813
118 338
118 819
118 150
118 219
118 284
118 317
118 1246
119 801
119 196
119 486
119 139
119 687
119 664
119 1047
119 568
119 729
119 314
119 1183
119 1213
119 1128
120 799
120 289
120 731
120 134
120 264
120 437
120 913
120 223
121 384
121 195
121 838
121 1121
121 140
121 237
121 920
121 1177
121 573
122 293
122 262
122 265
122 1135
122 692
122 238
122 566
122 346
122 126
123 836
123 315
124 357
124 333
124 279
124 471
124 287
125 546
125 1186
125 625
125 850
125 955
125 191
126 1163
126 265
126 682
126 1063
126 749
126 463
126 804
126 761
126 669
126 638
127 1184
127 802
127 1092
127 518
127 930
127 273
127 767
127 156
127 414
128 578
128 231
128 1192
128 275
128 500
128 677
129 1036
129 949
129 278
129 983
129 829
130 514
130 787
130 788
130 585
130 1066
130 307
130 311
130 827
130 957
130 451
130 201
130 211
130 342
130 608
130 1123
130 869
130 230
130 231
130 622
131 163
131 676
131 936
131 655
131 625
131 233
131 606
131 191
132 324
132 1029
132 796
132 267
132 380
133 1059
133 1037
133 1071
133 688
133 724
133 181
133 1206
134 324
134 1031
134 842
134 525
134 251
134 254
135 263
135 491
135 582
135 328
135 393
135 167
135 760
135 686
135 751
135 758
135 150
135 1082
135 1055
135 318
135 845
136 1168
136 197
136 294
136 973
136 336
136 168
136 370
136 1176
136 296
136 223
137 194
137 375
137 292
137 357
137 872
137 300
137 386
137 973
137 817
137 170
137 354
137 1145
137 186
137 540
137 247
138 387
138 1241
138 283
138 156
138 797
138 773
138 422
138 435
138 437
138 901
138 1212
138 333
138 1103
138 471
138 1113
138 1147
138 227
138 357
138 871
138 487
138 752
138 753
138 246
138 1018
138 1019
139 427
139 913
139 860
139 907
139 205
139 174
139 176
139 536
139 564
139 472
139 250
139 732
139 1178
139 767
140 799
140 678
140 1087
140 898
140 526
140 593
140 723
140 735
140 846
140 247
140 538
140 957
140 574
140 377
141 531
141 158
141 167
141 1070
141 943
141 948
141 835
141 325
141 356
141 591
141 977
141 1235
141 473
141 480
141 484
141 593
141 240
142 256
142 1090
142 412
142 1172
142 782
142 925
142 947
142 195
142 468
142 1007
142 374
142 504
142 442
142 932
142 220
142 317
143 579
143 161
143 297
143 683
143 428
143 845
143 1187
143 1090
143 604
143 703
144 418
144 1067
144 311
144 173
144 401
144 1155
144 233
144 1144
144 795
145 482
145 167
145 1071
145 203
145 175
145 945
145 195
145 148
145 862
145 279
145 436
145 186
145 702
145 1237
146 608
146 1089
146 652
146 1092
146 327
146 300
146 970
147 516
147 308
147 792
147 794
148 1190
148 200
148 970
148 534
148 441
148 1146
149 258
150 580
150 1169
150 981
150 314
150 447
151 1206
151 1001
151 234
151 290
151 434
151 401
151 242
151 310
151 858
151 586
151 1119
152 228
152 200
152 494
152 253
152 466
152 563
152 470
153 167
153 1000
153 650
153 203
153 301
153 450
153 1204
153 335
153 1246
154 418
154 899
154 1093
154 840
154 172
154 986
154 689
154 245
154 1048
154 404
154 762
154 189
155 774
155 1144
155 349
156 744
156 876
156 336
156 630
156 479
156 669
156 350
157 917
157 1177
157 550
157 257
157 946
157 439
157 824
157 1222
157 842
157 843
157 723
157 617
157 362
157 878
157 242
157 761
157 255
158 160
158 780
158 431
158 854
158 979
158 888
158 377
158 222
159 393
159 707
159 662
159 1065
159 177
159 435
159 326
159 972
159 202
159 460
159 1241
159 348
159 996
159 746
159 622
159 239
159 553
160 848
160 784
160 195
160 548
160 235
160 824
160 178
160 547
160 312
160 212
160 316
161 1127
161 393
161 242
161 1230
161 178
161 915
162 1025
162 1131
162 1002
162 491
162 780
162 882
162 349
162 722
162 695
162 348
162 253
162 735
163 416
163 1159
163 987
163 226
163 682
163 956
163 205
163 301
163 976
163 179
163 1102
163 690
163 955
163 636
163 898
164 960
164 399
164 1042
164 276
164 1182
164 1057
164 1192
164 944
164 307
164 566
164 567
164 321
164 198
164 455
164 201
164 204
164 462
164 858
164 869
164 1228
164 751
164 1021
165 1184
165 549
165 363
165 440
165 634
166 852
166 590
166 183
166 443
166 668
166 223
167 225
168 528
168 515
168 301
168 208
168 221
168 239
168 220
169 514
169 906
169 208
169 1050
170 194
170 583
170 232
170 924
170 779
170 716
170 658
170 328
170 596
170 1145
170 287
171 903
171 233
171 794
171 941
171 527
171 212
171 410
171 926
172 961
172 618
172 314
173 224
173 848
173 932
173 743
173 493
173 1073
173 1141
173 857
173 847
173 1021
173 261
174 801
174 466
174 788
174 734
174 1239
174 722
175 640
175 265
175 1165
175 1038
175 1179
175 304
175 1188
175 816
175 310
175 830
175 706
175 584
175 1100
175 600
175 987
175 994
175 616
175 190
175 250
175 254
176 327
176 396
176 679
176 206
176 1026
176 181
176 278
176 1115
176 252
176 861
177 192
177 987
177 406
177 783
177 984
177 698
178 452
178 302
178 595
178 533
178 629
179 192
179 190
179 575
180 1091
180 433
180 888
181 896
181 289
181 708
181 299
181 846
181 222
182 230
182 1025
182 232
182 1225
182 781
182 914
182 430
182 292
182 346
182 635
183 1105
183 643
183 327
183 1132
183 648
183 908
183 525
183 392
183 904
183 373
183 886
183 184
183 253
183 605
183 926
184 228
184 389
184 648
184 297
184 496
184 691
184 215
184 836
184 442
184 764
184 1149
185 720
185 1124
185 423
185 780
185 785
185 210
185 741
185 821
185 1215
185 444
185 573
185 319
186 355
186 644
186 680
186 557
186 527
186 282
186 636
187 224
187 481
187 262
187 198
187 300
187 402
187 1117
187 640
187 477
187 351
188 667
188 1007
188 207
188 733
189 768
189 259
189 421
189 641
189 525
189 718
189 499
189 501
189 540
189 573
190 293
190 298
190 843
190 1041
190 730
190 1082
190 421
191 194
191 676
191 266
191 1202
191 402
191 827
191 1229
191 517
192 557
192 621
192 1042
192 435
192 1187
193 453
193 231
193 938
193 1053
193 765
193 249
194 964
194 401
194 978
194 728
195 294
195 363
195 1149
195 1204
195 213
195 279
195 570
195 863
195 1018
195 453
196 941
196 445
196 831
197 321
197 227
197 934
197 396
197 1139
197 1106
197 467
197 687
197 893
197 959
198 392
198 1163
198 1178
198 431
198 961
198 462
198 595
198 597
198 855
198 728
198 606
198 1249
198 489
198 619
198 236
198 881
198 632
199 1156
199 517
199 856
199 1102
199 344
200 390
200 312
200 920
200 982
200 217
201 234
201 268
201 237
201 335
201 1197
201 883
201 436
201 1220
201 695
201 601
201 282
201 476
201 989
202 613
202 470
203 975
203 683
203 431
203 305
203 307
203 495
203 1028
204 1123
204 206
204 401
205 456
205 582
205 237
205 463
205 1012
205 697
205 580
205 1247
205 1163
206 832
206 268
206 943
206 209
207 652
208 507
208 965
208 369
208 379
209 358
209 1193
209 1178
210 550
210 230
210 906
210 496
210 825
211 1199
211 792
211 1015
212 641
212 963
212 278
212 316
213 421
213 444
213 658
213 566
213 955
213 380
214 772
214 309
214 567
214 446
214 322
214 709
214 331
214 343
214 475
214 609
214 866
214 485
214 490
214 246
214 248
214 762
214 511
215 546
215 326
215 399
216 775
216 396
216 403
216 286
216 1185
216 551
216 1064
216 427
216 302
216 1203
216 952
216 442
216 319
216 963
216 721
216 980
216 858
216 356
216 742
216 625
217 1232
217 614
217 1033
217 490
217 494
217 1167
217 560
217 744
217 1092
217 991
217 413
217 319
218 609
218 1168
218 491
218 717
218 944
218 764
219 406
219 358
219 552
219 459
219 594
219 371
219 340
219 952
219 403
220 1188
220 614
220 809
220 1226
220 663
220 1004
220 430
220 535
220 891
221 519
221 969
221 778
221 952
221 538
221 1178
222 513
222 609
222 1224
222 1099
222 653
222 989
222 409
222 506
222 925
223 576
223 548
223 266
223 1099
223 429
223 1104
223 790
223 311
223 672
223 330
223 800
224 872
224 630
224 890
224 539
225 516
225 909
225 740
226 571
226 782
226 497
226 309
226 407
226 1209
226 251
226 348
227 770
227 236
227 462
227 407
227 283
227 732
227 285
227 1214
228 256
228 864
228 1120
228 375
228 445
229 774
229 867
229 277
229 598
230 1152
230 961
230 1058
230 617
230 1163
230 770
230 581
230 954
230 528
230 474
230 1148
230 797
231 746
231 777
231 482
231 272
231 329
232 315
232 1100
232 1199
232 270
232 336
232 1073
232 755
232 857
232 632
232 281
232 271
232 1118
233 1186
233 1148
233 365
233 397
233 527
233 1085
234 769
234 299
234 1219
234 1192
234 235
234 238
234 1214
234 497
234 707
234 245
234 1195
234 644
234 1082
234 1226
234 868
235 263
235 277
235 824
235 1241
235 314
235 1055
236 386
236 260
236 1062
236 811
236 1007
236 1080
236 1081
236 511
237 614
238 932
238 368
238 951
238 250
238 347
239 640
239 776
240 1093
240 1223
240 297
240 1196
240 360
240 274
240 372
240 366
240 1142
240 505
240 603
240 346
240 414
241 419
241 1171
241 712
241 696
241 739
241 343
241 376
241 250
241 507
241 478
242 633
243 481
243 389
243 815
243 1159
243 1071
243 418
243 403
243 1173
243 575
244 262
244 269
244 528
244 1172
244 417
244 295
244 555
244 315
244 758
244 456
244 594
244 470
244 742
244 363
244 272
244 1014
244 763
245 288
245 352
245 1170
245 404
246 520
246 361
246 549
246 409
246 543
247 584
247 304
247 324
248 393
248 417
248 390
248 746
248 844
248 1004
248 436
248 661
248 764
248 406
249 260
249 872
249 1197
249 284
250 642
250 1106
250 903
250 974
250 941
250 270
250 818
250 984
250 281
250 634
251 801
251 291
251 486
251 1032
251 276
251 374
251 475
251 381
251 350
252 261
252 870
252 903
252 1080
252 568
252 313
252 286
252 485
253 292
253 432
253 1201
253 340
253 1013
253 669
254 973
254 464
254 419
254 356
254 805
254 1131
254 398
254 400
254 595
254 563
254 1045
254 803
254 763
254 634
254 350
255 578
255 557
255 824
255 1113
255 479
256 972
256 499
256 603
257 642
257 489
257 1060
257 423
257 457
257 298
257 1079
257 364
257 866
257 1162
257 1171
257 820
257 1014
257 665
257 1019
257 572
258 775
258 1207
258 955
259 384
259 807
259 728
260 770
260 389
260 669
261 577
261 809
261 1035
261 909
261 643
261 728
261 1081
262 945
262 322
262 771
262 1029
262 359
262 775
262 557
262 495
262 465
262 467
262 694
262 826
262 404
262 349
262 286
262 469
263 306
263 1180
263 381
264 322
264 355
264 1129
264 859
264 395
264 304
264 465
264 627
264 378
264 315
264 874
264 1086
265 388
265 532
265 675
265 682
265 812
265 813
265 566
265 444
265 1089
265 968
265 329
265 594
265 468
265 725
265 727
265 1121
265 466
265 501
265 276
266 387
266 964
266 999
266 1096
266 876
266 1085
266 509
266 702
267 269
267 976
267 889
267 494
268 448
268 705
268 355
268 960
268 458
268 1216
268 792
268 345
268 317
268 382
270 549
270 1043
270 729
270 826
271 321
271 354
271 932
271 1078
271 1034
271 367
271 1210
272 1241
273 576
273 1040
273 342
273 875
273 910
273 657
273 998
273 602
274 451
275 866
275 486
275 556
275 1188
275 1172
275 383
276 1124
276 357
276 582
276 1055
276 397
276 782
276 305
276 469
276 537
276 981
277 713
277 748
277 368
277 469
277 1048
277 959
278 1190
278 296
278 1035
278 497
278 471
279 477
279 605
280 874
280 367
280 818
280 376
281 546
281 873
281 1042
281 1136
281 785
282 896
282 356
283 292
283 1157
283 875
283 398
283 1051
283 362
283 823
283 377
283 795
283 318
283 607
284 1187
284 396
284 362
284 478
285 388
285 385
285 299
285 1004
285 1115
285 371
285 660
285 695
285 1083
285 1044
286 288
286 512
286 868
286 1221
286 971
286 1004
286 880
286 723
286 500
287 587
287 294
287 455
287 663
287 713
287 1118
287 313
287 412
287 345
287 607
288 353
288 580
288 957
288 586
288 290
288 784
288 474
288 347
288 573
288 725
289 1223
289 1133
289 1081
289 732
291 612
291 939
291 847
291 565
291 826
292 992
292 674
292 547
292 561
292 921
292 697
293 927
293 677
293 780
293 392
293 810
293 464
293 308
293 468
293 831
293 938
293 741
294 936
294 770
294 645
294 298
295 787
295 1237
296 544
296 1121
296 394
296 750
296 592
296 1140
296 821
296 825
296 1098
296 383
297 535
297 910
297 696
297 439
297 637
297 522
297 958
297 383
298 424
298 747
298 493
298 462
298 495
298 400
298 499
298 559
298 351
299 1216
299 451
299 1098
299 628
300 1223
300 620
300 784
300 535
300 318
301 483
301 532
302 1077
302 446
303 523
303 1152
303 483
303 804
303 779
303 757
303 313
304 1229
304 494
304 402
304 884
304 1038
304 1208
304 1242
305 1217
305 1122
305 651
305 1105
305 392
305 907
305 653
305 750
305 1032
305 438
305 1049
305 344
305 916
305 602
305 862
305 1144
306 875
306 336
308 740
308 1032
308 850
308 796
308 1130
308 1214
309 320
309 900
309 744
309 1133
309 878
309 591
309 656
309 1170
309 691
309 1109
309 706
309 441
309 1022
310 539
310 323
310 586
310 848
310 918
310 363
311 760
311 411
311 380
311 958
312 580
312 933
312 967
312 1191
312 592
312 926
313 964
313 948
313 825
315 1158
315 806
315 1036
315 396
315 914
315 434
315 857
315 732
316 693
316 374
316 445
316 1150
317 1150
318 1003
319 608
319 749
320 523
320 747
320 1238
320 519
320 882
320 739
320 967
320 350
320 1183
321 962
321 520
321 565
321 1246
322 548
322 335
322 346
322 1181
322 447
323 324
323 860
323 766
323 607
323 571
323 476
323 638
324 544
324 674
324 716
324 620
324 657
324 466
324 995
324 597
324 875
325 336
325 435
325 724
325 376
325 793
325 478
326 400
326 1074
326 358
326 551
326 1047
326 434
326 338
326 1173
326 408
326 786
326 349
327 521
327 1005
327 1084
328 873
328 521
328 472
329 353
329 516
329 1088
329 1216
329 1072
329 502
330 833
330 517
330 1025
330 762
330 574
331 352
331 865
331 928
331 1160
332 334
332 561
332 564
332 822
333 616
333 428
333 526
333 432
333 530
334 738
334 1126
334 1127
334 589
334 752
334 433
334 1123
334 1098
334 1194
334 1112
334 953
334 1212
334 554
335 422
335 556
335 706
335 622
335 367
335 629
335 527
335 413
335 447
336 354
336 420
336 427
337 613
337 492
337 405
337 543
339 833
339 1155
339 343
339 571
340 864
340 777
340 717
340 1165
340 496
340 1074
340 483
340 442
341 1008
341 376
341 511
342 673
342 420
342 619
342 1028
343 612
343 801
343 777
343 1069
343 1012
343 405
343 920
343 892
343 670
344 748
344 492
344 920
344 568
344 697
344 572
344 477
345 518
345 1162
345 596
345 760
345 894
346 480
346 454
346 390
346 1161
346 794
346 523
346 1101
346 399
346 591
346 413
346 958
346 933
347 1025
347 467
347 405
348 1024
348 1030
348 1162
348 354
348 558
348 980
348 598
348 1020
349 514
350 392
350 1162
350 748
350 915
350 473
350 1023
351 939
351 915
352 1175
353 647
353 711
353 492
353 1169
353 1172
353 440
354 905
355 635
355 527
355 598
355 890
356 1037
356 786
356 599
357 481
357 836
357 581
357 710
357 513
357 712
357 1035
357 432
357 1237
357 477
357 575
358 651
358 969
359 642
359 837
359 433
359 1106
359 1021
359 543
360 737
361 1173
362 1015
362 1119
363 673
363 898
364 834
364 1187
364 1157
364 423
364 655
364 509
364 479
365 450
365 1156
365 811
365 969
366 674
366 530
366 820
366 1142
366 703
367 1175
367 919
368 651
368 426
368 555
368 719
368 989
368 1246
369 416
369 1104
369 643
369 426
369 401
369 1176
369 1220
369 701
370 646
370 438
370 1048
371 463
371 504
371 666
372 1179
372 437
372 1174
372 409
372 891
373 905
373 491
373 663
373 945
373 504
374 1212
374 729
375 682
375 621
375 980
375 1220
375 863
376 1194
376 1140
377 749
377 692
377 1176
377 541
378 577
378 1161
378 1230
378 691
379 1222
379 517
379 583
379 1166
379 429
379 691
379 1141
379 630
379 539
379 1020
380 1201
381 550
381 844
381 838
381 565
381 1126
381 805
382 962
382 716
382 908
382 427
382 495
382 412
382 780
383 721
383 1146
384 976
384 913
384 983
384 664
384 700
386 835
386 583
386 1138
387 422
387 975
388 846
389 1209
389 979
389 1183
390 615
390 854
390 1116
391 576
391 1218
391 1076
391 471
392 546
392 841
392 429
392 764
393 998
393 902
393 1194
393 747
393 562
393 430
393 1101
393 402
393 627
393 570
393 1050
394 458
394 1182
395 707
395 814
395 785
395 943
395 447
396 487
396 1045
397 428
397 407
397 537
398 742
398 594
398 438
398 1113
398 922
399 1222
399 554
399 1067
399 516
399 410
399 639
400 675
401 619
401 1230
402 513
402 475
402 868
402 965
402 1000
402 1133
402 989
403 690
404 923
404 876
404 431
404 1076
404 760
406 715
406 615
406 819
406 733
407 1122
407 678
407 1006
407 1027
408 576
408 833
408 610
408 453
408 679
408 459
408 469
408 740
409 674
409 1194
409 555
409 1009
409 1011
409 942
409 925
409 1045
410 929
410 1153
410 691
410 725
411 928
411 1062
411 913
411 786
411 478
412 684
412 891
413 418
413 1027
413 805
413 1159
413 954
413 637
414 452
414 1194
415 874
415 953
416 1061
416 1091
417 829
417 1068
417 557
417 725
417 628
417 564
417 477
417 830
418 999
420 624
420 842
420 438
420 836
420 831
420 636
420 1130
421 1070
422 972
422 590
422 1215
424 1055
424 807
424 1041
424 662
424 507
424 597
425 1185
425 579
425 919
426 996
426 966
426 521
426 1196
426 500
427 688
427 1164
427 565
429 579
429 524
429 756
430 548
430 566
430 671
432 1091
432 677
432 1038
432 947
432 1086
433 1057
433 866
433 648
433 554
433 765
433 677
434 987
434 600
434 1054
435 1131
435 687
435 1200
435 826
435 923
437 596
437 510
438 545
438 667
438 1030
438 1179
438 558
439 836
439 790
439 657
439 954
440 960
440 553
440 683
440 1165
440 793
441 544
441 681
441 519
441 784
441 1234
441 484
441 1114
442 835
442 646
442 679
442 474
443 737
443 1218
443 519
443 712
443 1002
443 654
443 871
443 1047
443 1080
444 1125
444 817
445 515
445 645
445 1193
445 778
445 782
445 656
445 547
446 1153
446 885
447 950
447 935
447 781
447 607
448 481
448 1238
449 475
449 1136
449 671
451 1056
451 779
451 1193
451 747
451 785
451 827
454 1106
454 1083
455 592
455 788
455 1210
456 1225
456 938
456 794
457 877
457 1142
457 1193
457 1114
458 487
458 473
458 1130
459 923
459 645
459 909
460 928
460 564
461 962
461 646
461 839
461 1119
462 512
462 488
462 777
462 1035
462 464
462 626
462 823
463 814
463 1108
463 919
463 930
464 1144
465 730
466 587
466 589
466 789
467 770
467 1220
467 472
468 902
468 1130
468 1068
468 916
469 563
469 503
469 572
470 1236
470 1189
470 1192
470 825
470 1134
470 498
470 599
470 1117
471 886
471 813
471 605
472 867
472 554
472 911
472 720
472 884
472 985
472 702
472 901
473 962
473 810
474 968
474 1248
474 512
474 1145
475 1053
475 816
475 1239
475 701
475 862
475 1087
476 705
476 607
477 483
477 518
478 760
479 800
479 621
479 818
480 484
480 1034
480 1038
480 602
481 636
481 620
481 791
481 1112
481 701
482 866
482 1158
482 562
482 756
483 675
483 772
483 487
483 909
483 711
483 1058
483 629
483 493
484 773
484 910
484 877
484 1201
484 1234
484 595
484 856
485 633
485 869
486 970
487 615
487 684
487 1195
488 752
488 1083
488 574
489 1218
489 675
489 618
490 918
490 594
490 505
490 1174
490 798
491 668
492 828
493 837
493 783
493 1009
493 726
493 1048
493 794
493 1179
493 829
493 990
494 771
494 1095
495 1158
495 1229
495 911
495 977
495 1044
495 1045
496 933
496 1001
496 914
496 910
497 545
497 1149
497 894
498 1056
498 1000
498 526
499 745
499 938
500 864
500 551
500 1237
500 1151
502 935
502 560
502 731
503 640
503 673
503 1063
503 507
504 644
504 1127
504 1036
504 748
505 769
505 689
506 518
506 1026
506 818
506 601
507 1056
507 754
507 665
508 590
508 634
508 1116
509 782
509 868
509 759
509 526
509 590
509 911
510 1019
510 541
511 937
511 859
512 871
512 1013
512 635
512 1180
513 609
513 1202
513 697
513 826
514 612
514 618
514 1154
514 765
514 529
514 947
514 604
515 553
515 552
515 919
515 606
517 1057
517 1007
518 999
518 585
518 1223
518 1236
518 667
519 1105
519 694
519 535
520 1097
520 907
520 1103
521 768
521 741
521 992
522 650
522 528
522 915
522 1141
523 671
524 929
524 713
524 559
524 884
524 1022
524 759
524 1236
524 698
525 861
525 920
525 767
526 929
527 833
527 581
527 1037
527 977
527 533
527 630
527 952
527 1017
527 542
527 709
528 641
528 931
528 734
531 664
532 588
532 593
533 727
533 600
534 803
535 690
535 1203
536 556
536 1009
537 867
537 1018
537 805
538 653
538 1029
538 658
538 729
538 895
538 863
539 708
539 805
539 611
539 671
540 1095
540 746
540 1197
540 1225
540 888
541 700
542 1147
542 650
542 689
543 899
544 1082
544 730
545 588
545 1138
546 585
546 1224
546 890
547 1101
549 980
549 1111
549 1181
549 1086
550 1060
550 1222
552 1024
552 624
552 825
552 1018
554 841
554 820
555 1001
555 812
555 815
555 1043
555 991
556 1244
557 1056
557 943
559 815
559 856
560 1073
560 699
562 679
562 689
562 1203
562 990
562 951
562 753
563 975
564 689
564 690
564 1111
565 1073
565 1077
566 613
566 877
567 1107
567 1111
568 806
568 619
568 884
568 890
568 1143
569 1024
569 1033
569 659
569 1245
570 1094
570 787
571 870
571 1004
572 795
573 613
573 966
573 631
573 654
573 950
573 662
573 767
574 804
574 650
574 767
575 651
576 940
576 623
577 797
579 795
579 719
580 931
581 1016
581 597
581 1116
582 1100
582 959
583 963
584 812
584 1169
584 850
584 819
584 670
586 897
586 1039
587 611
587 1012
587 1109
587 911
588 864
588 1228
588 693
589 797
590 768
590 701
591 685
591 620
591 653
592 934
593 971
593 625
594 699
594 765
595 867
595 681
596 680
597 769
597 1064
598 1064
598 828
599 1248
600 1083
601 746
601 1069
601 792
602 887
603 618
603 914
604 1247
605 647
605 1217
606 993
606 631
606 696
606 931
607 838
607 671
607 913
607 1219
608 741
608 637
610 1071
610 722
611 1184
611 695
611 665
611 1241
616 1153
616 906
616 793
617 806
617 880
618 1075
619 932
619 1160
619 885
619 859
619 1021
620 865
620 1205
620 1148
621 972
621 1005
622 995
622 870
622 716
622 638
623 683
624 921
625 1216
625 839
625 1001
627 994
627 778
629 704
629 1100
629 1117
630 924
631 1232
632 993
632 962
632 1060
632 869
632 1176
633 861
634 742
634 855
634 700
635 1090
635 1049
636 1084
636 1227
636 988
637 1152
637 859
638 1014
638 841
639 1005
639 949
641 733
641 1222
641 681
641 1017
642 1052
643 1200
643 660
643 1183
644 798
645 1195
645 1156
646 827
647 901
647 977
647 1046
648 723
648 948
648 666
649 672
649 928
650 936
650 1233
651 714
651 1239
652 724
652 1141
652 863
654 992
654 1090
654 1101
655 1120
655 714
655 1043
655 917
655 1017
655 1023
656 810
656 761
657 844
657 976
657 1016
657 708
658 715
660 1197
661 1011
661 1082
661 1245
663 897
663 1126
663 1132
663 878
664 1186
665 769
665 904
666 704
666 1015
668 1067
668 761
670 675
670 1234
670 922
672 738
673 1035
677 1056
677 1008
678 1014
679 772
679 974
679 983
681 930
681 1185
681 1118
682 800
682 998
682 781
682 873
682 977
682 931
683 865
683 811
683 721
683 1112
684 892
685 741
685 814
685 986
685 997
686 878
686 839
686 755
686 789
687 716
687 1052
688 693
688 950
688 823
689 1089
689 840
690 712
690 808
690 946
690 1145
690 1096
690 697
693 1128
693 940
694 933
695 769
695 1155
695 1138
695 1011
695 798
696 1064
697 971
697 758
697 1019
698 918
699 1146
703 1062
703 1131
704 891
705 963
708 1132
709 1061
709 1199
710 868
713 1067
714 1248
714 937
714 1006
714 853
715 717
715 828
715 894
716 1224
716 1108
717 743
717 718
717 820
717 788
718 876
718 976
719 1047
720 1171
720 987
720 956
721 1247
722 1061
722 1245
723 889
724 1190
724 762
725 1074
727 986
728 1135
728 755
729 973
729 791
730 1171
730 895
731 982
731 880
732 1023
732 1235
733 1189
733 807
734 781
734 802
735 900
735 840
735 1113
735 831
736 1092
736 877
736 943
737 918
737 1002
738 808
739 1233
739 808
739 1206
739 766
741 993
744 1042
744 1210
744 1086
745 1010
745 1180
746 1126
746 783
746 790
747 756
748 852
752 965
753 1016
754 1091
754 815
755 1127
757 924
758 975
758 986
758 1244
759 835
759 942
760 1227
760 984
760 1110
760 952
761 1218
761 1234
761 981
762 763
763 1040
766 948
767 1058
767 910
768 1160
768 791
769 944
769 1145
770 1143
771 942
771 894
772 860
772 1085
773 1231
773 1140
774 993
775 1079
777 1128
778 1120
778 995
781 997
783 858
783 1180
784 1026
784 1184
784 893
785 934
785 881
785 1170
792 1136
792 1010
792 853
793 1191
794 867
794 873
794 1039
795 1180
796 803
796 1032
796 1087
798 806
799 1090
799 1093
799 916
799 1017
799 1115
801 938
801 1132
801 850
801 886
802 1199
803 911
807 1085
808 1102
808 1209
809 811
809 857
810 1030
810 822
811 1029
812 898
812 1041
812 879
813 1028
813 1244
815 840
815 846
815 851
817 1211
817 1054
819 969
819 925
820 1129
820 878
825 1137
827 1099
828 897
829 1236
830 946
831 882
831 893
832 869
835 1226
836 990
839 1063
840 1198
840 883
841 1249
841 887
843 985
845 1097
845 1179
845 895
846 871
847 1017
849 946
853 917
853 1240
855 1150
856 982
857 864
857 922
858 1028
858 1060
859 1243
860 1139
860 919
861 1230
862 950
863 995
864 1223
864 1065
864 892
867 1137
869 1217
870 912
871 1217
871 1137
871 1170
871 1045
872 1215
874 905
877 927
878 1006
879 1088
879 887
880 1183
881 1158
882 1233
883 1124
883 1211
884 905
886 1065
887 1202
888 1243
889 1211
890 1189
890 1167
893 1074
893 1022
894 1072
897 899
897 940
897 1134
897 1130
897 1022
898 955
898 1213
900 1139
901 1093
901 945
901 1087
902 974
908 912
908 1046
908 1109
911 1122
912 1174
913 1030
915 947
916 1015
916 1044
917 1148
918 1182
920 964
921 949
922 1196
922 1039
928 993
933 1143
936 956
939 1039
942 1187
945 951
946 972
948 1151
949 1100
950 1124
950 1159
950 978
950 1240
952 1040
956 1248
958 1049
959 1063
959 1114
962 1007
963 1061
963 1097
964 1249
965 1055
967 1112
967 1076
970 1136
970 1022
972 1174
974 992
974 1071
974 1015
974 1150
977 1186
977 1077
978 1238
979 1075
981 1164
983 1207
984 1103
984 1040
987 1202
993 1031
995 1121
996 1066
996 1077
996 1135
996 1214
997 1037
999 1143
1009 1027
1010 1152
1010 1221
1011 1177
1015 1028
1019 1210
1020 1094
1020 1226
1020 1176
1021 1157
1022 1046
1022 1113
1024 1036
1026 1249
1026 1067
1030 1205
1031 1043
1032 1091
1033 1163
1035 1219
1036 1196
1036 1051
1040 1125
1040 1191
1040 1161
1042 1081
1048 1075
1049 1236
1057 1207
1057 1114
1061 1185
1062 1149
1063 1070
1063 1205
1065 1075
1067 1243
1071 1170
1075 1167
1079 1181
1082 1184
1084 1138
1089 1238
1091 1146
1092 1227
1093 1111
1095 1157
1096 1148
1098 1175
1099 1160
1103 1192
1104 1132
1110 1165
1113 1195
1115 1188
1124 1242
1134 1198
1141 1161
1149 1235
1155 1172
1159 1205
1182 1198
1220 1230
1220 1237
