0 132
0 5
0 6
0 8
0 9
0 10
0 11
0 657
0 1045
0 985
0 29
0 158
0 31
0 417
0 35
0 1201
0 40
0 41
0 46
0 943
0 944
0 264
0 307
0 1054
0 953
0 60
0 1214
0 1077
0 779
0 325
0 584
0 859
0 334
0 466
0 212
0 740
0 1209
0 345
0 731
0 225
0 356
0 103
0 106
0 231
0 108
0 1010
0 596
0 1215
0 1020
0 746
0 254
1 768
1 643
1 5
1 6
1 7
1 8
1 137
1 10
1 142
1 15
1 18
1 661
1 536
1 411
1 29
1 33
1 1023
1 293
1 146
1 945
1 424
1 44
1 45
1 433
1 306
1 53
1 566
1 265
1 56
1 60
1 829
1 62
1 191
1 480
1 578
1 765
1 69
1 71
1 437
1 74
1 782
1 593
1 777
1 270
1 344
1 399
1 733
1 575
1 421
1 224
1 783
1 98
1 1019
1 911
1 357
1 103
1 1039
1 1078
1 490
1 109
1 649
1 239
1 240
1 552
1 702
1 1142
1 120
1 121
1 122
1 251
1 253
1 510
1 383
2 386
2 515
2 132
2 5
2 6
2 7
2 8
2 265
2 11
2 12
2 13
2 15
2 408
2 530
2 963
2 20
2 537
2 473
2 24
2 153
2 981
2 927
2 416
2 930
2 932
2 518
2 806
2 753
2 42
2 43
2 812
2 45
2 46
2 49
2 562
2 819
2 692
2 53
2 438
2 833
2 696
2 820
2 59
2 1110
2 445
2 702
2 1209
2 1238
2 193
2 962
2 835
2 197
2 71
2 72
2 330
2 1207
2 646
2 1037
2 1230
2 593
2 213
2 342
2 215
2 89
2 143
2 349
2 94
2 549
2 224
2 737
2 739
2 229
2 536
2 1073
2 105
2 1005
2 914
2 677
2 1139
2 116
2 1214
2 264
2 891
2 126
2 686
3 481
3 5
3 1194
3 334
3 372
3 280
4 5
4 6
4 7
4 9
4 650
4 11
4 13
4 16
4 1176
4 409
4 559
4 797
4 133
4 32
4 40
4 47
4 52
4 799
4 1107
4 340
4 472
4 220
4 609
4 231
4 238
4 116
4 118
4 890
5 6
5 7
5 520
5 9
5 10
5 14
5 16
5 529
5 22
5 25
5 28
5 29
5 35
5 551
5 40
5 553
5 47
5 51
5 52
5 53
5 55
5 59
5 1087
5 1206
5 75
5 590
5 1103
5 80
5 83
5 84
5 598
5 92
5 1117
5 606
5 99
5 612
5 109
5 701
5 1136
5 117
5 1146
5 130
5 1159
5 648
5 137
5 1167
5 148
5 662
5 1188
5 679
5 540
5 1194
5 182
5 189
5 1234
5 723
5 1249
5 227
5 229
5 237
5 93
5 755
5 270
5 278
5 283
5 298
5 819
5 822
5 312
5 825
5 836
5 343
5 350
5 884
5 892
5 387
5 1174
5 912
5 917
5 926
5 426
5 243
5 441
5 448
5 964
5 971
5 472
5 479
5 1000
5 509
6 7
6 8
6 10
6 12
6 13
6 14
6 15
6 16
6 17
6 19
6 21
6 512
6 24
6 25
6 26
6 27
6 30
6 1055
6 32
6 33
6 34
6 36
6 37
6 39
6 40
6 41
6 44
6 49
6 50
6 51
6 565
6 55
6 1083
6 60
6 66
6 579
6 69
6 70
6 1095
6 83
6 84
6 1038
6 603
6 104
6 1131
6 109
6 114
6 627
6 1146
6 121
6 122
6 125
6 126
6 129
6 1154
6 131
6 1158
6 135
6 536
6 152
6 165
6 167
6 1197
6 1199
6 1200
6 692
6 798
6 1209
6 186
6 195
6 713
6 203
6 723
6 724
6 214
6 215
6 219
6 733
6 226
6 746
6 235
6 241
6 242
6 638
6 257
6 770
6 1238
6 1068
6 1239
6 271
6 792
6 286
6 292
6 561
6 296
6 647
6 821
6 314
6 338
6 344
6 860
6 354
6 657
6 375
6 889
6 385
6 1090
6 916
6 405
6 922
6 924
6 1093
6 1094
6 425
6 442
6 444
6 455
6 677
6 484
6 999
6 1005
6 494
6 1010
6 595
6 1227
6 937
6 510
7 8
7 9
7 1035
7 12
7 13
7 14
7 17
7 19
7 534
7 23
7 26
7 539
7 28
7 1114
7 517
7 32
7 34
7 36
7 37
7 42
7 555
7 44
7 49
7 55
7 56
7 1082
7 61
7 582
7 75
7 1102
7 81
7 594
7 84
7 87
7 90
7 91
7 1116
7 1120
7 98
7 955
7 106
7 108
7 117
7 630
7 632
7 124
7 618
7 126
7 127
7 128
7 136
7 138
7 657
7 147
7 150
7 154
7 160
7 673
7 676
7 31
7 188
7 1226
7 1228
7 208
7 216
7 218
7 223
7 224
7 234
7 235
7 236
7 243
7 759
7 760
7 639
7 764
7 1066
7 773
7 270
7 289
7 648
7 818
7 308
7 735
7 318
7 319
7 330
7 335
7 340
7 346
7 864
7 866
7 830
7 357
7 358
7 360
7 364
7 883
7 373
7 395
7 406
7 417
7 935
7 942
7 947
7 443
7 842
7 960
7 961
7 453
7 971
7 977
7 466
7 477
7 478
7 480
7 1002
7 499
7 1016
7 506
7 1020
8 259
8 155
8 9
8 11
8 1026
8 14
8 15
8 17
8 18
8 387
8 405
8 1046
8 23
8 280
8 462
8 538
8 27
8 29
8 542
8 901
8 35
8 987
8 165
8 423
8 297
8 171
8 428
8 174
8 726
8 49
8 306
8 51
8 52
8 821
8 54
8 184
8 57
8 58
8 443
8 1212
8 654
8 192
8 1248
8 1204
8 457
8 202
8 78
8 336
8 433
8 85
8 342
8 1124
8 527
8 698
8 94
8 95
8 224
8 738
8 100
8 145
8 361
8 111
8 1043
8 373
8 1067
8 250
8 637
9 10
9 12
9 14
9 685
9 18
9 20
9 21
9 22
9 27
9 28
9 33
9 36
9 551
9 1067
9 1072
9 1032
9 567
9 58
9 62
9 64
9 73
9 75
9 77
9 80
9 1121
9 98
9 99
9 102
9 103
9 1132
9 1134
9 112
9 117
9 118
9 119
9 532
9 122
9 533
9 130
9 643
9 134
9 647
9 141
9 148
9 152
9 665
9 156
9 172
9 173
9 176
9 689
9 179
9 181
9 696
9 1225
9 205
9 719
9 233
9 754
9 264
9 783
9 273
9 284
9 803
9 297
9 300
9 301
9 814
9 303
9 312
9 326
9 852
9 363
9 878
9 897
9 399
9 402
9 404
9 923
9 423
9 425
9 429
9 446
9 453
9 461
9 1101
9 981
9 983
9 986
9 490
9 1009
9 511
10 131
10 388
10 1145
10 11
10 12
10 16
10 17
10 786
10 19
10 21
10 24
10 281
10 27
10 157
10 160
10 547
10 932
10 487
10 170
10 43
10 1068
10 1138
10 693
10 265
10 313
10 1127
10 63
10 449
10 843
10 68
10 199
10 759
10 205
10 718
10 79
10 592
10 211
10 212
10 85
10 855
10 88
10 353
10 928
10 356
10 273
10 362
10 107
10 108
10 637
10 370
10 638
10 246
10 299
10 376
10 980
10 575
10 426
10 126
10 725
11 513
11 272
11 529
11 19
11 661
11 151
11 410
11 809
11 685
11 174
11 175
11 181
11 439
11 57
11 576
11 579
11 78
11 88
11 475
11 356
11 105
11 108
11 749
11 632
12 384
12 900
12 665
12 791
12 13
12 270
12 15
12 784
12 728
12 20
12 409
12 152
12 25
12 26
12 539
12 541
12 30
12 672
12 417
12 163
12 682
12 1158
12 38
12 170
12 811
12 812
12 434
12 942
12 904
12 50
12 1218
12 180
12 670
12 182
12 393
12 699
12 590
12 1213
12 575
12 64
12 800
12 194
12 67
12 69
12 1105
12 71
12 713
12 202
12 961
12 78
12 335
12 1048
12 209
12 468
12 341
12 88
12 1132
12 475
12 476
12 351
12 97
12 913
12 337
12 104
12 619
12 236
12 878
12 381
12 624
12 1137
12 754
12 244
12 1141
12 630
12 249
12 916
12 253
12 766
12 946
13 1152
13 129
13 555
13 261
13 522
13 651
13 269
13 1038
13 1242
13 145
13 274
13 806
13 22
13 23
13 24
13 900
13 26
13 155
13 284
13 669
13 30
13 415
13 161
13 34
13 38
13 423
13 296
13 169
13 43
13 45
13 1074
13 48
13 200
13 50
13 567
13 184
13 720
13 699
13 956
13 61
13 193
13 578
13 903
13 453
13 1094
13 353
13 72
13 203
13 719
13 80
13 84
13 85
13 214
13 176
13 89
13 730
13 135
13 1125
13 604
13 97
13 485
13 358
13 1091
13 252
13 234
13 107
13 530
13 434
13 625
13 115
13 464
13 1015
13 1073
13 124
13 381
14 514
14 621
14 1168
14 18
14 276
14 21
14 22
14 25
14 410
14 27
14 541
14 1055
14 802
14 1058
14 296
14 42
14 135
14 563
14 185
14 827
14 188
14 62
14 629
14 327
14 77
14 1231
14 1237
14 1110
14 1128
14 92
14 607
14 354
14 104
14 700
14 109
14 238
14 367
14 360
14 373
14 123
14 510
14 405
15 1156
15 263
15 142
15 911
15 16
15 17
15 1164
15 20
15 533
15 601
15 920
15 282
15 30
15 159
15 545
15 34
15 607
15 164
15 37
15 168
15 519
15 430
15 303
15 888
15 1075
15 798
15 55
15 641
15 58
15 315
15 62
15 501
15 64
15 262
15 1091
15 68
15 1014
15 70
15 839
15 73
15 75
15 76
15 349
15 824
15 467
15 212
15 725
15 1025
15 472
15 473
15 988
15 93
15 222
15 95
15 96
15 165
15 99
15 782
15 488
15 1130
15 949
15 114
15 244
15 190
15 268
15 869
15 760
15 276
15 122
15 1159
15 1183
16 353
16 454
16 45
16 19
16 708
16 326
16 54
16 632
16 292
16 1148
16 996
16 1077
17 129
17 452
17 1166
17 18
17 406
17 23
17 25
17 154
17 667
17 1050
17 543
17 289
17 1058
17 935
17 938
17 683
17 172
17 136
17 692
17 837
17 183
17 965
17 65
17 324
17 197
17 79
17 464
17 854
17 87
17 89
17 96
17 100
17 365
17 242
17 757
17 120
17 636
17 893
18 1029
18 855
18 781
18 784
18 20
18 149
18 24
18 798
18 419
18 348
18 46
18 687
18 568
18 313
18 189
18 574
18 1217
18 322
18 964
18 597
18 599
18 344
18 91
18 216
18 93
18 613
18 744
18 681
18 234
18 107
18 237
18 497
18 1139
18 884
18 553
18 1145
18 1150
19 134
19 648
19 273
19 1045
19 284
19 29
19 33
19 419
19 1188
19 690
19 1203
19 53
19 569
19 957
19 830
19 199
19 81
19 850
19 348
19 866
19 359
19 886
20 134
20 519
20 392
20 139
20 910
20 529
20 21
20 22
20 32
20 291
20 420
20 37
20 845
20 40
20 299
20 1245
20 48
20 1033
20 826
20 59
20 60
20 63
20 288
20 67
20 452
20 586
20 680
20 461
20 808
20 83
20 92
20 954
20 113
20 114
20 118
20 890
20 123
21 65
21 66
21 935
21 456
21 44
21 563
21 211
21 951
21 436
21 603
21 509
21 671
22 259
22 520
22 136
22 1041
22 23
22 28
22 36
22 284
22 47
22 176
22 177
22 50
22 56
22 60
22 887
22 141
22 312
22 85
22 349
22 1246
22 741
22 99
22 485
22 486
22 488
22 240
22 119
22 127
23 128
23 131
23 516
23 517
23 521
23 267
23 782
23 1040
23 1176
23 772
23 410
23 495
23 28
23 925
23 41
23 42
23 300
23 175
23 392
23 311
23 568
23 569
23 61
23 556
23 64
23 449
23 966
23 199
23 846
23 81
23 82
23 740
23 347
23 221
23 356
23 871
23 106
23 235
23 317
23 378
24 772
24 790
24 1087
24 150
24 538
24 794
24 1030
24 38
24 424
24 179
24 1076
24 310
24 184
24 522
24 191
24 54
24 333
24 78
24 653
24 337
24 210
24 216
24 474
24 102
24 361
24 491
24 244
24 250
24 635
24 380
24 127
25 130
25 776
25 386
25 403
25 196
25 26
25 30
25 162
25 932
25 390
25 168
25 45
25 957
25 1087
25 68
25 198
25 72
25 74
25 1100
25 720
25 1239
25 95
25 549
25 498
25 1017
25 251
25 383
26 716
26 136
26 143
26 786
26 404
26 149
26 157
26 31
26 1057
26 38
26 295
26 1064
26 425
26 44
26 557
26 46
26 47
26 304
26 179
26 181
26 54
26 56
26 570
26 62
26 309
26 320
26 322
26 438
26 1222
26 73
26 74
26 331
26 76
26 77
26 207
26 720
26 724
26 213
26 86
26 997
26 229
26 742
26 877
26 489
26 491
26 749
26 247
27 129
27 515
27 1153
27 524
27 277
27 156
27 1030
27 39
27 43
27 684
27 61
27 1217
27 963
27 453
27 327
27 974
27 975
27 465
27 398
27 228
27 234
27 167
27 1006
27 754
27 886
27 1150
28 640
28 1160
28 663
28 277
28 671
28 160
28 546
28 39
28 815
28 177
28 435
28 56
28 185
28 59
28 1098
28 1087
28 1216
28 193
28 330
28 715
28 717
28 465
28 339
28 596
28 569
28 729
28 346
28 859
28 635
28 101
28 105
28 167
28 1133
28 83
28 1014
28 503
28 122
28 507
28 253
28 894
28 895
29 955
29 142
29 274
29 622
29 640
29 155
29 797
29 31
29 32
29 291
29 38
29 41
29 1197
29 1071
29 1072
29 178
29 52
29 398
29 1225
29 58
29 315
29 574
29 191
29 321
29 194
29 196
29 1093
29 972
29 204
29 333
29 463
29 352
29 211
29 213
29 857
29 221
29 223
29 96
29 962
29 994
29 867
29 100
29 593
29 1043
29 110
29 239
29 1137
29 1011
29 629
29 118
29 893
29 767
30 1003
30 901
30 522
30 148
30 407
30 90
30 31
30 1056
30 35
30 37
30 550
30 369
30 348
30 1114
30 309
30 442
30 444
30 63
30 577
30 66
30 72
30 201
30 1099
30 269
30 693
30 346
30 1013
30 220
30 805
30 849
30 106
30 363
30 113
30 498
30 629
30 1017
30 507
30 125
30 254
30 895
31 768
31 811
31 133
31 925
31 395
31 142
31 536
31 788
31 238
31 934
31 408
31 284
31 543
31 33
31 166
31 680
31 169
31 42
31 263
31 300
31 1069
31 559
31 48
31 328
31 562
31 183
31 57
31 705
31 59
31 189
31 65
31 1221
31 69
31 70
31 737
31 200
31 730
31 631
31 79
31 1144
31 338
31 723
31 84
31 782
31 86
31 761
31 856
31 1209
31 90
31 910
31 1210
31 94
31 95
31 224
31 97
31 226
31 315
31 101
31 1235
31 1116
31 105
31 110
31 957
31 240
31 1064
31 499
31 366
31 375
31 248
31 121
31 635
31 252
31 254
31 917
32 1046
32 962
32 531
32 918
32 153
32 34
32 295
32 1064
32 1156
32 48
32 54
32 57
32 957
32 574
32 194
32 1219
32 1094
32 967
32 841
32 930
32 463
32 725
32 470
32 185
32 1125
32 119
33 388
33 524
33 269
33 528
33 789
33 534
33 279
33 1177
33 669
33 35
33 932
33 812
33 57
33 927
33 1085
33 578
33 967
33 979
33 1081
33 855
33 219
33 481
33 230
33 106
33 237
33 1134
33 112
33 116
33 888
33 508
33 618
34 225
34 1147
34 39
34 744
34 138
34 689
34 146
34 1127
35 130
35 266
35 401
35 1170
35 1175
35 796
35 414
35 36
35 293
35 423
35 441
35 314
35 394
35 64
35 68
35 72
35 462
35 853
35 473
35 104
35 617
35 365
35 622
35 115
35 382
36 171
36 133
36 267
36 652
36 141
36 1074
36 914
36 46
36 287
36 672
36 48
36 646
36 293
36 550
36 809
36 426
36 43
36 684
36 685
36 174
36 303
36 176
36 178
36 51
36 52
36 675
36 310
36 63
36 320
36 992
36 67
36 1008
36 200
36 202
36 716
36 206
36 291
36 727
36 88
36 263
36 391
36 999
36 362
36 365
36 111
36 752
37 811
37 523
37 403
37 405
37 151
37 920
37 155
37 926
37 39
37 1065
37 810
37 71
37 47
37 1201
37 51
37 734
37 187
37 1220
37 70
37 327
37 1096
37 976
37 340
37 469
37 1110
37 602
37 1244
37 478
37 1001
37 1007
37 1136
37 753
37 246
37 852
37 121
37 341
38 128
38 385
38 772
38 1040
38 140
38 655
38 912
38 531
38 281
38 414
38 160
38 802
38 678
38 1065
38 555
38 557
38 691
38 309
38 569
38 186
38 699
38 288
38 575
38 65
38 68
38 70
38 199
38 141
38 81
38 82
38 1235
38 724
38 87
38 91
38 220
38 836
38 97
38 484
38 1103
38 107
38 110
38 112
38 245
38 502
38 377
38 1148
38 894
39 774
39 269
39 400
39 659
39 668
39 285
39 295
39 1053
39 692
39 314
39 1086
39 319
39 704
39 390
39 711
39 546
39 646
39 466
39 218
39 144
39 743
39 82
39 374
39 1019
39 124
40 897
40 138
40 655
40 1043
40 150
40 1056
40 290
40 1187
40 805
40 41
40 174
40 66
40 67
40 966
40 460
40 851
40 861
40 97
40 1004
40 627
41 273
41 529
41 409
41 49
41 53
41 58
41 1088
41 451
41 1224
41 842
41 76
41 77
41 726
41 998
41 231
41 748
41 497
41 1139
41 247
42 995
42 918
42 170
42 215
42 76
42 333
42 557
42 482
42 823
42 179
42 278
42 125
43 972
43 977
43 1011
43 149
43 602
43 490
43 158
44 1218
44 277
44 485
44 1129
44 298
44 1223
44 396
44 846
44 943
44 146
44 596
44 824
44 665
44 91
44 149
45 324
45 625
45 168
45 208
45 304
45 337
45 50
45 381
45 476
45 189
45 63
46 769
46 134
46 300
46 908
46 397
46 276
46 278
46 684
46 816
46 177
46 190
46 576
46 1222
46 74
46 209
46 594
46 343
46 93
46 619
46 626
46 123
46 893
47 1129
47 339
47 908
47 431
47 307
47 853
48 514
48 262
48 393
48 267
48 911
48 1241
48 1176
48 585
48 168
48 427
48 302
48 177
48 947
48 55
48 415
48 573
48 416
48 706
48 67
48 199
48 73
48 844
48 79
48 978
48 1110
48 601
48 90
48 95
48 353
48 99
48 870
48 230
48 107
48 907
48 1149
48 112
48 1188
48 509
49 259
49 263
49 139
49 1232
49 898
49 539
49 541
49 159
49 931
49 421
49 298
49 568
49 69
49 71
49 205
49 974
49 591
49 592
49 86
49 856
49 217
49 848
49 359
49 619
49 368
49 242
49 118
50 1174
50 268
50 398
50 528
50 798
50 780
50 422
50 295
50 809
50 556
50 965
50 459
50 346
50 1244
50 93
50 487
50 361
50 240
50 1149
51 165
51 258
51 515
51 1041
51 362
51 614
51 562
51 558
51 1104
51 881
51 82
51 372
51 598
51 61
51 894
52 768
52 521
52 141
52 660
52 672
52 1193
52 566
52 183
52 316
52 190
52 886
52 75
52 717
52 220
52 350
52 740
52 872
52 1212
52 236
52 501
52 758
53 900
53 473
53 780
53 404
53 278
53 345
53 409
53 645
53 560
53 162
53 677
53 1063
53 432
53 817
53 310
53 313
53 321
53 1218
53 843
53 580
53 327
53 457
53 587
53 717
53 463
53 336
53 210
53 212
53 86
53 169
53 732
53 353
53 482
53 739
53 425
53 490
53 747
53 1171
53 116
53 119
53 1017
53 765
53 894
54 896
54 513
54 133
54 268
54 143
54 144
54 293
54 820
54 187
54 1213
54 324
54 583
54 713
54 1106
54 1245
54 352
54 656
54 359
54 487
54 238
54 113
55 523
55 403
55 407
55 154
55 542
55 673
55 1068
55 563
55 312
55 65
55 196
55 839
55 1235
55 527
55 101
55 610
55 355
55 229
55 105
55 110
55 751
55 1142
55 1015
55 120
55 633
55 766
56 1089
56 162
56 358
56 476
56 748
56 397
56 477
56 305
56 533
56 218
57 386
57 133
57 135
57 650
57 535
57 669
57 674
57 548
57 170
57 948
57 439
57 1163
57 801
57 329
57 74
57 1228
57 1186
57 216
57 804
57 92
57 351
57 995
57 744
57 885
57 1142
57 249
57 255
58 384
58 769
58 1026
58 939
58 401
58 282
58 292
58 427
58 1078
58 186
58 191
58 968
58 78
58 87
58 860
58 861
58 222
58 608
58 103
58 234
58 752
58 115
58 1012
58 379
58 765
59 132
59 518
59 386
59 857
59 411
59 805
59 168
59 429
59 178
59 1212
59 317
59 1214
59 192
59 835
59 197
59 585
59 79
59 89
59 207
59 354
59 102
59 747
59 492
59 109
59 628
59 247
59 638
60 260
60 137
60 143
60 144
60 814
60 535
60 799
60 163
60 390
60 297
60 1194
60 306
60 686
60 178
60 1016
60 311
60 703
60 352
60 195
60 581
60 1225
60 77
60 206
60 209
60 88
60 608
60 1115
60 92
60 221
60 96
60 610
60 1001
60 492
60 110
60 880
60 500
60 248
60 124
60 767
61 322
61 91
61 100
61 745
61 279
61 241
61 391
61 182
61 90
61 834
61 890
62 1238
62 538
62 165
62 1117
62 1200
62 80
62 530
62 566
62 504
62 815
62 186
62 1086
62 1023
63 173
63 157
63 162
63 424
63 172
63 815
63 756
63 194
63 712
63 185
63 217
63 223
63 232
63 627
63 244
63 1015
63 121
64 832
64 258
64 520
64 526
64 548
64 174
64 433
64 573
64 192
64 1249
64 524
64 588
64 163
64 984
64 218
64 1167
64 613
64 1121
64 739
64 228
64 101
64 1004
64 124
65 129
65 771
65 905
65 394
65 1163
65 402
65 531
65 1182
65 161
65 557
65 432
65 315
65 317
65 66
65 964
65 842
65 464
65 980
65 1112
65 753
66 231
66 169
66 555
66 813
66 776
66 176
66 504
66 82
66 375
66 120
66 1079
66 476
66 477
67 838
67 550
67 73
67 908
67 456
67 371
67 1030
67 580
67 180
67 1018
67 1178
67 222
67 639
68 899
68 264
68 521
68 148
68 151
68 408
68 286
68 415
68 1069
68 440
68 868
68 323
68 76
68 467
68 345
68 484
68 232
68 1133
68 1044
69 96
69 834
69 843
69 228
69 860
69 299
69 589
69 288
69 119
69 792
69 89
69 282
69 687
69 685
70 928
70 233
70 458
70 204
70 841
70 1008
70 435
70 532
70 479
70 503
70 1112
70 250
70 732
70 1118
71 551
71 328
71 585
71 242
71 302
71 146
71 1050
71 542
72 1036
72 130
72 527
72 659
72 157
72 294
72 113
72 298
72 940
72 945
72 180
72 448
72 580
72 455
72 328
72 458
72 497
72 87
72 241
72 511
73 1036
73 1037
73 1183
73 800
73 420
73 421
73 561
73 319
73 201
73 970
73 333
73 1229
73 1106
73 476
73 100
73 367
73 378
73 252
73 381
74 1237
74 357
74 1117
74 599
74 556
74 499
74 657
74 467
74 979
74 142
74 380
74 125
74 286
74 287
75 432
75 610
75 131
75 264
75 206
75 144
75 81
75 817
75 115
75 534
75 154
75 111
75 188
75 602
76 1029
76 407
76 525
76 1240
76 535
76 929
76 301
76 191
76 588
76 973
76 718
76 465
76 339
76 216
76 477
76 740
76 101
76 620
76 1069
76 116
76 373
76 510
77 128
77 1028
77 266
77 143
77 1075
77 166
77 423
77 1069
77 431
77 305
77 307
77 438
77 183
77 1161
77 186
77 579
77 1097
77 204
77 846
77 80
77 1208
77 732
77 222
77 614
77 1128
77 233
77 1022
78 539
78 710
78 103
78 620
78 1009
78 183
78 187
79 256
79 257
79 783
79 145
79 532
79 794
79 1052
79 670
79 809
79 434
79 522
79 318
79 706
79 453
79 969
79 716
79 205
79 498
79 1020
80 388
80 891
80 274
80 265
80 645
80 544
80 966
80 680
80 175
80 137
80 834
80 198
80 337
80 1107
80 468
80 344
80 1241
80 611
80 485
80 743
80 1001
80 1131
80 112
80 625
80 114
80 123
80 636
81 806
81 83
81 875
81 374
81 201
81 396
81 1036
81 207
81 978
81 1108
81 310
81 982
81 793
81 239
82 1056
82 641
82 1003
82 137
82 167
82 140
82 813
82 775
82 689
82 724
82 313
82 849
83 198
83 1189
83 610
83 86
83 863
84 138
84 140
84 1040
84 1130
84 279
84 794
84 1237
84 294
84 1192
84 1070
84 1055
84 1157
84 577
84 194
84 451
84 653
84 464
84 1105
84 597
84 352
84 609
84 358
84 618
84 235
84 239
84 252
84 125
84 85
85 161
85 612
85 726
85 769
85 506
86 1184
86 1190
86 167
86 840
86 617
86 683
86 108
86 749
86 467
86 369
86 822
86 791
86 377
86 1135
86 542
87 913
87 227
87 580
87 645
87 604
87 231
87 1004
87 558
87 303
87 304
87 147
87 776
87 401
87 380
87 413
87 479
88 134
88 520
88 140
88 909
88 400
88 146
88 403
88 277
88 280
88 156
88 797
88 543
88 1062
88 200
88 184
88 953
88 1183
88 246
88 967
88 456
88 217
88 1123
88 998
88 486
88 366
88 111
88 1012
88 502
89 548
89 904
89 427
89 741
89 120
89 287
90 514
90 774
90 272
90 145
90 405
90 150
90 549
90 935
90 1196
90 429
90 306
90 670
90 959
90 457
90 974
90 986
90 220
90 94
90 690
91 261
91 393
91 778
91 1175
91 400
91 151
91 285
91 901
91 417
91 424
91 553
91 882
91 560
91 1076
91 990
91 827
91 450
91 1091
91 203
91 1233
91 468
91 221
91 94
91 1135
91 1009
91 114
91 1144
91 253
92 768
92 98
92 676
92 102
92 689
92 775
92 614
92 368
92 145
92 309
92 759
92 789
92 283
92 158
92 351
93 299
93 388
93 390
93 392
93 153
93 1180
93 417
93 1193
93 839
93 1220
93 545
93 465
93 345
93 271
93 605
93 98
93 751
93 496
93 638
93 127
94 132
94 398
94 1042
94 159
94 160
94 166
94 1084
94 1224
94 1226
94 342
94 992
94 102
94 236
94 274
94 879
94 246
94 376
94 253
94 766
95 164
95 454
95 393
95 851
96 608
96 321
96 804
96 177
96 266
96 1133
96 1010
96 149
96 1231
96 607
97 1221
97 483
97 902
97 521
97 213
97 345
97 185
97 858
97 972
98 395
98 325
98 455
98 331
98 621
98 241
98 467
98 643
98 862
98 985
98 184
98 441
98 283
98 382
98 1119
99 394
99 1166
99 1181
99 159
99 812
99 816
99 649
99 315
99 1214
99 192
99 451
99 581
99 840
99 587
99 1232
99 338
99 1237
99 271
99 863
99 877
100 288
100 865
100 1188
100 269
100 437
100 374
100 825
100 570
100 565
101 512
101 135
101 104
101 535
101 375
101 558
101 432
101 275
101 762
101 895
101 733
101 478
102 196
102 1222
102 550
102 649
102 524
102 977
102 537
102 260
102 826
102 1178
102 223
103 131
103 326
103 262
103 136
103 891
103 748
103 113
103 850
103 147
103 1204
103 373
103 969
103 280
103 219
103 606
104 320
104 230
104 802
104 296
104 572
104 170
104 463
104 752
104 913
104 195
104 340
104 214
104 660
104 838
104 252
104 1086
105 128
105 193
105 707
105 243
105 779
105 156
105 115
105 820
105 182
105 506
105 123
106 323
106 389
106 710
106 487
106 761
106 350
106 902
106 152
106 633
106 890
106 667
106 1180
106 605
106 1114
107 161
107 707
107 389
107 1021
107 140
107 493
107 837
107 439
107 1079
107 444
107 362
107 447
108 482
108 931
108 237
108 946
108 659
108 564
108 661
108 1031
108 596
108 874
108 1109
109 783
109 163
109 193
109 297
109 207
109 848
109 117
109 790
109 495
109 673
109 293
110 902
110 1034
110 654
110 173
110 272
110 276
110 154
110 1007
110 412
110 163
110 933
110 809
110 683
110 301
110 814
110 954
110 671
110 321
110 213
110 605
110 528
110 482
110 1062
110 111
110 370
110 117
110 784
110 469
111 171
111 197
111 210
111 980
111 324
111 997
112 332
112 876
112 666
113 996
113 966
113 521
113 430
113 200
113 1077
113 1208
114 827
114 458
114 1100
114 175
114 232
114 370
114 339
114 406
114 979
114 248
114 1108
114 316
114 1149
114 446
115 357
115 584
115 428
115 237
115 250
116 261
116 341
116 385
116 584
116 394
116 290
116 226
116 366
116 1043
116 566
116 311
116 868
116 218
116 767
116 255
117 450
117 899
117 554
117 139
117 172
117 752
117 945
117 242
117 599
117 600
117 1050
117 938
118 324
118 139
118 1118
118 374
118 569
118 260
118 442
118 507
118 318
119 481
119 132
119 561
119 786
119 595
120 1031
120 650
120 139
120 782
120 411
120 800
120 290
120 164
120 824
120 571
120 579
120 1014
120 328
120 1122
120 483
120 228
120 628
120 374
120 631
120 127
121 166
121 447
121 651
121 245
121 700
122 203
122 609
122 1153
122 171
122 387
122 541
122 221
122 211
122 540
122 407
122 344
122 1082
122 157
122 126
122 511
123 980
123 647
123 653
123 495
123 209
123 1235
123 887
123 500
123 762
123 348
123 1021
123 830
123 479
124 201
124 682
124 302
124 926
124 734
125 1089
125 1154
125 323
125 1188
125 1138
125 392
125 361
125 572
125 973
125 977
125 914
125 147
125 730
125 603
125 426
125 319
126 1089
126 833
126 602
126 233
126 317
126 148
126 361
126 892
126 189
127 1174
127 971
127 1005
127 792
128 514
128 1155
128 270
128 787
128 153
128 922
128 668
128 929
128 675
128 1066
128 432
128 308
128 310
128 192
128 835
128 590
128 226
128 355
128 230
128 370
128 248
128 505
129 451
129 778
129 844
129 816
129 214
130 939
130 205
130 307
130 316
130 1181
130 255
131 198
131 496
131 695
131 294
131 166
131 173
131 909
131 240
131 1011
131 1063
131 187
131 455
131 138
131 421
132 1056
132 164
132 1092
132 879
132 144
132 564
132 1182
132 1016
132 724
132 829
133 802
133 459
133 1125
133 552
133 203
133 685
133 658
133 147
133 916
133 1047
133 347
134 260
134 677
134 528
134 158
135 480
135 239
135 502
135 153
135 412
135 767
136 162
136 363
136 810
136 332
136 619
136 597
136 761
136 219
136 395
136 637
137 577
137 488
137 781
137 1007
137 616
137 1081
137 155
137 349
138 330
138 1191
138 208
138 180
138 565
138 1148
139 290
139 1157
139 396
139 268
139 1203
139 468
139 282
140 926
140 418
140 292
140 294
140 1063
140 178
140 286
140 703
140 705
140 437
140 1103
140 340
140 377
140 348
140 228
140 879
140 241
140 245
141 728
141 696
141 506
141 219
142 832
142 195
142 484
142 232
142 531
142 1130
142 707
142 1146
142 316
142 350
142 159
143 652
143 911
143 150
143 793
143 285
143 164
143 295
143 559
143 435
143 1210
143 573
143 584
143 723
143 347
143 354
143 869
143 1129
143 624
144 578
144 230
144 519
144 489
144 1228
144 1165
144 182
145 161
145 278
145 156
146 258
146 645
146 262
146 642
146 655
146 1168
146 922
146 680
146 564
146 821
146 572
146 447
146 202
146 846
146 736
146 630
146 1018
147 195
147 391
147 582
147 878
147 463
147 438
147 731
147 485
148 398
148 152
148 281
148 795
148 813
148 303
148 695
148 1084
148 831
148 704
148 844
148 334
148 1123
148 993
148 226
148 995
148 377
148 634
148 382
149 609
149 504
149 197
149 581
149 204
149 695
149 206
149 273
149 531
149 436
149 151
149 376
149 364
149 1119
149 954
149 247
150 173
150 537
151 1156
151 1195
151 873
151 461
151 818
151 312
151 857
152 1138
152 663
152 1177
152 1242
153 227
153 893
153 261
153 801
153 527
153 304
153 849
153 443
153 371
153 1205
153 963
153 249
153 251
153 958
153 1221
154 387
154 649
154 1165
154 1229
154 999
154 927
155 261
155 275
155 412
155 158
155 932
155 172
155 945
155 181
155 702
155 320
155 972
155 1037
155 343
155 472
155 732
155 677
155 492
155 371
155 629
155 760
156 785
156 599
156 1164
156 1008
156 439
156 447
157 256
157 171
157 637
157 856
157 441
157 318
158 768
158 779
158 272
158 402
158 275
158 687
158 243
158 950
158 187
158 190
158 703
158 1120
158 229
158 873
158 748
158 238
158 627
158 247
158 254
159 738
159 169
159 958
159 475
159 188
160 508
160 892
160 1039
160 849
160 596
160 790
160 681
160 298
160 1119
161 864
161 496
161 308
161 601
161 223
162 973
162 785
162 210
162 378
162 1149
163 257
163 419
163 1205
163 878
163 359
163 460
163 619
163 592
163 448
163 622
163 215
163 788
163 250
163 1150
163 1157
164 577
164 507
164 805
164 968
164 371
165 742
165 327
165 362
165 302
165 286
165 756
165 414
165 953
165 1211
165 190
166 529
166 545
166 296
166 299
166 1070
166 958
166 836
166 198
166 801
166 847
166 336
166 483
166 365
166 625
166 1011
166 1140
166 1143
166 378
166 1023
167 384
167 179
167 780
167 418
167 434
167 563
167 954
167 188
167 581
167 464
167 852
167 598
167 736
167 225
167 615
167 369
167 245
167 246
167 1017
167 251
168 987
168 1064
168 697
168 714
168 364
168 1205
168 217
168 925
169 389
169 745
169 626
169 761
170 919
170 636
171 848
171 1058
171 302
171 496
171 693
171 920
171 309
171 472
171 985
171 1141
171 1045
171 734
171 671
172 181
172 979
172 359
172 523
172 497
172 180
172 735
172 249
172 414
173 772
173 214
173 779
173 275
173 276
173 411
173 670
173 543
173 289
173 556
173 175
173 563
173 436
173 821
173 265
173 799
173 444
173 1085
173 326
173 712
173 1097
173 342
173 215
173 606
173 744
173 236
173 372
173 1150
173 383
174 323
174 876
174 688
175 988
176 704
176 865
176 630
176 1010
176 938
176 1233
176 210
176 1179
177 545
177 944
177 1008
177 583
177 367
178 339
178 633
178 479
179 448
179 544
179 290
179 422
179 538
179 920
179 202
180 736
180 864
180 898
180 613
180 304
180 881
180 483
180 329
180 1160
181 448
181 1031
181 719
181 208
181 693
181 617
181 664
182 640
182 739
182 900
182 1202
182 751
182 338
182 924
182 670
182 325
183 196
183 422
183 871
183 713
183 301
183 948
183 1116
183 509
184 561
184 393
184 618
184 588
184 990
184 1079
184 505
184 382
184 1023
185 870
185 540
185 946
185 1178
186 803
186 587
186 646
186 271
186 948
186 919
186 217
186 623
186 380
186 445
186 607
187 737
187 204
187 1137
187 626
187 277
187 982
187 1115
187 1061
188 831
188 642
188 611
188 389
188 876
188 877
188 918
188 880
188 370
188 211
188 756
188 707
188 447
189 328
189 1111
189 207
189 471
190 672
190 491
190 206
190 208
190 978
190 435
190 567
190 857
190 317
190 575
191 459
191 691
191 1212
192 425
192 201
192 301
192 841
192 465
192 419
192 1211
192 329
192 283
192 787
193 519
193 212
193 725
193 318
194 256
194 708
194 614
194 936
194 594
194 544
194 1215
195 385
195 227
195 305
195 905
195 779
195 332
195 209
195 526
195 439
196 928
197 283
197 699
197 674
197 1147
197 244
197 957
197 853
198 225
198 674
198 681
198 780
198 451
198 1136
198 368
198 338
198 475
199 496
199 855
199 525
199 942
199 589
199 604
200 1061
200 715
200 306
201 418
201 1227
201 454
201 363
201 1202
201 1174
201 285
202 256
202 227
202 268
202 419
202 307
202 830
202 430
202 440
202 537
202 396
202 1230
202 222
203 1185
203 389
203 494
203 461
203 722
203 564
203 1237
203 837
204 288
204 474
204 609
204 778
204 875
204 282
204 255
205 416
205 257
205 1182
206 1078
206 475
207 583
207 427
207 948
207 807
207 728
207 254
208 484
208 716
208 1002
208 884
208 964
208 874
208 885
209 641
209 1020
209 939
209 941
209 313
209 1018
209 1117
211 355
211 266
211 305
211 404
211 534
211 468
211 702
211 885
212 894
212 232
212 684
212 279
212 281
212 830
213 746
214 805
214 346
214 879
214 382
215 783
215 429
215 245
215 623
216 704
216 516
216 456
216 716
216 811
216 589
216 937
216 379
216 733
217 360
217 579
217 391
217 762
217 1039
217 267
217 271
217 591
217 1083
217 349
217 255
218 225
218 1152
218 461
218 912
218 935
218 347
218 796
219 546
219 262
219 1066
219 1165
219 819
219 597
219 790
219 641
219 281
219 827
219 540
219 1085
219 741
220 512
220 898
220 710
220 777
220 1194
220 1186
220 721
220 243
221 1026
221 420
221 681
221 1066
221 235
221 460
221 913
221 600
221 612
222 352
222 933
222 297
222 1136
222 956
223 1030
223 715
223 493
223 274
223 415
224 391
224 770
224 367
224 1224
224 570
224 1019
225 769
225 709
225 1216
225 333
226 1119
226 332
226 367
226 1078
226 823
226 351
226 765
226 719
227 705
227 422
227 1217
227 552
227 697
227 651
227 941
227 272
227 1169
227 611
227 406
227 764
228 321
228 738
228 771
228 737
228 248
228 1211
228 441
229 233
229 458
229 267
229 504
229 314
230 322
230 773
230 907
230 320
230 498
230 856
230 987
231 397
231 431
231 530
231 1050
232 1025
232 552
232 471
232 612
232 379
233 1238
233 460
233 1073
233 690
233 918
233 607
234 259
234 428
234 491
234 332
234 280
234 796
235 672
235 960
235 493
235 750
235 1206
236 859
237 397
237 279
239 994
239 840
239 1193
239 1070
239 275
239 952
240 418
240 997
240 364
240 450
240 1230
240 335
241 289
241 259
241 743
241 917
241 443
242 1192
242 300
242 1198
242 399
242 631
242 701
243 266
243 781
243 494
243 937
243 658
243 343
243 408
244 418
244 388
244 358
244 845
244 1079
244 604
245 409
245 1090
245 643
245 1032
245 1005
245 366
245 882
245 1046
245 875
245 249
245 410
245 603
245 351
246 347
246 518
246 760
246 440
246 947
246 1236
246 662
246 251
246 731
247 673
247 258
247 586
247 1154
247 658
247 329
247 861
248 1051
248 326
248 872
248 938
248 493
248 728
248 260
248 603
249 384
249 517
249 774
249 903
249 394
249 907
249 401
249 1044
249 1047
249 923
249 287
249 800
249 694
249 1035
249 457
249 847
249 850
249 1123
249 613
249 1007
249 888
249 508
250 549
250 621
250 601
251 708
251 523
251 973
252 480
252 984
252 604
253 801
253 975
253 1240
254 576
254 258
254 516
254 325
254 1062
254 808
254 330
254 1173
254 1139
254 1111
254 442
255 256
255 263
255 631
255 430
255 399
255 824
255 696
255 1114
255 572
255 1054
255 1063
256 257
256 449
256 360
256 462
256 413
256 926
257 452
257 1195
257 533
257 1078
257 1084
257 757
258 329
258 778
258 429
258 502
259 1185
259 674
259 491
259 950
259 811
259 375
259 343
260 1140
260 444
260 1132
260 434
260 500
260 665
260 730
261 741
261 1247
262 1211
262 691
262 308
262 437
262 723
262 311
262 505
262 474
263 940
264 512
264 1085
264 456
264 365
264 335
264 616
264 644
264 854
264 1080
264 440
264 292
264 410
264 636
264 445
265 598
265 646
265 758
265 342
265 933
266 652
266 912
266 1044
266 1177
266 1049
266 413
266 287
266 420
266 1095
266 689
266 818
266 449
266 583
266 1102
266 547
266 341
266 676
266 991
266 1004
266 887
267 770
267 713
267 714
268 1041
268 630
268 727
270 1220
270 289
270 392
270 1034
270 1069
270 752
270 520
270 481
271 1042
272 291
272 533
272 888
273 486
273 1000
273 364
273 462
273 1048
273 634
273 667
274 336
274 420
274 838
274 337
274 489
274 682
274 589
274 305
274 1033
274 591
275 571
275 1060
275 489
275 586
275 1163
275 494
275 756
275 686
275 1239
275 1054
275 639
276 1222
276 519
276 616
276 755
276 372
276 1110
276 1044
276 628
276 350
277 424
277 1099
277 1203
277 1206
277 383
278 369
278 331
278 314
278 571
279 554
279 334
279 1072
279 862
280 421
280 331
281 285
282 899
282 1223
282 335
282 1049
282 793
282 1239
283 355
283 1031
283 874
283 507
283 431
283 336
283 664
283 415
283 735
284 512
284 291
284 1035
284 1164
284 622
284 991
284 316
285 387
285 1159
285 940
285 675
285 663
285 376
285 831
286 895
286 1132
286 459
286 1229
286 559
286 795
286 1190
286 639
287 652
287 530
288 704
288 675
288 363
288 558
288 1144
288 1236
288 1157
289 384
289 399
289 466
289 721
289 571
289 589
290 385
290 334
290 371
291 544
291 450
291 323
291 294
291 1096
291 642
291 404
291 795
292 826
292 594
292 470
292 1051
292 378
292 446
293 1099
293 989
293 688
293 1227
293 606
293 1241
293 413
293 446
294 486
294 1103
294 360
295 645
295 1098
295 560
295 913
296 745
296 847
296 501
296 857
296 733
297 710
297 711
297 691
297 660
297 568
298 807
299 679
299 311
300 960
300 641
300 930
300 1155
300 644
300 357
300 615
300 490
300 983
300 308
300 789
300 822
300 959
300 541
301 1184
301 836
301 682
301 395
301 402
301 1077
301 381
302 898
302 457
302 970
302 1107
302 500
302 1046
302 503
302 824
302 763
303 742
303 573
303 1112
303 708
303 411
303 445
303 1246
304 546
304 1064
304 889
304 781
304 885
304 471
304 1167
305 1028
305 840
305 426
305 1067
305 437
305 915
305 885
306 992
306 883
307 864
307 941
307 369
307 778
307 788
307 470
307 669
308 747
308 728
309 1229
309 368
309 402
309 478
309 726
310 705
310 408
310 678
310 331
310 1197
310 688
310 868
310 443
310 1214
311 1095
311 1052
311 788
311 573
311 958
312 514
312 715
312 820
312 664
312 729
313 355
313 1094
313 593
313 615
313 698
314 372
314 407
314 600
314 1108
314 797
314 702
315 642
315 1195
315 1042
315 1143
315 762
316 459
316 325
316 427
316 483
316 755
316 820
317 864
317 813
317 319
318 1075
318 435
319 580
319 934
319 1104
319 949
319 380
320 1051
320 653
321 1184
321 322
321 901
321 819
321 1236
321 341
322 705
322 673
322 1032
322 853
323 843
323 1118
323 1038
323 1177
323 729
323 542
324 711
324 1198
324 1141
324 1049
324 1116
326 481
326 1029
326 1231
326 600
326 1205
326 937
327 416
327 706
327 615
327 655
327 1051
327 915
327 696
327 379
327 605
328 471
328 383
329 676
329 488
329 841
329 856
329 732
330 832
330 688
330 1154
330 905
330 610
330 686
330 560
330 1169
330 692
330 823
331 577
331 547
331 583
331 681
331 525
331 462
331 1105
331 466
331 1006
331 567
331 1145
331 933
332 1029
332 551
332 1193
332 775
332 1218
332 785
332 759
332 572
332 862
333 492
333 970
333 817
333 508
334 616
334 707
334 470
334 796
334 1055
335 390
335 554
335 846
335 755
335 758
336 869
336 633
337 455
337 493
337 657
337 1151
338 644
338 1159
338 808
338 717
338 1231
338 862
339 532
339 693
339 985
340 816
340 561
340 1048
340 537
340 1096
340 709
341 1032
341 397
341 1232
341 1013
341 1212
341 1034
342 865
342 1011
342 412
343 817
343 735
344 595
345 773
345 875
345 590
345 1198
345 1072
345 695
345 921
346 376
347 386
347 1054
347 629
347 442
347 574
347 709
348 865
348 354
348 356
348 961
348 786
348 656
348 625
348 506
348 701
348 799
349 930
349 980
349 1109
350 1246
351 403
351 438
351 921
351 379
352 896
352 897
352 952
352 1108
352 734
353 480
353 872
353 683
353 968
353 632
353 1086
353 1013
354 736
354 842
354 1175
354 1071
354 976
354 873
354 668
356 1124
357 1093
358 899
358 366
358 750
358 790
359 635
360 880
360 875
360 368
360 377
360 666
360 635
360 574
361 1148
362 714
362 955
364 997
364 436
364 1215
365 550
365 401
365 983
365 1059
365 599
365 893
365 1022
365 991
366 866
366 806
366 605
367 532
367 1172
367 924
367 959
368 1158
368 851
368 1145
369 968
370 678
370 396
370 568
371 1089
371 587
371 1204
372 1185
372 751
372 566
372 823
372 988
373 796
373 751
373 1104
373 1160
373 412
373 414
373 863
374 422
374 586
374 436
375 845
375 988
375 1022
376 499
376 504
377 416
377 923
377 452
377 662
377 600
377 667
378 1153
378 855
378 623
378 433
378 661
378 952
378 637
378 585
379 942
379 1082
379 469
379 445
380 428
380 813
380 440
381 588
381 549
381 582
381 527
381 624
381 690
382 1162
382 651
382 975
383 585
383 1002
383 400
384 1160
384 523
384 1213
384 944
384 1207
384 477
385 746
385 814
385 431
385 560
385 931
385 709
386 852
387 1024
387 763
388 1059
388 513
388 949
388 887
388 889
388 986
388 639
389 868
389 1189
389 488
389 776
389 882
390 710
390 1244
391 502
392 1097
392 400
392 815
393 909
394 492
394 816
395 1109
395 473
395 446
396 780
396 430
396 495
396 1100
398 1047
399 1089
399 1074
400 955
400 656
401 960
401 1057
401 450
401 709
401 1226
401 433
401 611
401 406
401 666
402 712
402 943
402 1200
402 917
403 804
403 555
403 793
403 1148
403 509
404 1216
404 869
404 454
404 939
404 953
404 469
405 902
406 489
406 903
406 535
406 1124
406 858
406 413
406 991
407 1217
407 708
407 487
407 1239
408 994
408 1230
408 495
409 960
409 501
409 470
409 1208
409 538
409 478
410 554
410 722
410 598
411 1128
411 591
412 845
412 526
413 1234
413 662
414 524
415 1094
415 562
416 897
416 1074
416 1072
416 994
416 914
417 1024
417 871
417 1106
419 545
419 929
419 1141
419 867
420 1209
420 700
420 554
421 998
421 1109
422 1027
422 726
422 1128
422 497
422 1118
423 902
423 718
423 1170
423 788
423 525
423 510
424 460
424 1105
424 474
425 803
425 774
425 1162
425 908
425 1029
426 522
426 428
426 624
427 711
427 695
427 1181
429 486
429 454
429 770
429 1178
429 632
429 1021
430 608
430 516
431 867
431 1028
431 1196
431 1140
431 633
431 1242
431 735
432 452
432 850
432 656
432 594
432 766
432 1061
433 970
433 1083
434 449
435 682
435 690
435 951
435 1081
436 962
436 1047
436 975
436 1015
436 606
437 1171
438 1021
439 892
439 458
439 1200
439 1201
439 882
439 731
440 867
440 1033
440 882
441 1133
441 848
441 754
441 986
442 1088
442 515
442 1014
442 923
442 494
442 1234
442 889
442 1082
443 548
443 727
443 1071
443 505
443 763
444 482
444 616
444 526
444 1170
444 595
444 469
444 676
444 795
444 508
444 829
445 1091
445 777
446 1074
446 499
446 959
446 837
447 1098
447 503
449 773
449 1129
449 1146
450 1071
450 786
450 1243
451 711
451 921
451 993
451 851
451 1174
451 663
451 628
451 571
451 1149
452 998
452 721
452 503
453 1092
454 842
454 567
455 513
455 1249
455 1102
455 1075
456 747
456 844
456 1181
456 766
457 640
457 904
457 1016
457 859
458 678
458 843
458 717
458 719
458 934
458 918
458 697
458 1076
458 946
459 866
459 906
459 1080
460 747
460 880
460 1076
460 981
460 923
461 835
461 910
461 956
462 513
462 581
462 944
462 1021
463 834
463 643
463 930
463 1172
464 553
464 551
464 750
464 658
464 659
465 828
465 925
465 592
465 564
465 1048
466 914
466 697
466 536
466 1031
466 736
467 1152
467 547
467 718
467 756
467 862
469 1185
469 1090
469 868
469 1143
469 471
470 1124
470 1061
470 999
470 777
470 565
470 1080
470 703
470 511
471 807
471 669
471 817
471 500
472 1224
472 1165
472 691
472 1109
472 1241
472 474
472 700
472 762
474 650
474 1070
474 1143
475 576
475 1234
475 976
475 498
475 501
475 526
475 860
475 990
476 675
476 1229
476 851
477 1213
477 819
477 799
477 1107
477 511
478 578
478 515
478 686
478 1117
479 547
479 1123
480 611
480 1126
480 591
480 663
480 729
480 833
481 1131
481 1004
481 909
481 764
482 518
482 903
482 543
483 978
484 1248
484 1185
484 679
484 871
484 757
485 546
485 998
485 586
486 1142
486 968
486 873
486 848
487 919
487 903
487 651
487 628
487 1045
487 1127
487 863
488 518
488 648
489 1071
491 969
491 910
492 588
492 557
492 946
492 1247
493 548
493 1039
493 818
493 963
493 1054
494 949
494 986
495 654
495 559
496 534
496 540
497 1027
497 615
497 505
498 1170
498 634
499 896
499 835
499 933
499 1168
499 1201
499 1187
499 1172
500 678
500 967
500 1138
501 969
501 654
501 808
502 608
502 896
502 517
502 1034
502 654
502 659
502 597
502 666
504 803
504 516
504 582
504 648
504 590
504 890
505 576
505 795
505 653
505 1047
505 826
505 922
505 1246
505 895
506 1240
506 722
506 1144
507 1219
507 694
507 1207
508 992
508 595
508 1111
509 812
509 714
509 620
510 642
510 1065
511 721
511 661
512 623
512 1158
512 517
513 528
513 1111
514 584
514 1098
514 757
514 1014
514 889
514 1181
515 1171
515 1190
516 1190
516 525
516 878
516 1141
517 1126
518 754
518 834
519 1147
519 785
519 1115
519 701
520 743
520 1134
521 613
521 907
521 863
523 962
523 1223
523 1192
523 789
523 821
524 901
524 810
524 1231
524 634
525 552
525 1101
525 847
525 1081
525 951
525 644
525 730
526 941
526 822
526 665
528 612
528 1061
528 553
528 921
529 1023
531 1211
531 544
531 1080
531 601
531 539
531 767
532 662
532 915
533 1035
533 950
533 570
533 815
534 1116
534 1151
535 904
535 636
535 626
536 1026
536 721
536 919
537 853
537 664
538 1208
539 836
539 905
540 620
540 975
540 858
540 570
541 833
541 1092
541 1041
541 978
541 1179
541 1022
541 959
542 1122
542 741
542 971
542 556
542 621
542 1233
543 1057
543 1060
543 1125
543 562
544 1024
544 839
544 1246
545 1068
545 989
546 810
547 1221
547 1164
547 1040
547 1180
549 1121
549 712
549 626
549 789
550 996
551 934
551 854
553 1060
553 871
553 558
553 656
553 997
554 1155
555 622
555 1233
555 1179
556 1058
558 1184
558 931
558 823
559 870
559 1033
560 698
562 1157
563 618
563 858
563 731
564 565
564 1028
564 827
566 928
566 814
566 881
566 854
566 634
567 874
567 587
567 722
567 660
567 1226
567 1119
568 1030
569 1025
569 1171
569 668
569 627
569 952
570 582
570 909
572 961
572 664
573 1130
574 687
574 624
574 785
575 961
575 808
575 593
576 644
576 1194
576 845
576 1133
576 757
578 706
578 740
578 660
578 828
578 991
579 684
579 592
579 887
580 652
582 897
582 771
583 849
583 694
583 699
583 860
584 1203
584 919
585 838
585 1032
585 984
586 650
586 688
586 668
587 750
588 614
588 844
589 679
589 937
589 906
589 981
589 886
590 617
590 720
590 1201
590 1015
590 602
591 674
591 931
591 869
591 911
591 892
592 742
593 640
593 742
593 912
595 1243
596 1167
596 758
597 966
597 1007
598 1210
599 647
599 1132
600 1122
600 781
600 1053
600 1183
601 680
601 1138
602 647
602 638
602 727
603 928
603 1189
603 753
603 734
604 958
605 774
605 1196
605 976
605 787
605 951
606 666
608 1164
610 838
610 617
611 993
611 1027
611 906
611 771
611 950
611 861
612 620
613 1172
613 828
614 1121
614 1041
614 738
615 658
615 1240
616 825
617 1184
617 1230
618 1129
618 950
618 891
618 1215
619 621
620 841
621 623
623 655
624 861
624 715
624 1102
625 1152
625 749
625 703
626 840
627 631
627 922
628 797
630 1199
631 722
631 921
632 1122
632 750
633 787
633 1180
635 956
636 936
636 884
637 886
638 859
639 1193
639 877
639 1200
639 791
639 1124
639 671
640 725
641 1013
642 1018
643 1220
643 1093
643 1118
644 1120
644 1187
644 804
644 775
644 744
644 1052
645 929
645 649
645 764
645 989
646 1187
646 667
647 870
647 745
648 832
648 745
648 876
648 1037
649 1223
649 939
652 1249
652 755
652 694
653 1057
653 739
654 1127
654 1018
655 794
656 743
656 1112
656 1053
657 943
657 970
658 770
658 936
658 748
658 1048
659 1027
659 1067
659 1234
660 831
661 1002
661 1242
661 831
661 794
662 866
663 1173
663 727
665 800
665 1106
665 1012
665 905
666 706
666 777
666 697
666 1244
667 1056
667 679
667 687
667 698
668 791
670 974
670 1112
670 1183
671 884
671 791
671 1236
671 954
674 1126
675 802
675 775
675 1006
675 729
676 1100
677 784
677 1010
678 1059
678 759
679 880
679 763
680 683
681 1144
681 760
681 1210
682 1097
682 749
683 787
684 1000
684 924
685 993
685 771
686 896
686 1228
686 758
686 1065
686 700
686 947
687 1241
687 1052
688 714
689 828
689 1167
689 694
690 1087
691 712
691 1245
691 829
693 1025
693 1191
693 872
693 829
694 906
694 701
695 746
695 792
695 698
696 925
697 773
698 1177
700 1131
701 1058
701 1162
702 810
703 1228
703 1035
703 763
704 942
706 1166
706 945
707 738
707 1052
707 948
708 1088
711 972
713 1067
714 1001
714 947
714 1179
715 720
715 881
716 971
716 718
716 772
717 737
717 1199
717 989
718 1006
719 865
719 934
719 879
719 1039
720 990
721 898
721 1012
721 1150
722 877
726 1006
727 1145
727 761
727 1173
728 1097
728 1108
728 1019
729 847
730 1155
730 981
730 1086
731 806
732 976
733 881
733 883
734 1123
734 1128
735 793
738 994
738 940
738 1206
739 807
739 828
740 1104
741 883
744 807
744 1038
744 1009
744 1215
744 1151
745 1161
746 1003
746 1198
746 1012
746 927
747 833
747 987
747 940
747 938
747 1131
747 753
747 979
747 1049
747 765
749 1115
753 1120
753 1222
753 874
754 1101
755 803
755 1002
755 1076
756 1005
757 906
758 764
759 917
760 899
760 883
760 888
761 1102
762 801
762 1176
763 1065
765 995
765 985
766 769
767 1096
767 1137
768 1046
771 1186
771 1095
771 908
771 784
771 850
772 1024
772 776
772 1034
772 798
773 1104
774 1113
777 837
777 858
777 984
777 792
780 1135
780 1180
781 964
781 1100
781 1103
781 987
782 854
783 1232
784 984
784 826
785 825
786 1245
788 1192
790 977
791 900
791 1040
792 1036
792 982
793 1107
794 973
795 804
795 1096
795 825
795 1208
796 1219
798 891
799 936
799 1175
801 1152
801 996
801 1101
801 818
802 1051
802 989
803 967
804 1243
805 916
806 870
808 996
808 1224
808 1136
808 822
810 1207
813 1027
813 839
814 1009
814 1017
815 1173
815 1066
815 1151
819 832
823 1191
825 852
825 1084
827 965
827 924
828 1060
828 1196
828 1135
828 982
828 1053
829 1090
833 1191
833 1068
834 1240
834 1147
835 1153
835 927
836 1122
836 1070
836 1232
836 1080
836 920
837 1182
837 1020
840 1202
841 1147
842 1003
842 1008
843 910
843 944
845 1153
847 873
848 1024
848 1095
848 943
848 1043
850 1159
850 916
850 1049
853 1113
854 1192
857 1073
858 867
858 1189
858 872
859 982
859 1019
862 1059
864 990
865 1243
866 904
868 876
869 1063
869 1044
870 1236
871 1016
871 988
873 1156
874 1057
874 936
876 1221
876 1101
877 955
878 929
878 1196
879 1225
879 907
881 1001
881 1205
883 1099
884 1130
886 915
888 1163
888 1111
888 1140
888 953
890 1202
891 949
893 1088
893 1226
893 915
895 969
897 1197
897 1042
898 1090
898 1079
900 1210
900 956
901 1163
902 941
903 1022
908 1199
910 1195
911 1126
914 1062
915 1053
916 1161
920 1223
920 1037
923 1062
924 1093
924 951
925 1033
927 965
928 1003
929 983
930 1191
931 1113
931 1151
934 1155
935 1098
935 1045
935 1247
935 1084
936 952
942 1139
944 974
945 1186
945 1218
945 1026
946 963
949 1158
953 993
954 1105
958 1088
958 965
958 1000
958 1202
958 1242
958 1125
959 1036
959 1247
961 1248
961 1000
961 983
962 1025
964 1160
964 1055
966 1219
968 995
969 1073
971 1038
971 1013
972 1115
975 1217
977 1182
979 999
979 1247
980 1166
980 1235
981 1083
983 992
986 1028
987 1248
989 1114
993 1169
994 1154
995 1140
997 1186
1001 1050
1004 1060
1004 1042
1010 1165
1010 1077
1010 1081
1011 1126
1015 1156
1018 1187
1019 1091
1023 1172
1025 1143
1028 1175
1034 1092
1034 1207
1035 1162
1035 1169
1036 1161
1038 1146
1041 1176
1042 1219
1044 1142
1045 1099
1046 1083
1047 1245
1048 1168
1049 1075
1056 1059
1057 1249
1066 1168
1071 1092
1078 1082
1079 1113
1080 1134
1080 1085
1081 1213
1082 1220
1082 1233
1086 1238
1088 1248
1088 1195
1091 1171
1093 1106
1093 1203
1095 1137
1095 1113
1097 1120
1097 1227
1098 1134
1101 1162
1102 1190
1104 1216
1104 1127
1104 1198
1104 1179
1105 1206
1106 1121
1111 1135
1113 1169
1113 1178
1114 1199
1118 1173
1119 1166
1130 1216
1139 1204
1148 1170
1156 1227
1158 1161
1159 1225
1159 1204
1162 1189
1187 1197
1207 1244
1237 1243
