0 257
0 644
0 5
0 6
0 777
0 10
0 1167
0 20
0 21
0 23
0 153
0 795
0 28
0 33
0 1030
0 550
0 924
0 170
0 302
0 1204
0 949
0 55
0 56
0 446
0 629
0 707
0 68
0 967
0 335
0 983
0 989
0 1246
0 352
0 993
0 98
0 996
0 359
0 109
0 244
0 574
0 249
0 125
1 261
1 6
1 8
1 907
1 141
1 14
1 16
1 785
1 19
1 1045
1 663
1 536
1 537
1 538
1 284
1 5
1 32
1 432
1 802
1 38
1 39
1 169
1 44
1 176
1 569
1 442
1 31
1 60
1 701
1 65
1 450
1 944
1 966
1 857
1 840
1 160
1 590
1 976
1 921
1 342
1 471
1 729
1 962
1 400
1 866
1 380
1 236
1 1150
1 626
1 1140
1 1022
1 121
1 124
1 963
1 255
2 131
2 5
2 6
2 391
2 138
2 13
2 15
2 43
2 22
2 664
2 26
2 589
2 34
2 294
2 7
2 314
2 650
2 195
2 580
2 418
2 77
2 83
2 86
2 79
2 1003
2 250
2 252
3 513
3 733
3 516
3 5
3 6
3 7
3 8
3 1196
3 10
3 11
3 13
3 14
3 15
3 16
3 17
3 1042
3 531
3 20
3 21
3 22
3 23
3 24
3 25
3 26
3 27
3 31
3 33
3 35
3 548
3 551
3 40
3 41
3 45
3 55
3 59
3 573
3 62
3 63
3 64
3 67
3 68
3 1099
3 82
3 83
3 84
3 1112
3 89
3 92
3 93
3 95
3 102
3 105
3 618
3 107
3 109
3 628
3 117
3 636
3 1149
3 1045
3 1046
3 1133
3 145
3 147
3 149
3 671
3 673
3 678
3 684
3 690
3 694
3 697
3 700
3 1219
3 1220
3 198
3 1224
3 1227
3 717
3 209
3 211
3 212
3 221
3 224
3 976
3 741
3 230
3 231
3 747
3 749
3 239
3 552
3 244
3 248
3 1151
3 766
3 260
3 773
3 775
3 270
3 784
3 787
3 282
3 797
3 286
3 294
3 303
3 307
3 309
3 313
3 320
3 330
3 333
3 847
3 345
3 348
3 349
3 350
3 351
3 868
3 877
3 369
3 1171
3 374
3 897
3 898
3 387
3 397
3 398
3 410
3 1063
3 929
3 935
3 429
3 433
3 434
3 438
3 439
3 456
3 969
3 970
3 971
3 464
3 993
3 1003
3 492
3 1018
3 1019
3 1020
4 129
4 34
4 171
4 5
4 902
4 7
4 8
4 9
4 138
4 75
4 130
4 911
4 17
4 658
4 193
4 41
4 1242
4 201
4 491
4 1190
4 63
5 6
5 7
5 8
5 9
5 11
5 12
5 14
5 15
5 16
5 17
5 18
5 19
5 20
5 21
5 22
5 24
5 25
5 26
5 27
5 28
5 29
5 30
5 31
5 32
5 547
5 37
5 550
5 47
5 48
5 564
5 567
5 56
5 57
5 577
5 72
5 1207
5 80
5 611
5 84
5 87
5 608
5 609
5 99
5 1041
5 104
5 618
5 1131
5 620
5 111
5 120
5 122
5 1150
5 128
5 130
5 132
5 1046
5 138
5 652
5 141
5 1173
5 1050
5 158
5 674
5 676
5 678
5 1191
5 173
5 1205
5 183
5 187
5 704
5 194
5 708
5 201
5 1227
5 717
5 1229
5 729
5 1061
5 1248
5 737
5 246
5 250
5 257
5 258
5 259
5 278
5 280
5 1108
5 799
5 560
5 301
5 304
5 317
5 830
5 319
5 833
5 330
5 332
5 333
5 995
5 1081
5 344
5 347
5 860
5 353
5 357
5 873
5 829
5 369
5 890
5 893
5 388
5 915
5 916
5 420
5 933
5 940
5 944
5 949
5 955
5 960
5 449
5 450
5 461
5 975
5 466
5 468
5 483
5 1190
5 1009
5 1013
5 503
5 505
5 1023
6 7
6 8
6 9
6 11
6 12
6 13
6 526
6 16
6 17
6 18
6 19
6 23
6 24
6 1050
6 544
6 545
6 34
6 37
6 552
6 42
6 519
6 45
6 50
6 51
6 54
6 1033
6 568
6 569
6 59
6 60
6 573
6 574
6 1087
6 64
6 67
6 71
6 72
6 76
6 1102
6 598
6 609
6 98
6 99
6 619
6 111
6 112
6 1138
6 118
6 771
6 633
6 123
6 637
6 128
6 133
6 142
6 143
6 1178
6 161
6 674
6 681
6 172
6 173
6 695
6 187
6 1212
6 194
6 197
6 1226
6 716
6 206
6 727
6 217
6 219
6 1244
6 223
6 224
6 1249
6 740
6 554
6 259
6 262
6 268
6 1157
6 292
6 563
6 1247
6 319
6 836
6 327
6 330
6 56
6 851
6 344
6 352
6 372
6 382
6 914
6 415
6 583
6 436
6 441
6 451
6 455
6 459
6 1012
7 1024
7 9
7 10
7 11
7 16
7 18
7 1043
7 22
7 24
7 25
7 28
7 29
7 35
7 36
7 37
7 38
7 551
7 40
7 556
7 47
7 566
7 521
7 572
7 61
7 63
7 1090
7 69
7 1094
7 73
7 82
7 84
7 86
7 91
7 605
7 96
7 1124
7 102
7 1128
7 105
7 108
7 109
7 622
7 115
7 628
7 121
7 125
7 126
7 139
7 1218
7 143
7 657
7 162
7 675
7 164
7 171
7 686
7 1053
7 176
7 186
7 700
7 706
7 195
7 205
7 718
7 209
7 726
7 216
7 217
7 223
7 737
7 231
7 234
7 756
7 245
7 249
7 255
7 768
7 786
7 282
7 283
7 296
7 318
7 1078
7 329
7 761
7 850
7 853
7 347
7 865
7 878
7 950
7 746
7 388
7 903
7 392
7 395
7 400
7 405
7 412
7 422
7 430
7 948
7 438
7 471
7 1188
7 476
7 991
7 1006
7 498
7 1018
7 767
8 898
8 648
8 9
8 10
8 1163
8 12
8 402
8 20
8 1134
8 918
8 23
8 1049
8 26
8 540
8 285
8 32
8 1156
8 1187
8 164
8 41
8 45
8 558
8 561
8 61
8 712
8 1097
8 778
8 76
8 210
8 83
8 853
8 91
8 1116
8 349
8 1118
8 354
8 357
8 404
8 786
8 878
8 1010
8 371
8 244
8 297
8 148
8 766
8 127
9 131
9 748
9 10
9 11
9 12
9 14
9 783
9 657
9 515
9 654
9 857
9 1028
9 281
9 29
9 30
9 581
9 673
9 292
9 933
9 38
9 41
9 43
9 541
9 48
9 49
9 648
9 693
9 54
9 329
9 1085
9 446
9 585
9 832
9 193
9 196
9 310
9 1095
9 201
9 331
9 847
9 208
9 341
9 214
9 548
9 90
9 604
9 485
9 263
9 482
9 396
9 166
9 108
9 1213
9 645
9 370
9 371
9 169
9 1144
9 136
9 1125
9 725
10 1152
10 389
10 1175
10 13
10 654
10 529
10 914
10 275
10 276
10 21
10 150
10 535
10 1137
10 27
10 709
10 288
10 802
10 731
10 838
10 39
10 470
10 42
10 300
10 46
10 815
10 432
10 49
10 52
10 309
10 54
10 393
10 180
10 58
10 799
10 60
10 65
10 835
10 325
10 70
10 353
10 1192
10 1015
10 930
10 525
10 339
10 264
10 214
10 347
10 92
10 186
10 1246
10 223
10 225
10 1122
10 1009
10 871
10 360
10 444
10 106
10 1132
10 753
10 754
10 531
10 244
10 119
10 376
10 767
10 636
10 126
10 149
11 513
11 264
11 139
11 12
11 13
11 14
11 15
11 1137
11 408
11 18
11 19
11 968
11 21
11 790
11 151
11 24
11 25
11 981
11 795
11 29
11 30
11 1184
11 801
11 163
11 521
11 966
11 241
11 680
11 809
11 299
11 44
11 178
11 175
11 689
11 50
11 179
11 52
11 1041
11 300
11 692
11 60
11 586
11 556
11 192
11 834
11 67
11 710
11 563
11 268
11 74
11 695
11 1101
11 462
11 466
11 936
11 1236
11 341
11 470
11 343
11 1241
11 986
11 271
11 1116
11 477
11 1189
11 482
11 356
11 231
11 104
11 106
11 492
11 113
11 370
11 883
11 1145
11 1096
11 490
11 254
11 895
12 171
12 1031
12 782
12 15
12 912
12 18
12 899
12 868
12 789
12 22
12 1092
12 154
12 156
12 30
12 159
12 33
12 34
12 36
12 37
12 376
12 39
12 40
12 284
12 43
12 812
12 45
12 1198
12 48
12 948
12 926
12 739
12 56
12 927
12 60
12 445
12 62
12 575
12 66
12 1163
12 196
12 1186
12 454
12 583
12 247
12 204
12 930
12 206
12 548
12 209
12 211
12 1236
12 590
12 727
12 88
12 420
12 1030
12 475
12 93
12 540
12 1122
12 355
12 100
12 103
12 872
12 489
12 951
12 809
12 1052
12 117
12 119
12 262
12 761
12 759
13 672
13 36
13 363
13 1228
13 588
13 920
13 51
13 151
13 792
13 164
13 346
13 319
13 127
14 130
14 841
14 1031
14 141
14 303
14 19
14 20
14 149
14 1174
14 1132
14 922
14 27
14 265
14 1181
14 31
14 133
14 33
14 292
14 166
14 551
14 1065
14 42
14 46
14 47
14 176
14 305
14 50
14 499
14 53
14 183
14 825
14 58
14 159
14 816
14 447
14 928
14 578
14 139
14 713
14 74
14 565
14 78
14 465
14 978
14 211
14 340
14 642
14 89
14 91
14 989
14 480
14 97
14 226
14 611
14 103
14 1000
14 107
14 304
14 367
14 880
14 114
14 371
14 377
14 123
14 508
15 897
15 1159
15 17
15 274
15 406
15 793
15 1054
15 261
15 1189
15 632
15 299
15 177
15 862
15 441
15 193
15 66
15 140
15 75
15 76
15 504
15 723
15 597
15 344
15 92
15 222
15 357
15 614
15 750
15 242
15 126
15 248
15 254
16 521
16 663
16 152
16 155
16 551
16 42
16 174
16 47
16 385
16 49
16 306
16 55
16 64
16 65
16 323
16 69
16 70
16 583
16 201
16 85
16 345
16 99
16 1005
16 494
16 117
17 129
17 650
17 653
17 404
17 1173
17 150
17 919
17 1176
17 411
17 90
17 1055
17 602
17 165
17 1062
17 679
17 680
17 557
17 815
17 306
17 53
17 825
17 778
17 199
17 841
17 593
17 82
17 355
17 856
17 474
17 93
17 50
17 1063
17 1235
17 120
17 634
18 525
18 146
18 925
18 390
18 425
18 940
18 429
18 175
18 48
18 305
18 58
18 323
18 599
18 728
18 218
18 395
18 97
18 103
18 118
18 381
18 126
19 776
19 265
19 397
19 1096
19 26
19 28
19 30
19 774
19 46
19 689
19 178
19 51
19 1205
19 184
19 1082
19 957
19 323
19 200
19 503
19 589
19 724
19 213
19 86
19 218
19 223
19 751
19 1138
19 116
19 886
19 247
19 635
20 128
20 678
20 43
20 527
20 715
21 480
21 322
21 516
21 455
21 936
21 636
21 955
21 46
21 850
21 739
21 660
21 841
21 217
21 635
21 28
21 1060
22 134
22 665
22 137
22 143
22 635
22 529
22 533
22 278
22 23
22 280
22 25
22 669
22 774
22 39
22 40
22 42
22 1195
22 177
22 334
22 438
22 311
22 56
22 1210
22 1085
22 447
22 704
22 324
22 71
22 200
22 268
22 439
22 76
22 77
22 206
22 629
22 1105
22 1234
22 467
22 511
22 85
22 214
22 1064
22 88
22 1030
22 271
22 476
22 221
22 736
22 994
22 227
22 612
22 229
22 1127
22 232
22 873
22 490
22 236
22 649
22 1008
22 616
22 501
22 503
22 383
22 252
22 127
23 908
23 578
23 143
23 88
23 152
23 796
23 413
23 674
23 646
23 295
23 1070
23 48
23 180
23 57
23 188
23 191
23 66
23 452
23 1165
23 216
23 358
24 128
24 136
24 137
24 394
24 273
24 771
24 283
24 1053
24 31
24 32
24 36
24 134
24 560
24 185
24 570
24 188
24 139
24 70
24 327
24 74
24 75
24 1232
24 1238
24 92
24 477
24 1158
24 1061
24 96
24 486
24 489
24 107
24 1139
24 119
24 504
24 124
24 1149
25 520
25 397
25 655
25 145
25 147
25 1044
25 601
25 280
25 153
25 542
25 27
25 150
25 1183
25 33
25 475
25 421
25 935
25 41
25 170
25 903
25 556
25 45
25 50
25 947
25 692
25 53
25 54
25 1174
25 701
25 62
25 575
25 964
25 310
25 454
25 456
25 1098
25 592
25 210
25 803
25 341
25 1240
25 345
25 90
25 91
25 991
25 353
25 131
25 101
25 401
25 306
25 493
25 509
25 240
25 114
25 499
25 1078
25 764
25 253
26 271
26 279
26 1114
26 1198
26 688
26 818
26 439
26 187
26 64
26 577
26 1091
26 325
26 331
26 726
26 474
26 1001
26 1010
26 125
27 256
27 257
27 524
27 532
27 280
27 540
27 798
27 32
27 35
27 676
27 165
27 422
27 811
27 299
27 114
27 47
27 305
27 306
27 948
27 311
27 953
27 1082
27 318
27 320
27 352
27 68
27 327
27 73
27 458
27 1100
27 205
27 206
27 464
27 78
27 1116
27 861
27 222
27 735
27 224
27 848
27 1232
27 615
27 234
27 242
27 967
27 1148
28 518
28 1162
28 524
28 402
28 152
28 29
28 553
28 177
28 448
28 963
28 198
28 203
28 78
28 208
28 1105
28 475
28 604
28 720
28 354
28 233
28 367
28 243
28 246
29 51
29 875
29 1162
29 140
29 143
29 786
29 281
29 416
29 167
29 172
29 174
29 44
29 817
29 307
29 443
29 78
29 80
29 97
29 227
29 1125
29 102
29 619
29 113
29 1017
29 380
30 513
30 135
30 266
30 909
30 399
30 144
30 145
30 1042
30 148
30 1047
30 152
30 793
30 1179
30 668
30 929
30 162
30 35
30 39
30 43
30 429
30 1071
30 566
30 823
30 891
30 954
30 59
30 61
30 864
30 851
30 70
30 461
30 483
30 85
30 343
30 602
30 655
30 736
30 98
30 227
30 228
30 485
30 487
30 489
30 1004
30 573
30 243
30 502
30 1146
30 251
30 127
31 642
31 132
31 1217
31 1005
31 366
31 261
31 880
31 36
31 38
31 169
31 172
31 328
31 52
31 1081
31 1082
31 317
31 574
31 63
31 64
31 321
31 1219
31 199
31 72
31 463
31 227
31 106
31 749
31 110
31 496
31 425
31 1193
32 643
32 262
32 391
32 428
32 270
32 941
32 144
32 275
32 494
32 662
32 670
32 542
32 156
32 158
32 1055
32 672
32 545
32 34
32 291
32 966
32 38
32 167
32 168
32 412
32 1066
32 44
32 173
32 1200
32 179
32 53
32 568
32 57
32 957
32 629
32 1088
32 706
32 579
32 1221
32 70
32 673
32 969
32 76
32 973
32 206
32 463
32 80
32 248
32 82
32 547
32 590
32 470
32 1081
32 856
32 1209
32 474
32 357
32 784
32 760
32 100
32 166
32 1126
32 295
32 620
32 366
32 112
32 803
32 117
32 759
32 120
32 633
32 378
32 380
32 923
33 1153
33 132
33 267
33 400
33 913
33 1174
33 1180
33 669
33 158
33 1056
33 162
33 35
33 37
33 295
33 169
33 426
33 44
33 813
33 52
33 437
33 57
33 61
33 190
33 637
33 65
33 569
33 74
33 1186
33 79
33 465
33 335
33 980
33 342
33 215
33 88
33 1209
33 207
33 1077
33 677
33 1249
33 100
33 998
33 742
33 849
33 235
33 109
33 110
33 239
33 112
33 881
33 242
33 629
33 377
33 831
33 381
33 383
34 773
34 647
34 909
34 1219
34 536
34 153
34 413
34 1072
34 810
34 174
34 176
34 49
34 51
34 820
34 55
34 62
34 706
34 707
34 68
34 838
34 75
34 77
34 80
34 343
34 606
34 228
34 617
34 624
34 1011
34 1086
35 133
35 877
35 273
35 403
35 836
35 964
35 808
35 683
35 941
35 435
35 696
35 578
35 708
35 73
35 202
35 212
35 87
35 89
35 872
35 621
35 752
36 138
36 395
36 525
36 409
36 537
36 410
36 794
36 161
36 40
36 555
36 813
36 699
36 575
36 1090
36 199
36 842
36 77
36 336
36 84
36 1109
36 1238
36 986
36 1247
36 480
36 491
36 108
36 126
37 164
37 296
37 458
37 1005
37 302
37 981
37 86
37 901
38 1026
38 517
38 134
38 274
38 787
38 279
38 153
38 81
38 163
38 809
38 941
38 816
38 1201
38 314
38 769
38 446
38 191
38 192
38 1093
38 845
38 79
38 337
38 212
38 94
38 97
38 612
38 103
38 233
38 497
38 1171
38 1214
38 375
38 510
38 1151
39 899
39 260
39 715
39 46
39 49
39 114
40 129
40 790
40 343
40 271
40 528
40 659
40 1173
40 1175
40 283
40 159
40 161
40 1248
40 942
40 605
40 692
40 58
40 59
40 191
40 65
40 837
40 333
40 79
40 81
40 855
40 87
40 164
40 1167
40 314
40 862
40 96
40 867
40 992
40 1126
40 745
40 106
40 236
40 109
40 112
40 787
40 628
40 1022
40 506
40 874
40 894
41 256
41 530
41 403
41 916
41 286
41 171
41 175
41 177
41 1195
41 58
41 449
41 1226
41 75
41 217
41 606
41 237
41 240
41 116
42 263
42 264
42 268
42 269
42 151
42 665
42 883
42 287
42 1222
42 683
42 814
42 179
42 694
42 1225
42 57
42 448
42 1099
42 582
42 711
42 73
42 587
42 1100
42 845
42 336
42 595
42 862
42 354
42 228
42 104
42 237
42 366
42 625
42 755
42 884
42 119
42 382
42 255
43 899
43 69
43 870
43 136
43 745
43 661
43 241
43 370
43 236
43 233
43 1096
43 276
43 1237
43 361
44 779
44 144
44 1091
44 671
44 937
44 1195
44 1200
44 312
44 698
44 287
44 834
44 84
44 1113
44 349
44 224
44 616
44 240
44 1012
44 118
44 852
44 380
45 918
45 527
45 532
45 150
45 291
45 422
45 52
45 54
45 444
45 190
45 191
45 457
45 74
45 339
45 468
45 85
45 1239
45 1241
45 506
45 225
45 484
45 166
45 623
45 1013
45 122
46 133
46 1133
46 529
46 146
46 537
46 664
46 409
46 282
46 156
46 157
46 849
46 287
46 805
46 166
46 168
46 1208
46 810
46 541
46 709
46 1207
46 1080
46 927
46 62
46 197
46 582
46 329
46 588
46 462
46 81
46 468
46 213
46 861
46 606
46 481
46 103
46 872
46 233
46 490
46 1191
46 237
46 497
46 1010
46 116
46 373
46 118
46 638
46 127
47 226
47 561
47 471
48 99
48 356
48 72
48 266
48 299
48 82
48 605
48 53
48 182
48 59
48 338
48 293
49 384
49 129
49 145
49 1044
49 667
49 948
49 1078
49 698
49 316
49 191
49 1089
49 72
49 1098
49 1233
49 978
49 870
49 233
49 295
49 624
49 251
50 644
50 135
50 392
50 652
50 269
50 147
50 1051
50 286
50 1184
50 293
50 1160
50 180
50 823
50 824
50 954
50 445
50 580
50 325
50 584
50 1226
50 77
50 88
50 736
50 627
51 772
51 142
51 783
51 144
51 148
51 1176
51 1007
51 670
51 304
51 55
51 193
51 69
51 203
51 593
51 526
51 94
51 238
51 239
51 496
51 626
51 505
52 140
52 1197
52 878
52 151
52 452
52 154
52 411
52 668
52 539
52 298
52 433
52 194
52 779
52 196
52 69
52 1036
52 971
52 208
52 1105
52 467
52 218
52 1115
52 606
52 481
52 750
52 111
52 240
52 887
52 634
52 124
52 810
53 1172
53 131
53 261
53 390
53 272
53 147
53 404
53 1052
53 1029
53 163
53 293
53 71
53 846
53 341
53 1017
53 89
53 218
53 1122
53 739
53 487
53 104
53 745
53 621
53 1141
53 1129
53 121
53 123
54 769
54 262
54 63
54 557
54 531
54 150
54 452
54 924
54 552
54 174
54 905
54 186
54 650
54 958
54 319
54 192
54 68
54 469
54 1158
54 90
54 734
54 98
54 614
54 361
54 618
54 107
54 492
54 496
54 1064
54 1043
54 507
54 1020
55 257
55 645
55 774
55 393
55 384
55 659
55 279
55 1007
55 676
55 424
55 430
55 61
55 192
55 456
55 714
55 353
55 613
55 239
56 641
56 105
56 816
56 536
56 822
56 204
56 631
56 120
56 1228
56 524
56 800
57 546
57 971
57 71
57 457
57 247
57 780
57 1141
57 799
58 513
58 131
58 263
58 652
58 917
58 536
58 1183
58 162
58 931
58 200
58 820
58 321
58 66
58 326
58 584
58 714
58 332
58 228
58 365
58 110
58 168
58 762
59 256
59 263
59 67
59 198
59 231
59 241
59 928
59 815
59 115
59 417
59 441
59 154
59 1224
59 1146
59 639
60 854
60 337
60 1225
60 270
60 912
60 81
60 807
60 87
60 763
60 222
60 945
61 641
61 130
61 171
61 901
61 391
61 1165
61 915
61 1046
61 288
61 424
61 440
61 313
61 315
61 445
61 576
61 66
61 453
61 977
61 210
61 1109
61 347
61 996
61 1105
61 1218
61 490
61 111
61 625
61 115
61 1151
62 388
62 807
62 194
62 108
62 141
62 1077
62 1047
63 864
63 67
63 904
63 323
63 431
63 336
63 1077
63 792
63 671
64 1024
64 769
64 393
64 142
64 656
64 1042
64 1172
64 1052
64 808
64 297
64 180
64 1079
64 1215
64 197
64 71
64 1109
64 984
64 475
64 861
64 95
64 1000
64 108
64 237
64 625
64 243
64 119
64 120
65 105
65 208
65 942
65 207
65 885
65 85
65 137
65 181
66 135
66 790
66 792
66 798
66 799
66 291
66 966
66 298
66 811
66 814
66 1199
66 178
66 951
66 696
66 1084
66 830
66 831
66 326
66 200
66 73
66 215
66 604
66 93
66 478
66 997
66 105
66 365
66 622
67 290
67 913
67 104
67 1004
67 939
67 527
67 168
67 115
67 247
67 442
67 286
68 514
68 391
68 1033
68 653
68 276
68 557
68 686
68 308
68 567
68 1213
68 1216
68 1089
68 195
68 329
68 202
68 332
68 336
68 596
68 725
68 351
68 353
68 619
68 245
68 121
68 1018
68 764
68 1021
68 894
69 288
69 432
69 132
69 1249
69 960
69 78
69 81
69 885
69 889
69 116
69 506
69 156
69 670
70 705
70 275
70 405
70 1179
70 797
70 545
70 1066
70 308
70 288
70 836
70 79
70 467
70 469
70 94
70 483
70 363
70 366
70 498
70 886
70 251
71 648
71 87
71 1165
71 398
71 1040
71 794
71 548
71 820
71 693
71 313
71 464
71 215
71 90
71 94
71 615
71 370
71 249
71 1019
71 511
72 898
72 401
72 1182
72 804
72 297
72 186
72 1211
72 837
72 80
72 209
72 851
72 92
72 600
72 730
72 732
72 99
72 100
72 358
72 616
72 117
72 636
73 258
73 520
73 266
73 529
73 161
73 626
73 442
73 972
73 592
73 722
73 419
73 1116
73 736
73 225
73 113
73 242
73 246
73 1019
74 644
74 263
74 265
74 301
74 660
74 533
74 964
74 298
74 183
74 955
74 580
74 801
74 1104
74 346
74 608
74 609
74 115
74 631
74 509
75 101
75 392
75 403
75 750
75 1192
75 722
75 83
75 884
75 431
75 1015
75 1017
75 91
75 350
76 775
76 528
76 408
76 411
76 156
76 1207
76 293
76 95
76 557
76 562
76 951
76 825
76 187
76 160
76 1091
76 843
76 467
76 477
76 351
76 358
76 495
76 369
76 114
76 627
76 502
76 1015
76 507
76 124
77 259
77 918
77 1066
77 1172
77 408
77 666
77 1178
77 290
77 293
77 807
77 938
77 306
77 1201
77 308
77 826
77 198
77 202
77 331
77 334
77 1016
77 735
77 101
77 231
77 488
77 619
77 238
77 1171
77 504
77 253
78 96
78 98
78 229
78 342
78 975
78 522
78 876
78 221
78 624
78 643
78 86
78 216
78 591
78 182
79 136
79 269
79 910
79 785
79 278
79 581
79 160
79 932
79 431
79 311
79 442
79 187
79 189
79 702
79 288
79 453
79 951
79 749
79 829
79 372
79 374
79 1143
79 249
79 122
79 639
80 514
80 405
80 926
80 1054
80 955
80 373
80 1088
80 416
80 451
80 599
80 997
80 101
80 487
80 756
80 1141
80 502
80 894
81 904
81 1161
81 523
81 398
81 146
81 155
81 986
81 672
81 290
81 436
81 310
81 834
81 200
81 334
81 468
81 213
81 89
81 730
81 225
81 1124
81 624
81 822
81 246
81 377
81 123
81 1148
81 511
82 770
82 132
82 134
82 137
82 908
82 1166
82 786
82 259
82 916
82 407
82 516
82 155
82 157
82 1062
82 551
82 172
82 1076
82 318
82 995
82 147
82 582
82 1121
82 970
82 333
82 531
82 593
82 1234
82 83
82 659
82 1110
82 343
82 344
82 985
82 94
82 95
82 352
82 97
82 611
82 868
82 1041
82 892
82 749
82 113
82 275
82 116
82 762
82 124
83 229
83 102
83 713
83 1042
83 685
83 526
83 944
83 806
83 139
83 437
83 835
83 603
83 1163
83 479
84 202
84 237
84 893
84 248
84 1103
84 266
85 390
85 140
85 1038
85 789
85 411
85 284
85 549
85 509
85 1070
85 315
85 192
85 975
85 106
85 621
85 495
85 112
85 757
85 1021
85 638
86 160
86 416
86 1248
86 424
86 668
86 1218
86 610
86 368
86 910
86 121
86 731
86 348
86 93
86 190
87 385
87 135
87 905
87 778
87 141
87 663
87 543
87 676
87 421
87 170
87 775
87 690
87 415
87 959
87 1088
87 577
87 965
87 1037
87 976
87 1119
87 1130
87 110
87 1020
88 256
88 726
88 647
88 522
88 412
88 414
88 294
88 172
88 173
88 430
88 435
88 437
88 189
88 337
88 851
88 214
88 731
88 220
88 96
88 612
88 494
88 1235
88 246
88 889
88 255
89 642
89 709
89 561
89 809
89 204
89 515
89 1125
89 724
89 572
89 701
89 963
89 543
90 896
90 514
90 389
90 654
90 660
90 154
90 546
90 550
90 558
90 176
90 564
90 825
90 197
90 333
90 465
90 855
90 860
90 95
90 1009
90 1021
91 962
91 995
91 773
91 489
91 632
91 1148
91 863
92 481
92 165
92 678
92 361
92 107
92 1132
92 205
92 136
92 627
92 838
92 149
92 1029
93 1103
93 195
93 341
93 569
93 411
93 220
93 863
94 459
94 488
94 778
94 167
94 140
94 817
94 1175
94 536
94 250
94 1085
94 901
95 225
95 677
95 102
95 170
95 726
95 184
95 220
95 362
96 1161
96 142
96 238
96 160
96 163
96 681
96 519
96 310
96 317
96 587
96 589
96 465
96 595
96 1242
96 101
96 1006
96 501
96 1143
96 508
97 651
97 100
97 805
97 491
97 335
97 497
97 602
97 185
97 346
98 518
98 1231
98 232
98 1071
98 522
98 1035
98 844
98 1005
98 413
98 564
98 184
98 377
98 623
98 381
99 264
99 138
99 274
99 550
99 428
99 605
99 693
99 185
99 906
99 328
99 472
99 985
99 733
99 1118
99 1119
99 656
99 881
99 372
99 125
100 843
100 1078
100 427
100 512
100 1031
100 157
100 254
101 1099
101 201
101 365
101 719
102 611
102 962
102 882
102 911
102 1072
102 338
102 148
102 311
102 1103
102 318
103 235
103 135
103 232
103 425
103 618
103 203
103 565
103 727
103 539
103 181
104 129
104 934
104 936
104 1068
104 204
104 781
104 1102
104 113
104 691
104 1123
104 379
104 394
105 357
105 361
105 110
105 305
105 513
105 334
105 825
105 312
106 419
106 965
106 847
106 1041
106 183
106 697
106 282
106 767
106 252
106 1135
107 1188
107 743
107 393
107 717
107 847
107 400
107 184
108 1120
108 362
108 111
108 510
108 118
108 375
108 795
108 661
109 524
109 1073
110 1158
110 1095
110 528
110 982
110 346
111 896
111 899
111 659
111 149
111 162
111 553
111 946
111 185
111 186
111 973
111 594
111 1237
111 729
111 488
111 620
111 1137
111 507
111 125
112 1027
112 1028
112 265
112 1152
112 593
112 979
112 598
112 985
112 570
112 412
112 157
113 864
113 887
113 235
113 1238
113 650
113 783
113 928
113 392
113 771
113 244
113 565
113 1110
113 791
113 987
114 1057
114 260
114 648
114 366
115 311
115 517
115 649
115 267
115 146
115 152
115 537
115 810
115 303
115 181
115 310
115 567
115 197
115 587
115 484
115 829
115 626
115 630
115 1149
116 161
116 327
116 1169
116 843
116 305
116 1109
116 761
116 123
117 1191
117 270
117 783
117 1123
117 122
118 705
118 1186
118 900
118 359
118 615
118 943
118 1011
118 1188
118 349
118 223
119 570
119 428
119 363
119 665
119 122
119 190
120 1189
120 446
120 183
120 153
120 731
120 158
120 741
121 514
121 1161
121 651
121 272
121 284
121 157
121 165
121 1063
121 942
121 185
121 443
121 316
121 447
121 805
121 227
121 751
121 888
121 933
122 321
122 455
122 303
122 593
122 1054
122 1061
123 128
123 514
123 261
123 134
123 146
123 671
123 290
123 169
123 819
123 439
123 1055
123 1220
123 469
123 165
123 234
123 621
123 1009
123 1010
123 981
124 354
124 324
124 773
124 711
124 137
124 397
124 142
124 349
124 814
124 253
125 641
125 394
125 238
125 182
125 559
125 379
126 523
126 294
126 329
126 331
126 236
126 1044
126 1116
126 330
127 848
127 272
127 130
127 321
127 549
127 1190
127 199
127 300
127 365
127 144
127 1137
127 498
127 211
127 276
127 373
127 410
128 457
128 1225
128 1049
128 538
129 356
130 608
130 999
130 190
131 1059
131 277
131 133
131 296
131 662
131 997
131 188
131 245
132 1160
132 393
132 780
132 151
132 421
132 423
132 684
132 1074
132 700
132 752
132 1104
132 850
132 1239
132 472
132 350
132 479
132 880
132 377
133 738
133 170
133 340
133 473
133 1210
134 1024
134 1185
134 327
134 842
134 427
134 1048
134 252
134 318
135 867
135 234
135 818
135 942
135 467
135 219
136 1184
136 481
136 1153
136 561
136 158
137 257
137 520
137 145
137 277
137 920
137 543
137 936
137 555
137 560
137 990
137 443
137 196
137 592
137 472
137 345
137 1243
137 350
137 315
137 1003
137 239
138 256
138 961
138 1000
138 274
138 651
138 173
138 210
138 154
139 320
139 1123
139 644
139 1224
139 762
139 492
139 653
139 1168
139 1112
139 178
139 148
139 622
139 218
139 316
139 189
140 610
140 355
140 644
140 859
140 332
140 1102
140 433
140 538
140 219
141 385
141 1211
141 1127
141 495
141 722
141 667
141 988
142 1004
142 615
142 604
142 554
142 1035
142 777
142 205
142 210
142 407
142 1018
142 862
143 737
143 1025
143 299
143 1228
143 301
143 893
143 211
143 984
143 511
143 988
143 735
143 319
144 267
144 526
144 947
144 789
144 155
144 1053
144 812
144 432
144 1206
144 1033
144 928
144 451
144 332
144 981
144 856
144 359
144 1004
144 1013
145 609
145 386
145 1110
145 886
145 167
145 460
145 1036
145 944
145 562
145 758
145 252
145 189
146 417
146 371
146 530
146 854
147 1026
147 262
147 519
147 266
147 1040
147 409
147 167
147 296
147 682
147 946
147 439
147 444
147 1100
147 1106
147 730
147 869
147 572
148 770
148 679
148 297
148 972
148 979
148 414
148 713
148 699
149 651
149 285
149 159
149 291
149 1189
149 168
149 812
149 1071
149 309
149 838
149 849
149 338
149 730
149 1243
149 348
149 750
149 627
150 384
150 277
150 1180
150 159
150 1058
150 556
150 566
150 193
150 199
150 331
150 337
150 466
150 1235
150 982
150 599
150 602
150 738
150 245
151 552
152 195
152 959
152 267
152 460
152 695
152 559
152 547
152 919
152 213
152 216
152 1140
152 1067
152 155
152 751
153 640
153 615
153 232
153 362
153 205
153 450
153 212
153 373
153 950
153 892
153 501
154 385
154 523
154 524
154 1037
154 1168
154 274
154 667
154 670
154 859
154 292
154 684
154 1209
154 705
154 219
154 871
154 491
154 633
154 763
155 895
155 518
155 1087
155 1002
155 367
155 952
155 180
155 638
155 598
155 985
155 602
155 399
155 861
155 510
155 671
156 865
156 647
156 335
156 691
156 558
156 374
156 793
156 687
156 719
157 363
157 174
157 541
157 184
157 283
157 285
158 163
158 743
158 817
158 189
159 1088
159 258
159 196
159 918
159 1231
159 175
159 336
159 1000
159 179
159 851
159 399
159 733
160 230
160 620
160 181
161 430
161 232
161 853
161 420
161 702
161 607
162 1124
162 395
162 822
162 175
163 896
163 259
163 1164
163 783
163 407
163 289
163 429
163 434
163 312
163 956
163 705
163 323
163 198
163 844
163 1230
163 594
163 213
163 986
163 347
163 1069
163 238
163 751
163 250
164 907
164 422
164 230
164 1097
164 235
164 207
164 182
164 484
164 283
164 732
164 670
165 320
165 1029
165 486
165 295
165 220
165 423
165 1164
165 1138
165 181
165 457
165 506
165 317
165 475
166 448
166 961
166 580
166 486
166 545
166 360
166 203
166 877
166 887
166 398
166 567
166 440
166 990
166 927
167 772
167 552
167 1194
167 1100
167 788
168 770
168 517
168 270
168 914
168 499
169 578
169 219
169 325
169 810
169 587
169 364
169 909
169 273
169 916
169 182
169 251
169 1080
169 345
169 1086
170 452
170 806
170 268
170 914
170 654
170 178
170 958
170 702
171 260
171 872
171 501
171 794
172 228
172 710
172 396
172 1117
172 921
172 890
173 952
173 790
173 540
173 701
173 830
174 194
174 746
174 1176
174 284
174 637
175 772
175 776
175 840
175 562
176 656
176 541
176 938
176 812
176 177
176 179
176 188
176 317
176 704
176 328
176 586
176 724
176 217
176 603
176 607
176 229
176 1084
176 235
176 1139
176 1142
176 509
176 382
177 1111
178 387
178 834
178 440
178 1146
178 915
179 544
179 395
179 1121
179 1068
179 559
179 405
180 864
180 423
180 1013
180 490
181 297
181 202
181 717
181 943
181 693
181 188
181 254
182 208
182 933
182 1057
182 618
182 459
182 204
182 947
182 214
182 827
182 460
182 1023
183 458
183 376
183 408
183 772
183 792
183 713
183 203
183 216
183 277
183 640
183 572
184 339
184 226
184 356
184 905
184 298
184 338
184 1237
184 1079
184 568
184 996
184 1083
185 454
185 481
185 1166
185 753
185 278
185 538
185 543
186 704
186 1014
186 1193
186 396
186 1076
186 1214
186 280
186 1212
186 1117
186 222
187 577
187 562
187 413
187 254
188 1097
188 1139
188 387
188 506
188 574
188 382
190 854
190 321
190 258
190 243
190 500
190 346
191 258
191 675
191 389
191 712
191 207
191 242
191 340
191 788
191 1117
191 222
191 863
192 224
192 1206
192 1196
192 249
192 634
192 895
193 234
193 717
193 240
193 913
193 692
193 1246
193 279
193 984
193 292
193 271
193 426
193 1028
194 296
194 558
194 1240
194 517
195 714
195 1163
195 874
195 413
195 496
195 573
195 276
195 215
195 601
195 474
195 827
196 502
196 358
196 968
196 877
196 785
196 757
196 470
196 1176
196 1236
196 699
196 1084
197 768
197 992
197 1092
197 549
197 584
197 307
197 491
197 499
197 207
197 658
197 870
197 617
197 478
198 1124
198 614
198 273
199 417
199 226
199 963
199 486
199 1153
199 269
199 1203
199 1143
199 804
199 220
199 221
200 545
200 803
200 930
201 1064
201 363
201 444
202 1159
202 558
202 752
202 510
203 521
203 874
203 1199
203 368
203 278
203 927
204 646
204 970
204 1071
204 1115
206 1122
206 923
206 324
206 1091
206 286
206 351
207 1149
207 993
207 230
207 487
207 557
207 655
207 273
207 562
207 1083
207 950
207 983
207 312
207 953
207 737
207 924
207 893
208 326
208 364
208 209
208 434
209 741
209 791
209 1032
209 839
209 212
209 247
209 1108
209 1051
209 764
209 221
209 1223
210 859
211 704
211 642
211 324
211 1194
211 1026
211 657
211 484
211 1039
211 414
212 1154
212 581
212 1160
212 556
212 387
212 304
212 243
212 374
212 378
213 516
213 1200
213 215
214 226
214 968
214 364
214 937
214 369
214 952
214 265
215 755
215 340
215 282
216 512
216 576
216 1027
216 260
216 1137
216 657
216 340
216 277
216 762
216 476
216 253
217 322
217 301
217 429
217 241
217 722
217 575
217 245
218 229
218 358
219 1099
219 456
219 359
219 402
219 304
219 712
219 370
219 819
219 436
219 1145
219 754
219 316
220 623
220 884
220 469
221 1025
221 770
221 1124
221 423
221 744
221 1229
221 462
221 856
221 1220
221 890
221 766
222 525
222 1043
222 406
223 768
223 707
223 900
223 646
223 904
223 404
223 661
223 279
223 1142
223 446
224 459
224 781
224 1083
224 658
224 253
225 307
225 565
225 281
225 314
225 765
226 643
226 780
226 1236
226 923
227 517
227 957
227 746
227 460
227 493
227 765
227 241
227 1012
227 1045
227 1111
227 991
228 418
228 402
228 531
228 544
228 302
228 433
228 1081
228 802
228 1239
228 600
228 477
228 479
228 1129
228 756
228 887
228 379
228 1150
229 1111
229 1222
229 230
229 584
229 586
229 971
229 1167
229 596
229 727
229 381
230 640
230 998
230 969
230 714
230 1115
230 815
231 418
231 942
231 432
231 1016
231 568
231 891
232 608
232 419
232 502
232 298
232 527
232 1171
232 950
232 728
233 352
233 814
233 1156
233 1240
233 906
233 563
233 308
233 405
233 822
233 760
234 678
234 871
234 409
234 285
234 507
235 912
235 803
235 1121
235 711
235 1035
235 1011
235 407
235 420
235 765
235 575
236 406
236 269
236 1080
236 793
236 410
236 858
237 865
237 354
237 1058
237 1199
237 338
237 435
237 1144
237 788
237 508
238 289
238 484
238 1238
239 994
239 918
239 426
239 267
239 845
239 302
239 368
239 375
239 372
239 470
239 1014
239 250
239 1180
239 922
240 419
240 356
240 289
240 968
240 500
240 675
240 937
240 344
241 676
241 553
241 493
241 827
242 1228
242 272
242 521
243 485
243 535
243 281
243 287
244 328
244 322
244 360
244 519
244 427
244 786
244 564
244 313
244 251
244 828
244 605
245 897
245 488
245 1228
245 1159
245 428
245 1229
245 688
245 776
245 275
246 1221
247 480
247 866
247 939
247 974
247 471
247 248
247 255
248 649
248 503
248 428
248 694
248 440
248 281
248 990
249 450
249 500
249 473
249 767
250 800
250 361
250 563
250 926
251 740
251 657
251 520
251 1069
251 698
251 478
252 425
252 1070
252 303
252 984
252 809
252 472
252 826
252 362
253 290
253 1008
253 1214
253 862
254 1147
254 963
254 1209
254 367
254 383
256 1025
256 900
256 805
256 716
256 841
256 1083
256 1074
256 419
256 727
256 330
257 544
257 360
257 940
257 1101
257 494
257 1133
257 597
257 1048
257 857
257 828
258 420
258 365
258 339
258 921
259 1120
259 289
259 738
259 455
259 264
259 396
259 434
259 401
259 884
259 626
259 375
259 1113
259 1186
259 994
260 833
260 386
260 388
260 726
260 360
260 566
261 512
261 1122
261 617
261 715
262 289
262 610
262 579
262 772
262 453
262 650
262 527
262 500
262 1174
262 571
262 735
262 639
263 448
263 1057
263 707
263 934
263 842
263 1019
263 1194
263 629
263 599
263 508
263 1087
264 844
264 435
264 920
264 824
264 426
265 272
265 300
265 315
265 1034
266 576
266 386
266 804
266 1101
266 926
267 1131
267 406
267 729
267 858
267 827
267 1146
268 390
268 1223
268 844
268 886
268 313
268 507
269 1028
269 1174
270 384
270 386
270 813
270 1208
270 315
271 869
271 940
271 912
271 1108
271 503
271 1014
272 719
273 320
273 312
273 1203
273 821
273 287
274 640
274 322
274 686
274 1014
274 635
275 833
275 612
275 652
275 493
275 339
275 740
275 1243
275 1034
276 483
277 594
278 962
278 291
278 681
278 752
278 980
278 1065
278 953
278 984
279 384
279 674
279 451
279 324
279 325
279 454
279 859
279 983
279 301
279 733
279 584
279 1091
279 372
279 373
279 379
279 314
280 518
280 679
280 425
280 973
280 368
280 660
281 530
281 885
281 723
281 1147
281 348
281 1215
282 485
282 294
282 456
282 685
282 579
282 564
282 835
283 387
283 326
283 585
283 842
283 680
283 748
283 334
283 632
283 451
283 935
283 723
283 745
283 495
283 285
283 731
284 835
284 555
284 414
284 383
285 903
285 718
285 752
285 787
285 982
286 800
286 1221
286 326
286 337
286 342
286 441
286 827
287 1185
287 554
287 613
287 1158
287 328
287 1196
287 555
287 813
287 1245
287 462
287 917
287 665
287 509
287 677
288 768
288 1089
288 1154
288 355
288 489
288 742
288 362
288 371
288 342
288 1001
288 1034
288 351
289 512
289 1090
289 582
289 781
289 302
289 1134
290 359
290 907
291 625
291 1193
291 386
291 401
291 505
292 706
292 391
292 496
292 457
292 638
293 766
293 322
293 931
293 882
293 874
293 846
293 530
293 638
293 382
294 480
294 390
294 999
294 623
294 530
294 1178
294 858
294 703
295 652
295 406
295 861
295 702
295 607
296 449
296 630
296 598
296 1245
297 708
297 686
297 1039
297 307
297 1192
297 309
298 870
298 1153
298 677
298 774
298 300
298 559
298 945
298 818
298 691
298 309
298 378
298 639
299 837
299 937
299 316
300 461
300 946
300 308
300 1130
300 442
300 380
301 1058
302 482
302 1161
302 510
303 873
303 1002
303 766
303 378
303 734
304 859
304 1134
304 725
304 758
305 773
305 1160
305 379
306 488
306 431
306 882
306 1050
306 700
307 929
308 941
308 687
308 594
308 1196
308 983
308 410
308 1245
309 1120
309 788
310 964
310 817
310 1128
310 443
310 381
310 1060
311 906
311 466
312 498
312 403
312 436
312 1065
312 888
312 883
313 940
313 335
314 388
314 683
314 808
314 533
314 630
314 409
314 763
315 876
315 497
315 532
316 679
316 403
316 758
317 1185
317 680
317 394
317 1165
317 402
317 949
317 504
318 932
318 779
318 754
318 600
319 708
319 712
320 1127
320 1147
321 960
321 1025
321 642
321 1009
321 645
321 881
321 1055
321 394
321 1186
321 445
321 721
321 572
322 454
322 589
323 1075
323 1221
323 453
323 1212
324 899
324 709
324 348
325 1074
325 1006
325 1112
325 595
325 948
325 630
325 632
325 732
325 477
325 734
326 1025
326 716
328 720
328 421
328 435
328 664
329 577
329 519
329 743
330 763
330 1034
330 427
330 748
330 742
330 967
330 699
331 865
331 738
331 1222
331 364
331 430
331 1076
331 376
331 1212
332 1088
332 398
332 885
333 958
333 583
333 711
333 463
333 739
333 542
333 764
333 350
334 416
334 364
334 462
334 661
335 987
335 1162
335 559
335 762
335 737
336 846
336 785
337 743
337 839
337 876
337 910
337 535
338 897
338 674
338 999
338 1203
338 662
338 478
338 479
339 839
339 622
339 696
339 750
339 891
339 1240
339 757
340 1094
340 920
340 697
341 385
341 871
341 765
341 1054
341 447
342 775
342 416
342 597
342 892
342 686
343 1057
343 1170
343 431
343 478
343 1047
343 696
343 541
344 658
344 1073
344 532
345 407
347 934
347 619
347 581
347 854
347 479
348 904
348 617
348 374
348 932
348 990
349 758
349 661
350 464
350 367
350 368
350 703
351 569
351 383
352 355
352 712
352 663
352 779
352 566
352 535
353 967
353 841
353 873
353 1202
353 1012
353 824
353 666
353 1157
354 640
354 482
354 834
354 656
354 691
354 821
354 408
354 1053
355 418
355 468
355 576
355 895
356 613
356 870
356 777
356 461
356 760
356 755
356 473
356 415
357 448
357 906
357 685
357 464
357 401
357 819
357 476
357 1002
357 389
358 718
358 433
359 548
359 549
359 845
359 399
359 900
359 797
359 1060
360 666
361 930
361 389
361 1233
361 1098
361 1068
361 399
361 720
361 369
361 823
361 751
362 1005
362 974
362 463
362 688
362 821
363 547
363 1194
363 589
363 889
363 574
363 511
364 788
365 424
365 1245
365 1169
365 882
365 501
365 376
365 1119
365 378
366 576
366 867
366 588
366 864
366 1118
366 540
366 702
367 974
367 397
367 724
367 415
368 520
368 1129
368 458
368 460
368 560
368 680
368 1241
368 889
369 417
369 546
369 427
369 910
369 1195
369 375
369 921
369 1247
370 710
370 422
370 776
370 1130
370 585
370 473
371 801
371 426
371 658
371 943
371 592
371 632
371 586
372 494
373 1056
373 612
373 1222
373 1017
373 441
374 821
375 534
375 455
375 396
375 438
376 844
376 753
376 798
377 896
377 706
377 465
377 595
377 597
377 504
378 742
378 424
378 616
378 1111
379 1168
379 802
379 553
379 1164
379 744
379 816
379 952
379 700
380 1157
380 1241
380 476
381 610
381 404
381 828
382 768
382 400
382 994
382 1198
382 853
382 473
383 732
383 522
383 697
384 450
384 982
384 646
384 1043
384 1038
384 988
384 414
385 1040
385 682
385 463
385 436
385 697
386 392
386 649
386 718
386 797
387 1062
387 423
387 648
387 438
387 440
388 616
388 1071
388 656
388 854
388 1081
388 1231
388 445
388 607
389 992
389 487
389 749
389 1029
389 495
389 1106
389 1177
389 571
389 444
390 832
390 843
390 747
390 620
390 953
390 794
391 1074
391 1015
391 570
391 958
392 1043
392 515
392 1232
392 563
392 675
392 1113
392 956
393 437
393 1242
393 539
393 415
395 669
397 769
397 418
397 452
397 421
397 582
397 828
397 915
397 469
397 533
398 945
398 621
398 941
398 1015
398 412
398 447
399 699
399 790
399 668
400 682
400 884
401 417
401 713
401 873
401 923
402 925
402 459
402 493
402 637
402 1107
402 917
402 1238
402 932
403 449
403 1192
403 471
403 1225
404 653
404 701
404 634
404 542
405 613
405 943
405 669
406 1057
407 1210
410 1026
410 458
410 907
410 590
410 795
410 1098
411 515
411 622
412 1067
412 1075
412 793
412 729
412 895
413 796
415 993
415 970
415 653
415 466
415 534
415 1144
415 666
415 1022
416 1200
416 902
416 1195
416 633
416 1094
417 966
417 882
417 883
418 546
418 808
418 585
418 944
418 866
419 482
419 682
419 978
419 434
419 1177
419 1178
419 554
419 1087
420 1129
420 528
420 721
420 850
420 539
420 732
420 485
421 646
421 486
421 1098
421 715
421 813
421 886
421 901
422 877
422 703
423 688
423 549
423 614
423 956
423 560
423 708
423 636
424 1006
424 977
424 535
425 483
425 988
425 691
425 505
426 778
426 529
426 951
426 474
428 449
428 611
428 603
428 1087
429 528
429 1123
429 538
430 977
430 1075
431 771
431 1159
431 588
431 1197
431 756
431 982
431 443
433 960
433 587
433 1101
433 654
433 1234
433 1076
433 1086
433 735
434 645
434 437
435 512
435 1028
435 1230
435 924
436 664
436 1136
436 853
436 534
437 518
437 492
437 596
437 1001
437 979
438 580
438 453
438 534
438 881
438 754
438 1156
438 1241
438 1023
439 930
439 868
439 710
439 522
439 817
439 594
439 1049
441 1136
441 744
441 880
441 753
441 888
441 789
442 673
442 683
442 781
442 1006
442 826
443 1216
443 516
443 1244
444 523
444 684
444 685
444 823
444 920
444 761
445 1155
445 645
445 947
446 850
446 820
446 567
446 698
447 1185
447 523
447 571
447 1180
448 515
448 1107
449 499
449 500
449 1045
450 550
450 796
451 1036
452 525
452 633
452 1146
453 1127
453 1011
453 1114
453 1205
453 858
453 734
454 876
455 613
455 1155
455 568
455 1051
456 526
456 687
456 498
457 902
457 1100
457 588
457 461
457 628
457 756
457 852
459 843
461 1135
462 811
462 777
462 728
463 770
463 1102
463 1007
463 696
463 831
464 1066
464 624
464 1201
465 995
465 872
465 1213
465 668
465 573
466 1032
466 937
467 1097
467 1002
467 1069
467 1138
467 888
467 1051
467 1181
468 976
468 597
468 760
468 959
468 767
469 807
469 974
469 532
469 1109
470 643
470 781
470 1069
470 472
470 505
470 591
470 586
471 1032
471 1065
471 818
471 949
471 635
471 991
472 961
472 938
472 1037
473 1143
473 805
474 865
474 1227
475 641
475 728
475 1151
476 694
476 623
476 757
479 1125
479 627
479 1173
480 1236
481 723
481 1118
482 1096
482 497
482 764
483 740
483 685
483 1198
483 1097
483 543
485 707
485 976
485 888
485 890
486 600
486 869
487 591
487 1075
487 662
487 665
488 1089
488 716
488 1136
488 539
488 1229
489 583
489 596
489 925
489 703
490 544
490 846
490 969
490 1233
490 533
490 1052
491 922
492 1021
493 689
493 878
493 1177
494 1014
494 669
495 784
495 664
496 695
496 857
497 1222
497 837
497 1001
497 1154
497 755
497 724
497 600
497 1085
498 643
498 775
498 561
498 1159
499 1062
499 935
499 592
499 595
500 1061
500 1073
500 553
500 875
500 945
500 606
500 537
500 508
501 904
501 879
502 554
502 1149
503 1059
503 1227
503 979
504 992
504 769
504 591
504 758
504 1239
505 555
505 690
506 1050
506 1070
506 754
506 986
506 797
507 1022
508 579
508 1130
508 692
509 534
510 608
510 896
510 695
510 1208
511 1044
512 869
513 879
515 579
515 964
516 614
516 1035
516 1201
516 723
517 1037
518 1136
518 631
519 1239
520 744
520 1230
520 690
520 628
520 789
521 867
521 603
522 1095
522 840
522 663
522 687
522 1104
522 565
522 1212
523 936
523 950
524 1191
524 585
525 681
525 1175
525 728
525 682
526 860
526 799
527 601
527 894
528 709
528 689
528 596
529 1120
529 1121
529 546
529 547
529 748
529 690
530 868
530 842
530 806
530 542
532 866
532 693
533 581
533 1095
533 1177
534 1244
534 1119
535 780
535 894
537 673
537 649
537 1038
537 885
538 1158
538 1086
539 802
540 1029
540 806
540 683
540 943
540 599
540 765
542 1154
542 742
542 601
543 741
543 617
543 830
543 1053
544 1062
544 954
545 1166
545 1140
545 694
546 1145
546 824
547 828
548 1177
549 1121
549 803
549 972
549 974
549 839
549 730
550 1147
551 820
551 822
553 807
553 1037
553 718
553 1145
554 609
555 892
555 637
556 641
556 998
556 791
557 1103
558 734
558 607
559 829
559 590
559 913
559 570
559 571
561 1155
561 935
561 1235
562 666
562 860
564 736
564 1135
566 578
566 655
566 792
566 1199
567 719
568 782
568 915
568 631
568 639
569 591
569 959
570 1220
570 747
570 780
570 571
570 1175
571 1064
572 867
573 1092
573 774
573 839
573 660
573 667
573 1215
574 1059
574 601
575 1027
575 926
576 720
577 598
577 733
580 1187
580 840
580 746
580 1172
580 1194
581 869
581 1073
581 883
581 1213
582 677
582 1170
582 743
582 876
582 725
582 878
582 1190
583 1107
583 1179
584 1184
584 1060
584 745
585 672
585 725
585 603
586 1232
586 1198
586 919
588 610
589 800
589 746
589 1102
589 1007
589 1202
589 604
591 996
591 965
591 687
591 1168
592 960
594 1059
594 1101
594 721
594 771
594 1242
595 630
595 954
595 763
596 1196
596 761
596 634
597 738
598 698
599 1165
599 847
599 911
600 721
600 681
600 796
601 744
601 722
601 831
602 1012
603 1038
605 1172
606 977
607 647
607 1182
608 1065
609 647
609 875
610 832
610 838
610 684
611 1142
611 760
612 832
612 993
612 916
612 1049
612 987
612 863
614 1129
614 715
615 631
616 679
616 747
616 1072
617 806
617 1145
619 1040
619 791
619 1022
620 879
620 655
620 849
621 866
621 625
621 1027
621 794
621 1052
623 1152
623 1077
623 1179
624 675
624 779
624 1004
624 1058
624 987
624 1246
625 1139
626 972
626 988
627 1084
628 1237
630 705
630 1156
630 1183
630 720
630 891
630 863
631 710
632 996
632 823
633 796
633 1215
634 1193
634 845
634 814
634 1143
634 667
635 662
635 829
636 741
639 934
639 1160
639 719
640 908
640 1237
640 759
642 1217
642 651
642 1182
644 836
644 755
645 997
646 672
646 1090
646 939
646 784
646 980
647 659
648 785
648 1048
649 1136
649 1111
651 939
651 784
651 953
652 898
652 688
653 971
654 811
654 957
654 879
654 1038
654 798
655 1026
655 1033
655 1003
655 979
655 759
657 945
657 856
658 1187
658 840
658 1076
659 928
659 995
661 1056
661 1131
661 836
661 1126
662 1248
662 1133
665 1218
665 1166
665 1010
665 787
665 1141
667 1108
668 1248
668 1007
670 917
670 1188
670 1150
670 933
671 961
673 1050
674 1152
674 837
675 1027
675 905
675 1134
675 1128
676 1115
676 740
676 1105
676 887
676 1016
677 1150
678 898
679 689
679 1078
680 1127
680 782
680 791
681 1216
681 931
682 1167
682 923
684 1132
684 812
684 782
684 848
685 1153
685 998
685 711
685 747
686 911
687 908
687 1073
689 1072
689 900
689 965
689 909
689 922
690 1069
691 1024
693 908
693 703
695 1094
695 815
695 819
696 1093
697 714
698 1070
699 902
699 871
699 716
699 830
700 816
700 1112
700 956
701 957
703 1103
703 757
704 798
706 874
707 1164
709 973
709 721
710 739
711 1077
712 1002
713 832
713 999
713 1104
713 925
714 808
714 826
715 1217
715 811
716 800
716 902
718 748
718 922
718 1211
719 795
720 826
721 1151
722 1113
723 977
723 818
724 912
724 1225
724 1204
724 1181
724 958
727 1044
727 759
727 1017
727 927
731 967
731 1132
732 893
734 875
734 917
734 855
735 782
735 852
736 1055
737 968
737 1197
738 929
738 1204
738 1051
738 1142
739 776
739 1163
739 1229
742 973
742 753
742 1202
743 1114
744 1202
744 1240
747 852
748 1188
750 924
754 1126
755 835
757 1123
759 1231
760 801
760 1092
760 891
761 903
761 1169
762 1001
764 1187
764 1140
764 987
765 978
767 946
767 858
769 801
769 1142
769 1035
772 1217
772 1096
772 1033
772 1054
774 804
774 1092
775 905
775 1034
775 821
775 824
776 777
776 983
778 1227
778 1039
778 1162
778 1023
782 919
783 1110
783 1141
784 897
786 833
786 1063
787 848
788 1106
788 1117
790 1164
790 1079
792 1197
794 881
795 1045
797 1157
797 889
797 831
798 901
798 947
799 1204
799 1084
801 804
802 848
802 1244
804 1059
807 1243
808 903
808 972
808 855
809 1003
811 819
812 1024
812 855
813 1200
813 978
815 1155
815 1041
815 1230
815 860
816 1104
817 1090
823 1030
823 852
825 1189
825 1031
826 846
827 994
828 875
828 949
829 1152
829 1135
829 1170
830 833
830 998
830 1046
831 989
831 857
832 1066
833 1233
833 1205
833 892
833 1093
834 1094
834 1170
834 1179
835 1008
836 939
836 1208
836 1182
837 1099
837 1008
837 1219
837 1048
838 1089
838 1249
838 1047
838 1085
839 1226
839 1036
842 1108
843 879
844 1187
846 932
846 849
847 1079
852 1135
853 931
853 1016
853 1020
854 1048
856 925
858 907
858 1046
859 1072
863 1210
864 1223
866 913
866 985
867 997
868 1031
871 1230
871 914
873 880
874 1148
874 910
874 956
875 919
877 1168
879 906
879 921
880 1067
885 999
885 970
885 1167
885 1011
885 890
885 1093
886 955
886 1244
886 1181
890 992
891 909
892 989
893 1032
893 991
894 1008
897 969
897 1166
898 911
898 1170
898 959
900 1117
901 1221
901 1068
901 1080
901 954
903 934
904 929
905 1216
905 1234
905 989
907 1000
908 1128
908 981
911 938
911 962
911 1243
913 1095
914 1061
915 1107
916 1232
916 1075
917 938
918 1216
920 1173
921 1040
923 1018
926 931
927 1119
932 975
933 1013
933 1115
934 1217
934 1130
934 1080
935 1083
935 990
936 1060
937 961
940 1134
940 952
941 1086
942 1231
943 1063
943 946
946 1144
949 1056
950 1224
950 1074
951 1125
951 975
951 980
954 980
957 1039
957 1210
959 965
959 1082
959 1214
960 1211
961 1110
963 1064
964 1207
966 1161
966 1233
967 1023
968 1183
970 1192
970 1016
971 1021
974 1114
978 1114
983 1185
985 1019
988 1131
989 1218
990 1020
993 1118
1001 1133
1001 1176
1003 1049
1005 1246
1006 1193
1006 1036
1006 1207
1008 1247
1010 1058
1010 1213
1011 1093
1011 1140
1014 1082
1015 1030
1017 1056
1018 1042
1018 1204
1020 1203
1021 1223
1024 1047
1025 1107
1027 1032
1027 1039
1027 1219
1027 1206
1038 1155
1038 1106
1038 1113
1039 1178
1042 1184
1042 1067
1042 1206
1042 1180
1043 1202
1046 1067
1046 1157
1049 1211
1051 1079
1052 1126
1052 1106
1054 1162
1061 1068
1065 1156
1071 1245
1077 1197
1078 1190
1083 1208
1085 1120
1085 1154
1086 1131
1087 1112
1088 1247
1095 1169
1099 1214
1102 1182
1103 1203
1103 1147
1104 1139
1106 1249
1111 1169
1111 1206
1112 1144
1112 1183
1113 1138
1119 1191
1119 1205
1121 1128
1121 1148
1127 1201
1132 1220
1134 1171
1152 1224
1152 1181
1153 1235
1155 1199
1169 1226
1182 1209
1195 1223
1195 1242
1208 1215
1224 1234
