0 384
0 385
0 516
0 5
0 871
0 391
0 908
0 11
0 524
0 527
0 18
0 533
0 601
0 24
0 708
0 27
0 28
0 925
0 30
0 415
0 32
0 798
0 419
0 36
0 933
0 753
0 40
0 809
0 977
0 47
0 688
0 51
0 286
0 371
0 57
0 58
0 571
0 68
0 460
0 74
0 76
0 1231
0 336
0 721
0 995
0 84
0 441
0 292
0 91
0 990
0 482
0 763
0 996
0 103
0 488
0 105
0 106
0 363
0 109
0 238
0 1133
0 168
0 370
0 115
0 117
0 1001
0 1031
0 379
0 636
1 128
1 129
1 939
1 5
1 6
1 7
1 9
1 1162
1 11
1 12
1 13
1 14
1 1069
1 656
1 17
1 20
1 21
1 152
1 1220
1 26
1 27
1 28
1 1114
1 734
1 33
1 34
1 155
1 36
1 933
1 1062
1 881
1 40
1 156
1 298
1 263
1 300
1 240
1 174
1 303
1 48
1 52
1 437
1 438
1 55
1 571
1 445
1 318
1 191
1 961
1 66
1 708
1 993
1 202
1 887
1 78
1 79
1 981
1 473
1 1031
1 476
1 1077
1 606
1 1141
1 912
1 1072
1 230
1 145
1 104
1 106
1 871
1 647
1 1133
1 829
1 112
1 168
1 920
1 371
1 373
1 1014
1 681
1 632
2 831
2 5
2 6
2 7
2 520
2 10
2 267
2 269
2 16
2 145
2 465
2 19
2 1049
2 151
2 537
2 959
2 1135
2 1181
2 31
2 800
2 801
2 37
2 41
2 938
2 1067
2 44
2 818
2 304
2 776
2 562
2 181
2 696
2 53
2 779
2 309
2 710
2 72
2 1225
2 81
2 338
2 467
2 340
2 345
2 475
2 220
2 478
2 17
2 360
2 233
2 111
2 1043
2 1108
2 763
3 5
3 262
3 7
3 8
3 14
3 685
3 145
3 1171
3 1172
3 25
3 285
3 672
3 35
3 548
3 6
3 806
3 1065
3 429
3 47
3 48
3 392
3 178
3 182
3 1214
3 63
3 1248
3 1030
3 454
3 455
3 588
3 974
3 85
3 345
3 346
3 92
3 805
3 352
3 100
3 101
3 109
3 368
3 986
3 629
3 377
3 124
3 510
4 128
4 259
4 277
4 5
4 6
4 8
4 10
4 12
4 13
4 1197
4 400
4 1091
4 21
4 23
4 152
4 516
4 1179
4 1056
4 417
4 290
4 163
4 342
4 166
4 935
4 42
4 1173
4 173
4 1070
4 437
4 55
4 184
4 60
4 533
4 62
4 579
4 71
4 72
4 201
4 695
4 889
4 465
4 851
4 1108
4 214
4 87
4 91
4 97
4 226
4 843
4 1063
4 481
4 609
4 505
4 1146
4 127
5 6
5 7
5 8
5 9
5 10
5 524
5 13
5 17
5 18
5 19
5 23
5 536
5 25
5 539
5 28
5 544
5 545
5 547
5 37
5 40
5 41
5 556
5 48
5 1032
5 50
5 1075
5 52
5 56
5 60
5 64
5 577
5 68
5 73
5 74
5 76
5 1037
5 80
5 81
5 82
5 612
5 96
5 97
5 1122
5 100
5 101
5 107
5 109
5 531
5 122
5 127
5 640
5 129
5 1131
5 644
5 135
5 143
5 147
5 667
5 156
5 673
5 1186
5 680
5 685
5 1201
5 115
5 693
5 185
5 1211
5 705
5 1222
5 1225
5 209
5 722
5 723
5 214
5 220
5 734
5 227
5 228
5 745
5 749
5 243
5 251
5 252
5 253
5 256
5 260
5 1068
5 269
5 275
5 276
5 790
5 792
5 795
5 305
5 311
5 828
5 837
5 740
5 859
5 353
5 360
5 876
5 880
5 371
5 372
5 382
5 384
5 386
5 1003
5 900
5 390
5 401
5 402
5 926
5 1179
5 935
5 937
5 953
5 958
5 592
5 485
5 488
5 491
5 492
6 7
6 8
6 9
6 10
6 11
6 13
6 527
6 16
6 18
6 20
6 22
6 24
6 29
6 32
6 35
6 37
6 38
6 39
6 45
6 61
6 64
6 65
6 66
6 70
6 73
6 77
6 83
6 86
6 1120
6 102
6 109
6 1197
6 626
6 121
6 130
6 132
6 136
6 138
6 142
6 655
6 146
6 152
6 155
6 1183
6 1187
6 167
6 169
6 682
6 173
6 692
6 693
6 186
6 196
6 1235
6 213
6 225
6 232
6 235
6 753
6 242
6 243
6 252
6 769
6 773
6 263
6 280
6 835
6 850
6 858
6 862
6 357
6 870
6 359
6 360
6 365
6 388
6 404
6 406
6 410
6 417
6 424
6 937
6 939
6 940
6 429
6 950
6 439
6 444
6 958
6 447
6 451
6 452
6 468
6 470
6 478
6 997
6 1006
6 1009
6 1019
7 768
7 8
7 9
7 522
7 12
7 14
7 15
7 400
7 663
7 26
7 30
7 161
7 163
7 420
7 550
7 1063
7 168
7 297
7 42
7 171
7 136
7 50
7 54
7 183
7 317
7 702
7 1217
7 1218
7 453
7 1095
7 328
7 1143
7 332
7 975
7 378
7 355
7 471
7 527
7 349
7 479
7 480
7 99
7 573
7 119
7 121
7 122
7 511
8 9
8 10
8 11
8 12
8 14
8 15
8 16
8 17
8 22
8 535
8 772
8 27
8 1052
8 29
8 1040
8 36
8 39
8 43
8 47
8 49
8 50
8 52
8 58
8 64
8 66
8 73
8 591
8 1110
8 88
8 528
8 1123
8 104
8 112
8 1140
8 127
8 132
8 449
8 148
8 157
8 1199
8 688
8 1203
8 1212
8 192
8 201
8 206
8 223
8 232
8 234
8 1063
8 244
8 248
8 254
8 769
8 260
8 782
8 793
8 282
8 283
8 289
8 810
8 815
8 304
8 394
8 328
8 841
8 844
8 360
8 875
8 829
8 888
8 524
8 386
8 391
8 906
8 913
8 403
8 919
8 408
8 559
8 410
8 429
8 943
8 961
8 451
8 457
8 972
8 469
8 989
8 480
8 487
8 1014
9 393
9 12
9 655
9 657
9 1044
9 21
9 790
9 281
9 153
9 1051
9 1157
9 944
9 34
9 164
9 938
9 172
9 429
9 686
9 688
9 180
9 181
9 820
9 244
9 955
9 970
9 190
9 501
9 194
9 837
9 1072
9 202
9 78
9 80
9 210
9 1209
9 89
9 90
9 257
9 995
9 228
9 230
9 615
9 362
9 116
9 62
9 119
9 120
9 251
10 11
10 13
10 15
10 18
10 20
10 22
10 25
10 26
10 539
10 32
10 36
10 37
10 1062
10 40
10 555
10 49
10 52
10 57
10 58
10 61
10 1090
10 68
10 70
10 586
10 75
10 76
10 589
10 525
10 81
10 596
10 89
10 92
10 94
10 612
10 102
10 616
10 1042
10 114
10 115
10 116
10 1146
10 124
10 125
10 127
10 130
10 144
10 147
10 149
10 1176
10 158
10 159
10 675
10 165
10 796
10 180
10 1207
10 1210
10 187
10 1215
10 1056
10 717
10 803
10 212
10 1241
10 730
10 231
10 240
10 552
10 245
10 656
10 776
10 265
10 789
10 792
10 284
10 291
10 293
10 830
10 323
10 326
10 328
10 330
10 843
10 338
10 341
10 344
10 353
10 358
10 878
10 883
10 376
10 383
10 414
10 838
10 241
10 944
10 437
10 1183
10 956
10 961
10 453
10 455
10 456
10 971
10 465
10 79
10 989
10 479
10 1000
10 1010
10 1019
10 853
11 14
11 16
11 18
11 19
11 20
11 21
11 22
11 23
11 26
11 542
11 31
11 1058
11 35
11 41
11 42
11 43
11 44
11 1074
11 1077
11 54
11 60
11 61
11 64
11 68
11 584
11 1100
11 81
11 86
11 87
11 606
11 95
11 1124
11 614
11 615
11 1128
11 108
11 113
11 122
11 124
11 128
11 129
11 138
11 140
11 658
11 152
11 163
11 177
11 179
11 694
11 1210
11 189
11 190
11 201
11 1226
11 206
11 211
11 222
11 223
11 741
11 231
11 233
11 760
11 1096
11 769
11 773
11 277
11 792
11 284
11 903
11 302
11 303
11 313
11 316
11 324
11 327
11 355
11 356
11 1085
11 379
11 382
11 383
11 385
11 814
11 390
11 391
11 394
11 395
11 412
11 415
11 421
11 72
11 1011
11 948
11 454
11 461
11 464
11 979
11 499
11 1013
12 514
12 1174
12 648
12 139
12 629
12 269
12 557
12 16
12 530
12 1171
12 148
12 1032
12 23
12 388
12 26
12 879
12 28
12 29
12 158
12 1056
12 33
12 34
12 38
12 295
12 1231
12 1180
12 298
12 457
12 173
12 46
12 1181
12 136
12 308
12 1054
12 439
12 692
12 991
12 60
12 906
12 585
12 1194
12 193
12 194
12 67
12 1132
12 289
12 329
12 74
12 203
12 1247
12 463
12 433
12 82
12 83
12 212
12 855
12 689
12 859
12 1245
12 95
12 98
12 813
12 360
12 745
12 1004
12 1159
12 623
12 881
12 1107
12 756
12 245
12 118
12 660
12 890
12 251
12 764
12 554
12 126
12 1079
13 1196
13 15
13 528
13 17
13 19
13 20
13 21
13 918
13 24
13 1045
13 286
13 545
13 42
13 428
13 46
13 723
13 816
13 798
13 316
13 705
13 962
13 588
13 332
13 333
13 595
13 342
13 728
13 729
13 602
13 1018
13 350
13 100
13 357
13 664
13 492
13 623
13 114
13 243
13 890
13 254
13 277
14 1030
14 15
14 1044
14 789
14 22
14 280
14 37
14 585
14 42
14 1074
14 477
14 50
14 947
14 52
14 1078
14 439
14 313
14 59
14 1213
14 199
14 1153
14 457
14 845
14 78
14 209
14 212
14 597
14 86
14 1241
14 1242
14 219
14 732
14 221
14 934
14 242
14 383
15 128
15 898
15 993
15 260
15 261
15 390
15 44
15 651
15 146
15 19
15 534
15 30
15 731
15 774
15 294
15 39
15 169
15 967
15 172
15 882
15 687
15 561
15 564
15 309
15 694
15 952
15 569
15 196
15 71
15 200
15 876
15 1015
15 590
15 909
15 910
15 89
15 347
15 605
15 225
15 994
15 101
15 102
15 104
15 423
15 364
15 493
15 110
15 367
15 114
15 887
15 1149
16 1152
16 261
16 393
16 648
16 1037
16 270
16 217
16 24
16 409
16 668
16 157
16 802
16 1058
16 292
16 38
16 167
16 943
16 520
16 564
16 567
16 978
16 322
16 71
16 75
16 930
16 466
16 919
16 89
16 92
16 226
16 869
16 364
16 749
16 367
16 884
16 1142
16 119
16 1016
16 250
17 649
17 139
17 258
17 1240
17 786
17 406
17 925
17 289
17 1058
17 859
17 43
17 945
17 56
17 196
17 209
17 1237
17 470
17 88
17 91
17 479
17 358
17 508
17 618
17 108
17 500
17 248
17 252
17 874
17 255
18 256
18 1160
18 149
18 665
18 284
18 288
18 162
18 548
18 302
18 178
18 77
18 866
18 363
18 1140
18 1022
18 247
18 1144
18 122
18 636
18 638
18 405
19 1108
19 427
19 1038
19 529
19 25
19 27
19 668
19 32
19 35
19 293
19 171
19 45
19 176
19 734
19 310
19 312
19 59
19 188
19 1215
19 832
19 139
19 70
19 711
19 74
19 952
19 514
19 724
19 213
19 1239
19 858
19 606
19 96
19 233
19 362
19 496
19 626
19 630
19 889
19 1095
19 764
19 638
20 130
20 643
20 772
20 649
20 1091
20 144
20 707
20 23
20 29
20 34
20 677
20 166
20 39
20 1065
20 43
20 557
20 695
20 312
20 569
20 704
20 195
20 72
20 697
20 75
20 1228
20 467
20 468
20 1237
20 343
20 395
20 1158
20 735
20 492
20 109
20 242
20 501
20 754
20 765
20 510
21 131
21 262
21 301
21 563
21 907
21 275
21 279
21 24
21 644
21 155
21 1212
21 669
21 159
21 33
21 27
21 676
21 1030
21 425
21 555
21 45
21 46
21 1073
21 50
21 51
21 53
21 185
21 59
21 828
21 61
21 323
21 417
21 328
21 1227
21 974
21 525
21 720
21 850
21 83
21 212
21 313
21 346
21 93
21 97
21 699
21 614
21 230
21 359
21 745
21 107
21 108
21 621
21 750
21 1005
21 636
22 141
22 887
22 25
22 668
22 32
22 289
22 291
22 1189
22 807
22 424
22 300
22 54
22 266
22 958
22 544
22 966
22 71
22 587
22 1100
22 466
22 93
22 736
22 61
22 368
22 758
22 503
22 507
22 511
23 138
23 779
23 30
23 33
23 295
23 1199
23 51
23 184
23 1034
23 578
23 203
23 246
23 843
23 347
23 351
23 992
23 1134
23 630
23 119
23 126
24 268
24 344
24 146
24 28
24 29
24 33
24 636
24 41
24 925
24 184
24 191
24 66
24 246
24 866
24 1109
24 216
24 92
24 98
24 100
24 742
24 487
24 489
24 924
24 118
24 1001
24 506
24 380
24 638
25 384
25 512
25 1087
25 781
25 142
25 1170
25 281
25 540
25 261
25 35
25 548
25 806
25 423
25 808
25 41
25 43
25 49
25 1139
25 181
25 311
25 756
25 59
25 671
25 53
25 322
25 707
25 708
25 965
25 204
25 205
25 207
25 208
25 1107
25 725
25 726
25 505
25 90
25 94
25 607
25 107
25 877
25 241
25 147
25 643
25 121
25 63
25 703
25 766
25 383
26 898
26 777
26 1043
26 1046
26 279
26 154
26 283
26 156
26 669
26 30
26 31
26 675
26 427
26 558
26 56
26 58
26 1216
26 321
26 67
26 118
26 198
26 72
26 715
26 594
26 467
26 608
26 114
26 499
26 628
26 757
26 374
26 505
27 388
27 518
27 402
27 31
27 934
27 170
27 690
27 564
27 446
27 325
27 81
27 85
27 601
27 346
27 987
27 422
27 235
27 112
28 516
28 134
28 391
28 1032
28 874
28 1036
28 143
28 384
28 276
28 149
28 537
28 540
28 159
28 133
28 547
28 518
28 38
28 924
28 818
28 56
28 441
28 735
28 316
28 63
28 544
28 198
28 712
28 585
28 204
28 590
28 208
28 1208
28 598
28 89
28 1246
28 479
28 99
28 229
28 106
28 1061
28 575
28 319
28 252
28 381
28 1151
29 452
29 517
29 273
29 265
29 1198
29 46
29 207
29 120
29 270
29 1012
29 335
29 188
29 543
30 641
30 390
30 272
30 785
30 149
30 279
30 537
30 411
30 284
30 1050
30 31
30 34
30 923
30 166
30 1067
30 47
30 178
30 438
30 62
30 447
30 195
30 69
30 331
30 471
30 988
30 94
30 96
30 912
30 486
30 103
30 248
31 1155
31 280
31 802
31 808
31 51
31 1079
31 57
31 314
31 190
31 68
31 459
31 546
31 1103
31 1105
31 342
31 94
31 357
31 749
31 118
32 1027
32 1039
32 1046
32 541
32 36
32 38
32 39
32 553
32 44
32 45
32 47
32 53
32 570
32 572
32 1087
32 1090
32 67
32 595
32 598
32 91
32 1121
32 1122
32 1123
32 1124
32 105
32 635
32 126
32 130
32 134
32 149
32 663
32 160
32 165
32 678
32 167
32 1192
32 174
32 175
32 1202
32 696
32 185
32 1210
32 701
32 212
32 1237
32 729
32 218
32 237
32 239
32 752
32 243
32 761
32 261
32 267
32 282
32 800
32 289
32 470
32 811
32 319
32 836
32 844
32 860
32 60
32 886
32 916
32 382
32 404
32 407
32 418
32 934
32 423
32 499
32 436
32 448
32 83
32 463
32 982
32 249
32 472
32 489
32 1002
32 1011
32 1014
33 131
33 535
33 142
33 913
33 1042
33 148
33 1050
33 581
33 1057
33 802
33 619
33 805
33 295
33 551
33 170
33 48
33 947
33 438
33 55
33 1209
33 1082
33 62
33 704
33 577
33 67
33 69
33 840
33 1036
33 76
33 1122
33 593
33 84
33 726
33 90
33 351
33 226
33 484
33 104
33 235
33 882
33 884
33 852
33 1020
33 382
34 512
34 1154
34 517
34 266
34 909
34 156
34 927
34 422
34 423
34 40
34 557
34 174
34 304
34 183
34 57
34 955
34 317
34 1214
34 961
34 1219
34 1092
34 1221
34 567
34 716
34 825
34 206
34 215
34 474
34 678
34 488
34 619
34 1132
34 189
34 872
34 508
35 135
35 910
35 917
35 154
35 540
35 263
35 46
35 572
35 189
35 192
35 65
35 579
35 196
35 69
35 1094
35 584
35 247
35 77
35 1129
35 502
35 375
36 257
36 267
36 142
36 657
36 537
36 751
36 1053
36 158
36 930
36 419
36 1088
36 701
36 63
36 320
36 416
36 609
36 208
36 1114
36 93
36 224
36 464
36 1127
36 111
36 627
36 120
37 141
37 143
37 1187
37 553
37 430
37 431
37 180
37 827
37 708
37 838
37 716
37 722
37 467
37 470
37 983
37 604
37 744
37 1006
37 1116
38 897
38 389
38 264
38 522
38 962
38 404
38 1047
38 803
38 165
38 1193
38 815
38 436
38 949
38 55
38 703
38 322
38 452
38 1224
38 716
38 458
38 588
38 461
38 1101
38 336
38 82
38 211
38 85
38 599
38 346
38 348
38 605
38 1189
38 736
38 361
38 108
38 873
38 1009
38 882
38 244
38 117
38 375
38 377
39 491
39 132
39 519
39 137
39 523
39 1036
39 600
39 1048
39 543
39 161
39 297
39 173
39 430
39 559
39 49
39 777
39 580
39 80
39 341
39 343
39 216
39 858
39 891
39 484
39 101
39 743
39 107
39 112
39 755
39 379
39 252
40 258
40 131
40 1160
40 267
40 142
40 143
40 785
40 453
40 163
40 1188
40 424
40 1065
40 1194
40 44
40 307
40 58
40 317
40 1216
40 193
40 69
40 460
40 848
40 594
40 217
40 1115
40 733
40 862
40 101
40 224
40 354
40 992
40 229
40 234
40 879
40 370
40 115
40 122
40 635
41 66
41 53
41 95
41 63
42 1200
42 162
42 330
42 944
42 179
42 615
42 164
42 362
42 319
43 270
43 662
43 409
43 926
43 671
43 806
43 45
43 306
43 54
43 186
43 64
43 450
43 195
43 196
43 581
43 326
43 73
43 204
43 590
43 593
43 654
43 910
43 106
43 372
43 247
43 249
44 51
44 131
44 1030
44 268
44 141
44 529
44 1155
44 691
44 157
44 1066
44 1195
44 48
44 179
44 59
44 1086
44 323
44 964
44 70
44 780
44 587
44 1165
44 599
44 92
44 350
44 96
44 737
44 1127
44 237
44 110
44 242
44 502
44 507
44 380
44 125
45 137
45 656
45 676
45 49
45 168
45 305
45 563
45 948
45 703
45 833
45 706
45 843
45 719
45 80
45 784
45 883
45 505
45 762
45 575
45 254
46 669
46 1153
46 1027
46 387
46 262
46 263
46 137
46 215
46 1038
46 658
46 403
46 151
46 1177
46 538
46 156
46 1054
46 159
46 168
46 298
46 171
46 174
46 175
46 1204
46 309
46 1081
46 570
46 927
46 317
46 703
46 1163
46 73
46 330
46 205
46 206
46 397
46 336
46 87
46 984
46 345
46 463
46 988
46 223
46 611
46 486
46 102
46 1003
46 236
46 1149
46 1125
47 456
47 134
47 102
47 327
47 647
47 623
47 200
47 82
47 416
47 84
47 54
47 1021
47 1242
47 817
48 128
48 642
48 647
48 256
48 941
48 277
48 645
48 162
48 935
48 169
48 554
48 299
48 813
48 942
48 304
48 306
48 308
48 55
48 56
48 313
48 314
48 833
48 65
48 198
48 201
48 842
48 720
48 824
48 526
48 86
48 215
48 728
48 479
48 939
48 236
48 125
48 511
49 260
49 151
49 152
49 926
49 287
49 545
49 422
49 819
49 542
49 182
49 439
49 440
49 324
49 214
49 94
49 95
49 1126
49 508
50 259
50 265
50 155
50 1180
50 290
50 1187
50 575
50 65
50 418
50 79
50 739
50 350
50 225
50 867
50 365
50 754
50 378
50 893
51 162
51 639
51 140
51 1130
51 978
51 305
51 498
51 856
51 633
51 187
51 1226
51 126
52 524
52 794
52 285
52 798
52 928
52 807
52 169
52 683
52 431
52 818
52 450
52 836
52 74
52 210
52 1243
52 1010
52 628
53 772
53 777
53 397
53 782
53 683
53 556
53 944
53 702
53 1090
53 67
53 75
53 204
53 463
53 1234
53 211
53 854
53 847
53 870
53 1020
53 365
53 62
53 123
53 764
54 224
54 130
54 726
54 762
54 490
54 460
54 1041
54 887
54 151
54 826
54 57
54 506
54 303
54 746
54 510
55 416
55 583
55 76
55 914
55 690
55 633
55 408
55 281
55 93
56 643
56 644
56 520
56 531
56 1045
56 542
56 290
56 1066
56 939
56 428
56 570
56 188
56 831
56 1094
56 329
56 77
56 78
56 594
56 477
56 990
56 226
56 744
56 496
56 116
57 271
57 272
57 147
57 536
57 296
57 299
57 442
57 78
57 80
57 337
57 594
57 856
57 355
57 1128
57 1192
57 243
57 378
57 1022
58 645
58 521
58 150
58 535
58 1063
58 299
58 1199
58 566
58 1081
58 1097
58 87
58 1113
58 1243
58 739
58 379
58 490
58 494
58 114
58 891
59 418
59 616
59 776
59 274
59 948
59 150
59 186
59 220
59 125
59 1055
60 203
60 135
60 174
60 743
60 208
60 1140
60 747
60 278
60 344
60 164
60 1083
60 189
60 199
60 491
61 257
61 389
61 385
61 265
61 144
61 659
61 920
61 921
61 285
61 545
61 162
61 1059
61 554
61 310
61 700
61 138
61 192
61 651
61 197
61 70
61 461
61 973
61 339
61 733
61 182
61 227
61 869
61 103
61 1084
61 249
62 834
62 387
62 1057
62 711
62 552
62 79
62 176
62 305
62 611
62 760
62 1212
62 255
63 65
63 325
63 365
63 846
63 164
63 785
63 595
63 308
63 1045
63 311
63 603
63 752
63 926
64 228
64 298
64 652
64 144
64 619
64 661
64 88
64 761
64 90
64 476
64 349
64 446
65 576
65 258
65 771
65 132
65 398
65 399
65 144
65 276
65 536
65 413
65 166
65 1064
65 810
65 839
65 1198
65 307
65 180
65 440
65 954
65 187
65 192
65 69
65 71
65 332
65 207
65 803
65 85
65 474
65 475
65 349
65 864
65 486
65 358
65 232
65 1129
65 1003
65 501
65 121
66 645
66 395
66 143
66 912
66 154
66 774
66 497
66 1074
66 697
66 829
66 320
66 1227
66 199
66 75
66 463
66 343
66 473
66 1121
66 1123
66 487
66 111
66 880
66 113
66 509
66 510
67 775
67 426
67 531
67 436
67 216
67 700
67 158
68 133
68 454
68 936
68 969
68 782
68 111
68 320
68 242
68 85
68 983
68 485
68 635
68 222
69 134
69 161
69 205
69 408
70 257
70 258
70 901
70 903
70 662
70 420
70 677
70 189
70 339
70 1229
70 595
70 856
70 220
70 115
70 250
70 1020
70 1150
71 133
71 904
71 836
71 550
71 809
71 181
71 440
71 955
71 188
71 452
71 715
71 978
71 86
71 869
71 98
71 613
71 103
71 108
71 237
71 238
71 116
71 249
71 1125
72 97
72 513
72 104
72 1193
72 269
72 558
72 337
72 1141
72 641
72 154
73 899
73 105
73 1053
73 541
73 1075
73 822
73 697
73 443
73 93
74 773
74 268
74 654
74 527
74 282
74 1126
74 517
74 167
74 687
74 560
74 177
74 568
74 573
74 318
74 77
74 719
74 336
74 1213
74 1106
74 742
74 358
74 872
74 495
74 502
74 892
75 928
75 1137
75 807
75 585
75 811
75 910
75 977
75 217
75 154
75 91
75 285
75 191
76 1108
76 612
76 231
76 1132
76 366
76 79
76 947
76 84
76 756
76 111
76 197
77 129
77 193
77 1139
77 1185
77 199
77 300
77 269
77 496
77 401
77 82
77 83
77 301
77 342
77 314
77 879
77 474
78 389
78 138
78 401
78 153
78 927
78 675
78 430
78 433
78 330
78 465
78 211
78 87
78 728
78 475
78 99
78 228
78 103
78 234
78 373
78 120
78 377
78 124
79 219
79 165
79 428
79 171
79 303
79 1233
79 259
79 1173
79 617
79 187
79 1164
79 735
80 896
80 278
80 589
80 179
80 438
80 828
80 964
80 205
80 847
80 849
80 980
80 88
80 477
80 735
80 864
80 996
80 295
80 247
81 939
81 904
81 489
81 748
81 802
81 845
81 84
81 117
81 153
82 484
82 561
82 426
82 715
82 846
82 1008
82 280
82 88
83 262
83 650
83 1167
83 658
83 915
83 1048
83 1053
83 927
83 804
83 197
83 459
83 204
83 593
83 234
83 497
83 500
83 380
84 385
84 133
84 647
84 276
84 110
84 922
84 431
84 415
84 546
84 795
84 296
84 190
84 191
84 704
84 968
84 846
84 847
84 218
84 96
84 97
84 98
84 100
84 489
84 366
84 367
84 112
84 113
84 886
85 1029
85 1185
85 558
85 1055
85 1035
85 300
85 110
85 241
85 579
85 117
85 723
85 221
85 95
86 432
86 1188
86 324
86 584
86 1130
86 175
86 513
86 766
86 592
86 985
86 157
86 542
87 481
87 98
87 107
87 639
87 141
87 400
87 693
87 563
87 1134
87 443
87 575
88 352
88 580
88 886
88 694
88 282
89 258
89 140
89 270
89 1176
89 1170
89 280
89 159
89 674
89 175
89 310
89 957
89 1217
89 207
89 1144
89 214
89 90
89 998
89 1000
89 495
89 120
89 506
89 126
90 546
90 99
90 209
90 113
90 1202
90 600
90 667
90 572
90 927
91 549
91 172
91 975
91 210
91 116
91 512
91 292
91 348
91 317
91 965
92 272
92 1057
92 198
92 135
92 136
92 1166
92 632
92 402
92 99
92 634
92 817
93 726
93 137
93 160
93 161
93 1196
93 1076
93 318
93 712
93 588
93 462
93 721
93 214
93 472
93 608
93 1142
93 1015
93 1151
94 291
94 651
94 553
94 425
94 171
94 941
94 987
94 274
94 574
94 121
94 1050
94 223
95 449
95 1165
95 146
95 427
95 1071
95 434
95 181
95 321
95 451
95 857
95 218
95 475
95 356
95 490
95 629
95 890
95 635
96 131
96 267
96 840
96 145
96 177
96 437
96 440
96 1213
96 321
96 1219
96 456
96 1099
96 588
96 105
96 235
96 751
96 503
96 381
96 1150
97 896
97 1160
97 266
97 784
97 1178
97 932
97 1207
97 186
97 394
97 1089
97 202
97 717
97 1231
97 1111
97 1115
97 865
97 105
97 363
97 893
98 738
98 420
98 1154
98 621
98 814
98 245
98 125
98 1102
99 674
99 326
99 584
99 903
99 1110
99 279
99 217
99 1183
99 361
100 672
100 673
100 1201
100 266
100 587
100 750
100 1229
100 568
100 274
100 899
100 692
100 895
101 780
101 911
101 147
101 901
101 297
101 685
101 1207
101 448
101 322
101 311
101 1245
101 106
101 748
101 110
101 1009
101 373
101 248
101 123
102 132
102 326
102 1007
102 1118
102 557
102 241
102 341
102 246
102 921
102 420
102 123
102 618
102 318
102 255
103 995
103 421
103 486
103 176
103 1059
103 475
103 444
103 1157
104 1075
104 976
104 586
104 624
104 136
104 146
104 435
104 1076
104 597
104 599
104 376
104 378
104 509
105 840
105 778
105 113
106 482
106 775
106 969
106 674
106 462
106 372
106 118
106 727
106 184
106 660
107 774
107 139
107 148
107 160
107 178
107 1215
107 416
107 456
107 1225
107 1102
107 736
107 351
107 352
107 618
107 492
107 367
107 892
107 510
108 482
108 710
108 905
108 682
108 364
108 625
108 856
108 966
108 1178
108 187
108 213
109 705
109 423
109 372
110 393
110 266
110 281
110 541
110 929
110 419
110 302
110 303
110 566
110 1207
110 184
110 1162
110 717
110 208
110 596
110 986
110 221
110 874
110 1006
110 239
110 157
111 129
111 363
111 389
111 137
111 834
111 1174
111 411
111 797
111 1187
111 812
111 1101
111 413
111 172
111 1161
111 194
111 1249
111 435
111 205
111 973
111 469
111 348
111 349
111 865
111 233
111 747
111 894
112 452
112 170
112 270
112 848
112 723
112 1238
112 1183
113 193
113 133
113 301
113 945
113 372
113 987
113 1247
114 1115
114 634
114 904
114 435
114 213
114 207
114 1022
115 353
115 642
115 877
115 907
115 525
115 861
115 817
115 117
115 150
115 999
115 1223
115 650
115 1086
115 255
116 1025
116 291
116 421
116 1096
116 590
116 239
116 496
116 1010
116 691
116 885
116 502
116 185
116 702
116 671
117 897
117 135
117 1033
117 530
117 414
117 296
117 690
117 444
117 1085
117 199
117 712
117 337
117 991
117 610
117 357
117 402
117 238
117 119
117 507
118 652
118 325
118 359
118 407
118 140
118 628
118 533
118 1097
118 361
118 825
118 410
119 608
119 1153
119 866
119 715
119 134
119 139
119 937
119 434
119 1131
119 532
119 598
119 123
119 222
120 224
120 294
120 292
120 597
120 519
120 1136
120 599
120 373
120 1171
120 217
120 188
120 511
121 140
121 653
121 273
121 942
121 536
121 294
121 426
121 321
121 186
121 1220
121 326
121 331
121 610
121 1113
121 354
121 227
121 235
121 504
121 123
121 127
122 1008
122 1001
122 306
122 432
122 593
122 1033
122 602
122 124
122 730
123 517
123 141
123 783
123 274
123 543
123 801
123 428
123 950
123 315
123 960
123 329
123 653
123 471
123 988
123 863
123 225
123 622
123 624
124 922
124 164
124 198
124 906
124 264
124 931
124 396
124 392
124 914
124 323
124 238
124 1206
124 787
124 795
124 794
125 480
125 272
125 996
125 485
125 815
125 787
125 1152
125 348
126 970
126 1007
126 337
126 626
126 246
127 1217
127 1094
127 391
127 1095
127 1167
128 1163
128 645
128 1203
128 780
128 172
128 173
128 398
128 499
128 301
128 183
128 526
128 719
128 1247
129 392
129 716
129 1176
129 415
129 165
130 984
130 589
130 367
130 177
130 151
130 472
130 938
130 1118
131 523
131 652
131 401
131 663
131 170
131 684
131 432
131 310
131 578
131 197
131 1229
131 334
131 978
131 724
131 874
131 376
131 1023
131 766
131 511
132 515
132 292
132 459
132 364
132 176
132 392
132 341
132 246
132 153
132 442
132 720
132 582
132 222
133 1018
133 827
133 286
134 256
134 1089
134 331
134 150
134 1144
134 665
135 264
135 1040
135 273
135 1042
135 148
135 150
135 1184
135 161
135 297
135 426
135 178
135 315
135 958
135 576
135 713
135 209
135 850
135 339
135 1105
135 1131
135 1017
135 250
136 194
136 779
136 519
136 1008
136 145
136 1012
136 221
137 192
137 449
137 891
137 711
137 175
137 1184
137 1114
138 1024
138 1026
138 195
138 356
138 583
138 234
138 1019
138 946
138 509
138 913
138 786
138 851
138 153
138 378
138 603
138 767
139 1024
139 1025
139 642
139 644
139 648
139 788
139 662
139 664
139 545
139 169
139 822
139 567
139 835
139 335
139 722
139 471
139 985
139 220
139 357
139 210
139 500
139 634
139 251
140 865
140 739
140 1061
140 466
141 577
141 324
141 1226
141 1102
141 561
141 723
142 1125
142 714
142 183
142 637
143 411
143 358
143 549
143 748
143 507
143 581
143 413
143 1138
143 675
143 739
143 981
143 215
143 751
143 191
143 381
143 158
144 194
144 323
144 260
144 722
144 755
144 831
144 223
145 1160
145 395
145 241
145 438
145 1064
145 570
145 155
145 893
146 193
146 195
146 1073
146 1102
146 347
146 664
146 719
146 314
146 271
146 655
146 350
147 1156
147 264
147 275
147 538
147 160
147 290
147 552
147 682
147 1195
147 302
147 307
147 312
147 1093
147 457
147 975
147 1104
147 340
147 985
147 1245
148 227
148 454
148 202
148 240
148 177
148 721
148 232
148 1023
149 978
149 834
149 963
149 977
149 617
149 685
149 369
149 1233
149 866
150 800
150 282
150 496
150 504
150 253
150 414
151 800
151 779
151 690
152 160
152 1027
152 163
152 646
152 522
152 548
152 399
152 240
152 1099
152 819
152 374
152 1015
152 441
152 1062
152 709
153 1026
153 1155
153 914
153 1177
153 283
153 285
153 932
153 167
153 265
153 440
153 830
153 1221
153 1096
153 334
153 548
153 997
153 375
153 376
154 291
154 1122
154 307
154 264
154 179
154 470
154 427
154 1118
155 547
155 324
155 854
155 396
155 402
155 182
155 1013
155 213
156 301
157 1089
157 516
157 742
157 935
157 393
157 202
157 299
157 941
157 850
157 1140
157 439
157 568
157 667
157 1098
158 582
158 620
158 529
158 826
158 284
159 256
159 166
159 746
159 1069
159 656
159 1144
159 1018
159 1243
159 573
159 446
160 288
160 956
161 992
161 1120
161 482
161 1060
161 262
161 170
161 784
161 1162
161 1202
161 502
162 806
162 752
162 546
162 229
162 230
162 681
162 1169
162 823
162 409
162 255
163 1107
163 259
163 650
163 271
163 976
163 851
163 409
163 185
163 442
163 731
163 444
163 733
163 574
164 263
164 288
164 459
164 231
164 203
164 876
164 176
164 417
164 370
164 627
164 820
164 661
164 218
164 603
165 610
165 261
165 1056
165 201
165 1239
165 309
165 375
165 1249
165 495
165 799
165 293
166 994
166 995
167 805
167 200
167 361
167 253
167 380
167 221
168 387
168 904
168 1129
168 237
168 370
168 1171
168 405
168 984
168 477
169 1058
169 484
169 520
169 1106
169 182
169 183
169 249
169 700
170 821
170 375
170 281
170 831
171 746
171 941
171 206
171 400
171 500
171 398
171 756
172 644
172 584
172 714
172 625
172 1103
172 920
173 224
173 229
173 1224
173 297
173 631
173 468
173 374
173 247
173 441
174 683
174 449
174 616
174 203
174 816
174 530
174 371
174 180
174 691
175 1008
175 226
175 676
175 1158
175 1010
175 1218
175 237
175 592
175 210
175 820
175 729
175 508
176 259
176 651
176 655
176 1174
176 1175
176 547
176 940
176 686
176 948
176 1092
176 455
176 333
176 601
176 219
176 478
176 1248
176 1188
176 626
176 887
177 704
177 335
177 336
177 1137
177 431
178 1248
178 1138
178 1040
178 707
178 408
178 1083
178 222
178 735
179 1104
179 482
179 296
179 268
179 744
179 819
179 1236
179 216
179 538
180 197
180 909
180 200
180 397
180 335
180 381
181 1167
181 1169
182 1024
182 300
182 557
182 654
182 624
182 404
182 342
182 604
182 253
182 798
182 895
183 641
183 514
183 649
183 275
183 670
183 1152
183 1070
183 949
183 950
183 190
183 1087
183 1219
183 327
183 462
183 591
183 211
183 606
183 229
183 254
183 767
184 673
185 1043
185 763
185 583
185 200
185 459
185 909
185 719
185 307
185 793
185 340
185 916
185 447
185 861
185 415
186 699
186 359
186 298
186 498
186 1198
186 653
186 497
186 306
186 916
186 373
186 343
186 631
186 986
186 348
186 1214
186 731
187 451
187 325
187 236
187 589
187 1168
187 1073
187 1143
187 1086
188 418
188 293
188 712
188 841
188 522
188 555
188 605
188 309
188 787
188 955
189 672
189 492
189 399
189 1200
189 436
190 513
190 315
190 1092
190 1205
190 968
190 1104
190 396
190 750
190 921
190 437
190 788
190 331
190 957
190 287
191 962
191 329
191 397
191 1200
191 817
191 1170
191 757
191 862
192 458
192 1062
192 362
192 622
192 239
192 283
192 700
192 350
193 386
193 776
193 272
193 276
193 278
193 1047
193 413
193 926
193 1186
193 678
193 434
193 706
193 963
193 1112
193 225
193 994
193 228
193 236
193 757
193 250
193 383
194 288
194 231
194 369
194 1078
195 768
195 353
195 706
195 443
195 485
195 917
195 468
195 250
195 411
195 1205
196 365
196 971
197 646
197 239
197 337
197 218
198 577
198 1214
198 997
198 903
198 396
198 493
198 431
198 341
198 398
198 233
198 600
198 559
198 286
198 533
199 707
199 591
199 674
199 567
199 890
200 544
200 640
200 742
200 351
201 514
201 915
201 922
202 648
202 362
202 493
202 494
202 861
202 433
202 658
202 244
202 823
202 504
203 930
203 684
203 551
203 412
203 681
203 401
203 245
203 1220
203 349
203 414
203 565
204 1049
204 215
205 928
205 464
205 907
205 253
206 352
206 736
206 294
206 592
206 820
207 1111
207 628
207 219
208 483
208 709
208 533
208 279
208 696
208 379
208 797
208 895
209 811
209 625
209 684
210 1206
210 998
210 664
210 469
210 788
210 408
210 697
211 646
211 232
211 426
211 685
211 1199
211 870
211 376
211 351
212 1192
212 523
212 861
212 1201
212 346
212 558
212 622
213 227
213 238
213 782
214 448
214 608
214 733
214 419
214 783
214 1129
214 899
214 687
214 656
214 531
214 852
214 245
214 216
214 219
214 316
214 549
215 709
215 230
215 839
215 1001
215 491
215 403
215 527
215 1052
216 512
216 1174
216 902
216 524
216 967
216 332
216 1003
216 1012
216 1114
217 582
217 455
217 1043
217 1046
217 828
218 523
218 274
218 990
219 483
219 973
219 971
219 914
219 1069
219 594
219 526
220 395
220 1193
220 1227
220 566
220 311
220 875
220 602
220 581
221 1026
221 1233
221 299
221 1228
221 528
221 936
221 1202
221 666
221 796
222 946
222 534
222 445
223 592
223 578
223 1157
223 490
223 559
223 494
223 633
224 512
224 912
224 374
224 460
224 432
224 648
224 761
224 315
224 1148
225 731
225 488
225 827
225 750
226 257
226 293
226 1128
226 673
226 1178
227 441
227 537
227 1081
227 528
227 278
227 407
227 344
227 347
227 572
228 294
228 331
228 236
228 244
228 536
229 316
230 1039
230 434
230 1141
231 1184
231 254
232 1034
232 495
232 248
232 1209
232 1116
233 1127
233 1130
233 290
233 344
233 668
234 1091
234 454
234 1137
234 363
234 435
234 308
234 686
234 951
234 1172
235 1186
235 579
235 1110
235 295
235 821
235 406
236 1083
236 845
236 1138
236 600
236 1114
237 900
237 957
238 718
238 961
238 681
238 587
238 556
238 302
238 497
238 529
238 310
238 949
239 931
239 240
239 1182
239 1189
240 773
240 1159
240 251
241 1073
241 399
241 1234
241 660
241 728
243 1026
243 515
243 649
243 268
243 1041
243 498
243 1235
243 788
243 447
244 670
244 287
245 971
246 385
246 389
246 425
246 535
246 494
246 273
246 793
246 283
247 330
247 1007
247 504
248 837
249 932
249 1030
249 657
249 1234
249 823
249 410
250 928
250 450
250 969
250 1015
250 770
250 790
250 983
250 506
250 699
251 832
251 728
251 1055
252 684
252 370
252 695
253 422
253 1191
253 662
253 625
253 850
253 446
254 480
254 1216
254 580
254 453
254 422
254 649
254 876
254 1043
254 308
254 1013
254 1014
254 1209
254 838
254 1050
254 1029
255 864
255 996
255 985
255 819
255 729
255 442
255 1052
255 797
256 304
256 397
256 591
256 1235
256 988
256 637
257 902
257 306
257 947
257 745
258 366
258 1143
259 710
259 1161
259 683
259 419
259 271
259 275
259 946
260 1056
260 273
260 617
260 1098
260 369
260 566
260 745
260 1240
260 1061
260 485
261 608
261 1060
261 461
261 334
261 753
261 1208
261 796
261 319
262 641
263 515
263 1201
263 1051
263 1086
263 607
264 604
264 970
264 752
264 532
264 277
264 539
265 902
265 455
265 296
265 332
265 339
265 630
265 1011
265 287
266 613
266 715
266 852
266 1230
266 956
267 1034
267 322
267 271
267 565
267 759
268 770
268 1094
268 873
268 1159
268 398
268 1073
268 700
268 414
270 352
270 354
270 1035
270 1154
270 1249
270 908
270 620
270 621
270 561
270 338
270 464
270 1013
270 278
270 312
270 702
270 287
271 772
271 913
271 755
271 314
271 595
271 286
272 705
272 882
272 881
272 878
272 445
272 369
272 687
272 691
272 539
272 319
273 716
273 333
273 878
273 605
273 1113
273 305
273 1028
273 830
273 759
273 568
273 1180
273 670
273 1209
274 801
274 674
274 516
274 796
274 1020
274 1069
274 596
274 852
274 764
275 770
275 487
275 504
275 1082
275 573
276 1220
276 1169
276 1181
276 561
276 917
276 568
276 571
276 669
276 959
277 769
277 489
277 1194
277 751
277 825
277 442
277 860
278 930
278 394
278 753
278 754
278 627
278 526
278 823
278 1243
279 571
279 1158
279 842
279 771
279 443
279 1162
280 640
280 704
280 842
280 914
280 784
280 497
280 600
280 1051
281 320
281 1025
281 325
281 1139
281 405
281 313
281 954
281 469
282 288
283 1175
283 639
284 421
284 338
284 717
284 982
284 1112
285 774
285 591
285 483
285 922
286 418
286 514
286 980
286 530
286 574
287 1232
287 770
287 615
287 1118
287 335
287 368
287 787
287 478
287 377
288 1147
288 355
288 1159
288 759
288 642
288 611
288 503
288 347
288 1018
289 769
289 923
289 982
289 680
289 1005
289 334
289 404
289 1096
289 411
289 988
289 862
289 639
290 448
290 417
290 387
290 488
290 420
290 915
290 1101
290 399
290 848
290 1240
290 345
290 1135
290 668
291 868
291 652
291 429
291 467
291 624
291 371
291 949
291 1156
291 954
292 898
292 539
292 340
292 374
293 1186
293 1080
294 551
294 586
294 871
294 400
294 471
294 1127
294 669
295 580
295 1121
295 859
296 320
296 832
296 1188
296 710
296 1140
296 1064
296 626
296 665
296 447
297 515
297 1098
297 881
297 979
297 615
297 666
297 1019
297 1087
298 922
298 997
298 934
298 801
298 781
298 979
298 917
298 663
298 859
298 1244
298 730
299 839
299 1119
300 453
300 679
300 526
300 562
300 727
301 643
301 932
301 1038
301 560
301 1235
301 315
301 405
302 800
302 481
302 421
302 750
302 905
302 721
302 758
302 1148
303 338
303 343
303 312
305 612
305 1031
305 328
305 425
305 1039
305 1042
305 521
305 508
305 893
306 765
306 1181
306 500
306 1199
307 732
307 1009
307 713
307 1102
307 848
307 424
307 1141
307 412
308 632
309 425
309 692
309 827
310 1171
310 327
310 583
310 903
310 666
310 543
311 513
311 1105
311 790
312 673
312 450
312 1142
312 618
312 1245
312 597
312 1046
312 727
312 985
312 602
312 794
313 576
313 816
313 1072
313 777
313 507
313 380
313 1182
313 607
314 550
314 458
314 844
314 911
315 743
315 845
315 318
315 863
316 911
316 758
317 333
317 663
318 571
318 321
318 570
319 931
319 327
319 1068
319 843
319 1036
319 333
319 689
319 660
319 661
319 630
319 1014
320 613
320 329
320 1226
320 472
321 1185
321 966
321 1002
321 908
321 1229
322 354
322 1028
322 968
322 1128
322 339
322 340
324 356
324 919
325 682
325 1231
325 1103
325 697
325 607
326 550
326 583
326 1101
326 857
326 345
326 869
327 771
327 1224
327 361
327 368
327 468
327 629
327 1145
327 893
328 770
328 555
328 523
328 1241
329 981
329 1085
330 354
330 771
330 580
330 364
330 957
330 1168
330 659
330 964
330 986
331 487
331 553
331 679
331 1044
332 1120
332 1083
332 356
332 1117
332 999
332 334
332 493
332 1191
332 654
332 918
332 713
332 538
332 911
332 412
332 826
333 466
334 435
334 1017
334 767
335 449
335 1095
335 1053
335 528
335 407
336 1211
336 900
336 433
336 872
336 491
336 1075
336 968
336 558
336 1079
336 1115
337 802
338 645
338 877
338 680
338 738
338 366
338 689
338 1139
338 1098
338 1194
338 490
338 702
339 416
339 392
339 688
339 381
340 1232
340 405
341 393
341 1228
341 462
341 560
341 974
341 534
342 386
342 355
342 775
342 642
342 885
342 377
343 366
343 788
344 779
345 549
345 681
345 522
345 687
345 368
345 501
346 1248
347 1060
347 1099
347 483
347 1230
347 403
347 980
348 646
348 1170
348 1112
349 450
349 353
349 1201
349 664
349 1004
349 1197
349 1070
349 1136
349 465
349 1047
349 1066
350 542
351 388
351 1203
351 1185
351 777
351 599
351 493
351 841
351 968
351 484
351 382
352 1241
352 618
352 1040
352 855
352 563
352 473
352 409
352 826
352 1034
353 1097
353 660
353 824
354 967
354 653
354 733
355 1172
355 996
355 436
356 747
356 369
356 473
357 521
357 394
357 940
357 1084
357 1042
357 1113
357 476
358 740
358 359
358 1000
358 501
358 857
358 1167
358 785
359 609
359 1089
359 427
359 474
359 799
360 458
360 1035
360 689
360 632
360 1021
360 677
361 910
362 640
362 1122
362 963
362 743
362 812
362 430
362 1068
362 532
362 407
362 1208
362 1182
363 610
363 960
363 620
363 817
363 473
363 797
364 619
365 724
366 742
366 1080
367 582
367 682
367 813
367 1230
367 627
367 855
367 920
368 899
368 1236
369 993
369 1137
369 477
370 1223
370 525
370 819
371 1135
371 384
371 412
371 541
372 1088
372 897
372 738
372 987
372 456
372 937
372 876
372 1232
372 563
372 629
372 406
372 603
372 1045
373 870
373 519
373 744
373 565
373 799
374 552
374 585
374 810
374 1117
374 1238
374 1177
374 957
375 464
375 538
375 991
376 1039
376 818
376 955
377 386
377 387
377 789
378 768
378 481
378 483
378 614
378 396
378 1169
378 596
378 665
378 632
378 1240
378 766
379 390
380 388
380 814
381 972
381 620
381 494
381 824
382 521
382 805
383 871
383 658
383 444
384 962
384 1195
384 1069
384 701
385 960
385 1196
385 1037
385 462
385 495
385 498
386 631
386 724
386 885
386 503
386 1242
386 924
387 448
387 804
387 706
387 529
387 984
387 410
387 540
388 445
389 1090
389 1041
389 894
389 446
390 577
390 651
391 617
391 406
391 603
392 679
392 403
392 1005
392 848
392 730
392 863
393 738
393 839
393 754
393 690
394 554
394 983
394 1179
394 572
394 837
395 741
395 458
395 428
396 738
396 1124
396 1198
397 1059
397 498
398 560
398 1024
399 1047
400 614
400 433
401 834
401 1161
401 445
402 598
403 513
403 969
403 1002
403 637
403 1237
403 413
404 518
404 551
404 616
404 718
404 623
404 975
405 551
405 559
405 888
406 480
406 476
408 966
408 617
408 841
408 1203
408 1119
408 575
409 801
409 1029
409 553
409 1037
409 1147
409 1023
410 653
411 576
412 430
412 466
413 783
413 963
413 505
413 602
414 671
414 1117
414 565
415 675
415 725
415 827
416 434
416 854
416 952
417 631
418 707
418 457
418 525
418 1148
418 695
419 1094
419 1224
419 1097
419 714
419 1016
419 604
420 517
420 1033
420 839
420 760
420 990
420 831
421 1125
421 424
421 476
421 562
421 762
422 544
422 518
422 1004
422 696
422 1017
422 443
423 929
423 931
423 874
423 880
423 564
423 566
423 791
424 1155
424 812
424 589
424 631
424 506
424 573
424 671
425 1150
425 781
425 1167
425 884
425 478
426 960
426 1156
426 679
427 896
427 1166
428 781
428 606
429 432
429 1051
430 1029
430 1087
431 791
431 698
432 515
432 1061
432 809
432 734
433 1189
433 569
433 767
434 451
434 727
434 1005
434 659
434 1206
434 667
435 460
436 938
436 875
436 1149
436 916
436 762
436 732
437 1070
437 694
437 1084
438 748
438 666
439 847
439 857
440 1054
440 767
441 924
441 650
441 684
441 1136
442 1157
442 972
442 778
442 556
442 657
442 818
442 1033
442 986
443 904
443 532
443 1227
443 763
444 877
444 974
444 725
444 730
445 722
445 472
445 1052
445 1247
447 1195
447 535
447 1021
448 614
448 519
448 461
448 578
448 1204
449 550
449 619
449 1228
450 547
450 853
450 633
450 1109
451 1088
451 806
451 757
451 474
451 732
452 633
453 737
453 867
453 627
453 1082
453 923
453 509
454 1112
454 729
454 1098
455 1187
455 711
455 683
455 1131
455 661
456 549
456 1127
456 757
456 1051
456 509
457 1121
457 964
457 822
457 794
457 605
457 1011
458 854
458 532
458 534
458 761
458 596
458 1175
459 609
459 909
459 932
460 898
460 821
462 1104
462 598
462 1148
462 554
463 652
463 623
463 569
463 1045
464 1099
464 469
465 998
465 521
465 1021
465 503
465 1179
467 1145
467 956
467 989
468 1038
468 622
468 942
468 732
468 1118
469 481
469 1190
469 531
470 740
472 1232
472 881
472 1238
473 1093
473 930
473 1092
475 677
475 486
475 1085
476 1097
478 1184
478 993
478 1215
478 612
478 1107
478 621
478 1117
478 530
478 499
478 1239
478 635
478 1084
478 829
479 654
479 665
480 1192
480 858
481 692
482 747
482 720
482 597
482 796
483 541
483 562
483 1016
484 902
484 1005
484 698
485 980
485 1078
486 581
486 888
486 1210
487 534
488 995
488 889
488 637
489 740
489 1165
489 975
489 630
489 1019
490 952
490 540
491 710
491 1066
491 587
491 622
492 560
493 657
493 601
494 641
494 578
494 907
494 1085
494 783
496 791
497 672
497 643
497 676
497 1065
497 1196
497 667
498 562
498 1079
498 865
499 1109
500 1234
500 1166
500 824
501 941
501 688
501 921
502 736
502 898
502 624
502 945
503 1066
503 999
503 849
504 1152
504 873
504 555
504 717
504 1072
504 987
505 613
505 1207
505 953
506 546
506 662
506 844
506 1077
507 1159
507 793
507 698
508 621
508 1137
509 743
509 720
509 753
509 894
510 518
510 680
510 970
511 794
512 837
512 582
512 781
512 782
512 574
513 576
513 868
513 1190
514 1185
514 812
514 520
514 1106
514 1055
515 672
515 899
515 1189
515 556
515 815
515 625
515 847
516 638
516 543
517 933
517 1223
517 713
517 567
518 763
518 1110
518 601
519 994
519 1165
519 954
521 1103
521 950
522 676
523 1184
523 1148
524 565
524 1150
524 709
525 661
525 1054
526 1168
526 1004
527 1226
528 804
528 620
528 1080
529 776
530 1093
530 1067
530 1215
531 552
531 869
532 1070
532 936
532 821
532 636
533 1225
534 1105
534 724
534 1050
535 647
535 1130
535 857
535 865
538 1249
538 678
539 1168
539 751
539 872
540 737
540 741
540 902
540 686
540 754
540 1206
540 1208
541 771
542 604
544 983
545 1108
545 1176
546 677
546 725
546 951
546 884
547 838
547 786
547 1117
548 1186
548 1134
549 795
549 1221
551 586
551 659
551 564
551 891
551 1044
554 1057
554 871
554 659
554 718
554 860
555 1219
556 712
556 1166
556 1133
557 1145
558 808
558 1110
559 705
559 880
559 886
559 1047
559 569
560 1217
560 611
560 967
560 1138
561 650
561 670
562 849
562 940
562 1143
562 792
562 628
562 695
562 696
562 793
562 607
563 579
563 744
563 808
563 593
563 693
564 1059
564 711
564 758
564 698
565 1132
566 611
566 1079
567 816
567 835
567 749
567 823
567 639
568 867
568 1129
569 836
569 680
569 1145
569 1080
569 698
569 1180
569 670
570 1006
570 789
570 861
572 737
572 809
572 811
572 590
572 835
572 979
572 1241
572 574
572 959
573 931
573 1046
573 790
573 1151
574 640
574 812
574 749
574 856
574 953
575 746
575 1178
576 885
576 727
577 1095
577 948
581 613
581 873
581 731
582 803
582 586
582 1035
582 1236
582 894
582 760
584 1225
584 1067
584 634
584 991
585 609
585 616
585 780
585 1136
585 689
585 846
585 1239
585 1149
585 798
586 945
587 908
587 816
589 789
590 610
590 1192
590 1130
590 1236
590 879
590 637
592 1151
593 1170
595 784
596 980
597 756
598 708
598 1063
598 1071
599 787
599 1244
600 799
601 721
601 701
603 852
603 699
604 946
604 1142
605 1093
605 758
607 834
607 709
607 840
607 1228
607 1232
607 1139
607 1076
607 762
609 714
609 845
609 693
609 1080
609 885
610 993
610 998
611 768
611 1076
611 1111
611 795
611 863
613 1027
613 748
613 814
613 855
615 803
615 772
618 1088
618 1007
619 761
619 923
619 1214
620 1190
620 755
621 842
621 820
621 666
622 1025
622 634
624 775
624 759
624 892
625 785
627 726
627 691
627 740
628 718
630 1128
630 905
630 1012
631 768
632 949
633 1158
633 972
633 638
634 713
635 1027
635 686
635 655
635 718
637 1116
639 1157
639 1048
640 1088
640 646
640 747
640 1052
641 809
641 1238
642 679
642 1231
643 1012
643 703
644 913
645 760
646 1230
646 880
646 741
648 886
649 860
650 833
652 832
652 1106
653 967
655 741
656 1164
656 780
656 851
656 830
657 786
658 1153
659 1089
661 825
662 807
662 976
662 822
663 1145
666 959
667 678
667 1204
667 1146
667 1017
668 872
668 810
668 951
668 1119
669 964
669 1067
669 1016
669 766
670 992
672 977
672 936
672 868
672 699
672 1151
673 934
673 917
673 1049
674 734
675 878
676 706
676 1175
677 1121
677 962
678 765
680 916
680 759
680 765
680 933
681 1091
682 1000
683 694
684 853
685 1060
685 765
686 701
687 737
687 1096
687 1202
688 943
689 1188
690 1105
690 1138
691 804
691 778
691 814
691 860
693 1222
693 1156
693 1147
694 799
695 883
695 1172
696 928
696 792
696 1022
697 897
697 739
697 746
697 994
699 813
699 884
700 864
700 989
700 888
701 844
702 936
705 1154
705 1001
705 1135
705 1033
706 714
706 1131
706 894
707 1071
707 1210
709 1031
709 1038
709 846
709 1006
709 830
710 1059
710 1104
711 1168
711 825
712 835
712 1126
713 1041
714 897
714 911
715 883
716 811
716 764
718 1007
718 943
718 849
718 1173
718 1049
718 1016
719 1124
719 965
720 901
721 867
722 1123
722 813
722 725
722 1116
723 774
723 1077
724 832
725 933
726 999
728 879
729 1028
729 1172
730 867
730 807
730 1161
731 822
732 997
732 752
733 804
733 1222
733 915
737 953
738 1126
739 755
739 1082
742 1154
743 773
743 778
743 1205
744 1034
744 786
745 966
745 973
746 783
747 1002
749 1124
749 1078
750 864
750 838
750 1164
751 940
751 821
752 956
753 919
754 841
754 891
755 935
755 918
755 943
759 1180
760 1246
760 981
761 1246
762 858
763 1018
764 868
765 1109
765 951
765 889
766 791
767 973
768 900
768 873
768 1132
768 829
768 826
769 851
769 923
770 901
770 883
770 1245
771 808
771 925
771 892
771 1054
772 775
773 866
773 1022
774 778
775 1120
775 999
775 1009
775 1147
775 989
776 1072
776 853
776 952
777 944
779 1146
780 920
781 810
782 1024
782 849
782 840
782 918
784 915
785 870
785 1036
785 918
786 1031
786 791
787 896
787 797
788 992
791 905
791 974
791 1193
791 1242
792 1162
793 1083
794 828
794 979
794 1178
795 896
795 1111
798 1240
799 1003
799 892
800 925
801 929
803 805
803 1040
804 976
804 815
805 1082
806 1204
806 895
807 868
807 842
807 1196
807 942
809 855
810 1165
810 984
811 1075
812 1116
813 965
814 833
814 1223
814 888
815 853
817 836
818 929
820 833
820 824
820 890
821 963
821 1163
821 862
822 1156
823 1076
823 1182
824 1041
825 1176
828 1115
830 972
831 901
832 1230
833 1136
833 1200
840 900
841 982
842 1004
843 937
843 907
847 1146
848 906
848 854
849 875
849 863
850 929
851 875
852 1039
854 912
854 965
854 1161
854 889
854 958
856 1106
856 1055
857 969
857 1244
858 1107
859 1028
859 919
861 882
862 877
862 1015
864 1113
865 1061
866 878
866 1071
866 1211
868 1020
868 1216
869 1143
869 895
870 1068
872 905
872 1133
873 1032
874 921
875 946
875 1023
876 1099
876 1068
876 1173
881 1135
881 1074
881 982
882 1048
883 1126
883 1021
884 945
885 938
885 924
888 1164
893 1119
894 960
894 1163
894 959
895 970
895 908
898 1026
899 1112
905 906
905 1064
905 953
907 1092
907 1093
908 1142
908 954
909 977
910 1028
910 1203
910 1158
910 1164
911 1002
913 1011
914 947
915 1177
916 1111
917 1101
918 998
919 1091
921 1000
923 1037
925 1044
925 1211
927 950
927 1017
927 1013
928 1238
929 1191
931 942
933 1134
933 1221
934 1223
935 1191
936 1032
937 1081
938 1058
938 1234
938 1010
940 1074
941 1179
943 951
944 1166
944 1081
947 1023
950 1062
950 1235
950 1141
951 1175
952 990
956 981
956 1243
957 1160
957 1147
958 1029
958 1109
960 1025
960 1100
962 1229
964 991
965 971
967 1008
967 1065
968 976
968 1064
970 1123
975 1181
975 1150
978 1077
978 1211
979 1057
979 1090
984 1233
985 1100
987 1213
988 1233
988 1084
991 1035
992 1149
999 1048
1001 1220
1001 1190
1001 1244
1002 1205
1002 1049
1003 1205
1007 1078
1007 1212
1008 1216
1011 1191
1013 1248
1016 1218
1018 1134
1018 1197
1023 1133
1032 1193
1034 1060
1038 1155
1038 1053
1040 1239
1042 1237
1044 1086
1046 1071
1047 1103
1051 1195
1055 1236
1065 1174
1075 1244
1076 1100
1078 1198
1081 1120
1081 1152
1084 1144
1085 1125
1090 1247
1097 1169
1098 1190
1102 1218
1105 1119
1110 1217
1110 1194
1116 1249
1116 1246
1124 1163
1130 1183
1131 1177
1132 1200
1136 1173
1151 1153
1160 1227
1165 1182
1167 1204
1169 1221
1172 1224
1173 1218
1177 1208
1180 1219
1181 1197
1184 1222
1186 1213
1196 1222
1196 1206
1199 1212
1210 1246
1219 1242
