0 1024
0 1
0 2
0 4
0 5
0 7
0 13
0 1044
0 537
0 28
0 31
0 1059
0 38
0 44
0 51
0 55
0 1080
0 59
0 60
0 62
0 64
0 70
0 525
0 597
0 1115
0 97
0 100
0 104
0 1141
0 630
0 633
0 124
0 125
0 640
0 129
0 136
0 147
0 155
0 1180
0 159
0 677
0 170
0 174
0 176
0 1201
0 91
0 185
0 117
0 1220
0 210
0 1235
0 726
0 215
0 217
0 219
0 733
0 232
0 247
0 255
0 777
0 270
0 1243
0 806
0 316
0 321
0 332
0 348
0 366
0 370
0 371
0 888
0 377
0 890
0 387
0 906
0 911
0 924
0 429
0 447
0 970
0 974
0 468
0 985
0 474
0 491
0 498
0 1016
0 509
1 257
1 645
1 390
1 385
1 10
1 655
1 1168
1 659
1 661
1 535
1 666
1 286
1 679
1 681
1 298
1 49
1 58
1 66
1 839
1 718
1 847
1 208
1 218
1 221
1 1248
1 99
1 109
1 378
2 257
2 642
2 3
2 390
2 521
2 10
2 523
2 12
2 18
2 659
2 276
2 21
2 793
2 152
2 25
2 1114
2 30
2 799
2 164
2 165
2 552
2 681
2 298
2 812
2 46
2 564
2 48
2 49
2 436
2 950
2 311
2 312
2 57
2 58
2 1127
2 138
2 1093
2 703
2 66
2 68
2 325
2 839
2 712
2 202
2 759
2 994
2 1231
2 720
2 1233
2 1234
2 936
2 85
2 982
2 88
2 1188
2 218
2 1192
2 221
2 222
2 95
2 352
2 1066
2 226
2 612
2 103
2 235
2 317
2 113
2 1082
2 1146
2 246
2 503
2 378
2 253
2 767
3 256
3 832
3 388
3 1029
3 6
3 135
3 9
3 394
3 11
3 514
3 14
3 16
3 19
3 1198
3 278
3 23
3 879
3 412
3 1054
3 32
3 289
3 960
3 37
3 294
3 172
3 841
3 943
3 177
3 50
3 52
3 137
3 624
3 428
3 189
3 446
3 279
3 608
3 1090
3 67
3 829
3 327
3 1117
3 457
3 461
3 1204
3 338
3 341
3 342
3 825
3 600
3 1060
3 349
3 606
3 607
3 224
3 486
3 488
3 1005
3 957
3 751
3 496
3 872
3 114
3 627
3 702
3 886
3 126
4 257
4 643
4 324
4 645
4 10
4 109
4 718
4 397
4 320
4 178
4 180
4 950
4 312
4 1209
4 58
4 655
4 286
5 643
5 390
5 905
5 10
5 712
5 141
5 1166
5 148
5 533
5 150
5 793
5 286
5 550
5 551
5 681
5 171
5 49
5 178
5 180
5 30
5 58
5 1085
5 320
5 66
5 456
5 331
5 397
5 218
5 604
5 221
5 225
5 110
5 111
5 499
5 766
5 759
5 252
5 638
6 1025
6 642
6 900
6 1046
6 8
6 779
6 652
6 140
6 143
6 144
6 273
6 771
6 20
6 22
6 151
6 1174
6 282
6 27
6 158
6 1183
6 160
6 994
6 923
6 676
6 293
6 1179
6 41
6 682
6 299
6 760
6 1160
6 56
6 442
6 187
6 700
6 445
6 958
6 448
6 416
6 203
6 452
6 967
6 396
6 75
6 972
6 354
6 206
6 1101
6 80
6 401
6 594
6 84
6 470
6 1242
6 271
6 915
6 272
6 98
6 315
6 742
6 103
6 744
6 956
6 1184
6 1006
6 1007
6 1008
6 369
6 243
6 116
6 119
6 248
6 121
6 379
6 1148
6 1021
6 894
6 639
7 645
7 10
7 12
7 580
7 18
7 150
7 664
7 25
7 1050
7 797
7 415
7 1072
7 552
7 171
7 1069
7 287
7 49
7 790
7 312
7 543
7 66
7 68
7 839
7 712
7 460
7 1230
7 336
7 212
7 213
7 214
7 221
7 720
7 226
7 360
7 1136
8 128
8 256
8 1026
8 363
8 388
8 1029
8 9
8 11
8 780
8 14
8 15
8 721
8 19
8 916
8 755
8 1086
8 26
8 672
8 33
8 162
8 37
8 554
8 43
8 172
8 173
8 1198
8 47
8 435
8 52
8 1195
8 438
8 952
8 428
8 573
8 134
8 63
8 961
8 1090
8 451
8 1014
8 71
8 200
8 76
8 802
8 209
8 83
8 341
8 983
8 600
8 730
8 1167
8 1244
8 606
8 224
8 738
8 813
8 615
8 488
8 1129
8 106
8 107
8 877
8 1035
8 754
8 211
8 446
8 502
8 673
8 381
8 126
9 642
9 1236
9 1137
9 391
9 265
9 778
9 143
9 144
9 725
9 915
9 21
9 22
9 24
9 921
9 27
9 158
9 1057
9 859
9 292
9 293
9 935
9 41
9 682
9 300
9 432
9 306
9 566
9 393
9 187
9 458
9 1215
9 1088
9 963
9 1093
9 812
9 968
9 202
9 75
9 972
9 206
9 1227
9 84
9 85
9 88
9 473
9 399
9 1193
9 95
9 1120
9 272
9 355
9 871
9 237
9 240
9 113
9 758
9 119
9 121
9 122
9 510
9 383
10 136
10 1161
10 1154
10 17
10 274
10 147
10 516
10 179
10 444
10 28
10 31
10 34
10 38
10 39
10 284
10 973
10 647
10 1068
10 45
10 304
10 177
10 51
10 181
10 577
10 60
10 191
10 960
10 480
10 1219
10 196
10 630
10 893
10 74
10 1100
10 77
10 205
10 1016
10 757
10 980
10 1110
10 215
10 689
10 90
10 731
10 613
10 96
10 97
10 100
10 485
10 529
10 316
10 490
10 108
10 365
10 509
10 1139
10 372
10 373
10 118
10 375
10 120
10 377
10 125
11 1057
11 393
11 202
11 626
11 143
11 113
11 306
11 404
11 21
11 566
11 921
11 88
11 729
12 129
12 522
12 28
12 930
12 582
12 38
12 156
12 1205
12 60
12 323
12 70
12 970
12 210
12 468
12 1118
12 96
12 100
12 1000
12 244
12 765
12 254
13 839
14 393
14 399
14 272
14 131
14 404
14 21
14 22
14 1179
14 1057
14 432
14 306
14 56
14 1127
14 1215
14 1088
14 458
14 75
14 84
14 85
14 787
14 986
14 94
14 95
14 994
14 355
14 612
14 103
14 105
14 875
14 878
14 1008
14 626
14 243
14 758
14 852
14 20
14 127
15 443
15 1030
15 393
15 299
15 921
15 904
15 626
15 243
15 20
15 566
15 729
15 121
15 410
15 315
15 1149
15 383
16 951
16 642
16 357
16 489
16 426
16 119
16 142
16 694
16 368
16 433
16 115
16 245
16 182
16 151
16 24
16 783
16 1061
17 257
17 130
17 515
17 389
17 390
17 385
17 141
17 526
17 793
17 286
17 645
17 902
17 298
17 49
17 437
17 950
17 58
17 66
17 1221
17 966
17 712
17 331
17 218
17 221
17 228
17 759
17 378
18 1033
18 139
18 654
18 149
18 154
18 367
18 156
18 31
18 582
18 28
18 44
18 1199
18 559
18 177
18 51
18 571
18 60
18 960
18 323
18 196
18 965
18 70
18 969
18 716
18 333
18 1094
18 1104
18 87
18 472
18 348
18 1245
18 1121
18 610
18 1211
18 231
18 104
18 316
18 492
18 239
18 1016
18 635
18 1150
19 1025
19 642
19 263
19 265
19 778
19 779
19 271
19 344
19 402
19 275
19 21
19 22
19 24
19 921
19 282
19 27
19 798
19 671
19 160
19 161
19 292
19 165
19 935
19 41
19 682
19 940
19 567
19 303
19 432
19 1116
19 393
19 441
19 187
19 458
19 1215
19 1216
19 544
19 963
19 1008
19 991
19 417
19 202
19 75
19 972
19 1127
19 80
19 1213
19 1109
19 88
19 859
19 732
19 1200
19 293
19 994
19 827
19 997
19 103
19 235
19 237
19 1006
19 623
19 240
19 113
19 626
19 915
19 1193
19 121
19 122
20 1029
20 908
20 1041
20 1042
20 153
20 26
20 795
20 547
20 36
20 294
20 297
20 554
20 172
20 47
20 944
20 52
20 457
20 568
20 957
20 1086
20 585
20 192
20 1090
20 69
20 72
20 329
20 823
20 588
20 337
20 341
20 600
20 804
20 1167
20 220
20 934
20 81
20 488
20 106
20 364
20 112
20 872
20 380
20 810
20 126
20 1237
21 512
21 1027
21 135
21 648
21 514
21 278
21 279
21 28
21 288
21 33
21 547
21 37
21 1071
21 177
21 952
21 52
21 137
21 23
21 801
21 188
21 63
21 960
21 193
21 451
21 673
21 846
21 209
21 338
21 83
21 672
21 476
21 608
21 998
21 615
21 363
21 877
21 624
21 114
21 375
21 381
22 1162
22 780
22 916
22 278
22 23
22 1049
22 1178
22 283
22 542
22 32
22 33
22 547
22 37
22 47
22 305
22 752
22 608
22 194
22 67
22 801
22 1117
22 908
22 971
22 1228
22 209
22 931
22 910
22 1244
22 349
22 478
22 224
22 865
22 102
22 721
22 624
22 1009
22 114
22 755
23 391
23 265
23 272
23 145
23 402
23 1091
23 404
23 1047
23 538
23 1055
23 562
23 303
23 432
23 306
23 707
23 75
23 463
23 84
23 85
23 86
23 88
23 95
23 352
23 784
23 146
23 113
23 1022
23 596
23 122
23 818
23 510
23 789
24 128
24 512
24 683
24 134
24 135
24 1034
24 1218
24 910
24 278
24 1049
24 283
24 1054
24 673
24 1051
24 37
24 167
24 43
24 173
24 430
24 775
24 691
24 1145
24 952
24 1081
24 1084
24 63
24 262
24 1075
24 581
24 71
24 1228
24 848
24 209
24 82
24 83
24 761
24 1187
24 478
24 607
24 738
24 107
24 752
24 114
24 211
24 756
24 886
24 505
24 381
25 1033
25 139
25 525
25 149
25 918
25 663
25 792
25 1220
25 154
25 28
25 31
25 290
25 35
25 1203
25 38
25 423
25 1064
25 713
25 519
25 44
25 1199
25 177
25 1229
25 51
25 1076
25 54
25 183
25 185
25 314
25 60
25 960
25 321
25 579
25 196
25 198
25 697
25 970
25 716
25 333
25 462
25 653
25 593
25 210
25 163
25 468
25 853
25 1243
25 215
25 602
25 1115
25 506
25 96
25 482
25 251
25 100
25 359
25 1003
25 622
25 1142
25 375
25 377
25 250
25 123
25 255
26 1057
26 393
26 594
26 121
26 410
26 1215
26 383
27 683
27 644
27 262
27 135
27 266
27 1035
27 908
27 910
27 877
27 283
27 1034
27 1054
27 1075
27 43
27 691
27 137
27 756
27 573
27 190
27 63
27 71
27 1079
27 76
27 78
27 79
27 338
27 1145
27 1158
27 346
27 93
27 933
27 607
27 224
27 363
27 82
27 752
27 755
27 628
27 1086
27 886
27 505
28 643
28 645
28 395
28 397
28 150
28 919
28 664
28 29
28 415
28 800
28 417
28 552
28 171
28 46
28 561
28 178
28 180
28 312
28 441
28 58
28 828
28 138
28 1216
28 523
28 712
28 202
28 460
28 1234
28 982
28 1114
28 222
28 225
28 1002
28 748
28 237
28 1192
28 778
28 246
28 253
28 766
28 767
30 39
30 74
30 647
30 77
30 304
30 177
30 819
30 181
30 999
31 257
31 258
31 260
31 389
31 776
31 397
31 526
31 150
31 926
31 645
31 800
31 178
31 180
31 53
31 950
31 311
31 1221
31 73
31 460
31 207
31 1233
31 343
31 1247
31 481
31 867
31 868
31 229
31 1128
31 619
31 499
31 246
31 504
31 790
32 432
32 587
32 555
32 145
32 458
32 75
32 301
32 975
32 272
32 113
32 146
32 84
32 86
32 1047
32 88
32 596
32 1021
32 784
33 1174
33 140
33 399
33 144
33 1047
33 160
33 1057
33 676
33 935
33 41
33 432
33 904
33 1212
33 1213
33 416
33 963
33 1093
33 202
33 75
33 972
33 80
33 594
33 84
33 85
33 86
33 121
33 272
33 612
33 744
33 758
33 248
33 249
33 1021
34 257
34 645
34 390
34 655
34 658
34 659
34 661
34 793
34 666
34 286
34 681
34 298
34 811
34 556
34 312
34 58
34 331
34 718
34 847
34 218
34 1119
34 1248
34 109
34 759
35 1192
35 828
35 246
35 1233
36 410
36 243
37 642
37 493
37 660
37 798
37 1057
37 603
37 42
37 939
37 432
37 433
37 65
37 838
37 458
37 75
37 594
37 143
37 351
37 236
37 749
37 115
37 121
38 320
38 246
38 839
38 171
38 1233
38 180
38 53
38 150
38 950
39 257
39 389
39 395
39 268
39 397
39 1015
39 1048
39 1177
39 1181
39 133
39 1056
39 929
39 40
39 169
39 427
39 1070
39 49
39 178
39 563
39 180
39 950
39 701
39 320
39 449
39 66
39 324
39 199
39 456
39 714
39 459
39 589
39 1232
39 465
39 1108
39 471
39 89
39 987
39 735
39 736
39 227
39 868
39 101
39 455
39 616
39 110
39 499
39 809
39 712
39 638
40 74
40 647
40 45
40 77
40 304
40 181
40 284
41 644
41 135
41 137
41 1034
41 908
41 1218
41 691
41 283
41 1075
41 1079
41 952
41 961
41 1090
41 195
41 1222
41 841
41 976
41 209
41 338
41 1005
41 1171
41 886
43 1006
43 143
43 433
43 594
43 115
43 968
43 121
43 282
43 1053
44 246
44 258
44 260
44 229
44 481
44 552
44 73
44 1066
44 619
44 46
44 53
44 150
44 311
44 1146
44 839
45 898
45 868
45 101
45 465
45 395
45 178
45 397
45 456
45 242
45 312
45 431
46 768
46 163
46 100
46 232
46 60
46 139
46 333
46 654
46 1245
46 1131
46 716
46 1033
46 472
46 697
46 154
46 602
47 432
47 566
47 871
47 393
47 458
47 75
47 626
47 921
47 144
47 904
47 594
47 729
47 121
47 410
47 1057
47 1174
48 960
48 177
49 136
49 269
49 1197
49 656
49 1241
49 156
49 541
49 927
49 674
49 1159
49 429
49 174
49 1205
49 54
49 59
49 769
49 61
49 70
49 583
49 590
49 719
49 217
49 860
49 477
49 1118
49 869
49 485
49 358
49 104
49 1000
49 1016
49 765
49 1023
50 694
50 401
50 265
50 151
50 142
50 303
50 113
50 291
50 245
50 182
50 119
50 88
50 122
50 849
51 257
51 389
51 397
51 655
51 661
51 645
51 712
51 178
51 180
51 53
51 311
51 58
51 1221
51 456
51 73
51 459
51 718
51 868
51 109
51 499
51 246
52 642
52 1157
52 393
52 779
52 143
52 410
52 1057
52 291
52 292
52 1193
52 682
52 299
52 812
52 566
52 443
52 575
52 454
52 968
52 202
52 1227
52 1236
52 598
52 88
52 740
52 1007
52 113
52 119
52 1215
52 636
52 1149
53 129
53 1154
53 1033
53 522
53 87
53 622
53 928
53 1185
53 930
53 686
53 693
53 824
53 316
53 1214
53 1095
53 716
53 466
53 597
53 215
53 734
53 863
53 96
53 610
53 359
53 746
53 494
53 239
53 753
53 370
53 244
53 757
53 377
53 254
54 1168
54 531
54 708
54 424
54 1069
54 688
54 57
54 828
54 66
54 835
54 68
54 325
54 208
54 1233
54 212
54 213
54 214
54 569
54 221
54 1246
54 99
54 487
54 360
54 233
54 246
54 361
55 839
56 224
56 608
56 721
56 1065
56 1162
56 908
56 334
56 305
56 755
56 916
56 785
57 869
57 1175
57 1036
57 269
57 541
57 340
57 309
57 674
57 251
57 61
57 853
58 1159
58 528
58 147
58 516
58 59
58 191
58 196
58 197
58 978
58 92
58 477
58 485
58 371
58 375
58 1023
59 130
59 515
59 905
59 141
59 530
59 661
59 287
59 419
59 1069
59 1072
59 68
59 839
59 720
59 212
59 213
59 1248
59 226
59 99
59 228
59 233
59 109
59 891
60 320
60 643
60 790
60 1114
60 712
60 1234
60 253
60 180
60 1146
60 246
60 311
60 312
60 950
60 138
61 325
61 905
61 141
61 1166
61 531
61 723
61 830
62 171
62 150
63 300
63 143
63 915
63 1174
63 282
63 158
63 161
63 293
63 812
63 240
63 187
63 958
63 202
63 594
63 1236
63 421
63 1006
63 880
63 639
65 1049
66 321
66 70
66 777
66 582
66 174
66 210
66 468
66 999
66 1092
66 1023
66 156
66 485
67 1238
67 165
67 103
67 75
67 557
67 758
67 709
67 235
67 634
67 1127
67 511
68 251
68 358
68 970
68 765
68 269
68 541
68 656
68 177
68 323
68 340
68 405
68 860
68 477
69 900
69 299
69 315
69 956
69 1149
70 258
70 905
70 138
70 141
70 398
70 797
70 415
70 166
70 552
70 302
70 311
70 830
70 73
70 1234
70 1166
70 1114
70 221
70 484
70 1125
70 614
70 497
70 500
70 253
71 393
71 267
71 143
71 1174
71 921
71 158
71 433
71 798
71 566
71 1215
71 326
71 968
71 206
71 594
71 1240
71 601
71 527
71 611
71 749
71 1006
71 240
71 626
71 115
71 884
71 376
71 121
71 383
71 639
72 410
73 87
73 525
73 911
73 788
73 918
73 791
73 1220
73 156
73 1243
73 582
73 422
73 689
73 185
73 965
73 1211
73 316
73 196
73 630
73 1229
73 215
73 90
73 1115
73 1210
73 359
73 365
73 239
73 757
73 118
73 1147
73 1150
74 257
74 386
74 643
74 389
74 929
74 268
74 898
74 1169
74 1015
74 281
74 133
74 545
74 164
74 425
74 298
74 517
74 431
74 645
74 180
74 950
74 312
74 436
74 1119
74 701
74 318
74 320
74 578
74 715
74 1221
74 455
74 714
74 631
74 847
74 184
74 1108
74 471
74 89
74 735
74 736
74 866
74 101
74 465
74 616
74 234
74 238
74 499
74 503
74 378
74 638
75 514
75 132
75 989
75 785
75 539
75 547
75 945
75 1065
75 430
75 305
75 574
75 193
75 801
75 518
75 844
75 334
75 288
75 848
75 721
75 910
75 608
75 349
75 224
75 745
75 624
75 114
75 1086
76 187
76 1030
76 300
76 904
76 594
76 121
76 158
76 639
77 736
77 257
77 898
77 776
77 101
77 551
77 712
77 526
77 645
77 465
77 242
77 638
77 1221
77 389
78 354
78 1006
78 300
78 206
78 917
78 344
78 282
78 158
79 161
79 354
79 1006
79 344
79 282
80 224
80 1090
80 518
80 780
80 1218
80 752
80 721
80 916
80 755
80 283
80 1244
80 1086
81 315
81 299
81 243
81 410
81 443
81 1149
82 161
82 275
82 883
82 339
82 1038
82 240
82 115
82 660
82 1017
82 922
82 798
82 671
83 393
83 778
83 660
83 1174
83 1053
83 798
83 1057
83 904
83 566
83 1088
83 1093
83 202
83 594
83 85
83 729
83 612
83 237
83 626
83 115
83 887
83 121
84 256
84 514
84 705
84 1162
84 908
84 1090
84 1040
84 913
84 1198
84 411
84 670
84 518
84 294
84 172
84 942
84 305
84 565
84 952
84 624
84 570
84 446
84 608
84 961
84 1089
84 841
84 209
84 774
84 342
84 989
84 478
84 224
84 353
84 486
84 872
84 1001
84 879
84 496
84 114
84 1140
84 1086
84 1144
84 126
85 518
85 135
85 1034
85 780
85 786
85 278
85 1178
85 157
85 1054
85 547
85 167
85 942
85 177
85 691
85 188
85 1075
85 801
85 1228
85 844
85 209
85 1244
85 478
85 607
85 1001
85 114
85 1013
86 514
86 518
86 102
86 342
86 989
86 542
87 800
87 258
87 260
87 1125
87 166
87 1128
87 797
87 311
87 484
87 253
87 926
87 415
88 644
88 773
88 394
88 910
88 278
88 794
88 283
88 542
88 289
88 943
88 177
88 434
88 952
88 189
88 702
88 960
88 194
88 200
88 591
88 464
88 861
88 478
88 1171
88 102
88 1132
88 752
88 114
88 627
88 886
89 1134
89 719
89 372
89 284
90 481
90 258
90 645
90 166
90 302
90 398
90 950
90 637
92 130
92 739
92 228
92 241
92 437
92 407
93 704
93 161
93 611
93 326
93 763
93 328
93 300
93 267
93 204
93 206
93 1240
93 1006
93 376
93 158
95 961
95 195
95 1075
95 135
95 137
95 1034
95 1228
95 209
95 338
95 547
95 756
95 691
95 854
95 952
95 607
96 950
96 712
96 1230
96 790
96 138
96 222
97 225
97 645
97 839
97 395
97 320
97 178
97 180
97 950
97 312
98 224
98 841
98 908
98 721
98 755
98 1086
99 371
100 257
100 246
100 1192
100 171
100 207
100 1233
100 178
100 1230
100 150
100 950
100 1208
100 790
100 828
100 645
101 999
101 372
101 719
101 284
102 458
102 432
102 249
103 896
103 132
103 908
103 539
103 1224
103 547
103 175
103 305
103 439
103 574
103 608
103 1090
103 1117
103 841
103 971
103 349
103 224
103 865
103 873
103 620
103 755
103 1086
104 800
104 867
104 484
104 552
104 311
104 1247
104 797
104 926
104 415
105 608
105 801
105 547
106 393
106 938
106 495
106 594
106 243
106 121
106 410
106 1215
106 383
107 143
107 115
107 660
107 1053
108 178
108 950
108 645
109 731
109 577
109 371
109 418
109 174
109 1229
109 807
109 885
109 277
109 409
109 345
109 1159
109 477
109 350
109 191
110 719
110 1134
112 410
112 243
113 1027
113 388
113 135
113 394
113 514
113 278
113 279
113 794
113 289
113 1075
113 434
113 691
113 137
113 189
113 193
113 961
113 195
113 1014
113 200
113 461
113 976
113 952
113 1034
113 469
113 342
113 1133
113 829
113 114
113 886
114 642
114 1236
114 391
114 265
114 787
114 151
114 1055
114 291
114 1137
114 812
114 432
114 306
114 692
114 1191
114 575
114 1088
114 202
114 598
114 473
114 986
114 605
114 355
114 612
114 875
114 240
114 119
114 852
114 596
114 122
114 510
114 725
115 128
115 262
115 775
115 909
115 400
115 657
115 280
115 285
115 802
115 1058
115 1062
115 167
115 937
115 173
115 157
115 1145
115 438
115 825
115 826
115 1122
115 1084
115 134
115 832
115 1187
115 1097
115 717
115 845
115 1105
115 855
115 216
115 549
115 327
115 362
115 1004
115 805
115 761
115 874
116 353
116 450
116 804
116 294
116 457
116 870
116 983
116 172
116 1026
116 496
116 1112
116 341
116 1090
116 446
116 408
116 1144
116 606
116 126
116 1029
117 150
117 207
118 257
118 258
118 389
118 776
118 526
118 403
118 669
118 645
118 166
118 298
118 302
118 178
118 180
118 950
118 436
118 320
118 324
118 481
118 712
118 847
118 398
118 1209
118 856
118 225
118 614
118 497
118 378
119 135
119 394
119 908
119 278
119 1178
119 670
119 289
119 937
119 1054
119 683
119 430
119 943
119 565
119 952
119 189
119 1086
119 1090
119 327
119 841
119 848
119 1034
119 478
119 607
120 645
121 908
121 1042
121 534
121 1049
121 157
121 162
121 934
121 167
121 168
121 554
121 813
121 573
121 134
121 262
121 964
121 844
121 335
121 862
121 223
121 362
121 364
121 711
121 1086
121 886
122 514
122 644
122 394
122 910
122 794
122 283
122 288
122 289
122 1060
122 434
122 430
122 943
122 945
122 1204
122 1079
122 189
122 702
122 193
122 209
122 478
122 1133
122 752
122 1171
123 790
125 225
125 643
125 324
125 645
125 839
125 395
125 499
125 320
125 178
125 403
125 180
125 950
125 766
126 1057
126 642
126 452
126 369
126 203
126 760
126 143
126 273
126 243
126 632
126 399
126 875
126 1183
127 256
127 608
127 547
127 801
127 1162
127 624
128 1057
128 275
128 240
128 594
128 798
129 460
129 171
129 207
129 1208
129 150
129 919
129 664
130 1092
130 485
130 371
130 477
132 1008
132 994
132 871
132 1127
132 144
132 758
133 719
133 372
133 1134
134 1057
134 1174
134 1030
134 275
134 921
134 1215
134 883
134 143
134 240
134 904
134 594
134 566
134 393
134 671
134 1053
134 383
135 642
135 940
135 267
135 396
135 271
135 145
135 963
135 151
135 282
135 158
135 160
135 161
135 675
135 935
135 682
135 812
135 301
135 1200
135 949
135 1213
135 704
135 779
135 1093
135 454
135 202
135 923
135 1236
135 344
135 354
135 612
135 1007
135 240
135 1109
135 639
136 257
136 324
136 645
136 712
136 905
136 141
136 1166
136 207
136 320
136 180
136 150
136 950
136 830
137 642
137 779
137 145
137 146
137 404
137 406
137 160
137 161
137 292
137 682
137 940
137 306
137 949
137 1078
137 187
137 1212
137 958
137 963
137 1227
137 972
137 975
137 852
137 1109
137 986
137 859
137 1120
137 355
137 1007
137 1193
138 960
138 582
138 156
138 177
138 969
138 188
138 788
138 846
138 375
138 851
138 1147
138 1150
139 790
139 1192
139 619
139 621
139 1233
139 246
139 311
139 1146
140 518
140 780
140 908
140 1005
140 841
140 1244
140 989
140 1086
141 769
141 1159
141 1036
141 524
141 477
141 690
141 371
141 869
141 698
141 1150
141 485
142 289
142 327
142 937
142 434
142 189
143 1172
143 363
143 388
143 1155
143 916
143 279
143 1049
143 1063
143 296
143 428
143 173
143 1198
143 305
143 952
143 308
143 1084
143 573
143 319
143 961
143 1090
143 451
143 200
143 971
143 334
143 721
143 722
143 211
143 469
143 730
143 347
143 224
143 230
143 743
143 618
143 751
143 1163
143 1086
143 502
143 1223
143 761
144 224
144 896
144 539
144 961
144 844
144 908
144 745
144 620
144 813
144 1224
144 1090
144 439
144 952
144 175
144 780
145 193
145 1027
145 195
145 1075
145 854
145 648
145 1034
145 338
145 691
145 342
145 412
145 607
146 193
147 1217
147 645
147 839
147 331
147 556
147 658
147 950
147 312
147 666
147 286
149 800
149 484
149 619
149 500
149 790
149 311
149 797
149 926
149 415
150 1154
150 1033
150 522
150 537
150 930
150 1205
150 641
150 906
150 757
150 332
150 1016
150 597
150 215
150 219
150 733
150 1118
150 359
150 1000
150 370
150 244
150 375
150 888
150 959
150 765
151 705
151 913
151 278
151 925
151 670
151 1060
151 937
151 565
151 702
151 1089
151 327
151 841
151 1105
151 478
151 607
151 1005
151 756
153 410
154 800
154 484
154 311
154 1146
154 828
154 926
154 415
156 258
156 797
156 415
156 166
156 552
156 302
156 1234
156 856
156 1114
156 221
156 222
156 481
156 484
156 229
156 637
156 497
156 253
157 612
157 1093
157 1030
157 904
157 1038
157 660
157 1053
158 384
158 901
158 264
158 266
158 1090
158 532
158 536
158 1189
158 1063
158 685
158 607
158 190
158 864
158 706
158 451
158 201
158 586
158 209
158 211
158 728
158 346
158 347
158 479
158 224
158 737
158 1228
158 618
158 363
158 877
158 502
158 382
159 839
160 224
160 1090
160 195
160 844
160 780
160 721
160 886
160 841
160 1086
160 1089
161 901
161 264
161 1034
161 1218
161 283
161 546
161 548
161 683
161 685
161 186
161 190
161 322
161 195
161 1222
161 201
161 586
161 599
161 607
161 737
161 877
161 752
161 886
161 505
161 382
162 1057
162 904
162 594
162 1174
163 1066
163 1146
164 960
164 177
164 786
164 188
165 1222
165 1218
165 910
165 752
165 177
165 283
166 1185
166 610
166 1110
166 969
166 791
166 365
166 1214
166 689
166 1150
166 990
167 1088
167 1249
167 612
167 1137
167 904
167 749
167 1038
167 433
167 660
167 383
168 904
168 1030
169 719
169 999
170 839
171 387
171 970
171 846
171 210
171 595
171 1044
171 1118
171 375
171 765
172 642
172 391
172 651
172 272
172 273
172 1047
172 410
172 682
172 299
172 443
172 1227
172 452
172 203
172 632
172 1021
172 760
172 1149
173 1057
173 968
173 393
173 749
173 1038
173 433
173 626
173 660
173 566
173 1017
173 1053
173 798
174 718
174 655
174 661
175 871
177 645
177 397
177 790
177 1176
177 797
177 415
177 551
177 552
177 812
177 557
177 178
177 180
177 317
177 1088
177 950
177 712
177 202
177 1231
177 720
177 1236
177 868
177 1114
177 222
177 225
177 484
177 235
177 1137
177 499
177 766
178 906
178 781
178 791
178 731
178 1180
178 1206
178 444
178 960
178 196
178 1229
178 846
178 215
178 689
178 219
178 613
178 999
178 1201
178 807
178 365
178 1139
178 630
178 375
178 509
179 257
179 645
179 712
179 847
179 298
179 1119
180 1074
180 781
180 786
180 316
180 444
180 284
180 414
180 941
180 946
180 181
180 1206
180 188
180 960
180 196
180 893
180 1100
180 205
180 846
180 1229
180 850
180 595
180 817
180 613
180 509
180 372
180 375
181 257
181 898
181 643
181 645
182 832
182 1060
182 581
182 327
182 808
182 937
182 1105
182 1204
182 825
182 794
182 189
182 702
183 1192
183 790
183 246
183 1233
185 258
185 229
185 839
185 302
185 790
185 246
186 204
187 908
187 785
187 451
187 1065
187 305
187 755
187 952
187 1086
187 961
187 195
187 841
187 971
187 334
187 338
187 224
187 618
187 363
187 502
188 320
188 1088
188 1093
188 932
188 499
188 503
188 324
188 703
188 1209
189 1156
189 265
189 783
189 402
189 1182
189 291
189 426
189 303
189 951
189 827
189 694
189 840
189 463
189 598
189 357
189 245
190 354
190 955
190 680
190 204
190 834
190 814
190 1006
190 282
191 385
191 645
191 712
191 655
191 661
191 950
191 312
191 218
191 286
192 243
193 355
193 292
193 265
193 301
193 402
193 784
193 404
193 758
193 567
193 306
193 852
193 986
193 1193
195 963
195 292
195 406
195 940
195 301
195 271
195 915
195 352
195 1193
195 1212
195 1213
196 257
196 389
196 390
196 385
196 526
196 659
196 276
196 535
196 645
196 1188
196 552
196 298
196 302
196 950
196 311
196 828
196 1221
196 459
196 847
196 398
196 218
196 225
196 619
196 621
196 637
196 1043
196 253
198 1192
198 246
199 719
200 292
200 1174
200 393
200 594
200 566
201 421
201 267
201 300
201 880
201 639
202 512
202 388
202 518
202 1034
202 1172
202 942
202 279
202 644
202 283
202 1051
202 683
202 1196
202 754
202 430
202 691
202 952
202 960
202 1228
202 844
202 848
202 209
202 722
202 469
202 989
202 607
202 743
202 618
202 363
202 877
202 752
202 1013
202 886
202 381
203 804
203 294
203 872
203 457
203 341
203 606
203 957
204 322
204 1124
204 295
204 266
204 685
204 1045
205 643
205 499
205 950
205 312
206 384
206 266
206 908
206 536
206 1189
206 305
206 952
206 961
206 1090
206 841
206 586
206 1228
206 721
206 211
206 334
206 727
206 346
206 479
206 224
206 209
206 755
207 959
207 641
207 906
207 888
207 219
207 733
208 577
208 1170
208 822
208 309
208 374
208 251
208 1023
209 1236
209 646
209 391
209 393
209 267
209 399
209 272
209 787
209 789
209 406
209 857
209 538
209 1055
209 1057
209 935
209 300
209 432
209 818
209 798
209 1207
209 1212
209 1174
209 1215
209 704
209 1093
209 326
209 812
209 328
209 594
209 1047
209 601
209 527
209 995
209 612
209 240
209 626
209 884
209 596
209 763
209 510
209 639
210 839
210 1192
210 246
210 221
211 704
211 880
211 798
211 995
211 421
211 646
211 267
211 300
211 240
211 968
211 594
211 501
211 1174
211 601
211 527
211 639
212 912
212 358
212 970
212 269
212 590
212 765
212 656
212 860
212 477
212 1118
213 251
213 1000
213 970
213 371
213 1016
213 765
214 323
214 970
214 853
214 765
214 1118
215 258
215 260
215 246
215 712
215 395
215 397
215 1230
215 1192
215 948
215 950
215 312
215 790
215 868
215 645
216 1017
216 660
216 1053
218 577
218 1068
218 345
218 1023
218 350
219 1002
219 460
219 1208
219 919
219 664
220 1099
220 900
220 299
220 1046
220 410
220 315
221 777
221 1205
221 321
221 1092
221 969
221 970
221 468
221 1118
221 485
221 1000
221 1141
221 1016
221 765
222 960
222 582
222 851
222 788
223 1030
223 904
223 938
223 495
223 383
224 513
224 642
224 261
224 391
224 393
224 267
224 915
224 917
224 282
224 413
224 1008
224 421
224 1127
224 682
224 875
224 300
224 1200
224 695
224 958
224 1215
224 704
224 1057
224 968
224 1098
224 994
224 1109
224 344
224 601
224 871
224 880
224 501
224 758
224 940
224 1021
224 639
225 960
225 689
225 365
225 1206
225 791
225 889
225 990
225 613
226 323
226 1000
226 970
226 477
226 1205
226 765
228 978
228 371
228 477
229 1115
229 422
229 359
229 716
229 525
229 622
229 1243
229 307
229 630
229 969
229 824
229 255
230 968
231 523
231 552
231 619
231 621
231 311
231 253
231 767
232 1146
232 839
233 371
233 477
233 853
235 960
235 910
235 752
235 886
235 283
237 512
237 1051
237 644
237 615
237 672
237 435
237 752
237 754
237 1013
237 1171
237 1079
237 673
237 283
237 381
238 1100
238 372
238 284
239 800
239 260
239 552
239 302
239 1128
239 948
239 398
240 1034
240 1035
240 278
240 1178
240 1075
240 805
240 683
240 691
240 451
240 1228
240 1158
240 347
240 478
240 607
240 738
240 363
240 877
240 756
240 886
240 1145
240 508
241 978
243 256
243 259
243 908
243 795
243 801
243 547
243 1198
243 585
243 696
243 313
243 1090
243 329
243 823
243 337
243 983
243 608
243 483
243 488
244 460
244 919
244 664
245 289
245 1060
245 394
245 434
245 1105
245 1204
245 440
245 665
245 702
246 519
246 650
246 1164
246 269
246 622
246 540
246 693
246 824
246 314
246 1083
246 1219
246 583
246 716
246 466
246 595
246 863
246 359
246 316
246 747
246 494
246 1180
246 757
246 630
246 247
246 633
247 1233
248 1090
248 518
248 780
248 989
248 1086
249 356
249 518
249 1001
249 942
249 989
250 828
251 720
251 531
251 790
253 582
253 892
253 375
253 610
253 881
253 969
253 846
253 1031
253 1186
253 1211
253 1150
255 839
255 790
255 828
256 391
256 393
256 875
256 1215
256 626
256 399
256 272
256 921
256 594
256 1174
256 887
256 1047
256 729
256 1135
256 1021
256 510
257 572
257 791
257 1092
257 284
257 1180
257 689
257 1229
257 316
257 577
257 965
257 1100
257 781
257 592
257 466
257 1110
257 345
257 731
257 863
257 485
257 999
257 444
257 365
257 372
257 373
257 507
257 764
258 649
258 781
258 918
258 791
258 1186
258 1243
258 582
258 422
258 310
258 1211
258 969
258 716
258 525
258 850
258 1110
258 1115
258 359
258 365
258 622
258 630
258 889
258 1150
260 610
260 918
260 359
260 622
260 757
260 630
260 824
260 1031
260 1211
260 1180
261 721
261 755
262 354
262 433
262 749
262 1039
262 344
262 917
262 282
263 1218
263 1222
263 910
263 752
263 283
264 421
264 300
264 815
264 880
264 501
264 858
264 639
265 514
265 1027
265 644
265 648
265 394
265 910
265 665
265 283
265 289
265 430
265 943
265 434
265 1079
265 952
265 1218
265 1222
265 848
265 1171
265 998
265 627
265 886
266 704
266 763
266 326
266 328
266 1006
266 267
266 527
266 680
266 814
266 601
266 639
267 1194
267 971
267 586
267 933
267 1228
267 305
267 334
267 1065
267 755
267 785
268 719
268 999
269 325
269 1233
271 886
271 841
271 1034
271 908
271 910
271 976
271 756
271 854
271 1054
271 607
272 518
272 1162
272 408
272 411
272 570
272 1086
272 1090
272 1228
272 844
272 341
272 989
272 606
272 608
272 353
272 624
273 294
273 488
273 457
273 908
273 486
273 872
273 446
273 600
273 1144
273 957
274 312
274 645
275 1158
275 1138
275 910
275 1145
275 283
275 1011
278 642
278 662
278 401
278 291
278 292
278 1193
278 432
278 306
278 575
278 1093
278 454
278 458
278 467
278 596
278 598
278 473
278 355
278 612
278 741
278 852
278 636
278 725
279 642
279 812
279 878
279 306
279 355
279 404
279 852
279 986
279 682
280 433
281 284
282 520
282 1034
282 1035
282 908
282 1218
282 785
282 283
282 1065
282 683
282 305
282 691
282 831
282 1090
282 1222
282 979
282 334
282 607
282 877
282 752
282 756
282 1086
282 886
283 1025
283 668
283 922
283 935
283 812
283 557
283 954
283 1212
283 1216
283 709
283 417
283 972
283 1120
283 996
283 882
283 883
283 511
284 1152
284 898
284 643
284 517
284 392
284 1169
284 1177
284 667
284 932
284 427
284 560
284 950
284 312
284 1209
284 701
284 318
284 320
284 324
284 712
284 715
284 465
284 736
284 499
284 631
285 749
285 1038
285 433
285 660
285 1053
286 577
286 1068
286 885
286 409
287 323
287 1000
287 970
287 477
287 371
287 1016
287 765
287 1118
289 642
289 292
289 827
289 779
289 682
289 567
289 303
289 402
289 951
289 1193
289 783
289 732
290 1230
290 790
291 394
291 627
291 440
291 478
292 1014
292 910
292 338
292 730
292 1178
293 1089
293 1090
293 451
293 886
293 1063
293 618
293 363
293 908
293 877
293 910
293 1005
293 1035
293 502
293 841
293 1086
294 448
294 642
294 875
294 369
294 779
294 682
294 652
294 399
294 894
294 1227
294 299
294 632
294 442
295 680
295 834
297 1099
297 900
297 299
297 1046
297 410
297 315
297 1149
298 791
298 1092
298 1068
298 350
298 444
298 577
298 973
298 345
298 990
298 365
298 373
298 889
298 893
298 1023
299 899
299 908
299 420
299 944
299 457
299 842
299 1089
299 841
299 330
299 804
299 1167
299 606
299 353
299 486
299 872
300 1035
300 785
300 1228
300 933
300 1065
300 305
300 952
300 706
300 451
300 971
300 334
300 737
300 363
300 877
300 382
301 854
301 998
301 648
301 1034
301 683
301 976
301 1027
301 756
301 342
301 1054
301 607
302 1115
302 444
302 973
302 1130
302 1220
302 365
302 689
302 850
302 1210
302 781
302 663
302 969
302 893
302 946
303 910
303 943
303 794
303 702
304 645
304 465
304 638
305 646
305 399
305 915
305 704
305 968
305 994
305 527
305 601
305 859
305 354
305 1127
305 1008
305 758
305 1021
306 547
306 648
306 338
306 1027
306 430
306 1178
306 478
308 968
309 1168
310 856
310 481
311 1031
311 525
311 918
311 1180
311 422
311 429
311 816
311 821
311 1211
311 316
311 333
311 1229
311 472
311 1243
311 610
311 359
311 881
311 1010
311 630
311 892
312 1032
312 529
312 409
312 414
312 807
312 1068
312 817
312 1074
312 962
312 836
312 453
312 1225
312 1100
312 846
312 980
312 731
312 613
312 1052
312 372
312 885
312 375
312 1016
312 762
312 509
312 895
314 1192
314 828
314 1233
315 833
315 1090
315 899
315 1089
315 841
315 696
315 1086
316 643
316 1233
316 839
316 552
316 712
316 499
316 1192
316 415
317 960
318 1100
320 786
320 791
320 941
320 719
320 595
320 1110
320 731
320 990
320 613
320 807
320 365
320 1134
320 509
320 1139
321 839
321 828
323 800
323 1136
323 419
323 360
323 530
323 720
323 552
323 803
323 500
323 543
323 484
323 415
323 797
324 1206
324 999
324 1100
324 719
324 689
324 786
324 444
326 933
326 628
326 536
326 346
326 479
327 642
327 1156
327 401
327 1053
327 1061
327 1190
327 426
327 840
327 951
327 454
327 584
327 1111
327 357
327 489
327 368
327 636
328 933
330 876
330 443
330 981
331 1092
331 516
332 460
333 1066
333 790
333 1146
333 828
334 704
334 354
334 421
334 968
334 859
334 880
334 1179
334 601
335 904
335 495
335 1030
335 383
338 642
338 915
338 404
338 406
338 935
338 692
338 958
338 963
338 852
338 725
338 473
338 859
338 605
338 355
338 1006
338 1193
339 505
340 531
341 1057
341 410
342 642
342 779
342 682
342 391
342 399
342 1227
342 789
342 1047
342 875
342 538
342 1021
342 510
342 1055
343 1180
344 1075
344 520
344 691
344 886
344 755
344 910
345 389
345 390
345 776
345 681
345 526
345 847
345 436
345 718
345 378
346 1006
348 552
349 1008
349 642
349 758
349 779
349 682
349 994
349 1007
349 432
349 1227
349 596
349 1127
350 385
350 390
350 681
350 655
350 659
350 436
350 535
350 378
352 976
352 854
353 875
353 1149
353 399
353 1047
353 1021
354 546
354 548
354 520
354 1086
354 1090
354 691
354 979
354 599
354 785
354 831
355 547
355 670
355 705
355 913
355 565
355 952
355 1178
355 475
355 801
355 478
357 581
357 808
357 394
357 461
357 627
357 440
357 825
358 720
359 481
359 619
359 790
359 948
359 828
360 1000
360 765
362 938
362 495
362 433
362 383
363 815
363 958
363 812
363 393
363 501
363 1215
363 915
363 1236
363 566
363 421
364 938
364 495
364 410
364 383
365 645
365 395
365 403
365 558
365 669
365 950
365 699
365 481
365 712
365 847
365 497
365 629
365 378
365 637
365 766
366 839
367 552
368 808
368 581
369 1089
369 1090
369 804
369 488
369 457
369 908
369 1198
369 872
369 841
369 600
369 957
370 839
370 460
370 919
370 664
371 905
371 1166
371 655
371 914
371 543
371 1069
371 688
371 530
371 437
371 569
371 830
371 708
371 966
371 1096
371 739
371 487
371 1136
372 736
372 386
372 929
372 389
372 553
372 1221
372 578
372 712
372 499
372 950
372 1015
373 645
373 929
373 712
373 526
373 950
373 389
374 1168
375 643
375 645
375 1114
375 460
375 1234
375 1230
375 950
375 790
375 828
377 950
377 839
377 712
377 1230
377 790
377 828
378 1110
378 1126
378 689
378 889
378 990
378 791
378 507
378 1023
379 841
379 1090
379 1086
379 1005
380 410
381 1057
381 1174
381 393
381 812
381 1135
381 594
381 626
381 1236
381 566
381 887
381 729
381 778
381 1215
382 421
382 880
382 501
383 554
383 805
383 795
383 1165
383 1042
383 947
383 1167
383 934
383 862
385 577
385 885
387 839
388 1057
388 393
388 921
388 626
388 968
388 566
388 887
388 729
388 1135
388 1215
389 772
389 1180
389 689
389 572
389 1092
389 592
389 977
389 485
389 999
389 630
389 507
390 577
390 1032
390 1068
390 1023
390 409
390 895
390 453
391 486
391 945
391 430
391 879
391 848
391 606
391 412
391 446
392 1100
393 618
393 775
393 1196
393 428
393 1011
393 952
393 1084
393 608
393 961
393 1228
393 722
393 813
393 751
393 754
393 755
393 886
394 642
394 682
394 567
394 783
394 402
394 1061
395 836
395 941
395 791
395 1139
395 990
395 1206
395 889
395 509
395 719
395 1151
396 1089
396 1090
396 841
396 1034
396 1005
396 1086
397 960
397 1180
397 807
397 1134
397 719
397 1229
397 999
397 630
397 836
397 731
398 973
398 689
398 444
398 893
398 1150
399 1026
399 488
399 971
399 844
399 983
399 496
399 1198
399 457
399 411
400 1017
400 660
400 1038
401 832
401 937
401 908
401 825
401 794
401 1178
401 702
402 627
402 1027
402 648
402 461
402 434
402 665
403 992
403 1110
403 973
403 781
403 689
403 946
403 444
403 1206
404 608
404 514
404 1027
404 1123
404 475
405 720
406 976
409 718
409 655
409 659
409 661
409 759
409 666
410 934
410 554
410 823
410 568
410 446
410 964
410 585
410 842
410 420
410 1167
410 1144
411 875
412 642
412 682
412 779
412 1007
413 721
413 916
414 499
415 1185
415 1186
415 1031
415 429
415 559
415 693
415 1214
415 960
415 969
415 466
415 610
415 494
415 1016
416 780
416 908
416 844
416 841
416 1086
418 661
418 655
419 477
419 1159
420 876
420 443
420 981
421 706
421 618
421 1196
421 721
421 755
421 728
422 481
422 619
422 621
422 856
423 828
423 790
424 853
426 464
426 581
426 808
426 937
426 1105
426 434
426 825
426 440
426 665
428 1057
428 642
428 682
428 779
428 626
428 968
428 594
428 1174
428 921
428 1007
429 484
429 619
429 500
430 812
430 758
432 514
432 1162
432 780
432 1178
432 931
432 952
432 1087
432 961
432 1228
432 608
432 865
432 624
432 1009
433 874
433 1105
433 826
433 549
434 576
434 710
434 625
434 584
434 1111
434 567
434 732
435 594
435 1174
436 781
436 689
436 850
436 444
437 1092
437 978
438 1017
438 660
438 1057
439 1127
439 871
440 1156
440 584
440 783
440 840
440 694
440 1111
440 1182
441 910
442 1089
442 1090
442 872
442 841
442 1005
442 496
442 1086
443 609
443 486
443 684
443 606
443 1167
443 696
443 879
443 842
443 446
444 643
444 645
444 558
444 932
444 687
444 950
444 699
444 847
444 1209
444 1119
444 614
444 499
444 629
444 637
445 841
445 908
445 1005
445 1089
446 1057
446 875
446 876
446 594
446 981
446 1174
446 1113
446 632
446 510
447 839
448 1090
448 804
448 457
448 496
448 1086
449 999
451 859
451 915
451 639
452 1090
452 486
452 1198
452 600
453 659
454 1034
454 683
454 825
454 607
455 719
455 1134
456 999
457 642
457 779
457 682
457 652
457 1227
457 632
457 1007
458 801
458 547
458 678
458 813
458 910
460 930
460 906
460 686
460 1201
460 597
460 765
460 1118
461 1156
461 840
461 567
461 732
461 1061
462 828
465 897
465 836
465 999
465 1100
465 1134
465 719
465 1151
466 484
466 1192
466 500
466 797
468 790
468 828
469 968
469 812
469 1236
470 1089
470 1090
470 841
470 1005
470 1086
471 719
471 999
471 1134
472 800
472 552
472 619
472 926
473 961
473 952
473 1178
473 478
474 839
475 852
475 878
477 530
477 661
477 688
477 1072
477 830
477 1096
477 803
477 1248
477 487
477 1136
477 891
478 1047
478 798
478 692
478 575
478 598
478 986
478 605
478 875
478 725
479 639
480 712
480 645
481 716
481 781
481 689
481 918
481 851
481 788
481 791
481 1147
481 582
482 790
484 494
484 1211
484 1150
485 929
485 712
485 905
485 1221
485 1166
485 645
486 642
486 1149
486 1106
486 1047
486 1021
488 642
488 1028
488 779
488 682
488 651
488 1227
488 594
488 949
488 1174
488 632
488 1103
488 796
489 832
489 581
489 808
489 937
489 825
490 645
490 950
492 552
493 1049
494 1192
495 964
495 549
495 845
495 1165
495 947
495 862
496 642
496 967
496 652
496 1047
496 1242
496 1021
497 582
497 969
497 1110
497 851
497 788
497 791
497 889
498 839
499 973
499 630
499 1100
499 1134
499 719
499 1206
501 1155
501 1063
501 618
501 722
501 755
502 1057
502 859
502 968
502 594
502 915
502 958
502 1174
502 639
503 786
504 1180
504 630
505 1006
506 790
509 643
510 961
510 514
510 1228
510 952
510 1144
511 1218
511 644
511 773
511 1171
512 778
512 798
513 721
513 755
514 758
514 818
514 1021
514 562
514 875
514 538
515 1092
516 1217
516 712
516 811
516 658
516 950
518 1088
518 875
518 612
518 744
518 1137
518 676
518 1148
519 1192
519 1233
520 917
523 881
523 892
524 1166
524 830
525 790
526 689
527 1228
529 712
529 950
530 1159
531 769
532 639
536 639
538 1228
539 994
539 758
540 1192
543 1000
543 765
547 1088
547 994
547 612
547 758
547 1127
547 1137
547 852
547 1093
549 1038
549 660
549 1017
551 960
552 1033
552 654
552 559
552 816
552 821
552 571
552 1205
552 965
552 1095
552 969
552 970
552 716
552 1104
552 1107
552 724
552 1245
552 1118
552 1121
552 746
552 1000
552 1016
552 765
554 1057
554 904
554 594
556 1068
557 1218
557 644
557 1222
557 1117
558 1110
560 1100
563 719
563 1134
565 1047
565 1021
566 1155
566 1051
566 672
566 673
566 805
566 1063
566 1071
566 952
566 1084
566 722
566 813
566 615
566 618
566 754
566 1014
567 1027
567 886
567 665
569 853
570 1021
570 1047
572 1221
572 929
573 1057
573 1006
573 904
576 665
577 645
577 655
577 1043
577 661
577 793
577 1188
577 681
577 950
577 712
577 718
577 847
577 1248
577 659
577 759
579 828
579 1230
579 790
580 1016
581 1156
581 1190
581 840
581 1239
581 617
582 800
582 1234
582 1114
583 1233
586 704
586 639
589 719
589 999
589 1134
590 1072
592 1221
592 929
594 908
594 1228
594 1049
594 795
594 1011
594 1051
594 1071
594 813
594 1090
594 844
594 805
594 738
594 751
594 754
594 673
595 1192
595 1233
596 1228
596 1178
597 919
597 664
598 1178
600 1057
600 642
600 651
600 1106
600 632
600 1183
601 738
601 971
601 1228
601 755
602 1066
602 1230
602 790
602 828
603 1049
606 1057
606 642
606 779
606 682
606 876
606 1007
606 1227
607 642
607 779
607 784
607 798
607 682
607 812
607 1093
607 1007
607 639
608 642
608 779
608 1179
608 682
608 949
608 1215
608 1227
608 875
608 626
609 1113
609 876
609 981
610 619
612 1034
612 780
612 989
612 942
612 673
612 1178
612 1244
613 643
613 645
613 712
613 950
613 766
614 973
615 778
616 999
618 815
618 859
618 639
618 812
618 880
618 626
618 1236
618 921
619 1185
619 716
619 821
619 816
619 881
619 1033
619 1031
619 1180
620 1008
620 994
620 871
621 881
621 1010
621 892
622 1192
622 828
624 642
624 1047
624 875
625 665
626 775
626 909
626 673
626 1071
626 722
626 910
626 1167
626 1122
626 886
627 642
627 1156
627 840
627 1061
629 973
629 990
629 791
630 929
630 712
630 1221
630 1233
630 950
630 868
632 1144
632 983
633 1233
633 839
634 1117
636 937
636 825
636 1178
637 973
637 791
637 889
638 999
638 1134
638 719
639 901
639 1035
639 908
639 1005
639 1054
639 1196
639 841
639 1226
639 1086
639 864
639 706
639 1089
639 737
639 1228
639 721
639 877
639 755
639 756
639 916
640 839
642 1034
642 1198
642 1049
642 1178
642 879
642 841
642 943
642 691
642 952
642 825
642 957
642 1086
642 832
642 1105
642 983
642 751
642 872
642 756
642 886
643 647
643 807
643 819
643 1206
643 965
643 1100
643 846
643 731
644 963
644 935
644 1006
644 1213
644 1238
644 1212
644 778
645 781
645 791
645 1092
645 1180
645 946
645 885
645 1206
645 960
645 846
645 1229
645 1016
645 850
645 731
645 1126
645 765
645 889
645 992
645 1023
646 738
646 785
646 1065
646 971
646 1228
646 1194
647 950
648 675
652 1090
652 872
652 841
652 1086
655 1068
655 1229
655 731
659 903
659 1068
659 1023
660 1158
660 775
660 909
660 1049
660 673
660 802
660 1187
660 1062
660 1071
660 1097
660 845
660 1122
660 874
660 1004
660 1145
661 1068
661 1229
661 885
664 930
664 1000
664 970
664 1201
664 1016
664 765
664 1118
665 849
665 843
665 783
665 694
667 1100
668 1218
668 1222
669 689
670 875
670 852
670 986
671 805
671 886
671 1011
672 1057
673 1017
673 1057
673 1174
673 787
673 887
673 729
673 1135
675 1034
676 1090
676 908
676 1086
679 1023
680 820
680 1077
681 1068
682 908
682 916
682 1054
682 931
682 804
682 841
682 943
682 691
682 1162
682 1087
682 1090
682 721
682 984
682 865
682 1009
682 756
682 886
683 812
683 1236
683 798
688 853
689 776
689 929
689 1209
689 712
689 856
689 766
690 905
690 1166
691 779
691 1039
691 917
691 935
691 812
691 1212
691 1088
691 963
691 972
691 1236
691 1120
693 1233
694 1105
694 794
694 702
695 755
697 1066
697 1230
697 790
697 1146
698 905
699 973
699 893
700 1090
700 908
701 1100
701 999
702 783
702 1182
703 786
704 933
704 1034
704 916
704 755
704 721
705 875
705 852
705 1047
705 986
705 1021
706 880
709 1218
709 1117
711 904
712 781
712 791
712 965
712 946
712 1118
712 1012
712 960
712 962
712 1219
712 970
712 1100
712 719
712 757
712 980
712 990
712 992
712 999
712 762
712 1229
712 765
716 800
716 867
716 1066
716 1233
716 856
717 1053
718 807
718 1068
718 1229
718 731
718 1023
719 782
719 750
719 1056
719 932
719 1209
720 970
720 770
720 912
721 779
721 940
721 1200
721 1227
721 1109
721 1007
721 880
722 968
722 812
722 921
722 858
722 815
726 839
729 829
729 1071
729 1167
729 1013
730 968
730 1193
731 950
732 886
736 999
738 1057
738 1174
738 857
742 1086
743 812
744 1089
744 780
744 908
744 844
744 1005
744 841
744 1244
744 1086
745 758
745 871
749 907
749 874
749 909
749 775
749 1081
749 1049
750 1134
751 968
751 1174
751 921
752 778
752 798
752 991
754 1057
754 1215
755 915
755 921
755 958
755 1215
755 1098
755 994
755 1127
755 880
756 798
757 1233
757 1192
757 950
758 1027
758 780
758 1087
758 848
758 931
758 984
758 1244
758 865
758 1009
759 1092
759 1068
760 1198
761 1053
761 798
763 1228
763 933
765 919
765 803
765 1069
765 1072
765 953
765 988
765 1002
765 1136
766 1206
766 1110
766 791
766 889
768 1066
768 1146
769 905
769 1166
769 830
771 1090
771 1086
772 929
772 1221
773 1238
775 1249
775 1053
775 1215
776 781
778 910
778 1171
778 1013
778 886
778 1079
778 952
779 1034
779 908
779 910
779 916
779 1162
779 957
779 1090
779 841
779 872
780 871
780 1088
780 1137
780 1057
782 1134
783 1060
783 943
784 1027
784 1054
785 915
786 1088
786 1093
786 1137
786 1209
787 1228
788 1234
788 856
789 1228
790 911
790 792
790 1180
790 1064
790 837
790 1243
790 1131
791 856
792 1230
793 1092
795 1174
797 1016
797 1150
797 863
798 1228
798 1013
798 886
798 1145
798 1138
800 1180
800 821
800 816
800 1211
801 1088
801 1137
801 852
801 986
802 1057
802 1038
803 1159
805 1174
808 840
809 999
812 1034
812 1035
812 1054
812 1196
812 945
812 1063
812 1218
812 1223
812 877
813 1174
813 1030
813 871
813 904
813 1215
815 1063
816 867
816 926
818 1228
820 834
820 955
821 926
822 1168
824 1233
824 948
825 840
825 1053
825 1061
827 886
828 1037
828 846
829 887
829 1135
830 869
830 920
830 1150
832 1053
833 956
834 1045
835 853
836 868
838 1049
839 1033
839 1059
839 1199
839 1206
839 985
839 1016
839 890
840 937
841 1025
841 900
841 915
841 1046
841 940
841 956
841 958
841 963
841 972
841 1101
841 1213
841 1047
841 1242
841 859
841 1120
841 1212
841 1127
841 1007
841 1021
842 1149
844 1093
844 1030
844 871
844 940
844 904
844 1088
844 1174
844 1200
844 1109
846 1234
847 1110
847 1023
851 1234
852 1123
852 913
852 1027
852 1178
853 1096
853 1246
855 1053
856 969
856 889
856 1126
856 990
857 1228
859 952
859 961
859 1155
859 1063
859 971
859 1196
862 1030
862 904
862 938
863 1233
865 1008
865 994
865 1127
867 1180
868 897
868 1180
868 999
868 1229
868 1151
868 1020
869 1166
871 1224
872 1149
872 1007
872 894
872 1047
872 875
872 1021
872 949
873 994
874 1249
874 1038
874 1017
875 1162
875 957
875 1102
875 983
875 989
875 1144
876 1144
877 1057
877 1006
877 1236
879 1047
880 916
882 1218
882 1222
883 1011
885 1248
886 1025
886 904
886 921
886 935
886 940
886 1213
886 963
886 972
886 1227
887 1013
887 1051
893 950
894 1090
894 908
894 1086
896 1127
899 1149
900 908
900 944
900 1086
903 1188
904 1165
904 947
904 1167
904 1013
908 1025
908 1046
908 1127
908 1160
908 915
908 1174
908 958
908 963
908 1099
908 972
908 994
908 1120
908 1212
908 1006
908 1007
908 1021
909 1249
909 1038
909 1017
910 917
910 1193
910 949
910 991
910 1039
910 1116
910 1173
912 1072
913 1047
913 986
915 976
915 1089
916 949
917 1075
918 948
919 930
919 1000
919 1118
921 1196
921 1011
922 1218
923 1034
923 1086
926 1211
929 999
929 1202
931 1227
932 1100
932 973
935 1075
935 961
935 1222
935 1034
935 1228
935 1218
935 1171
935 952
937 1190
937 1053
940 1034
940 1005
940 976
942 1021
944 1099
944 1046
947 1030
950 1161
950 1052
950 1206
950 962
950 1219
950 1143
950 973
950 980
950 999
950 1180
950 1018
951 1105
952 1025
952 1212
952 958
952 1215
952 968
952 972
952 1191
953 1000
953 1118
955 993
956 1089
958 1090
960 1082
961 1120
961 1055
961 972
961 1212
963 1075
963 1079
963 1005
963 976
966 1092
967 1090
968 1163
968 1084
968 971
969 1234
969 1114
972 1089
972 1086
976 1212
977 1221
981 1144
984 1227
987 999
988 1000
989 1021
994 1224
994 1090
994 1086
995 1228
996 1218
999 1056
999 1067
999 1108
1000 1019
1000 1002
1000 1069
1001 1088
1001 1093
1001 1047
1004 1017
1005 1213
1005 1212
1006 1090
1006 1035
1006 1171
1007 1086
1007 1034
1007 1054
1008 1090
1008 1224
1008 1086
1011 1174
1013 1088
1013 1093
1013 1030
1013 1135
1014 1057
1014 1193
1017 1122
1017 1187
1017 1062
1017 1145
1019 1205
1021 1040
1021 1086
1021 1090
1025 1086
1030 1165
1030 1167
1033 1066
1033 1146
1034 1088
1034 1212
1034 1101
1034 1137
1034 1109
1035 1236
1038 1084
1040 1047
1046 1089
1046 1090
1047 1089
1053 1081
1053 1084
1054 1088
1054 1093
1054 1227
1054 1137
1056 1134
1057 1071
1057 1073
1057 1084
1057 1228
1057 1244
1061 1105
1063 1236
1066 1131
1066 1199
1068 1248
1069 1205
1069 1118
1072 1159
1072 1241
1072 1118
1075 1093
1081 1249
1083 1233
1084 1215
1086 1184
1086 1242
1086 1120
1086 1127
1089 1120
1089 1149
1090 1174
1090 1160
1090 1227
1090 1106
1090 1148
1092 1221
1093 1178
1100 1152
1100 1209
1113 1144
1117 1127
1117 1176
1120 1218
1125 1186
1131 1230
1131 1146
1134 1181
1136 1159
1144 1153
1149 1167
1150 1166
1159 1166
1162 1227
1162 1179
1164 1233
1174 1228
1180 1233
1183 1198
1192 1219
1206 1209
1207 1228
1215 1228
1218 1238
1219 1233
1221 1229
1223 1236
