0 1
0 130
0 139
0 1164
0 909
0 527
0 528
0 404
0 21
0 534
0 665
0 1051
0 284
0 296
0 156
0 554
0 44
0 48
0 53
0 183
0 442
0 1120
0 194
0 11
0 70
0 210
0 601
0 90
0 224
0 668
0 625
0 888
0 635
1 513
1 2
1 3
1 4
1 5
1 6
1 7
1 8
1 9
1 10
1 13
1 14
1 15
1 16
1 17
1 19
1 20
1 533
1 1046
1 23
1 24
1 516
1 27
1 29
1 30
1 1029
1 32
1 33
1 34
1 36
1 1061
1 1024
1 42
1 43
1 556
1 47
1 1072
1 49
1 50
1 1203
1 55
1 56
1 57
1 58
1 572
1 61
1 62
1 949
1 64
1 65
1 1090
1 68
1 69
1 1094
1 71
1 74
1 75
1 78
1 79
1 81
1 1106
1 867
1 84
1 86
1 1124
1 1114
1 92
1 93
1 606
1 1026
1 699
1 100
1 102
1 103
1 104
1 108
1 109
1 110
1 1135
1 630
1 1093
1 632
1 633
1 122
1 1148
1 125
1 1044
1 127
1 1152
1 133
1 135
1 648
1 649
1 138
1 621
1 145
1 148
1 1173
1 150
1 664
1 153
1 666
1 1179
1 157
1 161
1 162
1 1189
1 167
1 168
1 681
1 170
1 1199
1 176
1 178
1 179
1 180
1 181
1 182
1 1207
1 696
1 187
1 1099
1 189
1 191
1 708
1 200
1 201
1 202
1 715
1 716
1 546
1 1230
1 720
1 1234
1 723
1 724
1 1237
1 1145
1 216
1 1241
1 219
1 598
1 536
1 231
1 233
1 241
1 242
1 759
1 252
1 605
1 255
1 768
1 771
1 262
1 1185
1 273
1 275
1 788
1 981
1 796
1 286
1 731
1 809
1 298
1 302
1 304
1 1067
1 306
1 692
1 824
1 315
1 317
1 830
1 831
1 833
1 323
1 326
1 334
1 341
1 344
1 1193
1 349
1 353
1 355
1 356
1 1169
1 362
1 363
1 694
1 883
1 886
1 375
1 378
1 380
1 896
1 385
1 898
1 1174
1 391
1 906
1 397
1 1041
1 400
1 407
1 576
1 1092
1 925
1 415
1 930
1 420
1 421
1 422
1 940
1 429
1 430
1 431
1 1162
1 437
1 577
1 440
1 959
1 451
1 673
1 969
1 971
1 465
1 469
1 1017
1 984
1 932
1 987
1 933
1 993
1 1107
1 1019
1 934
1 998
1 1110
1 1000
1 1006
1 1021
1 498
1 499
1 500
1 501
1 503
1 596
1 506
1 507
1 508
1 682
1 767
2 130
2 520
2 265
2 394
2 11
2 514
2 271
2 914
2 21
2 26
2 284
2 159
2 292
2 677
2 166
2 39
2 299
2 44
2 174
2 48
2 1032
2 1075
2 823
2 1081
2 59
2 447
2 1224
2 1097
2 209
2 850
2 979
2 527
2 861
2 350
2 95
2 482
2 612
2 721
2 366
2 1007
2 118
4 256
4 482
4 1075
4 1032
4 514
4 528
4 48
4 1224
4 979
4 53
4 118
4 447
5 264
5 106
5 245
5 858
5 347
5 725
6 677
6 39
6 394
6 11
6 366
6 623
6 496
6 21
6 185
6 26
7 256
7 259
7 821
7 328
7 106
7 11
7 396
7 48
7 496
7 21
7 1144
7 185
7 26
7 347
7 284
7 394
7 350
7 53
8 256
8 130
8 259
8 769
8 264
8 394
8 11
8 450
8 271
8 528
8 914
8 21
8 1178
8 284
8 159
8 672
8 545
8 164
8 838
8 554
8 44
8 1069
8 48
8 520
8 53
8 822
8 183
8 443
8 573
8 194
8 70
8 1096
8 1097
8 911
8 209
8 850
8 1108
8 725
8 1226
8 601
8 527
8 350
8 95
8 612
8 357
8 106
8 245
8 888
8 634
9 739
9 677
9 106
9 11
9 527
9 496
9 308
9 21
9 592
9 26
9 911
9 284
9 1226
9 350
10 369
10 185
11 512
11 517
11 522
11 12
11 856
11 18
11 531
11 1211
11 22
11 28
11 31
11 32
11 944
11 547
11 36
11 37
11 38
11 40
11 553
11 519
11 1068
11 45
11 46
11 47
11 560
11 49
11 563
11 52
11 565
11 54
11 55
11 569
11 58
11 62
11 63
11 65
11 578
11 67
11 69
11 72
11 780
11 74
11 76
11 77
11 78
11 80
11 82
11 83
11 1109
11 86
11 1111
11 1113
11 1115
11 1116
11 1119
11 1122
11 1123
11 102
11 1127
11 1131
11 1133
11 113
11 116
11 629
11 119
11 120
11 121
11 122
11 640
11 1155
11 644
11 645
11 646
11 1159
11 648
11 137
11 145
11 658
11 149
11 1220
11 154
11 155
11 669
11 158
11 1221
11 160
11 163
11 1188
11 1222
11 1190
11 679
11 540
11 171
11 1196
11 175
11 790
11 691
11 1205
11 184
11 697
11 187
11 188
11 1214
11 1024
11 1217
11 707
11 196
11 197
11 710
11 711
11 713
11 1229
11 206
11 207
11 723
11 212
11 213
11 1238
11 215
11 1243
11 733
11 1249
11 226
11 740
11 550
11 232
11 234
11 747
11 236
11 238
11 239
11 752
11 241
11 754
11 756
11 757
11 246
11 247
11 257
11 258
11 772
11 513
11 263
11 266
11 267
11 268
11 898
11 783
11 273
11 277
11 278
11 283
11 816
11 802
11 803
11 806
11 561
11 988
11 304
11 307
11 316
11 836
11 839
11 738
11 846
11 335
11 340
11 342
11 343
11 344
11 348
11 862
11 868
11 359
11 779
11 828
11 875
11 364
11 744
11 882
11 1086
11 374
11 376
11 378
11 379
11 893
11 384
11 386
11 388
11 401
11 403
11 917
11 919
11 410
11 924
11 666
11 581
11 419
11 935
11 896
11 428
11 432
11 436
11 439
11 957
11 965
11 456
11 457
11 459
11 976
11 1002
11 472
11 985
11 986
11 475
11 476
11 478
11 479
11 480
11 996
11 490
11 493
11 971
11 500
11 507
11 1020
11 509
11 1022
12 224
12 1120
12 130
12 139
12 164
12 677
12 70
12 1140
12 668
12 554
12 44
12 194
12 210
12 594
12 534
12 1164
12 665
12 1210
12 1051
12 156
13 653
13 1070
13 48
13 209
13 726
13 95
14 357
14 838
14 264
14 106
14 396
14 592
14 245
14 822
14 1178
14 347
14 573
14 821
15 256
15 514
15 259
15 773
15 1037
15 271
15 276
15 1063
15 1070
15 48
15 1096
15 1075
15 53
15 185
15 447
15 328
15 95
15 482
15 612
15 487
15 369
15 118
15 1144
15 1215
16 900
16 773
16 647
16 904
16 140
16 653
16 271
16 528
16 541
16 48
16 305
16 1204
16 53
16 183
16 185
16 769
16 450
16 909
16 592
16 209
16 347
16 95
16 612
16 106
16 369
16 245
16 118
16 505
16 634
17 256
17 773
17 520
17 1034
17 653
17 656
17 914
17 1070
17 159
17 672
17 174
17 48
17 904
17 53
17 183
17 185
17 443
17 450
17 452
17 1096
17 1097
17 209
17 850
17 1108
17 95
17 955
17 369
17 1144
17 1146
18 677
19 773
19 904
19 140
19 909
19 271
19 784
19 1070
19 1053
19 159
19 672
19 676
19 166
19 299
19 174
19 48
19 305
19 183
19 185
19 827
19 447
19 452
19 1096
19 844
19 1165
19 721
19 338
19 851
19 980
19 599
19 1209
19 861
19 95
19 955
19 612
19 746
19 491
19 722
19 369
19 118
19 634
19 1183
20 369
20 185
21 512
21 22
21 25
21 28
21 29
21 546
21 518
21 38
21 41
21 1031
21 1068
21 46
21 559
21 1076
21 58
21 60
21 66
21 68
21 76
21 85
21 87
21 606
21 102
21 119
21 632
21 128
21 641
21 651
21 145
21 146
21 151
21 1220
21 158
21 678
21 169
21 175
21 188
21 190
21 192
21 196
21 723
21 212
21 540
21 728
21 730
21 740
21 229
21 246
21 254
21 640
21 258
21 772
21 266
21 269
21 270
21 273
21 789
21 279
21 806
21 808
21 300
21 309
21 839
21 333
21 340
21 1030
21 862
21 355
21 1084
21 364
21 886
21 375
21 893
21 389
21 402
21 916
21 918
21 920
21 416
21 417
21 935
21 947
21 436
21 1182
21 453
21 967
21 461
21 472
21 475
21 477
21 484
21 493
21 1109
22 130
22 139
22 70
22 1164
22 394
22 44
22 194
22 496
22 888
22 26
22 59
22 636
22 554
22 350
22 1077
23 899
23 452
23 106
23 396
23 1037
23 369
23 821
23 185
23 347
24 514
24 773
24 520
24 1034
24 909
24 784
24 159
24 672
24 166
24 299
24 48
24 1032
24 53
24 183
24 185
24 955
24 1212
24 447
24 450
24 452
24 823
24 463
24 338
24 979
24 980
24 1244
24 95
24 743
24 874
24 369
24 118
25 425
25 1003
25 308
25 884
25 284
25 350
26 1025
26 278
26 578
26 142
26 685
26 273
26 274
26 917
26 663
26 920
26 836
26 282
26 29
26 30
26 32
26 417
26 546
26 35
26 37
26 40
26 172
26 557
26 46
26 559
26 304
26 270
26 52
26 310
26 134
26 1122
26 1084
26 931
26 62
26 816
26 192
26 66
26 67
26 580
26 325
26 73
26 1088
26 203
26 1101
26 590
26 464
26 723
26 85
26 86
26 343
26 856
26 1020
26 484
26 102
26 1000
26 233
26 367
26 808
26 116
26 318
26 119
26 695
26 1176
26 764
26 381
27 106
27 245
27 725
28 911
28 677
28 394
28 527
28 308
28 59
28 284
28 350
28 1077
29 482
29 259
29 520
29 496
29 1070
29 684
29 174
29 48
29 904
29 914
29 308
29 118
29 1146
29 185
29 159
29 284
29 53
29 95
30 256
30 900
30 647
30 904
30 140
30 159
30 676
30 166
30 39
30 1066
30 299
30 48
30 305
30 1204
30 821
30 823
30 827
30 1096
30 844
30 845
30 592
30 722
30 980
30 599
30 347
30 95
30 482
30 739
30 1001
30 106
30 338
30 118
30 746
31 130
31 139
31 164
31 70
31 1164
31 554
31 44
31 194
31 625
31 594
31 819
31 404
31 1210
31 888
31 1140
31 442
31 635
31 1042
32 130
32 739
32 164
32 293
32 70
32 296
32 265
32 554
32 44
32 194
32 594
32 383
32 117
32 292
32 351
32 1164
32 90
32 223
33 256
33 259
33 904
33 653
33 276
33 684
33 48
33 821
33 185
33 443
33 447
33 1097
33 1037
33 209
33 850
33 347
33 95
33 106
33 369
33 118
33 1144
34 185
35 739
36 130
36 44
37 496
38 130
38 265
38 394
38 139
38 527
38 665
38 156
38 164
38 425
38 554
38 44
38 308
38 1081
38 59
38 70
38 210
38 292
38 224
38 1007
38 624
39 421
39 1207
39 236
39 660
39 503
39 62
40 139
40 1170
40 404
40 156
40 164
40 554
40 44
40 562
40 819
40 567
40 1210
40 194
40 70
40 594
40 467
40 223
40 739
40 496
40 625
40 1140
41 284
41 350
41 527
42 452
42 773
42 1063
42 1037
42 369
42 185
43 900
43 773
43 647
43 520
43 1034
43 652
43 1037
43 528
43 914
43 659
43 159
43 545
43 676
43 810
43 48
43 305
43 53
43 185
43 452
43 140
43 209
43 722
43 851
43 725
43 599
43 858
43 95
43 482
43 742
43 1001
43 106
43 369
43 245
43 118
43 505
43 1066
44 512
44 1043
44 559
44 49
44 55
44 569
44 582
44 76
44 1102
44 89
44 91
44 606
44 96
44 107
44 620
44 626
44 1142
44 121
44 122
44 638
44 128
44 1157
44 136
44 141
44 1169
44 146
44 1174
44 154
44 669
44 163
44 184
44 195
44 206
44 1231
44 211
44 214
44 215
44 730
44 741
44 233
44 747
44 237
44 750
44 756
44 250
44 766
44 774
44 263
44 778
44 785
44 282
44 799
44 802
44 291
44 804
44 294
44 1073
44 812
44 648
44 312
44 828
44 318
44 319
44 325
44 839
44 343
44 868
44 365
44 368
44 887
44 387
44 414
44 931
44 1181
44 461
44 468
44 473
44 475
44 997
44 493
44 494
44 1013
44 504
44 507
45 677
46 739
46 677
46 394
46 496
47 514
47 259
47 264
47 909
47 1168
47 276
47 677
47 684
47 48
47 1075
47 822
47 183
47 447
47 1224
47 1097
47 209
47 850
47 979
47 482
47 357
47 106
47 245
47 118
47 1215
47 895
48 526
48 551
48 556
48 50
48 51
48 56
48 57
48 58
48 61
48 75
48 1101
48 591
48 1109
48 604
48 94
48 98
48 611
48 101
48 616
48 105
48 111
48 112
48 114
48 1139
48 628
48 119
48 632
48 1147
48 126
48 640
48 133
48 1161
48 536
48 153
48 173
48 686
48 176
48 181
48 182
48 186
48 1216
48 193
48 1230
48 719
48 217
48 227
48 233
48 295
48 749
48 240
48 244
48 255
48 258
48 1068
48 273
48 275
48 981
48 986
48 801
48 806
48 807
48 814
48 314
48 317
48 336
48 340
48 864
48 1085
48 886
48 375
48 378
48 892
48 893
48 235
48 1138
48 391
48 395
48 397
48 925
48 929
48 421
48 935
48 947
48 440
48 953
48 1014
48 458
48 469
48 983
48 474
48 1000
48 498
48 502
48 503
49 194
49 164
49 70
49 296
49 265
49 1007
49 594
49 383
49 90
49 351
49 1149
49 223
50 256
50 769
50 520
50 1034
50 653
50 271
50 656
50 159
50 174
50 904
50 185
50 443
50 209
50 1108
50 1146
50 95
50 612
50 106
50 491
50 980
50 634
51 259
51 520
51 1034
51 653
51 271
51 528
51 276
51 159
51 672
51 545
51 166
51 684
51 174
51 53
51 183
51 328
51 842
51 209
51 850
51 601
51 95
51 612
51 487
51 118
51 895
52 496
53 533
53 537
53 538
53 1057
53 1060
53 551
53 556
53 1071
53 56
53 58
53 65
53 1092
53 588
53 1101
53 79
53 598
53 88
53 602
53 603
53 605
53 94
53 98
53 99
53 101
53 1128
53 105
53 618
53 1135
53 112
53 114
53 115
53 122
53 639
53 1154
53 131
53 138
53 1174
53 670
53 673
53 1199
53 176
53 177
53 178
53 181
53 182
53 705
53 1218
53 1220
53 1222
53 199
53 719
53 218
53 225
53 227
53 230
53 235
53 751
53 753
53 1068
53 643
53 285
53 801
53 814
53 826
53 315
53 324
53 330
53 847
53 848
53 849
53 865
53 873
53 876
53 370
53 378
53 891
53 391
53 395
53 948
53 458
53 971
53 474
53 1000
53 495
53 1010
53 1017
53 511
54 677
55 130
55 164
55 677
55 70
55 265
55 554
55 1037
55 1007
55 369
55 1164
55 1081
55 185
55 955
55 452
56 256
56 259
56 773
56 396
56 653
56 528
56 899
56 276
56 821
56 185
56 1097
56 592
56 209
56 850
56 726
56 601
56 347
56 106
56 369
56 118
56 1144
57 256
57 773
57 1063
57 106
57 1037
57 369
57 245
57 183
57 185
57 672
58 256
58 259
58 647
58 140
58 1166
58 527
58 528
58 276
58 672
58 677
58 684
58 1075
58 183
58 59
58 1077
58 450
58 963
58 842
58 209
58 850
58 1108
58 601
58 911
58 991
58 482
58 443
58 1001
58 106
58 118
58 1144
58 636
59 128
59 132
59 263
59 776
59 523
59 908
59 143
59 1040
59 530
59 409
59 416
59 802
59 291
59 295
59 169
59 938
59 171
59 1117
59 1202
59 1139
59 310
59 184
59 1085
59 190
59 322
59 580
59 566
59 839
59 204
59 887
59 76
59 336
59 82
59 214
59 377
59 728
59 473
59 1242
59 186
59 607
59 97
59 354
59 294
59 358
59 233
59 875
59 493
59 622
59 497
59 243
59 375
59 121
60 394
60 284
61 936
61 259
61 357
61 264
61 106
61 684
61 328
61 899
61 276
61 245
61 822
61 347
61 842
61 821
62 366
62 185
62 859
64 592
64 106
64 245
65 452
65 677
65 1063
65 106
65 1037
65 528
65 369
65 185
65 347
66 496
66 394
66 527
67 677
68 425
68 106
68 396
68 527
68 308
68 245
68 185
68 347
68 350
69 369
69 773
69 185
70 129
70 1174
70 1159
70 136
70 128
70 148
70 154
70 290
70 731
70 165
70 584
70 896
70 431
70 648
70 1206
70 799
70 650
70 318
70 1088
70 1142
70 72
70 975
70 1109
70 728
70 730
70 475
70 220
70 606
70 103
70 747
70 1004
70 512
70 374
70 248
70 122
71 106
72 164
72 293
72 296
72 1140
72 90
72 1149
72 223
73 739
75 259
75 904
75 209
75 1166
75 271
75 784
75 408
75 1034
75 159
75 166
75 936
75 684
75 174
75 1096
75 183
75 991
75 970
75 447
75 450
75 963
75 328
75 842
75 463
75 592
75 721
75 338
75 980
75 861
75 95
75 743
75 106
75 1012
75 118
75 1146
75 874
76 832
76 449
76 194
76 292
76 677
76 636
76 265
76 1134
76 527
76 689
76 594
76 1033
76 1210
76 284
76 350
76 383
77 677
78 677
79 773
79 264
79 106
79 1037
79 592
79 369
79 725
79 245
79 822
79 185
79 858
80 677
82 832
82 1033
82 1134
82 636
84 264
84 106
84 245
84 347
84 725
85 1226
85 911
85 496
85 527
85 284
86 739
86 773
86 1063
86 1037
86 496
86 369
86 185
87 394
87 911
87 527
87 284
87 1226
87 350
88 528
88 601
89 888
89 194
89 594
89 1210
90 931
90 103
90 343
90 148
90 247
90 122
90 667
90 282
91 888
91 1164
91 130
91 194
92 592
92 106
92 245
92 725
93 592
93 106
93 185
94 545
94 1096
94 1034
94 653
94 209
94 980
94 656
94 95
94 159
95 516
95 1038
95 1039
95 538
95 603
95 1060
95 551
95 1083
95 577
95 1109
95 604
95 98
95 99
95 101
95 614
95 104
95 1135
95 1136
95 123
95 131
95 133
95 1160
95 1161
95 144
95 536
95 661
95 152
95 153
95 1184
95 168
95 1200
95 177
95 181
95 182
95 1207
95 800
95 199
95 1239
95 217
95 222
95 233
95 242
95 761
95 251
95 252
95 275
95 288
95 289
95 903
95 315
95 323
95 847
95 346
95 869
95 878
95 370
95 372
95 391
95 395
95 413
95 932
95 421
95 435
95 948
95 438
95 961
95 458
95 465
95 249
95 485
95 1010
95 801
96 130
96 265
96 194
96 1007
96 594
96 1210
96 1164
96 383
97 832
97 636
97 1077
98 256
98 904
98 271
98 528
98 159
98 672
98 166
98 299
98 174
98 183
98 1209
98 443
98 450
98 721
98 656
98 491
98 877
98 1146
98 784
99 784
99 166
99 520
99 1034
99 299
99 914
99 1069
99 528
99 338
99 823
99 159
100 592
100 106
101 528
101 450
101 166
101 545
101 1165
101 299
101 653
101 1070
101 877
101 209
101 850
101 823
101 183
101 601
101 656
101 1212
101 784
101 159
102 739
102 357
102 264
102 106
102 592
102 725
102 821
102 347
102 899
102 394
102 350
102 245
103 260
103 139
103 272
103 1170
103 534
103 665
103 1051
103 668
103 927
103 1056
103 164
103 296
103 156
103 683
103 562
103 698
103 704
103 835
103 455
103 714
103 973
103 210
103 467
103 351
103 1120
103 1125
103 1140
103 117
104 166
104 520
104 1070
104 904
104 980
104 159
105 256
105 528
105 259
105 487
105 328
105 209
105 276
106 1027
106 1035
106 525
106 1041
106 1046
106 544
106 546
106 1061
106 521
106 571
106 572
106 1091
106 586
106 593
106 1109
106 598
106 1112
106 608
106 611
106 956
106 619
106 108
106 111
106 112
106 115
106 119
106 633
106 894
106 124
106 125
106 1158
106 137
106 138
106 1163
106 145
106 1180
106 158
106 161
106 167
106 170
106 1199
106 1198
106 175
106 178
106 180
106 697
106 705
106 196
106 198
106 200
106 201
106 205
106 1230
106 719
106 208
106 723
106 1240
106 221
106 734
106 229
106 242
106 757
106 758
106 760
106 253
106 605
106 258
106 1067
106 273
106 789
106 281
106 796
106 803
106 806
106 809
106 302
106 311
106 313
106 826
106 830
106 320
106 329
106 341
106 825
106 570
106 864
106 353
106 870
106 873
106 373
106 378
106 891
106 382
106 576
106 814
106 389
106 391
106 400
106 415
106 418
106 424
106 939
106 945
106 946
106 947
106 948
106 437
106 950
106 440
106 444
106 1098
106 958
106 448
106 673
106 458
106 971
106 972
106 974
106 466
106 469
106 990
106 994
106 995
106 998
106 489
106 492
106 502
106 1017
106 1018
106 1194
106 1023
107 130
107 1164
107 194
107 594
107 888
107 1210
108 452
108 264
108 369
108 245
108 822
108 185
108 955
111 514
111 899
111 676
111 357
111 838
111 264
111 1178
111 140
111 1032
111 305
111 725
111 821
111 245
111 118
111 858
111 347
111 573
111 979
111 447
112 256
112 528
112 514
112 259
112 726
112 1032
112 684
112 653
112 209
112 447
112 1108
112 118
112 1144
112 443
112 1224
112 979
112 245
113 677
114 256
114 1172
114 259
114 900
114 140
114 909
114 276
114 672
114 676
114 1066
114 305
114 1075
114 183
114 827
114 447
114 845
114 482
114 118
114 1144
114 505
114 895
115 528
115 601
116 496
117 471
117 148
117 470
117 343
117 282
117 1246
118 391
118 1068
118 138
118 395
118 397
118 145
118 153
118 1060
118 934
118 168
118 297
118 556
118 242
118 814
118 948
118 181
118 182
118 311
118 317
118 574
118 831
118 587
118 1220
118 161
118 458
118 719
118 440
118 605
118 301
118 314
118 186
118 465
118 618
118 1005
118 275
118 244
118 1065
118 502
118 375
118 1017
118 123
118 252
118 382
118 469
119 496
119 450
119 259
119 487
119 328
119 527
119 739
119 276
119 183
119 911
119 284
119 1226
119 350
120 677
121 832
121 449
121 292
121 677
121 265
121 1007
121 689
121 1077
121 636
121 383
122 130
122 139
122 528
122 1170
122 835
122 404
122 791
122 665
122 411
122 156
122 1056
122 164
122 554
122 683
122 819
122 567
122 442
122 455
122 467
122 601
122 351
122 613
122 625
122 635
123 545
123 482
123 1096
123 1075
123 980
123 447
123 1034
123 159
124 357
124 264
124 396
124 592
124 245
124 822
124 347
124 573
124 821
126 672
126 909
126 183
127 369
127 1037
127 185
128 832
128 130
128 265
128 394
128 139
128 1164
128 527
128 534
128 792
128 665
128 1051
128 668
128 927
128 292
128 156
128 554
128 308
128 1081
128 704
128 714
128 210
128 224
128 624
128 884
128 636
129 164
129 293
129 554
129 139
129 1140
129 156
129 223
130 387
130 1030
130 1159
130 393
130 648
130 907
130 141
130 1169
130 402
130 916
130 663
130 282
130 666
130 475
130 919
130 679
130 1064
130 512
130 433
130 898
130 310
130 543
130 187
130 700
130 931
130 1086
130 799
130 352
130 580
130 1206
130 1024
130 967
130 457
130 461
130 464
130 211
130 468
130 343
130 1047
130 804
130 606
130 481
130 992
130 228
130 741
130 237
130 367
130 595
130 1236
130 507
130 524
131 528
131 904
131 271
132 1077
133 520
133 1165
133 271
133 656
133 914
133 408
133 159
133 545
133 166
133 299
133 1069
133 174
133 904
133 823
133 1212
133 1096
133 970
133 721
133 784
133 491
133 1146
136 449
136 164
136 1140
136 265
136 139
136 1007
136 689
136 467
136 404
136 292
136 442
136 635
136 156
136 383
137 677
137 264
137 592
137 245
137 858
137 347
137 725
138 482
138 827
138 676
138 617
138 396
138 1195
138 140
138 746
138 305
138 777
138 1075
138 599
138 505
138 347
138 541
138 245
139 1174
139 147
139 148
139 405
139 1049
139 667
139 1181
139 1182
139 165
139 839
139 578
139 327
139 461
139 590
139 717
139 339
139 730
139 475
139 220
139 250
139 741
139 1231
139 1008
139 1142
139 637
140 391
140 526
140 1039
140 145
140 664
140 153
140 161
140 551
140 168
140 948
140 950
140 458
140 217
140 1114
140 1248
140 611
140 489
140 878
140 375
140 378
140 252
140 382
141 194
142 739
143 636
144 545
144 742
144 166
144 520
144 1034
144 652
144 877
144 1165
144 656
144 904
144 338
144 659
144 1183
144 784
144 159
145 514
145 647
145 1032
145 1001
145 1215
145 821
145 308
145 884
145 347
145 394
145 350
145 447
146 425
146 308
146 884
146 542
148 683
148 260
148 1037
148 272
148 1170
148 534
148 791
148 792
148 665
148 156
148 927
148 1056
148 164
148 1063
148 296
148 668
148 583
148 562
148 185
148 698
148 955
148 704
148 835
148 452
148 455
148 714
148 973
148 210
148 467
148 351
148 1120
148 1125
148 624
148 369
148 1140
150 452
150 773
150 369
150 185
150 955
151 425
151 394
151 1003
151 527
151 308
151 1226
151 911
151 829
151 350
152 904
153 256
153 514
153 259
153 647
153 909
153 672
153 676
153 684
153 1070
153 1096
153 1075
153 183
153 185
153 827
153 447
153 450
153 328
153 842
153 482
153 487
153 1001
153 746
154 554
155 677
156 1159
156 816
156 1203
156 606
156 965
156 1231
156 470
156 471
156 730
156 731
156 1246
156 510
158 677
158 264
158 592
158 308
158 884
158 284
158 350
158 245
159 756
159 1156
159 602
159 1239
159 398
159 1039
159 661
159 790
159 1175
159 287
159 800
159 289
159 1139
159 420
159 421
159 934
159 551
159 1193
159 556
159 558
159 687
159 1160
159 948
159 181
159 438
159 1207
159 372
159 186
159 315
159 1029
159 458
159 574
159 831
159 1216
159 962
159 586
159 1093
159 841
159 202
159 1101
159 462
159 465
159 983
159 548
159 474
159 932
159 314
159 869
159 225
159 486
159 361
159 618
159 807
159 1085
159 1000
159 242
159 275
159 244
159 503
159 249
159 890
159 1147
159 382
159 536
160 677
161 773
161 264
161 396
161 676
161 305
161 1075
161 821
161 185
161 827
161 447
161 592
161 851
161 599
161 347
161 482
161 1001
161 369
161 245
162 185
163 449
163 265
163 689
163 383
164 896
164 648
164 783
164 666
164 926
164 679
164 940
164 431
164 1203
164 1080
164 965
164 799
164 650
164 578
164 374
164 839
164 590
164 975
164 470
164 343
164 345
164 731
164 989
164 1121
164 678
164 1142
165 554
165 404
165 442
165 635
166 515
166 395
166 1036
166 1154
166 280
166 538
166 751
166 602
166 287
166 801
166 420
166 421
166 934
166 1135
166 556
166 181
166 182
166 1207
166 315
166 831
166 577
166 323
166 585
166 994
166 462
166 849
166 227
166 983
166 474
166 1239
166 736
166 495
166 242
166 275
166 244
166 503
167 899
167 396
167 821
167 347
168 482
168 452
168 773
168 647
168 904
168 1001
168 1063
168 1037
168 369
168 722
168 1075
168 599
168 1096
168 185
168 1053
169 394
169 527
169 1077
169 284
170 592
170 185
171 677
172 496
172 739
173 256
173 259
173 487
173 328
173 842
173 684
173 653
173 209
173 936
173 276
173 443
173 895
174 1161
174 398
174 1039
174 536
174 288
174 420
174 1193
174 555
174 586
174 841
174 202
174 994
174 1101
174 222
174 225
174 1000
174 242
174 890
175 425
175 396
175 527
175 308
175 884
175 347
175 394
175 350
175 821
176 256
176 450
176 909
176 209
176 183
176 443
177 904
177 491
177 1070
177 271
177 921
178 264
178 528
178 821
178 245
178 822
178 185
178 347
180 452
180 773
180 592
180 369
180 185
181 256
181 773
181 520
181 1034
181 909
181 271
181 528
181 921
181 545
181 183
181 185
181 955
181 450
181 452
181 338
181 980
181 1209
181 601
181 1118
181 656
181 491
181 369
181 784
182 514
182 259
182 904
182 653
182 1166
182 271
182 528
182 936
182 684
182 1032
182 183
182 447
182 450
182 963
182 842
182 209
182 601
182 991
183 257
183 258
183 389
183 1068
183 756
183 526
183 1039
183 790
183 1062
183 412
183 925
183 1109
183 1011
183 801
183 420
183 549
183 422
183 935
183 696
183 556
183 1161
183 440
183 315
183 957
183 193
183 323
183 330
183 848
183 465
183 466
183 469
183 217
183 474
183 890
183 1060
183 225
183 536
183 529
183 235
183 1135
183 275
183 628
183 1048
183 378
183 1020
183 893
183 597
184 194
184 677
184 265
184 689
184 594
184 1081
184 1210
184 383
185 526
185 533
185 552
185 556
185 571
185 1090
185 1099
185 1101
185 593
185 1106
185 598
185 600
185 1039
185 605
185 1124
185 615
185 616
185 1130
185 787
185 632
185 1147
185 1161
185 1167
185 536
185 660
185 661
185 664
185 667
185 1193
185 687
185 1201
185 189
185 1219
185 708
185 1222
185 1237
185 889
185 216
185 217
185 222
185 1248
185 892
185 236
185 241
185 244
185 757
185 759
185 252
185 767
185 772
185 261
185 775
185 781
185 273
185 275
185 795
185 288
185 803
185 692
185 820
185 313
185 314
185 317
185 323
185 326
185 334
185 344
185 860
185 866
185 360
185 363
185 380
185 382
185 1173
185 898
185 391
185 748
185 397
185 407
185 925
185 422
185 423
185 429
185 952
185 441
185 959
185 1185
185 1186
185 987
185 975
185 981
185 591
185 990
185 1000
185 1005
185 680
185 499
185 500
185 507
185 1022
186 256
186 259
186 520
186 487
186 328
186 1034
186 684
186 209
186 1077
186 980
186 447
186 1144
186 443
187 677
188 284
190 832
190 284
190 394
190 1134
190 1033
190 636
190 350
192 739
192 284
193 672
193 259
193 328
193 684
193 209
194 387
194 774
194 263
194 532
194 663
194 282
194 431
194 414
194 798
194 475
194 679
194 303
194 693
194 310
194 1079
194 965
194 543
194 700
194 445
194 318
194 480
194 195
194 747
194 325
194 957
194 589
194 464
194 312
194 931
194 214
194 343
194 606
194 481
194 1232
194 358
194 872
194 828
194 493
194 367
194 756
194 1142
194 247
194 504
194 250
195 888
196 677
196 527
196 592
196 394
196 350
196 245
199 612
199 1096
199 1070
199 271
199 634
200 264
200 245
201 357
201 264
201 396
201 245
201 822
201 347
201 573
201 821
202 520
202 1034
202 1069
202 721
202 914
202 861
203 496
203 739
204 636
204 1077
205 357
205 264
205 821
205 245
205 858
205 347
205 573
205 725
206 677
207 677
208 899
208 357
208 264
208 396
208 592
208 821
208 245
208 858
208 347
208 725
209 257
209 516
209 391
209 1161
209 395
209 745
209 413
209 420
209 295
209 937
209 686
209 222
209 311
209 701
209 830
209 575
209 568
209 673
209 591
209 336
209 337
209 466
209 863
209 994
209 529
209 235
209 1085
209 498
209 242
209 1014
209 233
209 760
209 378
209 251
209 801
209 605
210 741
210 905
210 839
210 461
210 1008
210 657
210 1246
210 606
210 470
210 667
210 637
210 510
210 1089
212 425
212 1226
212 527
212 308
212 884
212 542
212 911
212 829
212 350
213 677
214 1077
215 449
215 265
215 1007
215 1081
215 383
216 369
216 1037
217 256
217 1172
217 259
217 904
217 909
217 271
217 276
217 1096
217 676
217 684
217 1070
217 305
217 827
217 450
217 328
217 845
217 599
217 1209
217 612
217 487
217 617
217 491
217 505
217 634
220 554
220 625
220 819
220 404
221 264
221 592
221 245
221 858
221 725
222 922
222 369
222 904
222 999
222 653
222 1012
222 1070
222 408
222 721
222 861
223 931
223 965
223 774
223 343
223 590
223 783
223 1121
223 1059
223 480
223 374
223 247
223 345
223 250
223 282
223 1054
224 678
224 679
224 839
224 606
224 741
225 672
225 656
225 450
225 1034
225 528
225 980
225 601
225 1146
227 528
227 259
227 1168
227 487
227 328
227 842
227 299
227 684
227 463
227 338
227 276
227 1223
227 895
228 1164
229 425
229 396
229 829
229 592
229 308
229 542
229 347
229 284
229 394
229 350
230 528
230 601
233 256
233 259
233 904
233 684
233 653
233 850
233 1077
233 276
233 496
233 1097
233 1144
233 636
233 443
234 677
235 528
235 259
235 842
235 684
235 653
235 1166
235 909
235 963
235 276
235 601
235 991
236 674
236 452
236 677
236 1126
236 1037
236 366
236 623
236 369
237 292
237 265
237 1007
237 1081
238 677
240 256
240 259
240 487
240 328
240 276
240 1108
240 443
241 1063
241 1037
241 369
242 514
242 899
242 520
242 653
242 271
242 914
242 1070
242 1032
242 408
242 545
242 1069
242 904
242 821
242 1209
242 447
242 1096
242 970
242 338
242 980
242 347
242 861
242 721
242 491
242 1146
243 832
243 636
243 1077
244 256
244 545
244 482
244 1069
244 520
244 1034
244 514
244 877
244 1032
244 338
244 980
244 914
244 656
244 447
244 784
245 1028
245 1035
245 1041
245 533
245 1046
245 544
245 1078
245 570
245 571
245 572
245 1092
245 1098
245 598
245 1112
245 611
245 619
245 630
245 681
245 1198
245 697
245 707
245 1230
245 1234
245 1249
245 756
245 382
245 767
245 790
245 796
245 302
245 825
245 830
245 837
245 331
245 334
245 341
245 313
245 857
245 863
245 864
245 353
245 883
245 373
245 894
245 901
245 400
245 415
245 933
245 424
245 943
245 945
245 950
245 440
245 957
245 969
245 972
245 466
245 981
245 489
245 502
246 1003
246 677
246 425
246 394
246 527
246 308
246 1050
246 284
247 411
247 260
247 613
247 1192
247 1247
247 655
247 272
247 351
248 554
249 520
249 1034
249 491
249 1070
249 271
249 656
249 1096
249 914
249 980
250 293
250 594
250 888
251 904
251 653
251 271
251 850
251 726
251 1096
252 482
252 904
252 1070
252 271
252 1075
252 599
252 447
253 592
254 425
254 394
254 527
254 308
254 884
254 284
255 256
255 259
255 328
255 276
255 1108
255 443
256 1161
256 756
256 1109
256 1207
256 421
256 806
256 556
256 628
256 947
256 311
256 957
256 503
256 1085
256 981
256 983
256 314
256 864
256 993
256 1062
256 273
256 954
256 1139
256 1147
257 677
257 1097
257 653
257 850
257 726
258 592
258 450
258 259
258 1168
258 425
258 909
258 1003
258 276
258 308
258 284
258 829
258 542
258 895
259 952
259 389
259 395
259 526
259 814
259 406
259 1213
259 745
259 412
259 849
259 440
259 1220
259 295
259 297
259 426
259 1068
259 686
259 790
259 311
259 1249
259 572
259 654
259 1091
259 568
259 1014
259 454
259 801
259 1225
259 1230
259 719
259 336
259 337
259 1106
259 675
259 469
259 1193
259 1109
259 1163
259 864
259 993
259 615
259 1000
259 749
259 957
259 1139
259 756
259 886
259 632
259 1020
259 378
259 892
260 480
260 731
260 1246
260 1203
260 926
260 470
260 667
260 510
263 832
263 677
263 265
263 1134
263 594
263 1033
263 888
263 1210
263 636
264 576
264 1158
264 1163
264 780
264 400
264 1041
264 533
264 281
264 815
264 933
264 946
264 1198
264 817
264 313
264 572
264 320
264 715
264 718
264 723
264 341
264 598
264 697
264 1112
264 734
264 1061
264 1249
264 995
264 749
264 756
264 373
264 1016
264 492
264 1023
265 1153
265 1242
265 343
265 642
265 910
265 401
265 282
265 1052
265 669
265 798
265 802
265 433
265 431
265 434
265 445
265 839
265 713
265 1104
265 291
265 1111
265 868
265 741
265 358
265 1169
265 620
265 887
265 376
265 507
266 677
266 527
266 284
266 350
268 677
269 394
269 911
269 308
269 527
269 350
270 542
270 425
270 1226
270 527
270 496
270 308
270 884
270 911
270 350
271 1036
271 526
271 275
271 661
271 790
271 866
271 994
271 420
271 370
271 687
271 321
271 962
271 323
271 1228
271 610
271 465
271 1109
271 855
271 1249
271 615
271 1005
271 756
272 470
272 731
272 926
273 527
273 592
273 443
273 284
273 394
273 350
275 672
275 450
275 612
275 1096
275 1034
275 491
275 482
275 1075
275 980
275 447
275 634
276 640
276 526
276 540
276 1068
276 1076
276 317
276 830
276 1220
276 340
276 986
276 862
276 993
276 616
276 749
276 378
276 1020
277 677
278 496
278 739
279 425
279 1003
279 308
279 884
279 1050
279 350
280 338
280 299
281 592
282 1164
282 411
282 292
282 293
282 683
282 1210
282 455
282 973
282 594
282 613
282 888
282 1151
282 1149
282 383
284 389
284 727
284 786
284 789
284 920
284 1143
284 416
284 546
284 935
284 1031
284 300
284 1084
284 564
284 309
284 957
284 1091
284 453
284 968
284 1103
284 340
284 540
284 355
284 756
284 1176
284 1020
284 893
284 1109
285 528
285 601
287 1034
287 299
287 1165
287 784
287 980
287 823
287 1183
287 1212
288 904
288 1070
288 408
288 922
289 545
289 742
289 904
289 810
289 652
289 877
289 656
289 659
289 1034
290 554
291 832
291 1081
291 636
291 383
292 1159
292 770
292 931
292 678
292 967
292 433
292 839
292 461
292 343
292 728
292 473
292 741
292 376
293 650
293 1004
293 1181
293 352
293 374
293 343
294 1077
295 328
295 1097
295 653
295 850
295 1077
295 726
295 636
296 470
296 737
296 431
296 606
296 374
296 345
296 488
296 667
296 510
297 514
297 1032
297 979
297 447
299 1154
299 1039
299 941
299 696
299 315
299 961
299 847
299 465
299 474
299 1005
299 495
300 425
300 1003
300 527
300 308
300 884
300 350
301 447
302 592
302 858
302 725
303 888
305 391
305 526
305 1039
305 664
305 421
305 551
305 948
305 1092
305 458
305 1114
305 1248
305 866
305 615
305 616
305 618
305 1005
305 382
307 677
308 384
308 518
308 1159
308 967
308 399
308 916
308 539
308 1193
308 811
308 1182
308 446
308 651
308 839
308 535
308 460
308 843
308 332
308 333
308 334
308 461
308 1227
308 730
308 732
308 477
308 741
308 875
308 402
308 893
308 885
308 631
308 678
308 767
309 394
309 911
309 527
310 832
310 496
310 1077
310 636
311 1075
311 482
311 396
311 653
311 899
311 1108
311 821
311 1144
311 347
311 443
311 447
312 888
313 369
313 822
313 347
313 821
314 545
314 520
314 1069
314 914
314 1108
314 443
315 450
315 1096
315 1034
315 656
315 823
315 1212
317 482
317 1215
317 452
317 1223
317 1032
317 1168
317 514
317 369
317 1075
317 895
317 447
318 739
318 496
318 888
320 357
320 396
320 592
320 822
320 347
321 491
322 1077
323 672
323 612
323 773
323 1063
323 904
323 1037
323 369
323 1096
325 888
326 955
326 369
326 452
327 404
328 389
328 526
328 412
328 1139
328 686
328 702
328 575
328 1091
328 454
328 586
328 1230
328 337
328 749
328 1085
328 371
328 1020
328 765
329 899
329 396
329 592
329 821
329 347
330 672
330 909
332 425
332 1003
332 884
332 1050
332 542
333 350
333 425
333 1003
333 527
333 884
333 911
333 542
334 725
334 884
336 936
336 842
336 684
336 1166
336 963
336 1077
336 636
336 991
337 487
337 842
337 684
337 653
337 936
338 1239
338 1036
338 1039
338 420
338 421
338 934
338 556
338 1207
338 831
338 465
338 983
338 602
338 994
338 503
340 677
340 394
340 527
340 350
340 895
341 899
341 357
341 838
341 592
341 822
341 347
341 573
341 821
343 1164
343 655
343 411
343 1192
343 1208
343 455
343 677
343 613
343 1007
343 496
343 888
343 1149
344 452
344 369
344 955
345 1140
346 1096
346 1070
347 576
347 1158
347 1163
347 1197
347 1230
347 998
347 1199
347 797
347 418
347 1061
347 1067
347 1074
347 1148
347 950
347 400
347 572
347 831
347 834
347 971
347 1222
347 1098
347 715
347 718
347 719
347 1016
347 995
347 598
347 825
347 1112
347 349
347 353
347 994
347 483
347 489
347 619
347 492
347 749
347 757
347 852
347 724
347 506
347 853
349 899
349 396
349 821
350 640
350 389
350 786
350 1091
350 789
350 546
350 806
350 427
350 688
350 392
350 790
350 436
350 756
350 564
350 957
350 579
350 453
350 968
350 1099
350 727
350 723
350 472
350 986
350 475
350 540
350 1249
350 355
350 886
350 632
350 1020
353 858
353 725
354 636
355 527
357 897
357 400
357 918
357 815
357 417
357 946
357 466
357 611
357 982
357 734
357 863
357 483
358 594
358 888
358 1081
360 1037
360 773
360 369
361 545
361 742
361 1034
361 652
361 659
364 1226
364 911
364 527
364 394
366 660
366 1022
366 951
367 496
367 1164
369 1039
369 1161
369 470
369 666
369 925
369 787
369 1065
369 1199
369 1246
369 499
369 960
369 971
369 593
369 981
369 719
369 998
369 975
369 1005
369 1133
369 403
369 510
369 759
369 763
369 1240
369 382
370 612
371 487
372 545
372 904
372 810
372 652
372 877
372 656
372 659
372 980
373 592
373 822
373 858
373 725
374 554
374 677
374 1140
374 1149
375 1075
375 482
375 827
375 676
375 647
375 1001
375 394
375 1053
375 722
375 851
375 599
375 636
375 746
376 1081
376 1007
377 1077
378 909
378 528
378 1053
378 672
378 677
378 1097
378 592
378 850
378 851
378 599
378 601
378 1001
378 722
378 895
381 496
381 739
382 545
382 482
382 1063
382 1037
382 1075
382 1034
383 642
383 390
383 1111
383 524
383 401
383 662
383 669
383 798
383 813
383 431
383 709
383 908
383 733
383 744
383 620
383 493
383 872
384 677
387 888
388 677
389 450
389 487
389 684
389 909
389 963
389 842
390 689
391 900
391 647
391 777
391 541
391 676
391 1066
391 1070
391 1204
391 827
391 1096
391 1097
391 845
391 592
391 850
391 851
391 599
391 617
391 1132
391 1001
391 505
393 1164
394 512
394 772
394 678
394 402
394 806
394 789
394 657
394 417
394 1159
394 1206
394 641
394 1082
394 1089
394 1099
394 461
394 723
394 854
394 728
394 475
394 540
394 741
394 484
394 875
394 1008
394 632
394 892
394 637
395 528
395 514
395 936
395 842
395 684
395 1165
395 1215
395 850
395 979
395 1183
395 1096
395 447
395 1224
395 784
396 1092
396 923
396 1180
396 418
396 809
396 1197
396 814
396 825
396 834
396 1058
396 719
396 1106
396 724
396 483
396 627
396 632
396 633
397 447
398 545
398 742
398 999
398 520
398 810
398 652
398 877
398 656
398 721
398 659
398 980
398 408
398 1012
398 922
398 861
399 884
400 592
400 821
400 822
400 858
400 725
401 449
401 677
401 1007
401 1081
402 425
402 829
402 542
403 677
404 578
404 828
404 747
404 590
404 1142
404 1049
404 1174
406 936
406 842
406 684
408 994
408 420
408 841
408 586
408 1167
408 761
408 441
408 413
409 636
409 1077
411 480
411 1174
412 450
412 909
413 970
413 1070
413 850
413 1012
414 888
415 592
416 527
417 739
417 838
417 527
417 496
417 573
418 821
419 677
420 520
420 1034
420 909
420 656
420 914
420 672
420 545
420 463
420 721
420 861
420 784
420 612
420 877
420 1146
420 634
421 443
421 900
421 520
421 904
421 859
421 463
421 1108
421 1096
421 1144
421 656
421 1066
421 1150
422 672
422 450
422 909
424 592
424 725
425 811
425 518
425 678
425 427
425 839
425 727
425 732
425 477
425 885
425 1095
427 1003
427 542
431 449
431 1007
431 689
431 594
431 1140
431 1081
431 1210
432 677
433 1164
433 1081
435 904
435 1096
436 677
436 911
436 527
437 592
438 545
438 652
438 877
438 1070
438 656
438 980
440 482
440 684
440 1075
440 842
440 447
441 999
441 970
441 1012
441 922
442 747
442 584
442 1142
442 1174
442 828
442 606
443 1161
443 807
443 947
443 1085
443 1216
443 983
443 628
443 503
444 592
445 594
445 1007
447 1036
447 912
447 661
447 687
447 1060
447 1139
447 574
447 577
447 962
447 587
447 1093
447 586
447 1048
447 849
447 469
447 864
447 994
447 502
447 1065
447 801
448 592
449 733
449 713
449 1111
449 744
449 1113
449 662
449 669
450 675
450 1068
450 941
450 942
450 947
450 696
450 1213
450 1091
450 1220
450 454
450 847
450 954
450 616
450 751
450 753
450 1138
450 628
450 890
450 1020
450 765
452 666
452 667
452 787
452 929
452 551
452 1065
452 556
452 1199
452 1201
452 1161
452 692
452 458
452 971
452 1235
452 604
452 1005
452 1135
452 499
452 500
452 763
453 527
454 487
455 931
455 731
456 677
457 677
458 647
458 520
458 1034
458 652
458 528
458 904
458 1172
458 545
458 676
458 1070
458 827
458 1096
458 845
458 851
458 599
458 601
458 482
458 955
458 1001
461 1164
462 545
462 520
462 1034
462 652
462 877
462 1069
462 656
462 914
462 980
462 1183
462 1165
462 784
463 1207
464 739
464 496
464 888
465 491
465 612
465 545
465 909
465 1070
465 823
465 980
465 921
465 1118
466 672
466 653
466 726
466 573
467 578
467 1231
467 816
467 1203
467 1174
467 731
468 1164
470 583
470 1129
470 1063
470 1037
470 1140
470 665
470 698
470 1247
473 1077
474 672
474 528
474 545
474 980
474 656
474 784
475 677
475 1164
475 527
475 594
475 888
475 1226
475 911
475 554
476 677
477 1226
477 1003
477 911
477 884
477 527
478 677
479 677
480 677
480 1192
480 655
480 888
480 698
481 888
481 1164
481 594
482 1065
482 1068
482 818
482 948
482 950
482 830
482 577
482 1220
482 1093
482 978
482 609
482 489
482 618
482 619
482 878
482 881
483 821
484 739
484 527
484 496
484 911
485 904
485 1070
486 545
486 742
486 520
486 810
486 652
486 659
486 980
486 1034
487 1091
487 616
487 1020
487 1213
489 1075
489 827
489 676
489 647
489 1001
489 899
489 746
489 821
490 677
491 962
491 616
491 610
491 1005
491 526
491 687
491 577
491 661
492 821
493 677
493 594
493 888
493 1210
493 1077
495 784
495 1165
496 772
496 759
496 663
496 836
496 1193
496 559
496 816
496 700
496 1088
496 580
496 965
496 590
496 856
496 805
496 1121
496 902
496 880
496 1020
497 636
498 850
499 1037
499 955
500 955
502 592
502 725
503 674
503 1069
503 1126
503 520
503 914
503 623
503 980
503 1144
504 888
504 594
505 673
505 1092
505 616
505 526
505 591
505 1017
505 615
505 605
506 899
506 821
507 1164
507 1081
509 677
510 773
510 712
510 624
510 698
511 528
511 601
512 527
513 677
514 1036
514 1060
514 830
514 831
514 849
514 864
514 994
514 1065
515 784
515 1165
516 904
516 653
516 1070
516 726
518 911
518 527
520 555
520 1156
520 1161
520 1239
520 1036
520 790
520 793
520 1135
520 1184
520 551
520 948
520 1207
520 756
520 1087
520 706
520 841
520 1100
520 1085
520 983
520 932
520 604
520 1249
520 994
520 618
520 807
520 957
520 1139
520 1147
520 536
522 677
523 636
523 1077
524 689
525 592
526 1172
526 647
526 909
526 1053
526 676
526 827
526 844
526 845
526 722
526 851
526 599
526 1209
526 617
526 746
527 790
527 641
527 651
527 1221
527 546
527 902
527 1159
527 688
527 945
527 947
527 564
527 1084
527 957
527 1076
527 843
527 839
527 1068
527 730
527 540
527 1249
527 875
527 1099
527 756
527 894
527 606
528 826
528 537
528 538
528 670
528 803
528 556
528 814
528 948
528 703
528 1218
528 719
528 849
528 1109
528 990
528 977
528 618
528 751
528 757
528 639
528 891
529 909
532 888
532 594
533 822
533 858
533 725
534 741
534 679
534 606
535 884
536 877
536 1069
536 904
536 914
536 980
536 1070
536 1096
536 656
538 784
538 904
538 1165
538 1070
538 1096
538 1183
539 884
540 677
540 911
540 895
541 1248
541 1092
541 664
541 605
542 1095
542 935
542 789
542 762
542 732
542 893
542 885
543 888
544 592
545 1156
545 756
545 800
545 807
545 574
545 1216
545 585
545 847
545 1038
545 735
545 751
545 753
545 869
546 592
546 911
546 1226
547 677
548 1034
548 980
549 672
550 677
551 955
551 647
551 844
551 1070
551 722
551 980
551 599
551 1096
553 677
554 1174
554 783
554 1045
554 1182
554 679
554 896
554 940
554 648
554 799
554 650
554 578
554 584
554 717
554 590
554 975
554 1233
554 1109
554 730
554 989
554 741
554 678
554 1055
554 747
555 721
555 914
555 861
556 955
556 909
556 1165
556 980
556 656
556 672
556 601
556 784
557 739
558 656
558 980
558 877
561 677
562 1121
562 965
562 590
562 1231
565 677
566 636
567 965
567 1231
567 816
567 1174
568 850
571 725
572 684
572 936
572 963
572 822
572 842
572 725
573 946
573 611
573 982
573 918
573 937
573 760
573 825
573 863
574 810
574 652
574 656
574 659
574 980
574 1034
576 592
576 822
577 904
577 1209
577 921
577 1118
578 677
578 625
578 1170
578 739
580 832
580 739
580 1164
580 636
583 667
583 926
584 1042
585 652
586 656
586 592
586 721
586 980
586 1146
586 1012
586 922
586 861
589 888
589 594
590 739
590 1140
590 1149
591 617
592 814
592 780
592 1245
592 789
592 1046
592 796
592 806
592 946
592 697
592 958
592 707
592 1234
592 719
592 1141
592 1084
592 1099
592 627
592 1017
592 959
592 605
593 773
594 1043
594 798
594 802
594 964
594 965
594 908
594 1231
594 1232
594 1242
594 872
594 620
594 879
594 887
597 672
597 909
598 822
599 664
599 952
599 1114
599 615
599 616
599 618
599 1005
599 878
599 1017
601 1068
601 947
601 1174
601 1060
601 814
601 1071
601 690
601 948
601 1220
601 719
601 618
601 890
602 784
602 877
602 656
603 904
603 1070
604 1069
604 1096
604 914
605 726
605 777
605 1195
605 653
606 1051
606 1120
606 1164
606 624
606 888
606 665
606 911
606 1042
607 832
607 636
607 1077
611 838
611 647
611 1001
611 1178
612 1039
612 661
612 790
612 687
612 962
612 1093
612 1109
612 1249
612 756
613 931
613 1174
613 1054
614 904
614 1096
614 1070
615 900
615 617
615 1066
615 844
615 722
615 851
615 1204
615 1053
616 1209
617 866
617 1092
617 1017
617 1015
617 952
618 656
618 900
618 1066
618 877
618 914
618 1075
618 980
619 1075
620 1081
620 1210
622 1077
623 772
623 983
623 1188
624 678
624 839
624 1159
624 1182
624 728
624 730
625 965
625 1231
625 1142
628 672
628 909
628 1108
628 1144
629 677
630 725
632 684
634 1093
634 1039
634 1109
635 1174
636 642
636 776
636 1040
636 1052
636 1182
636 928
636 802
636 938
636 947
636 993
636 840
636 730
636 1137
642 832
642 1007
642 1033
644 677
645 677
647 1017
647 878
647 881
648 677
648 1164
651 911
652 736
652 1156
652 841
652 1239
652 735
653 1161
653 1060
653 701
653 801
653 719
653 993
653 751
653 753
654 936
654 842
654 684
654 963
654 991
655 931
656 1160
656 1161
656 1175
656 671
656 1207
656 696
656 1239
656 751
656 890
659 800
659 869
659 1038
661 1096
661 1070
661 980
662 689
663 1164
663 888
664 1001
664 676
664 844
664 777
664 722
664 851
664 1132
664 900
664 827
665 678
665 679
665 1182
665 1246
665 1080
665 926
665 728
665 1174
665 667
665 730
665 741
666 773
667 1129
667 712
667 698
668 741
668 1203
668 728
668 731
669 677
669 1007
669 689
669 1081
671 877
672 1039
672 1109
672 1011
672 1138
672 1093
672 1062
672 760
672 981
673 850
674 983
676 1092
676 978
676 729
676 1114
676 1248
676 881
676 1017
677 1076
677 780
677 1105
677 1111
677 1113
677 1123
677 1143
677 679
677 691
677 1205
677 697
677 707
677 1221
677 710
677 733
677 738
677 752
677 754
677 757
677 772
677 779
677 782
677 783
677 794
677 799
677 802
677 803
677 988
677 990
677 913
677 875
677 894
677 919
677 896
677 940
677 971
677 975
677 931
677 989
677 996
677 998
678 1140
678 1003
678 829
679 1120
681 858
681 725
683 1203
683 1174
683 731
684 947
684 1060
684 1091
684 1106
684 864
684 849
684 1000
684 749
684 1139
685 739
687 1034
687 1209
688 911
689 1073
689 713
693 888
695 739
696 909
697 822
697 858
697 725
698 731
698 1246
701 726
704 741
704 1203
704 731
707 725
707 858
712 905
712 871
713 1007
714 1203
714 728
714 730
714 731
714 1182
715 822
718 822
719 773
719 1037
721 841
721 1005
721 1039
722 1248
722 729
722 952
722 1114
724 899
724 821
725 1158
725 1163
725 780
725 1198
725 1041
725 1061
725 972
725 1009
725 767
727 1003
727 1050
727 829
728 792
728 1077
729 844
729 827
731 1170
731 1140
731 791
732 884
736 784
739 1025
739 920
739 816
739 965
739 966
739 1088
739 759
739 1231
739 755
745 850
746 1092
746 1005
746 1039
749 842
749 936
749 821
749 822
756 911
756 822
756 1226
756 1144
756 980
756 888
757 821
759 773
760 838
760 1097
760 850
760 1178
761 1096
761 922
761 970
763 955
763 1037
767 858
767 884
773 905
773 925
773 814
773 1201
773 1161
773 1005
773 878
776 1077
777 1248
783 1140
784 1154
784 1156
784 849
784 1005
787 1037
790 911
790 980
790 1226
790 1034
791 1174
793 914
793 1069
798 888
798 1081
799 1140
800 904
800 810
800 1096
800 1034
801 904
801 1070
801 909
801 850
801 1096
802 1007
802 1077
802 1081
806 1144
807 1069
807 914
810 869
810 1160
810 841
810 1038
811 1003
811 829
815 822
817 822
818 1075
819 1142
819 1174
821 1197
821 1058
821 946
821 950
821 831
821 834
821 1230
821 995
821 881
821 891
821 1023
822 1074
822 1198
822 959
822 825
822 1230
822 1148
822 1006
822 957
822 1016
825 838
827 1017
827 1092
827 1248
827 1039
827 1114
828 1042
828 888
829 1227
830 850
830 1075
830 1215
831 1224
831 979
831 980
832 1040
832 928
832 1052
832 1117
834 899
835 1174
838 1109
839 911
839 1081
839 884
841 999
841 970
841 1034
841 980
841 922
841 861
842 947
842 1163
842 1230
842 849
843 884
844 1248
844 1039
845 948
847 904
847 1070
849 1032
849 979
849 1215
850 947
850 1068
851 1017
851 866
851 952
858 1198
858 1171
858 901
858 959
858 972
858 995
861 1036
861 994
862 1168
862 895
864 1032
864 1144
864 1215
869 1096
869 1070
869 980
872 1210
875 911
875 1077
877 1160
877 1156
878 1096
878 1075
879 1210
881 899
884 915
884 1187
885 1003
887 1077
887 1210
888 908
888 1043
888 1079
888 957
888 1249
888 931
888 1109
890 980
895 1065
895 1076
896 1140
898 1164
899 1067
899 950
899 1177
899 1180
900 1248
900 1017
900 1114
900 1207
902 911
903 1070
904 961
904 1167
904 1193
904 941
904 1101
904 948
904 1207
904 1083
904 994
904 1136
904 1000
907 1164
908 1077
908 1210
909 1138
909 952
909 954
909 1005
911 947
911 1221
911 1249
911 1109
914 1156
914 929
914 1087
914 1101
914 1000
916 1164
919 1164
921 1135
926 1247
931 1192
931 1164
931 1208
932 1034
932 1096
947 1097
947 1226
948 1075
948 980
948 1096
950 1001
950 1075
954 1144
955 1039
955 960
955 975
955 1235
955 1005
955 1133
955 1135
957 1144
960 1037
962 1034
962 1209
963 1060
963 1091
963 1163
964 1210
965 1210
967 1164
970 994
970 1036
971 1063
971 1037
975 1037
980 1156
980 1036
980 1039
980 1175
980 1139
980 1085
980 1093
980 1249
980 1038
980 994
980 1005
980 1135
983 1034
983 1144
989 1140
991 1068
992 1164
1000 1069
1000 1146
1001 1114
1003 1191
1005 1209
1005 1037
1005 1063
1007 1159
1007 1111
1007 1052
1010 1096
1010 1070
1029 1034
1030 1164
1032 1065
1032 1060
1034 1161
1034 1239
1034 1184
1034 1085
1034 1139
1037 1180
1037 1199
1037 1246
1037 1222
1038 1096
1038 1070
1039 1070
1042 1142
1052 1081
1056 1174
1062 1144
1063 1222
1063 1201
1064 1164
1065 1168
1065 1075
1068 1097
1068 1075
1069 1100
1069 1109
1069 1147
1069 1087
1070 1200
1070 1167
1075 1220
1075 1092
1075 1098
1076 1223
1076 1168
1077 1202
1077 1139
1077 1085
1077 1242
1080 1140
1083 1096
1085 1108
1091 1166
1096 1161
1096 1207
1097 1220
1097 1109
1097 1161
1108 1161
1108 1138
1108 1109
1108 1147
1109 1178
1109 1144
1114 1204
1140 1203
1140 1231
1144 1207
1144 1249
1146 1161
1146 1193
1150 1207
1156 1165
1156 1183
1170 1203
1170 1174
1183 1239
1210 1231
1226 1249
