0 1
0 2
0 3
0 517
0 7
0 11
0 12
0 89
0 1052
0 31
0 32
0 33
0 42
0 43
0 57
0 62
0 64
0 66
0 581
0 1096
0 73
0 1098
0 75
0 1103
0 80
0 81
0 1109
0 1112
0 601
0 92
0 93
0 95
0 99
0 100
0 1130
0 110
0 628
0 118
0 1145
0 123
0 135
0 1160
0 653
0 146
0 154
0 1179
0 672
0 162
0 164
0 167
0 680
0 682
0 199
0 172
0 178
0 186
0 1212
0 703
0 1221
0 711
0 207
0 210
0 1237
0 217
0 218
0 220
0 1147
0 232
0 235
0 236
0 256
0 555
0 774
0 781
0 291
0 292
0 293
0 294
0 820
0 327
0 328
0 332
0 912
0 357
0 358
0 874
0 875
0 658
0 375
0 376
0 892
0 400
0 913
0 916
0 927
0 421
0 934
0 424
0 948
0 952
0 451
0 470
0 592
0 1017
1 4
1 5
1 6
1 8
1 10
1 13
1 14
1 17
1 19
1 532
1 21
1 534
1 23
1 537
1 26
1 28
1 541
1 30
1 1062
1 39
1 40
1 44
1 45
1 560
1 51
1 52
1 54
1 55
1 59
1 1084
1 573
1 63
1 1089
1 71
1 72
1 1099
1 78
1 82
1 84
1 607
1 1123
1 1125
1 1128
1 105
1 1134
1 112
1 627
1 1140
1 119
1 819
1 129
1 138
1 1167
1 661
1 663
1 1180
1 157
1 670
1 159
1 673
1 1186
1 909
1 171
1 175
1 1202
1 181
1 694
1 1207
1 697
1 1213
1 193
1 1223
1 972
1 717
1 208
1 725
1 726
1 216
1 224
1 229
1 742
1 239
1 756
1 247
1 250
1 763
1 771
1 776
1 556
1 268
1 270
1 275
1 1049
1 279
1 282
1 284
1 802
1 296
1 810
1 777
1 305
1 307
1 309
1 1076
1 834
1 323
1 324
1 1136
1 330
1 335
1 848
1 693
1 346
1 354
1 870
1 367
1 369
1 371
1 884
1 387
1 392
1 1053
1 397
1 404
1 408
1 413
1 926
1 418
1 932
1 947
1 953
1 443
1 452
1 456
1 458
1 460
1 976
1 978
1 472
1 1001
1 497
1 1016
2 257
2 1156
2 1024
2 1035
2 45
2 55
2 441
2 158
3 768
3 747
3 4
3 5
3 705
3 8
3 268
3 399
3 274
3 1027
3 532
3 21
3 534
3 535
3 516
3 923
3 28
3 413
3 670
3 416
3 752
3 418
3 931
3 1220
3 423
3 39
3 297
3 810
3 1136
3 626
3 560
3 305
3 889
3 1131
3 697
3 955
3 573
3 702
3 501
3 193
3 323
3 452
3 71
3 712
3 177
3 247
3 78
3 79
3 208
3 1213
3 978
3 215
3 346
3 347
3 476
3 720
3 354
3 975
3 618
3 363
3 1170
3 367
3 112
3 498
3 756
3 373
3 119
3 761
3 250
3 1116
4 1026
4 1033
4 513
4 9
4 1041
4 18
4 24
4 25
4 27
4 29
4 33
4 546
4 1063
4 1065
4 42
4 47
4 49
4 562
4 53
4 521
4 571
4 65
4 69
4 588
4 1111
4 92
4 96
4 97
4 102
4 106
4 111
4 1141
4 1142
4 637
4 1151
4 128
4 132
4 646
4 136
4 1162
4 140
4 143
4 1168
4 147
4 679
4 168
4 169
4 170
4 174
4 1199
4 183
4 188
4 191
4 192
4 707
4 203
4 719
4 735
4 1249
4 379
4 237
4 238
4 757
4 248
4 259
4 772
4 261
4 263
4 278
4 801
4 291
4 308
4 316
4 318
4 652
4 843
4 337
4 340
4 655
4 349
4 864
4 362
4 830
4 374
4 891
4 395
4 398
4 919
4 925
4 414
4 945
4 438
4 964
4 463
4 468
4 475
4 477
4 1002
4 492
4 495
4 496
4 681
4 1017
5 7
5 136
5 393
5 12
5 781
5 398
5 658
5 259
5 25
5 154
5 32
5 33
5 1222
5 376
5 168
5 812
5 302
5 47
5 49
5 1079
5 190
5 65
5 69
5 710
5 199
5 75
5 588
5 847
5 80
5 81
5 210
5 601
5 602
5 94
5 96
5 864
5 355
5 102
5 871
5 787
5 628
5 886
5 630
5 120
5 1145
5 123
5 510
6 388
6 263
6 136
6 267
6 1168
6 795
6 29
6 47
6 191
6 707
6 583
6 588
6 1112
6 860
6 223
6 1124
6 106
6 1013
6 120
6 362
6 510
7 1027
7 1062
7 1035
7 268
7 45
7 1167
7 1155
7 532
7 21
7 1086
7 441
7 668
7 670
8 386
8 262
8 775
8 1160
8 9
8 394
8 12
8 514
8 857
8 877
8 18
8 147
8 238
8 601
8 152
8 1179
8 412
8 287
8 32
8 417
8 859
8 420
8 42
8 967
8 1068
8 301
8 642
8 304
8 563
8 53
8 585
8 57
8 522
8 64
8 321
8 451
8 836
8 69
8 70
8 865
8 73
8 778
8 75
8 592
8 83
8 340
8 85
8 598
8 1145
8 1112
8 89
8 475
8 93
8 223
8 737
8 227
8 360
8 1130
8 109
8 110
8 116
8 245
8 377
8 379
8 853
9 520
9 13
9 14
9 1049
9 30
9 35
9 38
9 39
9 40
9 44
9 52
9 1077
9 567
9 56
9 1083
9 1084
9 63
9 1089
9 76
9 77
9 591
9 90
9 1117
9 618
9 1132
9 113
9 115
9 631
9 634
9 647
9 144
9 659
9 150
9 663
9 153
9 156
9 160
9 166
9 568
9 171
9 1202
9 181
9 182
9 185
9 193
9 708
9 197
9 198
9 1143
9 208
9 1239
9 224
9 739
9 229
9 749
9 239
9 242
9 250
9 764
9 773
9 897
9 264
9 269
9 776
9 275
9 802
9 306
9 312
9 315
9 319
9 323
9 324
9 693
9 344
9 861
9 869
9 368
9 371
9 385
9 903
9 397
9 413
9 930
9 426
9 428
9 942
9 951
9 448
9 452
9 454
9 969
9 458
9 973
9 1101
9 978
9 472
9 479
9 483
9 490
9 491
9 503
10 128
10 775
10 136
10 521
10 398
10 414
10 1056
10 33
10 290
10 47
10 818
10 830
10 69
10 1097
10 338
10 1112
10 602
10 1248
10 238
10 382
10 630
10 120
10 510
11 670
12 1027
12 134
12 647
12 268
12 21
12 662
12 409
12 1049
12 22
12 670
12 932
12 1030
12 392
12 180
12 1078
12 1211
12 573
12 329
12 972
12 1133
12 371
12 661
13 644
13 1157
13 136
13 778
13 267
13 780
13 525
13 16
13 18
13 147
13 24
13 1178
13 801
13 290
13 679
13 169
13 1194
13 684
13 46
13 47
13 48
13 49
13 50
13 350
13 310
13 265
13 188
13 447
13 192
13 321
13 966
13 584
13 1004
13 974
13 120
13 340
13 85
13 88
13 857
13 602
13 222
13 223
13 96
13 865
13 994
13 741
13 614
13 744
13 876
13 1150
13 1043
13 510
13 248
13 478
13 1087
13 1020
13 382
14 1031
14 1032
14 15
14 18
14 20
14 24
14 540
14 33
14 41
14 558
14 47
14 49
14 565
14 566
14 60
14 61
14 574
14 1090
14 67
14 69
14 1094
14 588
14 85
14 600
14 602
14 92
14 1118
14 98
14 1124
14 620
14 1042
14 630
14 120
14 128
14 641
14 130
14 645
14 136
14 1162
14 142
14 147
14 664
14 1182
14 163
14 676
14 169
14 684
14 176
14 179
14 183
14 1142
14 201
14 202
14 723
14 1238
14 734
14 738
14 230
14 240
14 1152
14 261
14 775
14 778
14 785
14 788
14 288
14 803
14 818
14 313
14 1153
14 844
14 343
14 857
14 350
14 865
14 361
14 878
14 1085
14 891
14 893
14 398
14 406
14 414
14 417
14 419
14 438
14 449
14 967
14 968
14 461
14 464
14 474
14 990
14 1017
14 508
14 509
14 510
15 776
15 35
15 36
15 1022
16 897
16 391
16 520
16 649
16 779
16 908
16 63
16 911
16 1245
16 708
16 150
16 153
16 539
16 947
16 30
16 1008
16 798
16 1188
16 549
16 38
16 551
16 40
16 809
16 519
16 428
16 861
16 1200
16 307
16 309
16 905
16 56
16 526
16 572
16 445
16 181
16 450
16 195
16 580
16 597
16 1228
16 951
16 76
16 930
16 1232
16 594
16 213
16 855
16 603
16 733
16 1061
16 742
16 359
16 104
16 124
16 107
16 621
16 368
16 625
16 1010
16 383
16 372
16 629
16 1143
16 1016
16 634
16 127
16 252
16 341
17 33
17 136
17 521
17 111
17 1017
17 92
17 830
17 223
18 529
18 30
18 35
18 36
18 39
18 40
18 44
18 58
18 572
18 577
18 71
18 589
18 78
18 1113
18 90
18 1120
18 1126
18 104
18 113
18 122
18 129
18 647
18 141
18 657
18 1170
18 659
18 149
18 1175
18 666
18 1181
18 160
18 675
18 960
18 678
18 177
18 181
18 1211
18 1213
18 193
18 1219
18 204
18 208
18 212
18 215
18 729
18 228
18 229
18 742
18 242
18 260
18 1239
18 783
18 272
18 276
18 289
18 802
18 300
18 309
18 312
18 315
18 828
18 317
18 319
18 323
18 324
18 837
18 331
18 1165
18 339
18 341
18 346
18 347
18 862
18 869
18 1084
18 363
18 880
18 371
18 373
18 897
18 1089
18 411
18 413
18 929
18 418
18 932
18 426
18 947
18 436
18 955
18 957
18 448
18 1184
18 462
18 1101
18 983
18 166
18 1006
18 501
18 502
18 504
19 864
19 69
19 33
19 925
19 169
19 106
19 263
19 679
19 238
19 47
19 1168
19 49
19 362
19 398
19 278
19 664
19 29
19 414
19 735
20 776
20 686
20 117
20 790
20 23
20 283
20 959
21 128
21 1026
21 132
21 136
21 393
21 388
21 395
21 256
21 365
21 656
21 259
21 302
21 278
21 25
21 27
21 29
21 286
21 928
21 33
21 290
21 168
21 42
21 263
21 1197
21 174
21 1203
21 1145
21 439
21 440
21 57
21 1119
21 850
21 189
21 190
21 191
21 65
21 707
21 964
21 965
21 199
21 841
21 75
21 206
21 847
21 209
21 210
21 596
21 654
21 825
21 1112
21 1111
21 1115
21 94
21 95
21 612
21 997
21 489
21 106
21 1005
21 748
21 338
21 110
21 111
21 1064
21 1138
21 244
21 873
21 376
21 494
21 123
21 362
21 382
22 256
22 135
22 400
22 494
22 1174
22 217
22 281
22 32
22 674
22 680
22 815
22 946
22 1096
22 75
22 1100
22 80
22 1236
22 601
22 604
22 95
22 236
22 110
22 628
22 378
22 892
22 255
23 128
23 132
23 518
23 263
23 364
23 906
23 1164
23 654
23 531
23 791
23 1177
23 196
23 540
23 29
23 1093
23 33
23 1058
23 291
23 37
23 1244
23 554
23 427
23 1206
23 316
23 1085
23 608
23 579
23 68
23 69
23 161
23 74
23 1107
23 982
23 343
23 92
23 349
23 352
23 864
23 356
23 101
23 872
23 746
23 108
23 238
23 114
23 1171
23 1095
24 385
24 258
24 939
24 897
24 776
24 779
24 396
24 1219
24 269
24 663
24 580
24 28
24 285
24 30
24 1008
24 603
24 960
24 166
24 40
24 299
24 861
24 560
24 177
24 307
24 52
24 798
24 445
24 319
24 704
24 195
24 324
24 837
24 454
24 71
24 713
24 458
24 78
24 79
24 1213
24 722
24 726
24 472
24 729
24 346
24 347
24 634
24 484
24 38
24 104
24 252
24 618
24 619
24 367
24 368
24 754
24 638
24 246
24 250
24 1023
24 124
24 126
24 383
25 193
25 258
25 923
25 1062
25 39
25 969
25 299
25 268
25 802
25 1198
25 208
25 305
25 978
25 1081
25 250
25 767
25 285
25 229
26 128
26 1107
26 267
26 644
26 69
26 864
26 33
26 263
26 1168
26 291
26 92
26 29
26 223
27 933
27 134
27 329
27 907
27 556
27 1133
27 687
27 180
27 662
27 887
27 250
27 923
27 766
28 128
28 386
28 263
28 1033
28 524
28 337
28 143
28 656
28 1066
28 921
28 29
28 325
28 1056
28 33
28 419
28 1105
28 42
28 301
28 1074
28 691
28 954
28 188
28 318
28 64
28 69
28 801
28 1097
28 334
28 209
28 852
28 398
28 599
28 859
28 223
28 231
28 316
28 1130
28 1005
28 109
28 238
28 111
28 116
28 245
28 248
28 1145
28 170
29 399
29 657
29 404
29 537
29 673
29 34
29 1062
29 39
29 556
29 694
29 824
29 957
29 72
29 761
29 204
29 79
29 720
29 465
29 722
29 339
29 86
29 87
29 1167
29 1018
29 481
29 995
29 870
29 1001
29 747
29 1134
29 752
29 121
29 122
29 1173
30 128
30 132
30 136
30 266
30 267
30 780
30 398
30 147
30 857
30 1178
30 667
30 33
30 290
30 550
30 896
30 691
30 440
30 188
30 778
30 447
30 69
30 1249
30 584
30 1098
30 338
30 340
30 85
30 1017
30 1112
30 852
30 384
30 92
30 222
30 223
30 864
30 865
30 227
30 103
30 238
30 248
30 377
30 379
30 382
31 1155
31 670
32 323
32 452
32 1030
32 573
32 532
32 756
32 409
32 1084
32 413
32 1086
33 385
33 258
33 811
33 134
33 897
33 1198
33 268
33 173
33 687
33 532
33 512
33 283
33 282
33 34
33 923
33 1189
33 38
33 1180
33 299
33 556
33 45
33 662
33 541
33 1139
33 180
33 949
33 54
33 1081
33 570
33 443
33 573
33 1086
33 708
33 725
33 72
33 329
33 842
33 333
33 987
33 848
33 466
33 1123
33 270
33 1209
33 345
33 219
33 480
33 481
33 610
33 1019
33 894
33 1039
33 105
33 1234
33 747
33 1133
33 1007
33 752
33 627
33 117
33 250
33 767
33 899
33 253
33 766
33 686
34 128
34 132
34 263
34 1064
34 841
34 106
34 748
34 654
34 1021
34 1168
34 362
34 1098
34 1177
34 92
34 1119
35 832
35 522
35 147
35 547
35 420
35 165
35 684
35 1071
35 313
35 320
35 321
35 457
35 979
35 85
35 350
35 103
35 234
35 1003
35 379
36 321
36 1003
36 585
36 202
36 203
36 525
36 1238
36 313
36 350
37 105
37 117
38 417
38 266
39 261
39 769
39 136
39 778
39 192
39 1130
39 278
39 664
39 667
39 265
39 414
39 417
39 475
39 292
39 165
39 679
39 168
39 169
39 42
39 47
39 816
39 49
39 53
39 310
39 183
39 696
39 64
39 438
39 311
39 588
39 925
39 719
39 851
39 85
39 598
39 91
39 735
39 96
39 865
39 102
39 103
39 106
39 109
39 495
39 624
39 116
39 891
39 637
39 1109
40 898
40 775
40 266
40 962
40 1176
40 147
40 667
40 46
40 778
40 321
40 578
40 69
40 584
40 203
40 340
40 85
40 1112
40 865
40 994
40 103
40 744
40 241
40 377
41 776
42 257
42 131
42 134
42 647
42 909
42 1155
42 662
42 1156
42 284
42 413
42 158
42 1075
42 1139
42 548
42 552
42 810
42 556
42 45
42 1070
42 797
42 434
42 51
42 180
42 693
42 1078
42 55
42 569
42 1084
42 958
42 992
42 834
42 323
42 452
42 1089
42 329
42 1122
42 335
42 208
42 595
42 983
42 216
42 988
42 480
42 336
42 610
42 486
42 1133
42 1136
42 112
42 371
42 756
42 247
42 1149
42 405
43 1155
43 532
44 290
44 419
44 69
44 103
44 136
44 522
44 238
44 241
44 85
44 398
44 521
44 1176
44 857
44 667
44 778
44 350
44 511
45 128
45 132
45 133
45 390
45 1033
45 209
45 524
45 781
45 337
45 143
45 146
45 1066
45 654
45 921
45 154
45 1221
45 928
45 1058
45 291
45 1195
45 47
45 562
45 513
45 381
45 952
45 318
45 703
45 1142
45 1227
45 69
45 1222
45 1095
45 1021
45 588
45 590
45 1103
45 81
45 419
45 398
45 92
45 353
45 231
45 233
45 746
45 658
45 111
45 467
45 886
45 120
45 1017
45 1148
45 170
46 391
46 526
46 911
46 153
46 1188
46 307
46 52
46 319
46 960
46 195
46 324
46 458
46 472
46 729
46 736
46 742
46 619
46 368
46 754
46 63
46 383
47 512
47 541
47 1029
47 552
47 51
47 52
47 55
47 1081
47 573
47 63
47 71
47 1099
47 84
47 1038
47 1113
47 1125
47 618
47 112
47 1140
47 122
47 640
47 129
47 131
47 138
47 651
47 367
47 157
47 1196
47 797
47 1202
47 692
47 184
47 701
47 702
47 704
47 193
47 208
47 228
47 243
47 250
47 258
47 777
47 270
47 557
47 285
47 299
47 300
47 305
47 821
47 319
47 838
47 330
47 397
47 848
47 339
47 855
47 346
47 354
47 879
47 368
47 380
47 387
47 909
47 405
47 935
47 429
47 950
47 976
47 978
47 987
47 992
47 336
47 484
47 486
47 1015
47 1016
47 506
48 1200
48 195
48 391
48 809
48 459
48 526
48 1008
48 307
48 309
48 999
48 1016
48 153
48 319
48 252
48 63
49 831
49 683
49 260
49 391
49 776
49 779
49 783
49 528
49 145
49 274
49 276
49 277
49 151
49 792
49 153
49 623
49 1181
49 798
49 800
49 880
49 675
49 855
49 549
49 297
49 455
49 605
49 786
49 177
49 307
49 442
49 1213
49 63
49 193
49 195
49 71
49 72
49 1225
49 586
49 459
49 78
49 1072
49 736
49 1067
49 215
49 1047
49 346
49 1243
49 221
49 456
49 537
49 634
49 484
49 229
49 743
49 1001
49 404
49 402
49 367
49 368
49 789
49 119
49 1016
49 121
49 122
49 319
49 252
49 383
50 520
50 138
50 779
50 621
50 368
50 973
50 52
50 472
50 153
50 634
50 383
50 1054
50 63
51 588
51 1142
51 664
52 515
52 522
52 536
52 667
52 414
52 415
52 417
52 936
52 169
52 188
52 326
52 588
52 248
52 1235
52 348
52 478
52 226
52 103
52 622
52 241
52 120
52 1176
52 1020
52 510
52 511
53 258
53 131
53 1029
53 392
53 918
53 1049
53 666
53 923
53 284
53 285
53 1136
53 932
53 556
53 1198
53 413
53 305
53 693
53 569
53 1211
53 1084
53 575
53 834
53 323
53 582
53 204
53 208
53 595
53 724
53 983
53 953
53 987
53 250
53 618
53 112
53 371
53 756
53 504
53 122
53 767
54 128
54 69
54 864
54 136
54 170
54 231
54 334
54 111
54 337
54 562
54 1107
54 513
54 374
54 599
54 984
54 1112
54 143
54 1105
55 136
55 521
55 770
55 493
55 664
55 414
55 1055
55 295
55 169
55 301
55 1082
55 830
55 703
55 64
55 69
55 588
55 1112
55 89
55 91
55 223
55 864
55 485
55 679
55 109
55 753
55 245
55 758
55 120
56 522
56 417
57 480
57 1062
57 134
57 647
57 329
57 907
57 1133
57 1167
57 392
57 371
57 180
57 662
57 1049
57 1053
57 670
58 147
58 563
58 85
58 420
58 379
59 290
59 227
59 644
59 69
59 775
59 136
59 521
59 267
59 398
59 709
59 223
60 776
61 776
62 532
63 515
63 261
63 136
63 266
63 1163
63 664
63 622
63 280
63 431
63 925
63 414
63 290
63 521
63 966
63 679
63 169
63 437
63 438
63 183
63 314
63 1162
63 830
63 326
63 587
63 588
63 846
63 338
63 1235
63 1108
63 88
63 223
63 226
63 614
63 876
63 366
63 1142
63 1112
63 891
63 1020
63 382
64 257
64 260
64 647
64 983
64 909
64 910
64 835
64 276
64 534
64 768
64 920
64 1049
64 282
64 411
64 413
64 158
64 802
64 548
64 938
64 1156
64 685
64 392
64 627
64 564
64 693
64 697
64 1211
64 1084
64 702
64 831
64 193
64 961
64 323
64 1025
64 1089
64 969
64 1122
64 953
64 932
64 1243
64 1060
64 354
64 229
64 623
64 112
64 371
64 958
64 247
64 532
65 923
65 1062
65 423
65 556
65 970
65 268
65 573
65 1027
65 250
65 687
65 285
65 661
66 1155
68 677
68 751
68 790
68 117
68 86
68 283
68 829
69 512
69 1035
69 534
69 1028
69 556
69 1084
69 573
69 1086
69 693
69 1089
69 1102
69 84
69 953
69 1114
69 603
69 607
69 105
69 618
69 122
69 647
69 668
69 158
69 159
69 166
69 171
69 173
69 687
69 181
69 184
69 697
69 1211
69 701
69 197
69 200
69 205
69 211
69 219
69 756
69 247
69 250
69 253
69 767
69 258
69 264
69 268
69 270
69 275
69 296
69 810
69 822
69 312
69 323
69 842
69 339
69 342
69 879
69 369
69 371
69 887
69 889
69 897
69 408
69 923
69 413
69 932
69 423
69 429
69 441
69 957
69 460
69 983
69 987
69 998
69 1007
71 644
71 136
71 267
71 664
71 147
71 900
71 795
71 414
71 290
71 945
71 168
71 169
71 818
71 563
71 438
71 183
71 571
71 447
71 321
71 578
71 523
71 1142
71 715
71 718
71 338
71 468
71 85
71 1240
71 602
71 860
71 223
71 891
71 1043
71 1013
71 630
71 120
71 1145
71 379
71 637
71 510
72 128
72 290
72 132
72 438
72 945
72 136
72 106
72 583
72 1021
72 1104
72 851
72 278
72 440
72 388
72 382
72 735
73 323
73 810
73 756
73 693
73 983
73 413
74 1057
74 296
74 105
74 686
74 1039
74 117
74 790
74 283
74 1045
75 134
75 1086
75 413
75 944
75 180
75 983
75 1078
75 125
75 670
75 693
76 266
77 962
77 165
77 103
77 522
77 241
77 667
78 525
78 684
78 563
78 183
78 832
78 321
78 709
78 585
78 979
78 1112
78 350
78 223
78 227
78 379
78 1145
78 891
78 637
79 545
79 1026
79 362
79 395
79 813
79 1197
79 757
79 278
79 1145
79 463
79 444
79 106
79 1151
79 735
80 1030
80 532
80 409
80 573
81 1155
81 423
81 972
81 268
81 1053
81 661
81 889
81 441
81 668
81 573
81 670
81 1215
83 452
83 413
84 775
84 136
84 521
84 652
84 398
84 664
84 414
84 1056
84 419
84 169
84 316
84 830
84 1097
84 588
84 1107
84 349
84 864
84 1124
84 238
84 120
84 510
85 129
85 392
85 1067
85 647
85 137
85 407
85 908
85 528
85 145
85 659
85 148
85 789
85 151
85 418
85 932
85 166
85 1193
85 426
85 455
85 942
85 605
85 560
85 305
85 307
85 312
85 839
85 845
85 448
85 193
85 323
85 324
85 197
85 1089
85 456
85 458
85 663
85 717
85 141
85 208
85 855
85 1210
85 471
85 344
85 729
85 346
85 603
85 442
85 351
85 225
85 484
85 269
85 742
85 749
85 367
85 368
85 754
85 371
85 756
85 776
85 119
85 635
86 1168
86 263
87 263
87 1168
87 278
87 735
87 1151
88 391
88 520
88 777
88 138
88 195
88 153
88 798
88 800
88 1188
88 307
88 1214
88 319
88 1091
88 459
88 606
88 991
88 1008
88 881
88 1016
88 252
89 257
89 1122
89 452
89 1024
89 647
89 371
89 532
89 1049
89 1089
90 832
90 522
90 403
90 1048
90 665
90 538
90 667
90 547
90 165
90 1071
90 684
90 303
90 320
90 457
90 203
90 732
90 350
90 103
90 234
90 241
90 147
90 1012
90 511
91 193
91 1156
91 260
91 1000
91 937
91 257
91 208
91 1192
91 1075
91 564
91 958
91 214
91 548
91 1181
91 158
92 899
92 776
92 173
92 532
92 1045
92 408
92 923
92 1189
92 166
92 425
92 556
92 686
92 687
92 817
92 959
92 842
92 333
92 219
92 1039
92 105
92 1135
92 117
92 887
92 253
92 894
93 452
93 1053
93 532
93 693
93 413
93 670
94 1173
94 610
94 1027
94 134
94 329
94 268
94 1215
94 750
94 1167
94 972
94 180
94 662
94 1062
94 636
94 573
94 1086
94 661
95 1062
96 1027
96 268
96 530
96 1044
96 533
96 260
96 666
96 923
96 307
96 564
96 573
96 1086
96 319
96 193
96 195
96 970
96 204
96 721
96 978
96 229
96 488
96 617
96 423
96 1008
96 889
96 122
96 252
97 678
97 556
97 204
97 957
97 687
97 657
97 339
97 533
97 887
97 504
97 996
97 122
97 923
97 666
98 776
99 1155
99 1053
99 670
100 1155
101 105
101 1039
101 1045
101 790
102 768
102 131
102 268
102 910
102 530
102 1027
102 1044
102 405
102 260
102 923
102 284
102 1181
102 802
102 675
102 552
102 305
102 692
102 193
102 834
102 969
102 970
102 1099
102 208
102 978
102 336
102 354
102 229
102 488
102 617
102 423
102 112
102 889
103 260
103 389
103 961
103 1175
103 269
103 276
103 663
103 580
103 1181
103 166
103 690
103 826
103 960
103 193
103 324
103 675
103 729
103 603
103 869
103 104
103 551
103 112
103 625
103 372
103 127
104 801
104 898
104 420
104 165
104 203
104 147
104 340
104 377
104 667
104 188
104 1249
105 128
105 1158
105 1159
105 1033
105 906
105 139
105 524
105 706
105 398
105 143
105 1046
105 410
105 155
105 669
105 543
105 794
105 291
105 298
105 922
105 1208
105 316
105 714
105 318
105 447
105 576
105 194
105 267
105 1224
105 716
105 590
105 209
105 419
105 1098
105 1230
105 982
105 1112
105 1241
105 731
105 223
105 864
105 993
105 482
105 746
105 238
105 111
105 882
105 1011
105 446
105 1017
105 1146
105 251
105 1066
106 768
106 258
106 899
106 134
106 399
106 662
106 416
106 1062
106 299
106 556
106 1198
106 687
106 180
106 443
106 957
106 193
106 1220
106 453
106 1223
106 329
106 1099
106 204
106 208
106 339
106 1173
106 987
106 250
106 933
106 481
106 354
106 1167
106 1133
106 1135
106 112
106 894
106 887
106 121
106 122
106 763
106 767
106 766
106 533
107 266
109 131
109 647
109 405
109 1049
109 282
109 284
109 413
109 752
109 932
109 582
109 371
109 953
109 575
109 452
109 838
109 336
109 983
109 747
109 112
109 627
109 247
110 323
110 452
110 134
110 756
110 1136
110 1155
110 180
110 532
110 413
110 693
111 512
111 640
111 258
111 134
111 907
111 1045
111 1039
111 662
111 666
111 285
111 1173
111 1062
111 425
111 299
111 556
111 687
111 180
111 441
111 1035
111 1078
111 329
111 204
111 1081
111 987
111 988
111 250
111 1120
111 610
111 618
111 668
111 1167
111 750
111 887
111 504
111 122
111 767
111 636
111 533
112 386
112 136
112 1176
112 290
112 292
112 191
112 707
112 588
112 382
112 859
112 1124
112 362
112 624
112 241
112 245
112 1142
112 120
112 1145
112 510
112 511
113 321
113 420
113 684
113 147
113 585
113 350
115 522
115 417
116 752
116 323
116 452
116 1084
116 747
116 1136
116 208
116 305
116 371
116 756
116 534
116 247
116 1049
117 128
117 706
117 251
117 1098
117 161
117 1231
117 139
117 906
117 1021
117 433
117 1017
117 132
117 155
117 714
117 1093
118 532
118 1053
118 670
119 757
119 1043
119 644
119 709
119 945
119 136
119 521
119 395
119 463
119 168
119 227
119 438
119 1112
119 1087
119 830
119 223
120 1191
120 129
120 1172
120 131
120 257
120 776
120 855
120 268
120 661
120 145
120 387
120 789
120 405
120 1086
120 668
120 157
120 159
120 368
120 418
120 1187
120 548
120 423
120 809
120 940
120 541
120 560
120 561
120 947
120 309
120 822
120 184
120 441
120 1210
120 699
120 573
120 958
120 319
120 1140
120 1075
120 330
120 1200
120 460
120 205
120 1166
120 909
120 336
120 270
120 726
120 505
120 472
120 346
120 733
120 736
120 976
120 484
120 486
120 488
120 617
120 807
120 970
120 879
120 1128
120 243
120 500
120 501
120 249
120 639
121 261
121 263
121 1168
121 183
121 891
121 191
122 1195
122 388
122 261
122 263
122 665
122 1162
122 524
122 143
122 656
122 403
122 278
122 495
122 664
122 559
122 928
122 945
122 775
122 303
122 1168
122 438
122 183
122 698
122 318
122 192
122 321
122 203
122 588
122 590
122 337
122 598
122 475
122 735
122 209
122 496
122 1142
122 374
122 891
122 362
122 1151
123 480
123 610
123 134
123 329
123 1173
123 268
123 1133
123 1167
123 972
123 180
123 1078
123 532
123 1062
123 636
123 573
123 661
124 1249
124 780
124 691
124 852
124 1178
124 188
124 222
127 962
127 241
127 1178
127 667
127 222
127 511
128 173
128 404
128 534
128 408
128 282
128 933
128 556
128 686
128 687
128 817
128 184
128 697
128 1186
128 725
128 1039
128 506
128 481
128 894
128 870
128 879
128 627
128 247
128 250
128 253
128 766
128 1045
129 136
129 521
129 525
129 664
129 290
129 684
129 563
129 321
129 203
129 718
129 338
129 602
129 350
129 1124
129 510
129 379
129 382
131 679
131 169
131 588
131 1142
131 510
131 602
131 925
131 414
132 897
132 258
132 1035
132 1036
132 269
132 1167
132 273
132 404
132 790
132 283
132 668
132 923
132 805
132 166
132 441
132 959
132 466
132 1209
132 344
132 1189
132 481
132 1062
132 870
132 618
132 250
132 894
132 767
134 388
134 524
134 1005
134 656
134 583
134 430
134 1079
134 843
134 710
134 545
134 140
134 206
134 209
134 362
134 365
134 244
134 374
135 1155
135 532
136 1024
136 528
136 1051
136 541
136 1062
136 556
136 560
136 1075
136 1034
136 577
136 526
136 1113
136 1116
136 606
136 607
136 1122
136 616
136 277
136 1167
136 145
136 661
136 151
136 153
136 157
136 1188
136 166
136 687
136 1200
136 177
136 1207
136 184
136 1210
136 702
136 704
136 195
136 205
136 215
136 1242
136 221
136 228
136 809
136 257
136 776
136 268
136 270
136 274
136 789
136 800
136 297
136 307
136 309
136 822
136 827
136 317
136 333
136 848
136 345
136 149
136 387
136 391
136 1173
136 935
136 425
136 947
136 436
136 956
136 958
136 963
136 456
136 459
136 972
136 977
136 986
136 991
136 423
136 1009
136 500
136 1016
138 642
138 227
138 836
138 360
138 169
138 267
138 876
138 795
138 280
138 447
138 1142
138 1112
138 287
138 223
139 1189
139 296
139 1014
139 959
140 1078
140 329
140 180
140 662
140 923
141 832
141 321
141 420
141 684
141 525
141 563
141 147
141 979
141 379
141 350
143 1120
143 747
143 204
143 1039
143 752
143 996
143 441
143 666
145 865
145 290
145 630
145 945
145 871
145 778
145 338
145 438
145 857
145 602
145 510
146 1035
146 532
146 441
146 668
146 670
147 897
147 1219
147 855
147 911
147 784
147 401
147 1126
147 148
147 277
147 539
147 346
147 166
147 1009
147 498
147 413
147 560
147 177
147 181
147 1080
147 187
147 603
147 195
147 616
147 776
147 923
147 1101
147 462
147 341
147 854
147 215
147 347
147 762
147 1239
147 225
147 315
147 484
147 269
147 742
147 941
147 363
147 983
147 367
147 368
147 242
147 373
147 634
147 1022
148 377
148 340
149 321
149 585
149 525
149 563
149 379
149 350
151 290
151 261
151 521
151 1162
151 719
151 338
151 438
151 183
151 891
152 323
152 1084
153 261
153 266
153 280
153 1183
153 417
153 435
153 438
153 183
153 966
153 1108
153 348
153 366
153 883
153 891
153 637
153 254
154 423
154 970
154 268
154 532
154 1086
154 573
154 670
155 1189
155 686
155 283
155 959
156 417
157 521
157 267
157 1240
157 290
157 169
157 818
157 440
157 830
157 447
157 709
157 588
157 1112
157 602
157 223
157 227
157 871
157 630
157 1142
157 382
158 775
158 967
158 493
158 238
158 653
158 758
158 703
159 864
159 419
159 398
159 1112
159 818
159 630
159 602
159 510
160 321
160 522
160 203
160 303
160 585
161 1189
161 686
162 1155
162 532
162 670
163 776
164 1155
164 1053
164 670
165 580
165 869
165 1175
165 242
165 341
165 690
165 539
165 826
165 1022
165 885
166 775
166 652
166 398
166 1056
166 417
166 419
166 684
166 316
166 832
166 967
166 1097
166 979
166 349
166 350
166 864
166 238
166 1021
167 1155
167 532
168 1027
168 268
168 661
168 418
168 423
168 573
168 1215
168 455
168 456
168 970
168 972
168 208
168 849
168 346
168 484
168 367
168 839
168 501
168 889
169 1219
169 776
169 779
169 823
169 274
169 1047
169 923
169 418
169 862
169 838
169 552
169 809
169 1223
169 556
169 687
169 560
169 177
169 1202
169 309
169 443
169 704
169 193
169 955
169 195
169 582
169 909
169 330
169 501
169 205
169 462
169 397
169 336
169 978
169 561
169 855
169 472
169 346
169 347
169 733
169 575
169 736
169 976
169 763
169 484
169 229
169 762
169 363
169 1170
169 367
169 368
169 498
169 243
169 373
169 249
169 634
169 319
169 252
169 383
170 512
170 640
170 258
170 811
170 1035
170 923
170 668
170 285
170 299
170 556
170 1198
170 687
170 441
170 1081
170 987
170 618
170 747
170 887
170 250
170 766
170 767
171 419
171 775
171 967
171 398
172 1155
172 532
172 1053
172 670
173 864
173 775
173 316
173 238
173 1017
173 349
174 1062
174 556
174 250
174 923
174 285
175 227
175 644
175 709
175 267
175 1043
175 1087
175 223
176 776
177 898
177 521
177 395
177 1026
177 925
177 420
177 679
177 684
177 813
177 1145
177 438
177 444
177 830
177 832
177 321
177 578
177 585
177 340
177 1111
177 350
177 945
177 377
177 379
178 532
178 670
180 388
180 1160
180 782
180 286
180 711
180 1079
180 1212
180 843
180 583
180 206
180 209
180 596
180 984
180 601
180 487
180 873
180 362
180 374
180 1129
181 1056
181 578
181 420
181 321
181 522
181 203
181 525
181 398
181 1097
181 417
181 563
181 585
181 379
181 989
181 350
182 417
183 258
183 683
183 391
183 776
183 783
183 402
183 276
183 260
183 411
183 285
183 675
183 808
183 299
183 556
183 1181
183 560
183 1073
183 1243
183 1081
183 957
183 193
183 961
183 459
183 204
183 977
183 978
183 339
183 526
183 726
183 1128
183 987
183 250
183 606
183 999
183 616
183 618
183 914
183 623
183 880
183 881
183 1213
183 1016
183 923
184 1056
184 290
184 419
184 1124
184 775
184 521
184 871
184 1248
184 398
184 414
184 1142
184 1097
184 510
184 602
184 382
185 417
186 1053
186 670
187 420
188 911
188 534
188 282
188 539
188 752
188 923
188 556
188 687
188 690
188 307
188 798
188 697
188 445
188 195
188 1008
188 341
188 472
188 747
188 368
188 247
188 252
188 766
188 1023
190 1062
190 268
190 1167
190 661
190 573
191 768
191 258
191 995
191 1125
191 1099
191 556
191 354
191 250
191 285
191 702
192 911
192 657
192 533
192 798
192 933
192 678
192 556
192 687
192 305
192 307
192 957
192 195
192 204
192 208
192 339
192 1008
192 252
192 766
193 388
193 522
193 267
193 525
193 1043
193 795
193 925
193 414
193 292
193 679
193 301
193 438
193 778
193 757
193 321
193 395
193 644
193 203
193 588
193 463
193 719
193 857
193 1111
193 860
193 350
193 223
193 891
193 1013
193 1087
193 493
193 637
193 245
193 1142
193 379
193 362
193 1109
194 1045
194 1039
195 898
195 521
195 266
195 265
195 925
195 1183
195 420
195 679
195 1194
195 435
195 438
195 311
195 830
195 1249
195 584
195 340
195 945
195 994
195 614
195 1004
195 248
195 254
196 790
197 864
197 417
197 1056
197 778
197 398
197 1107
197 1097
198 522
199 1062
199 423
199 488
199 617
199 1086
199 268
199 721
199 530
199 889
199 573
199 670
200 419
200 652
200 398
200 238
200 316
200 349
201 776
202 776
203 556
203 580
203 260
203 802
203 300
203 687
203 690
203 826
203 827
203 324
203 978
203 341
203 729
203 603
203 228
203 229
203 742
203 380
203 766
204 261
204 263
204 1033
204 1162
204 891
204 1168
204 921
204 928
204 804
204 1066
204 1195
204 559
204 563
204 954
204 318
204 321
204 578
204 590
204 989
204 350
204 507
204 362
204 496
204 379
205 864
205 1056
205 679
205 871
205 398
205 818
205 1107
205 630
205 521
205 602
206 480
206 1062
206 329
206 907
206 1133
206 1167
206 1139
206 1173
207 532
207 1053
207 670
208 1026
208 388
208 778
208 395
208 900
208 414
208 545
208 684
208 563
208 571
208 523
208 583
208 588
208 463
208 468
208 1111
208 857
208 350
208 362
208 765
208 757
208 379
209 610
209 678
209 747
209 1078
209 1039
209 752
209 657
209 339
209 534
209 247
209 1133
209 697
209 1062
209 329
210 1062
210 532
210 573
210 1086
211 864
211 1107
211 238
211 775
212 321
212 578
212 684
212 989
212 350
213 222
214 753
214 493
214 758
215 832
215 321
215 290
215 521
215 684
215 525
215 1104
215 578
215 382
215 438
215 979
215 440
215 989
215 350
216 642
216 227
216 644
216 709
216 360
216 1087
216 1043
216 1112
216 223
216 287
217 1155
217 670
218 532
219 864
219 775
219 1097
219 1098
219 398
219 1107
219 1017
219 1056
220 532
221 290
221 521
221 338
221 830
222 897
222 1245
222 551
222 499
222 370
222 307
222 1023
222 445
223 1024
223 257
223 387
223 897
223 777
223 1039
223 643
223 1045
223 408
223 282
223 673
223 798
223 1187
223 548
223 1075
223 808
223 425
223 560
223 1201
223 307
223 309
223 950
223 1213
223 958
223 323
223 802
223 909
223 693
223 469
223 726
223 1114
223 1122
223 484
223 229
223 796
223 616
223 747
223 809
223 1128
223 627
223 413
223 1018
223 639
224 522
225 420
225 584
225 744
225 340
226 472
227 387
227 647
227 777
227 528
227 279
227 1049
227 932
227 839
227 392
227 950
227 823
227 953
227 1213
227 455
227 456
227 330
227 845
227 335
227 849
227 1067
227 1211
227 371
227 1140
228 321
228 578
228 379
228 521
228 525
228 303
228 563
228 403
228 414
228 1142
228 585
228 989
228 350
229 386
229 522
229 403
229 679
229 301
229 303
229 438
229 321
229 578
229 1112
229 859
229 945
229 495
229 245
231 668
231 747
231 697
231 752
231 534
231 247
231 441
232 1155
232 532
234 869
234 1022
235 1155
235 670
236 1030
236 409
236 1053
236 670
237 923
237 250
237 618
237 285
238 556
238 271
238 790
238 285
238 1057
238 807
238 296
238 561
238 371
238 312
238 829
238 1089
238 842
238 940
238 1039
238 817
238 863
238 1191
238 243
238 1014
238 247
238 250
238 253
239 522
241 773
241 784
241 1175
241 389
241 544
241 551
241 702
241 960
241 324
241 1099
241 729
241 603
241 1125
241 354
241 869
241 490
241 1132
241 372
242 321
242 578
242 417
242 522
242 379
242 350
243 588
243 414
243 510
244 610
244 1062
244 988
244 1133
244 750
244 1167
244 662
244 636
244 1173
245 834
245 260
245 961
245 284
245 247
245 697
245 276
245 534
245 452
245 411
247 386
247 775
247 395
247 1026
247 398
247 1005
247 656
247 1056
247 801
247 292
247 301
247 691
247 757
247 1097
247 334
247 463
247 1112
247 1248
247 1249
247 248
247 1145
248 897
248 258
248 779
248 911
248 534
248 282
248 933
248 796
248 556
248 687
248 307
248 798
248 697
248 319
248 855
248 987
248 250
248 368
248 627
248 634
248 766
248 383
249 1124
249 679
249 871
249 630
249 602
249 925
249 510
250 261
250 646
250 388
250 395
250 654
250 655
250 772
250 1177
250 325
250 928
250 1064
250 681
250 637
250 1162
250 308
250 444
250 522
250 841
250 1021
250 463
250 888
250 1107
250 598
250 1112
250 475
250 477
250 719
250 864
250 1199
250 700
250 748
250 1197
250 757
250 1142
250 1065
250 891
250 362
251 283
251 1189
252 614
252 679
252 780
252 366
252 495
252 974
252 966
252 925
252 280
253 291
253 864
253 775
253 1107
254 520
254 905
254 1228
254 621
254 973
254 1246
254 649
254 1054
255 409
255 1030
256 1030
256 409
256 670
257 521
257 267
257 290
257 292
257 295
257 818
257 830
257 703
257 338
257 1109
257 602
257 1124
257 871
257 1130
257 624
257 630
257 510
258 513
258 398
258 655
258 1177
258 414
258 325
258 1056
258 419
258 1063
258 707
258 1092
258 545
258 588
258 888
258 654
258 475
258 477
258 1105
258 362
258 1142
258 891
259 1027
259 1062
259 423
259 268
259 573
260 525
260 292
260 684
260 563
260 321
260 578
260 585
260 989
260 350
260 891
260 1130
260 624
260 379
260 637
261 1120
261 666
261 520
261 657
261 402
261 339
261 996
262 1089
262 323
262 452
262 810
262 1136
262 392
262 931
262 371
262 756
262 693
262 953
262 932
262 413
263 899
263 1036
263 1167
263 273
263 790
263 408
263 666
263 1173
263 677
263 1062
263 829
263 1120
263 995
263 504
263 533
264 864
264 419
264 775
264 398
265 779
265 911
265 368
265 947
265 309
265 634
265 383
265 733
265 319
266 324
266 1061
266 911
266 708
266 603
266 1019
267 1024
267 387
267 897
267 777
267 1039
267 1045
267 418
267 1059
267 939
267 1069
267 1075
267 950
267 823
267 958
267 319
267 704
267 713
267 330
267 976
267 978
267 855
267 858
267 736
267 1122
267 484
267 368
267 501
268 521
268 781
268 398
268 290
268 376
268 1065
268 775
268 1079
268 571
268 322
268 715
268 468
268 782
268 1112
268 602
268 868
268 997
268 487
268 615
268 495
268 830
268 630
268 895
269 522
269 667
269 1021
270 864
270 290
270 1104
270 440
270 414
270 510
270 1112
270 382
272 321
272 578
272 585
272 563
272 379
272 989
273 748
273 1021
273 654
274 290
274 338
274 438
275 864
275 417
275 522
275 775
275 398
275 1107
275 967
276 386
276 770
276 527
276 799
276 292
276 301
276 945
276 438
276 719
276 1109
276 859
276 379
276 485
276 1130
276 624
276 891
276 637
277 898
277 945
277 521
277 994
277 584
277 340
277 438
278 1062
278 814
278 720
278 466
278 1167
278 1173
279 1112
279 709
280 800
280 833
280 1188
280 549
280 391
280 459
280 526
280 999
280 985
280 991
280 1214
281 409
281 1030
282 1043
282 644
282 1130
282 1249
282 780
282 691
282 852
282 801
283 904
283 1164
283 654
283 542
283 543
283 1064
283 688
283 433
283 432
283 1206
283 706
283 841
283 1231
283 981
283 1244
283 1119
283 608
283 356
283 748
284 386
284 859
284 755
284 598
284 1112
284 475
285 513
285 646
285 650
285 655
285 664
285 430
285 1063
285 553
285 316
285 1092
285 325
285 588
285 718
285 1105
285 980
285 984
285 700
285 492
285 374
285 1065
285 637
286 1062
287 323
287 452
287 810
287 335
287 756
287 469
287 1084
287 413
289 321
289 379
289 578
289 989
290 768
290 1027
290 387
290 1028
290 779
290 1069
290 661
290 659
290 404
290 537
290 879
290 368
290 1122
290 423
290 426
290 429
290 560
290 1075
290 309
290 694
290 823
290 442
290 970
290 958
290 704
290 330
290 1099
290 972
290 717
290 312
290 858
290 867
290 910
290 726
290 346
290 607
290 354
290 635
290 789
290 743
290 1001
290 786
290 1134
290 367
290 1140
290 1210
290 889
290 319
290 1125
290 383
291 1057
291 1155
291 296
291 1053
291 1039
291 817
291 790
291 923
291 670
292 961
292 675
292 783
292 697
292 938
292 564
292 689
292 534
292 532
292 411
293 532
294 1155
294 1053
294 670
295 1024
295 909
295 1075
295 958
296 864
296 1107
296 775
296 1097
296 419
296 398
296 967
296 1112
296 1056
296 316
297 1026
297 521
297 395
297 1197
297 463
297 1111
297 1145
297 444
297 830
299 928
299 891
299 325
299 588
299 718
299 664
299 362
299 980
299 1142
299 655
299 719
299 637
300 832
300 684
300 588
300 525
300 718
300 303
300 563
300 980
300 414
300 979
300 664
300 379
300 350
301 802
301 683
301 932
301 1089
301 747
301 983
301 623
301 978
301 371
301 534
301 961
301 1049
301 1243
301 413
302 573
302 1086
303 802
303 957
303 339
303 1113
303 827
303 869
304 413
304 693
305 778
305 588
305 1142
305 664
307 1157
307 521
307 778
307 801
307 422
307 691
307 438
307 966
307 1108
307 857
307 348
307 1249
307 614
307 495
308 556
308 618
309 644
309 1157
309 1043
309 310
309 696
309 1087
309 321
309 966
309 440
309 338
309 1112
309 614
309 1004
309 382
310 809
310 779
310 368
310 947
310 634
310 383
311 911
312 778
312 525
312 398
312 1056
312 419
312 989
312 563
312 440
312 316
312 522
312 321
312 578
312 585
312 338
312 857
312 349
312 350
312 865
312 379
312 382
313 776
314 1016
315 321
315 578
315 420
315 898
315 525
315 563
315 340
315 585
315 379
315 350
316 1039
316 659
316 790
316 426
316 811
316 556
316 687
316 829
316 448
316 842
316 747
316 752
316 766
317 832
317 521
317 684
317 350
318 1035
318 1039
318 1045
318 441
318 923
319 525
319 664
319 660
319 795
319 414
319 415
319 417
319 422
319 679
319 447
319 1218
319 1142
319 966
319 588
319 718
319 1108
319 602
319 348
319 350
319 611
319 614
319 1004
319 495
319 630
319 379
319 1240
319 382
320 869
320 1175
321 1154
321 885
321 647
321 908
321 779
321 533
321 657
321 914
321 1184
321 1051
321 1034
321 413
321 901
321 418
321 678
321 1073
321 1181
321 1165
321 939
321 557
321 733
321 560
321 947
321 436
321 1128
321 808
321 704
321 324
321 1089
321 713
321 458
321 331
321 717
321 977
321 978
321 339
321 821
321 726
321 484
321 603
321 634
321 609
321 742
321 1205
321 616
321 619
321 1006
321 1213
321 368
321 371
321 501
321 504
321 724
321 784
321 383
323 1026
323 644
323 775
323 522
323 395
323 398
323 412
323 444
323 778
323 1217
323 967
323 592
323 598
323 1111
323 857
323 475
323 737
323 888
324 962
324 417
324 684
324 778
324 578
324 585
324 1112
324 989
324 350
324 865
324 883
324 522
324 511
325 618
325 767
326 472
326 1016
326 397
328 1155
328 1053
328 670
329 656
329 917
329 919
329 928
329 1195
329 1079
329 843
329 971
329 984
329 487
329 615
329 365
329 374
330 709
330 679
330 440
330 871
330 510
330 1142
330 602
330 382
330 447
331 379
331 578
331 585
332 1053
332 670
333 521
333 1098
333 1017
333 830
334 752
334 747
335 709
335 1112
336 871
336 718
336 664
336 980
336 602
336 414
337 678
337 556
337 687
337 657
337 339
337 887
337 923
337 957
338 733
338 659
338 704
338 418
338 426
338 939
338 947
338 442
338 448
338 897
338 1170
338 713
338 593
338 605
338 1122
338 743
338 745
338 786
338 501
338 1016
338 635
339 388
339 1168
339 524
339 656
339 559
339 804
339 563
339 698
339 578
339 585
339 1107
339 989
339 864
339 891
339 362
339 1005
339 379
340 897
340 908
340 911
340 401
340 1219
340 793
340 539
340 923
340 556
340 941
340 1080
340 572
340 341
340 854
340 855
340 742
340 368
340 1009
340 634
340 383
341 801
341 898
341 420
341 691
341 852
342 1056
342 419
342 967
342 1097
342 775
342 398
343 776
343 790
343 890
343 829
344 417
344 522
344 748
344 654
344 857
344 778
346 778
346 395
346 525
346 664
346 945
346 1197
346 563
346 438
346 463
346 1111
346 857
346 602
346 350
346 865
346 871
346 379
347 832
347 420
347 679
347 684
347 525
347 563
347 1145
347 379
347 925
347 350
348 963
348 1188
348 391
348 520
348 397
348 881
348 1202
348 798
348 472
348 986
348 606
349 556
350 577
350 776
350 1034
350 855
350 1040
350 1047
350 689
350 426
350 685
350 1181
350 436
350 564
350 956
350 448
350 458
350 462
350 856
350 473
350 736
350 869
350 1126
350 619
350 1213
350 368
350 754
350 938
350 1022
352 829
352 790
353 441
353 1035
354 388
354 395
354 1130
354 664
354 414
354 813
354 440
354 444
354 962
354 707
354 718
354 463
354 1104
354 1111
354 362
354 382
356 890
356 829
356 790
357 532
357 1053
357 670
358 532
360 452
361 776
362 512
362 640
362 899
362 1167
362 666
362 1062
362 935
362 1078
362 824
362 1081
362 443
362 957
362 702
362 1099
362 610
362 722
362 988
362 480
362 481
362 996
362 1120
362 618
362 978
362 1139
362 761
362 720
362 894
362 1173
363 420
363 679
363 395
363 813
363 463
363 1197
363 757
363 1111
363 1145
363 444
363 925
364 829
364 790
365 636
365 610
365 1062
365 1133
365 1167
365 988
366 1008
366 1016
367 778
367 523
367 1197
367 664
367 420
367 813
367 438
367 444
367 395
367 715
367 718
367 463
367 468
367 1145
367 865
367 1142
367 980
368 898
368 522
368 780
368 525
368 795
368 414
368 417
368 420
368 679
368 684
368 691
368 696
368 778
368 447
368 832
368 578
368 588
368 974
368 602
368 1013
368 860
368 865
368 871
368 1004
368 510
368 1142
368 852
368 382
369 864
369 1056
369 775
369 398
369 1107
369 1112
371 522
371 857
371 601
371 563
371 1082
371 778
371 578
371 585
371 1112
371 475
371 989
371 485
371 755
371 888
371 379
372 962
372 1176
372 667
373 679
373 395
373 813
373 1197
373 1111
373 1145
373 379
373 444
373 925
374 610
374 662
374 1078
375 532
375 1053
375 670
376 1086
376 573
376 670
377 1219
377 580
377 742
377 908
377 784
377 693
377 603
377 572
377 413
379 901
379 647
379 556
379 783
379 657
379 1170
379 918
379 1049
379 666
379 411
379 413
379 1184
379 418
379 932
379 678
379 426
379 683
379 560
379 953
379 828
379 1213
379 961
379 452
379 1089
379 717
379 504
379 724
379 462
379 726
379 885
379 1120
379 1121
379 827
379 1072
379 616
379 1006
379 623
379 1243
379 502
379 501
379 831
379 923
380 664
380 1142
380 718
381 441
381 1035
382 768
382 897
382 404
382 1047
382 541
382 1059
382 429
382 822
382 823
382 1099
382 717
382 976
382 858
382 736
382 867
382 1125
382 870
382 1140
382 1016
382 634
383 898
383 925
383 679
383 1194
383 945
383 438
383 696
383 578
383 584
383 1004
383 994
383 744
383 876
384 897
386 752
386 834
386 880
386 935
386 747
386 783
386 983
386 697
386 413
386 702
387 644
387 521
387 664
387 1043
387 1142
387 1112
387 414
388 480
388 1139
388 1078
388 618
388 1167
388 610
388 1133
388 662
388 1062
388 636
389 962
389 1176
389 667
389 511
390 441
390 1035
390 668
391 1157
391 966
391 945
391 521
391 438
391 891
391 637
391 830
392 711
392 1130
392 601
393 1062
393 1167
393 1173
393 573
394 452
395 768
395 1219
395 528
395 887
395 534
395 923
395 1062
395 1067
395 556
395 1099
395 687
395 1084
395 455
395 456
395 845
395 978
395 1116
395 762
395 498
395 766
397 1233
397 936
397 588
397 718
397 664
397 1142
397 536
397 415
398 512
398 897
398 556
398 429
398 661
398 534
398 407
398 879
398 1057
398 923
398 810
398 648
398 756
398 1084
398 573
398 972
398 987
398 931
398 1242
398 443
398 747
398 701
398 1136
398 500
398 1014
399 1168
399 1145
400 1155
400 1030
400 532
400 409
401 584
401 994
402 945
402 1162
402 438
402 891
402 637
403 802
403 969
403 1113
403 827
404 945
404 1064
404 1168
404 748
404 654
404 1104
404 438
404 440
404 1177
404 1112
405 871
405 588
405 718
405 664
405 980
405 602
405 414
406 776
408 864
408 1098
408 1107
408 1017
409 682
409 840
409 601
409 1050
409 671
409 892
411 891
411 624
412 413
413 1145
413 877
413 417
413 1068
413 563
413 1161
413 578
413 451
413 592
413 598
413 633
413 475
413 864
413 1107
413 755
413 888
414 827
414 909
414 1113
414 541
414 418
414 939
414 1070
414 561
414 822
414 569
414 443
414 704
414 838
414 713
414 1099
414 595
414 484
414 987
414 607
414 699
414 486
414 807
414 879
414 1149
415 472
415 1202
417 472
417 708
417 693
417 452
417 837
417 924
417 1010
417 942
417 1117
417 776
417 960
417 591
417 568
417 1106
417 983
417 729
417 861
417 503
417 632
417 634
418 795
418 925
418 679
418 563
418 447
418 578
418 602
418 860
418 989
418 871
418 1145
418 510
419 512
419 640
419 429
419 668
419 426
419 1198
419 648
419 822
419 441
419 448
419 460
419 987
419 998
419 1039
419 879
419 1014
419 767
420 1083
420 690
420 826
420 955
420 452
420 854
420 1239
420 862
420 483
420 634
420 1022
421 1155
423 775
423 521
423 781
423 658
423 1065
423 967
423 818
423 830
423 1222
423 715
423 1107
423 468
423 602
423 864
423 868
423 871
423 495
423 886
423 630
424 532
425 928
425 644
425 1017
426 522
427 890
427 829
427 790
428 522
429 864
429 588
429 1104
429 664
429 1107
429 980
429 718
429 1142
429 440
430 480
430 1133
433 1189
436 832
436 578
436 521
436 684
436 830
436 585
436 989
437 1016
438 1091
438 1219
438 520
438 783
438 528
438 537
438 798
438 800
438 802
438 1188
438 556
438 687
438 560
438 694
438 1210
438 833
438 704
438 961
438 713
438 459
438 973
438 985
438 911
438 606
438 887
438 776
438 456
438 1009
438 1016
438 963
439 1173
439 1062
439 1167
440 768
440 897
440 1069
440 537
440 541
440 1062
440 694
440 823
440 701
440 1102
440 848
440 858
440 1167
440 733
440 607
440 976
440 867
440 870
440 1140
440 1173
441 513
441 653
441 1041
441 546
441 1105
441 1063
441 952
441 703
441 1092
441 1021
441 781
441 655
441 866
441 492
442 865
442 778
442 857
443 679
443 925
443 545
444 1219
444 618
444 955
444 1136
444 498
444 931
444 756
444 810
444 762
444 862
445 1249
445 780
445 974
445 1178
446 1039
447 704
447 897
447 976
447 823
447 855
447 1140
447 777
447 858
448 522
448 684
448 525
449 776
451 1155
451 452
451 532
452 642
452 877
452 522
452 836
452 1112
452 633
454 522
455 1026
455 709
455 778
455 1197
455 1111
456 709
456 945
456 463
456 1112
457 869
457 1022
457 1175
458 832
458 778
458 684
458 525
458 979
458 857
459 966
459 614
459 521
459 1108
459 637
459 830
459 1157
460 864
460 1124
460 775
460 871
460 967
460 630
460 602
460 510
461 776
462 832
462 684
463 923
463 534
463 618
463 1125
463 1099
463 528
463 1116
465 1168
466 1021
466 735
468 1027
468 556
468 661
468 484
468 923
468 972
468 1215
470 1155
470 532
471 857
471 778
472 1163
472 780
472 536
472 936
472 801
472 587
472 1235
472 1112
472 602
472 1124
472 871
472 876
472 510
473 832
473 684
475 512
475 640
475 647
475 932
475 556
475 1211
475 1084
475 1089
475 834
475 983
475 987
475 618
477 512
477 640
477 1198
477 923
477 767
479 522
481 545
481 841
481 1021
481 748
481 654
481 1168
481 1177
482 1045
482 1039
483 522
484 644
484 868
484 585
484 1124
484 778
484 588
484 510
485 932
485 909
485 783
485 953
485 1211
486 1124
486 588
486 664
486 1142
486 510
487 1027
487 1078
487 907
487 972
487 661
487 1215
488 495
489 1062
489 1167
491 522
492 668
492 923
493 1000
493 937
493 909
493 1192
493 978
494 1062
494 1167
495 1027
495 556
495 549
495 1008
495 1044
495 617
495 889
495 923
495 798
496 923
496 533
498 679
498 813
498 1197
498 925
499 1178
500 871
500 521
500 630
500 602
501 1124
501 679
501 795
501 563
501 585
501 1145
501 925
501 510
502 563
503 522
504 928
504 1195
504 727
504 559
504 698
505 602
505 630
506 588
506 718
506 980
506 664
508 776
510 1024
510 1170
510 1172
510 789
510 548
510 822
510 823
510 1210
510 1029
510 573
510 1086
510 575
510 582
510 717
510 1166
510 1110
510 855
510 607
510 760
510 634
511 960
511 551
511 625
511 729
511 702
512 513
512 646
512 655
512 928
512 562
512 700
512 1056
512 588
512 1105
512 598
512 755
512 1142
513 640
513 923
515 1016
516 1145
517 1155
517 532
517 670
518 829
518 790
520 522
520 876
520 945
520 1162
520 1183
521 1027
521 556
521 909
521 526
521 911
521 963
521 923
521 800
521 717
521 548
521 557
521 956
521 577
521 970
521 1113
521 1116
521 606
521 1188
521 879
521 881
521 889
521 639
522 960
522 924
522 1054
522 802
522 567
522 869
522 1077
522 837
522 969
522 695
522 591
522 973
522 659
522 729
522 634
522 621
522 632
523 560
524 636
524 610
524 747
524 1133
524 657
524 662
525 685
525 675
525 938
525 557
525 564
525 1213
525 835
525 821
525 856
525 1113
525 827
525 619
525 754
526 1157
526 614
526 891
526 637
526 830
527 961
527 783
528 1026
528 709
528 1197
528 757
531 790
532 877
532 952
532 672
532 1098
532 1145
532 1112
532 613
532 1147
532 658
532 624
532 628
532 1017
533 928
533 740
533 727
533 804
533 698
533 559
533 730
534 1026
534 775
534 1197
534 1056
534 691
534 967
534 852
534 1109
534 1249
534 1130
535 1145
537 1168
537 1104
538 869
539 801
539 898
539 584
539 780
539 994
539 974
539 691
539 852
540 776
540 790
541 1142
541 588
541 1104
541 818
541 630
541 602
543 1045
543 1039
544 1176
545 763
545 988
545 1133
545 610
545 750
545 722
545 662
545 636
546 1035
546 668
546 923
547 869
547 1022
547 1175
548 644
548 1087
548 1043
548 830
548 1130
551 1178
551 667
552 718
552 980
552 664
555 1155
556 1026
556 772
556 775
556 780
556 655
556 1168
556 915
556 1056
556 804
556 679
556 1197
556 945
556 1247
556 830
556 707
556 1249
556 1097
556 1098
556 974
556 719
556 727
556 1112
556 868
556 730
556 1141
556 1248
556 891
556 740
556 1105
556 1065
556 681
557 1142
557 664
557 830
559 678
559 957
560 1145
560 679
560 719
560 891
560 637
561 871
561 818
561 630
561 602
563 901
563 657
563 929
563 932
563 1181
563 953
563 828
563 957
563 693
563 704
563 1089
563 713
563 1113
563 827
563 1213
564 1130
564 624
565 776
566 776
571 972
571 661
571 923
572 898
573 781
573 1112
573 658
573 1065
573 1222
573 847
573 782
573 728
573 601
573 602
573 1124
573 1056
573 1129
573 886
573 759
573 1145
573 1142
576 1045
576 1039
577 830
578 647
578 1034
578 779
578 1113
578 1049
578 666
578 1051
578 1184
578 932
578 678
578 939
578 1181
578 828
578 957
578 704
578 1089
578 713
578 802
578 996
578 603
578 1120
578 609
578 1211
578 1006
581 1053
581 670
582 1124
583 610
583 995
583 662
583 1078
583 988
584 742
584 897
584 908
584 1009
585 1154
585 647
585 1034
585 657
585 1113
585 663
585 1211
585 1049
585 1051
585 1181
585 678
585 828
585 1213
585 1089
585 1219
585 1101
585 932
585 827
585 1184
585 749
587 1016
588 776
588 1029
588 1198
588 1202
588 1081
588 699
588 701
588 909
588 995
588 987
588 992
588 976
588 867
588 634
588 797
588 1016
588 767
590 1120
590 996
590 666
592 1155
592 693
592 1084
592 670
596 1078
596 1062
598 640
598 618
598 810
598 756
598 693
599 747
600 776
601 1089
601 932
601 1030
601 647
601 1053
601 1086
601 953
601 1211
601 670
602 940
602 855
602 1242
602 1059
602 858
602 889
602 1075
602 823
602 1140
602 699
602 1029
602 958
602 704
602 838
602 713
602 717
602 1166
602 970
602 736
602 976
602 807
602 1086
602 634
602 661
603 864
603 667
606 719
606 945
607 1124
607 1112
608 790
610 928
610 710
610 1195
610 782
610 656
610 1079
614 736
614 1059
614 911
614 947
614 798
615 1027
615 907
616 1043
616 891
616 644
616 637
618 775
618 650
618 654
618 772
618 1177
618 1199
618 928
618 681
618 813
618 1107
618 719
618 864
618 755
618 757
618 1142
618 1145
618 891
618 637
619 684
620 776
621 1020
621 1183
623 891
623 637
624 938
624 783
624 689
624 1181
625 667
626 1145
627 644
627 1130
627 1112
627 1043
627 1087
628 1086
628 1053
628 670
630 1024
630 776
630 1172
630 661
630 1059
630 1210
630 699
630 1086
630 704
630 972
630 976
630 1166
630 736
630 1122
630 1215
634 679
634 1194
634 871
634 1004
634 1150
634 1020
635 865
635 778
635 857
636 782
636 1138
637 683
637 923
637 675
637 704
637 961
637 713
637 978
637 726
637 1243
637 999
637 1128
639 644
639 1043
639 1087
639 830
640 928
640 646
640 718
640 1105
640 664
640 700
642 777
642 950
643 1087
643 1043
643 644
644 914
644 796
644 673
644 931
644 808
644 810
644 1073
644 947
644 733
644 809
644 1136
644 756
647 775
647 1160
647 1212
647 711
647 1107
647 989
647 864
647 1130
648 1056
648 1097
649 1183
651 664
651 718
652 923
653 1155
653 1035
653 668
653 670
654 899
654 790
654 1062
654 1036
654 805
654 694
654 767
655 1035
656 1062
656 657
656 662
656 957
657 804
657 1162
657 1005
657 1168
657 727
657 730
657 915
657 1247
658 1155
658 970
658 1053
658 1086
658 889
658 670
659 857
659 778
661 781
661 1056
661 1065
661 818
661 1079
661 1097
661 715
661 1112
661 1248
661 871
662 782
662 919
662 710
662 843
662 1129
662 1002
662 1005
663 667
664 776
664 1196
664 819
664 797
664 821
664 704
664 838
664 1038
664 992
664 1015
665 869
666 804
666 727
666 989
667 784
667 1185
667 749
668 928
668 781
668 1041
668 1021
668 1103
668 866
668 1221
669 1039
670 912
670 806
670 1179
670 711
670 948
670 781
670 952
670 1212
670 1222
670 728
670 1103
670 1037
670 874
670 886
670 1145
670 895
672 1155
673 1168
673 1043
673 1112
673 1087
678 727
679 1110
679 1219
679 1170
679 802
679 1008
679 923
679 823
679 909
679 978
679 726
679 855
679 858
679 862
679 955
679 760
680 1155
681 687
681 923
683 891
683 719
684 902
684 776
684 1175
684 729
684 1181
684 960
684 1219
684 837
684 717
684 1239
684 869
684 1126
686 706
686 1093
686 1098
686 1153
686 1231
686 1152
686 714
687 1026
687 928
687 1195
687 1197
687 945
687 691
687 1249
687 1107
687 852
687 727
687 864
687 1105
687 1065
690 1249
690 691
690 852
691 766
691 798
691 933
691 796
691 897
691 855
691 747
691 826
693 1068
693 877
694 1168
694 945
694 1112
696 733
697 1130
697 775
697 780
697 967
697 1112
697 801
697 1109
699 871
699 818
701 775
701 1104
702 859
702 1176
702 1145
702 1130
703 1156
703 1035
704 1142
704 871
704 989
704 1240
706 1189
706 959
707 768
707 1062
707 1099
707 910
707 1167
707 920
707 1060
707 987
707 1125
707 1198
707 767
709 943
709 1229
709 849
709 839
709 771
709 884
709 1067
709 926
710 1086
711 1078
711 1053
712 1145
713 871
713 1013
713 795
713 860
714 1189
714 1039
714 1045
715 972
715 1215
716 1039
717 778
717 865
718 838
718 1226
718 1081
719 880
719 783
719 881
719 726
719 1081
720 1145
722 1168
725 1112
726 891
726 925
726 1112
727 1120
727 996
727 933
727 811
727 766
729 832
729 962
729 979
731 1045
731 1039
732 869
733 769
733 1104
733 1194
733 1004
733 1043
733 816
734 776
735 814
735 923
736 871
736 795
738 776
742 994
742 778
742 744
742 1112
742 865
744 779
747 780
747 1168
747 801
747 852
747 974
747 859
748 899
748 1062
748 870
748 1036
748 1167
748 894
749 778
750 1138
750 1079
752 780
752 974
752 1145
752 859
754 778
754 857
755 834
755 1049
756 775
756 1145
756 857
756 1056
756 778
757 978
757 923
758 909
758 1000
761 1145
762 1111
766 1026
766 1105
767 1107
767 864
768 1026
768 1111
770 961
770 783
770 909
772 923
773 1176
774 1155
775 1027
775 1172
775 931
775 810
775 776
775 842
775 970
775 1166
775 817
775 998
775 1007
775 1136
776 1152
776 778
776 1182
776 1031
776 818
776 1088
776 1094
776 1153
776 1144
776 1098
776 1238
776 865
776 785
776 878
776 1085
776 891
776 893
777 1240
777 1142
778 897
778 1089
778 855
778 908
778 1136
778 931
778 810
778 942
778 798
778 845
778 978
779 1004
779 876
779 989
779 1020
780 796
780 897
780 855
780 1023
781 1155
781 972
781 970
781 1035
781 1053
781 889
781 1215
782 1078
783 859
783 945
783 891
783 1109
784 1176
787 1086
789 1124
790 1152
790 1204
790 803
790 982
790 1244
790 1171
793 898
794 1045
794 1039
795 995
795 978
795 1047
796 852
797 1142
798 865
798 945
798 852
800 945
800 830
801 923
801 854
802 1130
803 890
803 829
804 996
805 1177
806 1053
807 871
808 891
809 1157
809 1043
809 1087
810 864
810 865
810 813
810 857
811 1105
813 955
813 1219
813 1099
813 862
814 851
817 967
817 1098
817 1017
818 1024
818 1075
818 958
818 1215
818 970
818 972
818 976
818 848
818 1122
819 1112
820 1155
823 1104
823 1240
825 1062
826 852
829 1204
830 1024
830 1027
830 1219
830 911
830 1091
830 923
830 1187
830 958
830 970
830 976
830 1188
830 1116
830 1122
831 1130
832 1040
832 1034
832 1022
833 945
834 859
835 1130
838 871
838 980
840 1030
841 899
841 1062
842 864
842 1098
842 967
842 1107
842 1017
843 1078
843 923
845 1197
845 857
847 1086
848 1142
850 1062
852 887
852 855
854 898
855 925
855 974
855 1240
855 865
857 897
857 1089
857 1049
857 1084
857 978
857 1210
857 1136
858 1104
858 871
859 880
860 995
860 939
862 925
864 1198
864 923
864 942
864 957
864 1086
864 1007
864 1014
864 887
864 889
865 897
865 908
865 1210
867 1104
868 970
869 1216
869 1012
870 1064
870 1112
871 1024
871 1166
871 1047
871 1242
871 939
871 940
871 1191
871 970
871 958
871 889
873 1078
874 1155
876 1016
879 1142
880 891
881 891
882 1039
884 1112
886 970
886 1086
886 889
887 1026
887 1105
887 1197
887 1107
888 1089
888 932
888 1049
888 987
890 1164
890 1204
890 1206
891 923
891 1188
891 1016
891 1081
891 961
891 977
891 978
892 1155
894 1021
894 1098
895 1027
897 898
897 1056
897 994
898 1009
899 1098
899 1177
899 1017
905 1183
906 1039
906 1189
907 928
907 971
909 1112
910 1130
911 1249
911 1004
912 1155
912 1053
913 1155
914 1043
914 1087
916 1155
920 1130
922 1045
922 1039
923 1041
923 925
923 1074
923 1033
923 1249
923 964
923 1107
923 1017
923 1105
923 1065
923 1066
925 1170
925 978
925 1016
926 1112
927 1155
928 1062
928 988
928 1173
928 1167
931 1056
931 1097
931 967
931 1043
931 1087
932 1160
932 1112
932 1130
935 1142
939 1013
942 1107
945 1091
945 963
945 1188
945 1054
945 1207
945 1210
945 1214
945 991
947 1194
947 1004
947 1112
948 1155
948 1053
950 1142
952 1155
952 1053
953 1160
953 1130
955 1145
957 989
957 1168
958 1055
959 1152
959 1153
959 1159
959 1224
959 1017
964 1062
965 1173
965 1062
965 1167
966 1008
966 1016
967 1172
967 1057
967 1084
967 1166
967 998
967 1014
969 1130
970 1065
972 1056
972 1248
972 1097
972 1079
972 1112
973 1183
976 1112
976 1104
978 1026
978 1197
978 1142
978 1145
979 1213
982 1039
982 1045
984 1078
987 1056
987 1105
987 1097
988 1138
989 1154
989 1034
989 1051
989 1181
989 1089
989 996
989 1120
993 1045
993 1039
994 1009
994 1080
995 1168
997 1062
999 1157
1001 1168
1005 1133
1012 1175
1014 1107
1015 1142
1016 1163
1016 1108
1017 1039
1017 1045
1017 1189
1017 1114
1017 1135
1020 1246
1021 1189
1021 1035
1021 1036
1022 1127
1023 1249
1023 1178
1024 1124
1025 1130
1026 1062
1026 1220
1027 1079
1027 1145
1029 1142
1030 1160
1035 1105
1036 1064
1037 1053
1038 1142
1039 1046
1039 1098
1039 1137
1039 1146
1043 1187
1043 1190
1043 1200
1045 1046
1045 1098
1045 1137
1053 1160
1053 1179
1056 1057
1056 1215
1056 1136
1057 1097
1060 1130
1062 1177
1062 1119
1062 1079
1062 1111
1062 1064
1062 1138
1067 1197
1067 1111
1069 1104
1076 1112
1079 1167
1079 1215
1081 1105
1081 1142
1084 1197
1084 1111
1086 1107
1087 1200
1089 1160
1089 1112
1093 1189
1097 1215
1098 1135
1099 1197
1099 1111
1099 1112
1102 1104
1103 1155
1107 1198
1109 1155
1110 1124
1111 1125
1111 1219
1111 1116
1112 1207
1112 1186
1112 1211
1112 1123
1112 1128
1112 1215
1112 1125
1113 1142
1124 1172
1124 1166
1125 1176
1130 1155
1130 1181
1130 1211
1131 1145
1132 1176
1133 1138
1134 1168
1138 1167
1142 1196
1145 1170
1145 1213
1155 1169
1155 1237
1157 1188
1160 1211
1167 1168
1168 1173
1173 1195
1183 1246
1189 1224
1189 1231
1215 1248
