0 128
0 1
0 264
0 9
0 270
0 1069
0 16
0 408
0 18
0 151
0 280
0 26
0 283
0 546
0 1062
0 42
0 301
0 814
0 560
0 313
0 445
0 450
0 67
0 710
0 327
0 1097
0 205
0 335
0 1038
0 91
0 220
0 1248
0 99
0 101
0 102
0 103
0 872
0 617
0 618
0 371
1 1024
1 2
1 3
1 4
1 5
1 6
1 7
1 8
1 10
1 1111
1 12
1 1026
1 14
1 15
1 20
1 21
1 22
1 23
1 24
1 516
1 538
1 29
1 30
1 32
1 1057
1 36
1 549
1 38
1 1065
1 44
1 45
1 1070
1 47
1 48
1 49
1 1075
1 565
1 566
1 1081
1 58
1 60
1 61
1 1086
1 63
1 66
1 579
1 69
1 1094
1 74
1 75
1 588
1 78
1 889
1 592
1 81
1 82
1 1129
1 86
1 87
1 88
1 602
1 94
1 870
1 104
1 105
1 108
1 1135
1 114
1 115
1 118
1 119
1 120
1 532
1 123
1 124
1 126
1 127
1 131
1 644
1 137
1 1162
1 535
1 141
1 143
1 144
1 536
1 1219
1 148
1 149
1 663
1 153
1 709
1 160
1 162
1 164
1 168
1 681
1 1194
1 1195
1 1199
1 179
1 692
1 181
1 696
1 185
1 1210
1 702
1 191
1 1217
1 706
1 195
1 197
1 199
1 200
1 842
1 1229
1 808
1 208
1 1098
1 1237
1 214
1 215
1 731
1 1246
1 226
1 227
1 550
1 743
1 232
1 233
1 747
1 236
1 749
1 238
1 239
1 241
1 1099
1 244
1 638
1 247
1 249
1 250
1 763
1 253
1 254
1 255
1 260
1 1238
1 779
1 780
1 269
1 557
1 273
1 786
1 643
1 276
1 277
1 791
1 606
1 285
1 289
1 291
1 805
1 294
1 295
1 296
1 810
1 302
1 904
1 306
1 819
1 820
1 309
1 314
1 827
1 832
1 833
1 835
1 837
1 328
1 330
1 1165
1 339
1 853
1 855
1 857
1 858
1 860
1 355
1 796
1 361
1 1103
1 368
1 744
1 883
1 372
1 885
1 660
1 916
1 1173
1 386
1 390
1 391
1 392
1 393
1 906
1 907
1 402
1 404
1 751
1 413
1 927
1 418
1 931
1 420
1 934
1 424
1 939
1 432
1 945
1 434
1 436
1 439
1 953
1 956
1 586
1 961
1 451
1 964
1 697
1 458
1 459
1 460
1 461
1 466
1 471
1 987
1 480
1 486
1 999
1 594
1 1015
1 992
1 508
1 1021
1 1023
2 896
2 1027
2 903
2 264
2 9
2 11
2 16
2 17
2 274
2 280
2 409
2 284
2 159
2 1184
2 33
2 34
2 1060
2 1189
2 41
2 938
2 299
2 685
2 46
2 305
2 52
2 62
2 707
2 580
2 710
2 455
2 201
2 76
2 718
2 467
2 1244
2 95
2 998
2 489
2 583
2 621
2 240
2 1214
2 503
2 1223
3 768
3 1027
3 264
3 9
3 11
3 16
3 17
3 18
3 814
3 280
3 409
3 26
3 283
3 159
3 33
3 34
3 1060
3 1009
3 41
3 42
3 299
3 46
3 1074
3 1206
3 896
3 445
3 62
3 710
3 327
3 1100
3 546
3 335
3 336
3 338
3 344
3 91
3 95
3 998
3 455
3 583
3 621
3 240
3 417
3 371
3 503
3 938
4 640
4 1156
4 878
4 9
4 11
4 270
4 399
4 528
4 1169
4 789
4 278
4 282
4 283
4 156
4 799
4 290
4 42
4 222
4 1033
4 1055
4 316
4 448
4 582
4 201
4 802
4 80
4 1234
4 85
4 493
4 92
4 861
4 350
4 616
4 107
4 109
4 622
4 367
4 371
4 629
4 252
4 765
5 896
5 258
5 387
5 134
5 903
5 9
5 139
5 1039
5 921
5 17
5 18
5 367
5 150
5 279
5 576
5 25
5 283
5 159
5 34
5 667
5 548
5 933
5 817
5 41
5 42
5 967
5 46
5 861
5 305
5 52
5 310
5 699
5 448
5 799
5 583
5 1095
5 845
5 80
5 209
5 338
5 854
5 344
5 89
5 91
5 221
5 95
5 336
5 996
5 998
5 617
5 107
5 109
5 494
5 111
5 371
5 629
5 1142
5 503
5 122
5 252
5 865
6 448
6 1027
6 299
6 305
6 811
6 107
6 76
6 621
6 321
6 111
6 17
6 18
6 371
6 52
6 25
6 122
6 571
6 476
6 882
7 128
7 299
7 9
7 139
7 17
7 18
7 1027
7 279
7 921
7 26
7 670
7 287
7 33
7 476
7 42
7 43
7 940
7 301
7 814
7 815
7 560
7 1097
7 571
7 188
7 445
7 67
7 838
7 327
7 73
7 205
7 335
7 1108
7 1223
7 91
7 220
7 1125
7 1248
7 99
7 101
7 102
7 618
7 621
7 624
7 768
7 248
7 938
7 382
8 387
8 901
8 17
8 409
8 156
8 159
8 34
8 1060
8 284
8 938
8 299
8 46
8 571
8 62
8 321
8 712
8 290
8 80
8 1234
8 92
8 107
8 621
8 240
8 1009
8 252
9 1111
9 13
9 14
9 15
9 19
9 1045
9 24
9 538
9 29
9 31
9 1056
9 35
9 177
9 555
9 48
9 55
9 56
9 58
9 60
9 61
9 69
9 75
9 78
9 1103
9 82
9 596
9 87
9 602
9 607
9 100
9 614
9 105
9 625
9 118
9 119
9 634
9 123
9 125
9 135
9 137
9 145
9 659
9 90
9 674
9 678
9 173
9 689
9 178
9 691
9 692
9 186
9 706
9 1219
9 1229
9 720
9 1059
9 956
9 217
9 732
9 739
9 740
9 519
9 235
9 749
9 251
9 269
9 787
9 276
9 277
9 289
9 813
9 308
9 1161
9 826
9 837
9 857
9 346
9 348
9 1082
9 360
9 877
9 660
9 891
9 902
9 911
9 404
9 406
9 928
9 439
9 444
9 447
9 469
9 471
9 483
9 485
9 486
9 490
9 500
9 1022
9 506
9 1020
9 1021
9 510
10 387
10 1156
10 528
10 18
10 1049
10 282
10 1055
10 861
10 437
10 310
10 448
10 321
10 712
10 73
10 719
10 80
10 222
10 1113
10 92
10 221
10 350
10 223
10 107
10 109
10 882
10 371
10 252
11 395
11 12
11 911
11 915
11 277
11 857
11 29
11 803
11 681
11 48
11 691
11 58
11 61
11 447
11 66
11 837
11 75
11 469
11 1111
11 217
11 94
11 490
11 749
12 128
12 621
12 1156
12 861
12 903
12 399
12 17
12 18
12 878
12 278
12 1049
12 282
12 156
12 159
12 42
12 299
12 815
12 305
12 52
12 350
12 310
12 1055
12 188
12 437
12 448
12 73
12 714
12 333
12 719
12 80
12 980
12 85
12 474
12 92
12 221
12 222
12 223
12 1124
12 358
12 1169
12 107
12 109
12 622
12 497
12 252
13 1184
13 33
13 546
13 422
13 311
13 449
13 264
13 1104
13 43
13 777
13 270
13 1136
13 16
13 710
13 201
13 280
13 283
13 287
14 640
14 139
14 1037
14 270
14 399
14 17
14 278
14 279
14 921
14 41
14 42
14 811
14 46
14 831
14 448
14 321
14 582
14 455
14 843
14 85
14 727
14 476
14 621
14 1124
14 107
14 493
14 882
14 371
14 382
15 128
15 270
15 16
15 17
15 18
15 546
15 25
15 283
15 768
15 159
15 33
15 34
15 41
15 42
15 1074
15 1033
15 188
15 455
15 73
15 844
15 333
15 85
15 476
15 358
15 616
15 617
15 367
16 19
16 21
16 27
16 29
16 542
16 31
16 35
16 553
16 555
16 50
16 51
16 1078
16 56
16 57
16 58
16 1084
16 64
16 1093
16 75
16 1122
16 82
16 599
16 603
16 93
16 607
16 1026
16 1126
16 619
16 1138
16 116
16 118
16 119
16 1150
16 1045
16 132
16 648
16 140
16 1174
16 281
16 664
16 158
16 681
16 1204
16 533
16 704
16 706
16 198
16 202
16 206
16 1231
16 211
16 733
16 1247
16 749
16 756
16 639
16 272
16 786
16 277
16 793
16 947
16 300
16 813
16 818
16 826
16 835
16 334
16 357
16 366
16 375
16 889
16 392
16 911
16 932
16 426
16 435
16 949
16 444
16 978
16 994
16 1000
16 1003
16 1006
16 499
16 1015
16 509
17 19
17 533
17 24
17 27
17 37
17 38
17 551
17 40
17 1116
17 554
17 556
17 53
17 56
17 570
17 60
17 778
17 66
17 68
17 72
17 589
17 83
17 953
17 1112
17 603
17 604
17 96
17 611
17 105
17 110
17 118
17 1143
17 120
17 788
17 130
17 135
17 657
17 1051
17 154
17 1183
17 160
17 163
17 1188
17 166
17 1193
17 171
17 174
17 715
17 207
17 213
17 728
17 730
17 733
17 228
17 235
17 552
17 757
17 247
17 810
17 257
17 260
17 262
17 44
17 266
17 267
17 276
17 803
17 298
17 821
17 312
17 319
17 323
17 837
17 839
17 331
17 848
17 849
17 851
17 348
17 349
17 362
17 375
17 378
17 895
17 918
17 392
17 395
17 909
17 678
17 914
17 835
17 406
17 924
17 415
17 416
17 421
17 440
17 441
17 446
17 759
17 973
17 675
17 470
17 527
17 985
17 480
17 484
17 485
17 1022
17 495
17 1107
17 501
17 510
18 1026
18 526
18 19
18 21
18 535
18 536
18 27
18 540
18 29
18 542
18 31
18 35
18 37
18 1065
18 519
18 44
18 50
18 606
18 54
18 1079
18 56
18 58
18 181
18 66
18 588
18 81
18 82
18 596
18 1111
18 94
18 105
18 108
18 112
18 1138
18 115
18 123
18 1150
18 533
18 1160
18 650
18 23
18 652
18 659
18 1177
18 155
18 1045
18 157
18 179
18 180
18 693
18 697
18 187
18 703
18 192
18 194
18 720
18 211
18 212
18 956
18 1030
18 549
18 235
18 242
18 723
18 762
18 253
18 769
18 770
18 775
18 784
18 791
18 793
18 289
18 810
18 824
18 1247
18 319
18 320
18 833
18 325
18 342
18 345
18 352
18 876
18 881
18 1171
18 375
18 63
18 383
18 1087
18 396
18 911
18 402
18 404
18 837
18 931
18 429
18 438
18 439
18 442
18 444
18 961
18 965
18 459
18 976
18 979
18 1005
18 495
18 1012
18 505
18 510
19 768
19 258
19 811
19 901
19 523
19 270
19 1027
19 814
19 150
19 409
19 1048
19 25
19 26
19 283
19 284
19 672
19 33
19 546
19 1189
19 1062
19 41
19 299
19 46
19 305
19 1074
19 52
19 311
19 571
19 1184
19 201
19 205
19 718
19 336
19 338
19 340
19 89
19 91
19 476
19 95
19 1104
19 99
19 616
19 489
19 748
19 240
20 107
21 128
21 150
21 523
21 1037
21 399
21 278
21 279
21 25
21 802
21 159
21 546
21 676
21 42
21 301
21 831
21 139
21 333
21 80
21 1108
21 85
21 727
21 89
21 474
21 371
21 1149
21 382
22 938
22 371
22 1060
23 576
23 996
23 1157
23 134
23 865
23 1039
23 111
23 209
23 371
23 1206
23 344
23 25
23 122
23 699
23 700
23 159
24 1027
24 1156
24 901
24 776
24 270
24 621
24 409
24 26
24 284
24 1054
24 672
24 34
24 548
24 1062
24 1009
24 1244
24 299
24 1069
24 46
24 560
24 649
24 571
24 445
24 448
24 321
24 67
24 708
24 327
24 1100
24 719
24 80
24 340
24 854
24 1240
24 1128
24 92
24 221
24 222
24 95
24 1248
24 336
24 99
24 101
24 1169
24 616
24 489
24 583
24 107
24 109
24 240
24 497
24 882
24 371
24 503
24 248
24 1236
24 1095
25 1026
25 515
25 1036
25 526
25 27
25 28
25 542
25 1065
25 1067
25 44
25 45
25 47
25 51
25 56
25 59
25 63
25 1088
25 70
25 71
25 585
25 79
25 87
25 603
25 93
25 105
25 106
25 110
25 625
25 630
25 631
25 635
25 126
25 533
25 132
25 648
25 1167
25 153
25 165
25 540
25 171
25 1200
25 180
25 705
25 711
25 202
25 716
25 210
25 212
25 725
25 726
25 733
25 224
25 1249
25 229
25 745
25 755
25 255
25 770
25 771
25 775
25 983
25 268
25 288
25 806
25 807
25 824
25 317
25 318
25 833
25 836
25 326
25 841
25 994
25 334
25 352
25 871
25 368
25 881
25 372
25 375
25 379
25 384
25 397
25 410
25 926
25 423
25 947
25 948
25 438
25 471
25 984
25 591
25 990
25 993
25 482
25 484
25 486
25 487
25 495
25 1008
25 501
25 1021
26 388
26 179
26 521
26 1168
26 1111
26 140
26 269
26 911
26 912
26 951
26 793
26 27
26 29
26 544
26 289
26 602
26 806
26 295
26 297
26 135
26 173
26 51
26 756
26 694
26 439
26 697
26 58
26 1213
26 447
26 587
26 69
26 584
26 75
26 1103
26 592
26 599
26 787
26 932
26 346
26 94
26 736
26 1121
26 994
26 484
26 230
26 487
26 874
26 809
26 112
26 1010
26 403
26 500
26 501
26 375
26 506
26 123
26 381
27 811
27 264
27 781
27 274
27 1027
27 814
27 280
27 409
27 284
27 670
27 1184
27 34
27 1244
27 299
27 46
27 560
27 305
27 52
27 449
27 710
27 327
27 1097
27 76
27 546
27 336
27 476
27 95
27 608
27 866
27 1131
27 111
27 240
27 1009
27 887
28 134
29 128
29 802
29 1038
29 408
29 283
29 670
29 159
29 546
29 42
29 940
29 560
29 445
29 67
29 327
29 73
29 333
29 335
29 980
29 85
29 1240
29 1119
29 1248
29 101
29 872
29 371
29 248
29 1108
29 938
30 128
30 1028
30 1153
30 399
30 278
30 1179
30 159
30 802
30 933
30 42
30 301
30 1206
30 582
30 717
30 464
30 85
30 344
30 1124
30 617
30 493
30 878
30 504
30 938
31 1184
31 449
31 1189
31 710
31 264
31 748
31 781
31 270
31 1048
31 1235
31 718
31 73
31 201
31 280
31 283
32 290
32 387
32 1156
32 92
32 1163
32 109
32 80
32 1234
32 371
32 1236
32 252
32 156
32 221
32 222
33 260
33 982
33 262
33 648
33 1006
33 877
33 534
33 826
33 1051
33 541
33 415
33 160
33 675
33 421
33 38
33 568
33 40
33 1065
33 170
33 1200
33 1032
33 1229
33 312
33 185
33 58
33 315
33 572
33 978
33 65
33 835
33 1106
33 589
33 653
33 720
33 56
33 594
33 902
33 602
33 93
33 898
33 607
33 353
33 610
33 231
33 488
33 105
33 235
33 850
33 366
33 112
33 787
33 1014
33 771
33 377
33 506
33 1020
33 426
33 510
33 895
34 1025
34 518
34 514
34 1112
34 515
34 1047
34 1053
34 543
34 545
34 38
34 39
34 45
34 47
34 561
34 564
34 567
34 56
34 58
34 59
34 68
34 71
34 72
34 1101
34 84
34 599
34 88
34 603
34 604
34 93
34 1121
34 105
34 113
34 118
34 771
34 633
34 135
34 648
34 651
34 142
34 1167
34 152
34 668
34 329
34 166
34 684
34 1204
34 184
34 190
34 706
34 1224
34 1230
34 736
34 230
34 743
34 747
34 751
34 754
34 756
34 247
34 259
34 260
34 261
34 774
34 793
34 295
34 307
34 319
34 832
34 835
34 841
34 1080
34 366
34 880
34 370
34 375
34 386
34 392
34 911
34 400
34 932
34 431
34 432
34 1096
34 948
34 439
34 454
34 970
34 971
34 527
34 988
34 989
34 994
34 1073
34 1007
34 496
34 1017
35 546
35 455
35 270
35 41
35 73
35 283
36 321
36 938
36 107
36 371
36 159
37 1027
37 274
37 548
37 817
37 299
37 46
37 815
37 305
37 52
37 188
37 838
37 73
37 844
37 336
37 1244
37 95
37 358
37 1131
37 76
37 503
38 896
38 621
38 282
38 1055
38 811
38 46
38 304
38 305
38 52
38 437
38 310
38 316
38 62
38 1223
38 76
38 80
38 340
38 1113
38 476
38 861
38 95
38 336
38 828
38 107
38 109
38 371
38 252
40 811
40 621
40 305
40 52
40 476
41 952
41 769
41 260
41 519
41 136
41 791
41 653
41 276
41 535
41 1190
41 1064
41 170
41 812
41 45
41 47
41 648
41 947
41 55
41 56
41 58
41 1083
41 65
41 837
41 842
41 823
41 610
41 440
41 82
41 87
41 911
41 898
41 98
41 868
41 105
41 234
41 235
41 369
41 373
41 771
41 255
42 1026
42 522
42 87
42 525
42 1065
42 559
42 48
42 569
42 58
42 64
42 585
42 1103
42 592
42 593
42 1111
42 602
42 94
42 609
42 100
42 1126
42 105
42 625
42 1138
42 116
42 117
42 118
42 123
42 141
42 144
42 90
42 662
42 669
42 167
42 1198
42 688
42 691
42 542
42 182
42 183
42 696
42 706
42 1229
42 217
42 732
42 225
42 235
42 236
42 245
42 251
42 260
42 779
42 269
42 289
42 810
42 832
42 837
42 847
42 348
42 1172
42 386
42 902
42 911
42 915
42 404
42 424
42 947
42 956
42 958
42 964
42 977
42 471
42 486
42 1000
42 490
42 492
42 498
42 502
42 511
43 787
43 289
43 607
44 1218
44 998
44 583
44 649
44 73
44 938
44 843
44 1100
44 46
44 503
44 1095
44 476
45 700
45 1060
45 1157
45 134
45 321
45 938
45 107
45 494
45 111
45 80
45 882
45 371
45 122
45 252
46 518
46 533
46 1046
46 538
46 541
46 552
46 554
46 51
46 53
46 55
46 60
46 575
46 65
46 69
46 72
46 590
46 87
46 88
46 603
46 604
46 97
46 110
46 113
46 120
46 130
46 131
46 132
46 646
46 137
46 143
46 144
46 660
46 1180
46 160
46 673
46 1188
46 678
46 1193
46 170
46 174
46 193
46 1219
46 196
46 1227
46 204
46 207
46 219
46 733
46 1249
46 228
46 741
46 743
46 747
46 754
46 259
46 263
46 271
46 276
46 286
46 806
46 295
46 296
46 297
46 823
46 829
46 837
46 839
46 331
46 334
46 862
46 359
46 364
46 375
46 377
46 379
46 895
46 906
46 410
46 411
46 935
46 936
46 957
46 460
46 463
46 846
46 471
46 477
46 166
46 487
46 488
46 495
46 1014
47 258
47 1156
47 134
47 1169
47 150
47 156
47 455
47 80
47 1236
47 89
47 92
47 222
47 109
47 494
47 111
47 371
47 122
47 765
48 387
48 270
48 283
48 156
48 159
48 417
48 310
48 799
48 321
48 139
48 80
48 338
48 1236
48 91
48 92
48 861
48 222
48 616
48 107
48 748
48 622
48 367
48 371
48 252
48 938
48 382
49 448
49 1156
49 321
49 712
49 316
49 107
49 109
49 80
49 497
49 882
49 1236
49 282
49 92
49 221
49 222
50 1184
50 449
50 866
50 264
50 73
50 781
50 280
51 134
51 264
51 523
51 781
51 1038
51 280
51 814
51 150
51 408
51 1069
51 700
51 445
51 449
51 67
51 710
51 1235
51 89
51 99
51 872
51 111
51 122
52 512
52 750
52 939
52 877
52 905
52 394
52 599
52 130
52 678
52 784
52 273
52 402
52 529
52 533
52 918
52 793
52 1185
52 163
52 932
52 451
52 810
52 171
52 429
52 675
52 1076
52 181
52 312
52 756
52 698
52 956
52 1215
52 192
52 992
52 66
52 323
52 70
52 839
52 72
52 652
52 1098
52 262
52 460
52 81
52 855
52 419
52 853
52 87
52 603
52 733
52 606
52 293
52 480
52 962
52 994
52 484
52 613
52 231
52 875
52 108
52 749
52 110
52 954
52 1197
52 242
52 723
52 628
52 501
52 1171
52 375
52 120
52 813
52 253
52 895
53 896
53 1244
53 811
53 336
53 476
53 95
54 73
54 188
54 714
55 672
55 336
55 489
55 455
55 240
55 340
55 409
55 1244
55 95
56 1027
56 134
56 264
56 280
56 1184
56 1189
56 299
56 311
56 571
56 576
56 967
56 201
56 546
56 718
56 1104
56 721
56 600
56 866
56 996
56 209
56 111
56 1048
56 1146
56 1223
58 264
58 270
58 399
58 546
58 1044
58 921
58 159
58 1184
58 445
58 67
58 1223
58 201
58 205
58 333
58 139
58 85
58 344
58 91
58 1248
58 865
58 866
58 99
58 101
58 622
58 371
58 637
58 382
59 996
59 134
59 967
59 111
59 209
59 1142
60 1027
60 387
60 1156
60 270
60 275
60 1113
60 1049
60 548
60 938
60 299
60 437
60 310
60 448
60 201
60 80
60 1236
60 854
60 1060
60 91
60 92
60 222
60 223
60 1169
60 107
60 621
60 371
60 503
60 252
60 765
61 387
61 1049
61 283
61 799
61 1060
61 938
61 437
61 310
61 159
61 448
61 321
61 201
61 80
61 1113
61 91
61 861
61 107
61 367
61 371
61 252
62 262
62 906
62 143
62 786
62 131
62 788
62 527
62 675
62 296
62 1070
62 392
62 312
62 441
62 837
62 973
62 1102
62 848
62 185
62 88
62 1114
62 219
62 477
62 1127
62 885
62 120
63 134
63 523
63 344
63 159
63 938
63 1206
63 699
63 700
63 967
63 73
63 845
63 721
63 600
63 89
63 1146
63 865
63 996
63 209
63 1004
63 494
63 111
63 122
64 128
64 624
64 676
64 933
64 264
64 617
64 139
64 301
64 878
64 333
64 980
64 85
64 279
64 474
64 399
64 1239
64 1077
65 768
65 896
65 455
65 1223
65 240
65 1074
65 95
66 1156
66 903
66 1169
66 159
66 92
66 938
66 305
66 1214
66 321
66 843
66 76
66 80
66 476
66 222
66 107
66 622
66 765
67 1025
67 132
67 520
67 521
67 140
67 272
67 403
67 660
67 277
67 281
67 1045
67 289
67 966
67 806
67 295
67 297
67 135
67 303
67 986
67 949
67 439
67 444
67 1090
67 69
67 198
67 202
67 75
67 1229
67 206
67 1103
67 592
67 83
67 724
67 334
67 1111
67 857
67 602
67 1231
67 478
67 485
67 736
67 912
67 229
67 230
67 1084
67 809
67 112
67 787
67 681
67 506
67 997
67 1020
67 1022
67 725
69 896
69 387
69 776
69 270
69 275
69 814
69 283
69 159
69 417
69 548
69 1062
69 649
69 938
69 1069
69 817
69 311
69 991
69 583
69 201
69 1100
69 205
69 80
69 338
69 981
69 854
69 344
69 1244
69 95
69 336
69 99
69 101
69 998
69 616
69 107
69 1004
69 503
69 252
69 865
70 903
70 134
70 305
70 523
70 494
70 111
70 209
70 967
70 89
70 122
70 667
70 700
70 1157
71 134
71 967
71 209
71 600
72 548
72 998
72 305
72 1218
72 1100
72 583
72 76
72 621
72 240
72 854
72 503
72 409
72 1095
72 1214
73 256
73 133
73 902
73 631
73 791
73 787
73 277
73 535
73 289
73 551
73 1065
73 810
73 687
73 816
73 833
73 706
73 203
73 630
73 839
73 584
73 75
73 588
73 77
73 1103
73 592
73 82
73 211
73 1111
73 602
73 835
73 742
73 105
73 234
73 235
73 876
73 495
73 500
73 118
73 119
73 506
73 635
73 1020
73 362
74 1060
74 865
74 938
74 1206
74 344
74 159
75 387
75 358
75 264
75 658
75 1044
75 280
75 943
75 1054
75 1184
75 1060
75 838
75 1062
75 938
75 172
75 815
75 1202
75 188
75 445
75 449
75 708
75 710
75 327
75 714
75 844
75 205
75 80
75 1240
75 220
75 608
75 866
75 99
75 101
75 102
75 618
75 107
75 622
75 371
75 248
75 121
75 252
76 939
76 772
76 645
76 263
76 394
76 1215
76 273
76 402
76 451
76 529
76 430
76 152
76 155
76 1052
76 286
76 543
76 160
76 1185
76 551
76 552
76 391
76 813
76 174
76 1073
76 1079
76 184
76 185
76 442
76 1212
76 650
76 190
76 1141
76 1105
76 195
76 452
76 460
76 330
76 603
76 204
76 81
76 1106
76 1187
76 853
76 342
76 215
76 985
76 730
76 475
76 954
76 992
76 359
76 935
76 108
76 749
76 496
76 113
76 115
76 885
76 759
76 120
76 890
76 507
76 892
76 253
76 963
76 1109
77 188
77 358
77 815
78 387
78 1156
78 1169
78 1048
78 1049
78 156
78 159
78 290
78 1189
78 938
78 310
78 311
78 448
78 321
78 712
78 201
78 718
78 80
78 1234
78 1236
78 91
78 92
78 861
78 222
78 107
78 882
78 252
79 134
79 89
80 588
80 129
80 1026
80 262
80 647
80 137
80 983
80 857
80 829
80 148
80 663
80 175
80 542
80 197
80 418
80 295
80 1138
80 1194
80 427
80 1016
80 565
80 953
80 415
80 961
80 160
80 579
80 196
80 701
80 585
80 460
80 589
80 207
80 674
80 465
80 595
80 87
80 601
80 90
80 737
80 100
80 743
80 956
80 362
80 189
80 625
80 114
80 627
80 500
80 120
80 490
81 448
81 1060
81 938
81 107
81 305
81 1214
82 448
82 546
82 283
82 467
82 1033
82 455
82 264
82 107
82 270
82 367
82 616
82 371
82 629
82 1184
82 91
83 1248
85 1026
85 261
85 902
85 779
85 141
85 144
85 790
85 260
85 412
85 285
85 800
85 291
85 1225
85 169
85 810
85 1195
85 1096
85 434
85 439
85 706
85 444
85 959
85 578
85 835
85 1220
85 502
85 481
85 328
85 780
85 525
85 1129
85 1111
85 472
85 847
85 351
85 225
85 105
85 235
85 492
85 1011
85 886
85 118
85 247
85 1145
85 763
85 1066
85 1150
85 511
86 448
86 321
86 938
86 107
86 882
86 371
87 128
87 387
87 270
87 275
87 283
87 799
87 1136
87 548
87 933
87 649
87 301
87 817
87 310
87 311
87 700
87 448
87 321
87 455
87 201
87 1108
87 981
87 854
87 1060
87 91
87 861
87 367
87 1104
87 617
87 107
87 111
87 240
87 371
87 629
87 503
87 122
87 252
87 938
88 548
88 1009
88 776
88 649
88 107
88 304
88 240
88 817
88 854
88 503
88 409
88 795
88 159
89 750
89 130
89 1026
89 792
89 157
89 542
89 292
89 806
89 423
89 558
89 833
89 581
89 840
89 842
89 337
89 591
89 1117
89 224
89 484
89 613
89 871
89 106
89 877
89 110
89 630
89 631
89 635
90 417
90 283
90 617
90 712
90 718
90 1113
90 338
90 387
90 1236
90 252
90 310
90 201
90 1048
90 1049
90 91
90 92
90 222
90 437
91 129
91 137
91 652
91 269
91 877
91 784
91 1170
91 404
91 406
91 535
91 964
91 1180
91 602
91 416
91 289
91 418
91 862
91 424
91 956
91 173
91 175
91 821
91 439
91 192
91 1219
91 196
91 1057
91 459
91 674
91 463
91 592
91 723
91 470
91 601
91 911
91 732
91 94
91 96
91 1107
91 100
91 870
91 444
91 466
91 189
91 112
91 625
91 114
91 403
91 1012
91 119
91 123
92 899
92 773
92 906
92 910
92 1201
92 915
92 663
92 751
92 879
92 294
92 295
92 557
92 691
92 565
92 829
92 480
92 197
92 1094
92 199
92 458
92 961
92 588
92 207
92 849
92 341
92 343
92 217
92 96
92 737
92 550
92 743
92 233
92 362
92 747
92 239
92 626
92 243
92 251
92 842
93 1223
93 546
93 111
94 128
94 1037
94 159
94 1206
94 321
94 139
94 327
94 727
94 344
94 608
94 865
94 617
94 107
94 371
94 887
94 938
94 382
95 385
95 262
95 392
95 905
95 266
95 271
95 786
95 533
95 793
95 154
95 668
95 415
95 161
95 1051
95 1188
95 551
95 683
95 942
95 177
95 837
95 185
95 186
95 956
95 1093
95 575
95 332
95 994
95 774
95 867
95 599
95 1112
95 603
95 604
95 97
95 354
95 611
95 166
95 375
95 1144
95 505
95 1018
95 678
95 895
96 923
96 712
96 621
96 223
97 896
97 336
97 1128
97 489
97 240
97 1009
97 503
97 409
99 520
99 140
99 911
99 823
99 404
99 857
99 537
99 986
99 289
99 295
99 297
99 170
99 135
99 429
99 687
99 949
99 439
99 447
99 192
99 1090
99 198
99 584
99 1229
99 206
99 1103
99 846
99 345
99 602
99 485
99 610
99 484
99 229
99 742
99 877
99 369
99 1010
99 787
99 500
99 501
99 660
99 506
100 128
100 417
100 283
100 1189
100 617
100 718
100 367
100 338
100 275
100 1033
100 629
100 310
100 201
100 1108
100 252
101 257
101 388
101 265
101 660
101 277
101 407
101 544
101 1057
101 602
101 166
101 295
101 681
101 135
101 173
101 925
101 179
101 439
101 697
101 1012
101 459
101 1103
101 857
101 346
101 736
101 587
101 228
101 485
101 870
101 500
101 1193
101 376
101 889
101 123
101 1022
102 930
102 459
102 388
102 870
102 140
102 173
102 269
102 1010
102 179
102 1012
102 787
102 697
102 123
102 447
103 388
103 1001
103 874
103 752
103 179
103 951
103 634
103 123
104 448
104 321
104 938
104 107
104 1004
104 1206
104 344
104 865
104 159
105 768
105 1028
105 1157
105 134
105 802
105 139
105 270
105 399
105 275
105 878
105 278
105 1048
105 667
105 159
105 676
105 1189
105 299
105 1074
105 188
105 448
105 321
105 1223
105 201
105 714
105 333
105 718
105 464
105 980
105 1060
105 474
105 991
105 1124
105 616
105 700
105 107
105 748
105 494
105 111
105 882
105 371
105 504
105 1108
105 122
105 938
105 382
106 523
107 527
107 1042
107 535
107 544
107 1059
107 518
107 1082
107 1087
107 598
107 1121
107 114
107 119
107 124
107 127
107 131
107 644
107 646
107 135
107 137
107 143
107 656
107 145
107 660
107 155
107 162
107 1194
107 175
107 178
107 1219
107 715
107 973
107 724
107 1237
107 729
107 218
107 219
107 736
107 739
107 743
107 893
107 758
107 690
107 761
107 255
107 260
107 262
107 788
107 791
107 805
107 295
107 296
107 297
107 1159
107 314
107 322
107 324
107 346
107 347
107 862
107 362
107 876
107 372
107 380
107 381
107 895
107 909
107 406
107 928
107 418
107 931
107 440
107 956
107 957
107 447
107 453
107 674
107 463
107 1102
107 477
107 485
107 500
108 865
108 1004
108 371
108 1206
108 344
108 1214
108 159
109 899
109 262
109 135
109 785
109 148
109 1092
109 1050
109 1051
109 668
109 415
109 774
109 1192
109 425
109 427
109 557
109 312
109 185
109 956
109 961
109 579
109 324
109 456
109 588
109 460
109 589
109 849
109 724
109 341
109 604
109 1121
109 227
109 997
109 230
109 233
109 362
109 243
109 120
109 249
109 895
109 796
110 409
110 1027
110 503
110 134
110 305
110 649
110 489
110 299
110 240
110 1128
111 526
111 533
111 1029
111 944
111 547
111 562
111 1204
111 599
111 603
111 1123
111 625
111 631
111 636
111 126
111 642
111 1155
111 138
111 654
111 146
111 147
111 153
111 666
111 157
111 994
111 539
111 168
111 686
111 176
111 1203
111 180
111 1208
111 1209
111 703
111 705
111 194
111 1224
111 212
111 292
111 733
111 738
111 229
111 746
111 756
111 246
111 766
111 255
111 793
111 798
111 801
111 804
111 806
111 368
111 307
111 824
111 318
111 833
111 836
111 325
111 226
111 1080
111 858
111 352
111 487
111 366
111 880
111 375
111 383
111 393
111 396
111 1178
111 420
111 432
111 945
111 956
111 454
111 457
111 482
111 999
111 1008
112 768
112 327
112 1223
112 1074
112 814
112 1248
112 408
113 901
113 240
113 284
113 1214
114 448
114 387
114 321
114 938
114 310
114 1049
114 252
114 861
114 159
115 1206
115 344
115 159
116 449
116 546
116 264
116 139
116 781
116 1235
116 1108
116 280
117 617
117 1108
118 128
118 139
118 270
118 399
118 546
118 278
118 1048
118 201
118 283
118 159
118 1184
118 1060
118 299
118 1206
118 311
118 571
118 188
118 714
118 844
118 333
118 718
118 464
118 338
118 1108
118 344
118 621
118 1124
118 358
118 493
118 367
118 371
118 629
118 504
118 938
119 546
119 321
119 938
119 748
119 270
119 882
119 371
119 344
119 201
119 159
120 387
120 903
120 274
120 1049
120 409
120 282
120 284
120 672
120 1009
120 938
120 304
120 310
120 316
120 719
120 221
120 1128
120 489
120 240
120 497
120 371
120 1214
120 252
121 857
121 447
122 770
122 900
122 520
122 394
122 1219
122 438
122 1212
122 318
122 833
122 195
122 330
122 993
122 482
122 635
122 229
122 999
122 235
122 625
122 630
122 631
122 507
122 126
122 255
123 270
123 1044
123 283
123 159
123 1060
123 814
123 560
123 1206
123 445
123 327
123 201
123 1004
123 1108
123 344
123 220
123 865
123 616
123 617
123 618
123 748
123 938
124 371
124 448
125 616
125 748
125 270
125 275
125 311
125 201
125 991
126 576
126 996
126 134
126 209
126 371
126 600
126 767
126 159
127 1060
127 865
127 938
127 1004
127 321
127 344
127 159
128 1026
128 141
128 1040
128 787
128 169
128 810
128 559
128 569
128 706
128 609
128 1229
128 847
128 602
128 732
128 1245
128 1120
128 225
128 1126
128 615
128 492
128 623
128 502
128 763
128 1066
128 511
129 252
129 387
129 861
130 1218
130 523
130 583
130 649
130 299
130 1100
130 1027
130 150
130 503
130 1095
131 448
131 548
131 828
131 304
131 240
131 503
131 284
131 159
132 576
132 1184
132 546
132 996
132 134
132 721
132 1248
132 209
132 600
132 699
132 767
133 844
133 714
133 188
133 358
134 384
134 770
134 515
134 260
134 775
134 904
134 393
134 1036
134 1167
134 1155
134 153
134 666
134 539
134 157
134 440
134 292
134 1222
134 168
134 171
134 945
134 180
134 438
134 695
134 948
134 318
134 320
134 833
134 194
134 836
134 842
134 738
134 334
134 337
134 216
134 729
134 348
134 702
134 766
134 226
134 999
134 760
134 881
134 372
134 638
134 631
134 413
134 635
134 255
135 275
135 1044
135 408
135 1189
135 1062
135 299
135 1069
135 321
135 708
135 327
135 201
135 718
135 335
135 476
135 1248
135 872
136 455
137 275
137 159
137 1060
137 1189
137 938
137 311
137 448
137 321
137 201
137 718
137 1104
137 861
137 991
137 882
137 371
137 503
137 252
139 386
139 260
139 902
139 779
139 911
139 144
139 404
139 542
139 289
139 169
139 439
139 440
139 444
139 574
139 585
139 469
139 983
139 217
139 348
139 1000
139 235
139 1172
139 511
140 1248
140 449
140 546
140 710
140 327
140 264
140 618
140 205
140 814
140 637
140 408
140 866
140 280
140 220
140 445
141 933
141 617
141 301
141 493
141 371
141 1077
141 159
143 672
143 1060
143 321
143 649
143 489
143 938
143 1004
143 865
143 240
143 1009
143 882
143 371
143 503
143 344
143 409
143 284
143 159
144 1206
144 727
144 333
144 1037
144 464
144 371
144 1108
144 278
144 279
144 344
144 921
144 474
144 831
144 865
144 382
144 159
145 321
145 367
145 882
145 1033
145 283
145 799
148 1206
148 344
148 282
148 1055
148 316
148 221
148 159
149 371
149 159
150 192
150 163
150 484
150 678
150 1138
150 797
150 842
150 429
150 242
150 537
150 1026
150 806
150 605
150 542
150 501
152 1214
153 938
153 159
154 896
154 811
154 1244
154 843
154 299
154 621
154 336
154 476
156 1035
156 751
156 418
156 294
156 1194
156 565
156 197
156 1094
156 343
156 743
156 490
156 747
156 879
156 626
156 810
157 576
157 721
157 1039
157 967
157 209
157 600
157 1146
157 699
157 767
158 449
158 866
158 264
158 781
158 280
159 516
159 518
159 1031
159 1042
159 539
159 1029
159 1065
159 1067
159 1070
159 1088
159 579
159 1129
159 598
159 955
159 1176
159 1180
159 1187
159 679
159 178
159 542
159 695
159 1208
159 702
159 620
159 706
159 196
159 630
159 713
159 1226
159 631
159 207
159 208
159 214
159 215
159 219
159 881
159 226
159 743
159 232
159 237
159 638
159 761
159 250
159 763
159 260
159 779
159 269
159 782
159 786
159 285
159 805
159 808
159 297
159 904
159 314
159 829
159 833
159 322
159 837
159 342
159 858
159 911
159 348
159 862
159 351
159 355
159 870
159 362
159 365
159 368
159 744
159 374
159 890
159 380
159 661
159 390
159 391
159 392
159 393
159 395
159 578
159 749
159 912
159 1091
159 919
159 412
159 413
159 926
159 927
159 928
159 418
159 420
159 424
159 425
159 441
159 442
159 443
159 957
159 453
159 968
159 461
159 463
159 590
159 479
159 480
159 490
159 1191
159 1015
159 508
160 843
160 1060
160 649
160 476
160 938
160 811
160 310
160 503
160 1049
160 252
161 896
161 1244
162 371
162 321
163 258
163 811
163 305
163 299
163 571
163 476
164 371
166 336
166 1009
166 548
166 583
166 649
166 489
166 240
166 340
166 776
166 854
166 503
166 409
166 1244
168 938
168 1060
169 624
169 717
169 582
169 641
169 1153
169 301
169 493
169 464
169 278
169 279
169 504
169 474
169 802
170 768
170 1062
170 455
170 205
170 1069
170 1074
171 576
171 1027
171 996
171 209
171 299
171 621
171 600
171 721
171 699
171 767
172 857
172 500
172 447
173 1152
173 283
173 311
173 940
173 718
173 943
173 1104
173 1048
173 338
173 1044
173 814
173 201
173 248
173 1211
173 1240
173 445
174 843
174 299
174 274
174 571
174 476
175 448
175 387
175 437
175 310
175 1049
175 252
177 896
177 1189
177 311
177 718
177 275
177 201
177 1048
177 1244
178 448
178 321
178 718
178 270
178 367
178 882
178 275
178 1033
178 629
178 201
178 1048
178 283
178 799
179 1152
179 1211
179 327
179 940
179 335
179 560
179 1240
179 248
179 943
179 445
179 670
180 996
180 967
180 1039
180 209
180 1142
180 699
181 371
181 305
182 617
182 1108
182 933
182 1077
184 580
184 1131
184 685
184 274
184 356
184 1019
185 768
185 896
185 1223
185 497
185 1074
185 371
185 350
185 282
185 1055
185 316
185 221
186 896
186 336
186 283
186 1244
188 386
188 363
188 260
188 277
188 261
188 289
188 551
188 425
188 428
188 816
188 1205
188 440
188 574
188 839
188 602
188 362
188 235
188 500
188 1065
188 247
188 1017
190 1214
191 371
192 708
192 1062
192 205
192 1069
192 1054
194 576
194 996
194 209
195 371
195 700
195 1214
196 1218
196 548
196 998
196 583
196 776
196 649
196 1095
196 817
196 981
196 854
196 503
197 1060
197 712
197 252
197 938
197 437
197 310
197 1049
197 223
198 1184
198 546
198 708
198 710
198 264
198 908
198 205
198 1038
198 872
198 408
198 1069
198 856
198 280
198 637
198 1054
200 371
201 261
201 392
201 1022
201 877
201 1040
201 660
201 406
201 1015
201 920
201 260
201 1180
201 346
201 416
201 418
201 386
201 678
201 689
201 424
201 732
201 534
201 428
201 563
201 821
201 439
201 574
201 832
201 544
201 964
201 966
201 1096
201 909
201 1194
201 247
201 1186
201 269
201 696
201 466
201 483
201 740
201 911
201 348
201 314
201 1147
201 251
201 485
201 614
201 360
201 749
201 873
201 625
201 958
201 1065
201 1172
201 739
201 510
202 1184
202 1248
202 866
202 264
202 1038
202 872
202 408
204 649
204 1131
204 274
204 503
205 1010
205 911
205 277
205 1046
205 537
205 797
205 678
205 297
205 555
205 429
205 949
205 439
205 1242
205 444
205 584
205 652
205 1103
205 602
205 605
205 610
205 484
205 877
205 242
205 1043
205 884
205 501
205 681
205 889
205 506
205 1020
205 1045
206 546
206 708
206 1062
206 264
206 866
206 1038
206 1069
206 872
206 408
207 240
207 865
207 712
207 649
207 1004
207 621
207 503
207 344
208 938
208 371
208 1060
209 515
209 833
209 1032
209 397
209 1167
209 534
209 540
209 288
209 292
209 807
209 841
209 318
209 320
209 705
209 836
209 329
209 738
209 720
209 824
209 212
209 352
209 993
209 482
209 1123
209 999
209 1008
209 510
209 631
209 635
211 1184
211 449
211 546
211 264
211 866
211 280
212 996
212 967
213 299
213 621
214 344
214 865
214 1206
215 356
215 677
215 1131
215 274
215 371
215 580
215 1214
217 799
217 417
217 712
217 923
217 622
217 367
217 338
217 1033
217 617
217 921
217 283
217 223
219 321
220 459
220 964
220 870
220 424
220 681
220 269
220 1103
220 466
220 500
220 277
220 889
220 857
220 602
220 1229
220 1012
220 447
221 1035
221 953
221 796
221 295
221 1192
221 427
221 557
221 627
221 961
221 579
221 324
221 460
221 433
221 594
221 341
221 343
221 227
221 465
221 233
221 362
221 1106
221 239
221 243
221 885
221 888
221 249
222 773
222 909
222 406
222 418
222 294
222 295
222 810
222 961
222 324
222 1094
222 842
222 465
222 480
222 737
222 1201
222 879
222 626
222 883
222 1194
223 416
223 565
223 588
223 961
223 425
223 614
223 556
223 398
223 239
223 849
223 691
223 469
223 406
223 362
223 517
225 640
225 717
225 676
225 933
225 582
225 1153
225 617
225 493
225 399
225 474
225 1179
226 1060
226 938
226 344
227 371
227 719
228 1027
228 476
228 299
228 240
228 571
228 284
229 708
229 1062
229 1069
229 494
229 667
230 814
230 445
230 528
230 282
230 350
230 1055
231 1223
231 903
233 1060
233 712
233 938
233 719
233 371
233 282
233 316
233 350
233 1055
235 1157
235 399
235 278
235 279
235 283
235 802
235 700
235 1223
235 714
235 843
235 333
235 1108
235 727
235 474
235 476
235 358
235 621
235 878
235 1149
235 382
236 933
236 617
236 1077
236 938
238 371
239 938
239 719
239 497
239 923
240 257
240 518
240 906
240 599
240 259
240 533
240 1052
240 673
240 1193
240 554
240 953
240 829
240 501
240 1219
240 837
240 331
240 460
240 484
240 733
240 994
240 611
240 678
240 743
240 747
240 751
240 375
240 1173
242 903
242 637
243 719
244 938
244 371
244 1060
247 640
247 1189
247 582
247 714
247 371
247 493
247 718
247 275
247 278
247 938
247 991
248 388
248 265
248 277
248 473
248 925
248 289
248 295
248 951
248 447
248 1229
248 592
248 857
248 602
248 874
248 500
248 376
249 371
249 719
250 344
250 371
251 1189
251 712
251 718
251 1108
251 311
252 1158
252 471
252 527
252 912
252 277
252 663
252 1176
252 1056
252 879
252 297
252 810
252 565
252 566
252 953
252 447
252 1219
252 1092
252 588
252 463
252 465
252 595
252 601
252 604
252 737
252 739
252 294
252 486
252 743
252 860
252 956
252 490
252 701
252 500
252 626
252 895
253 903
253 938
253 305
253 371
253 1214
254 938
254 371
255 321
255 682
255 882
255 467
255 455
257 489
257 299
257 621
257 1044
257 409
257 571
257 284
258 484
258 678
258 1116
258 842
258 877
258 501
258 918
258 956
259 998
259 583
259 1095
259 1100
259 503
260 399
260 275
260 279
260 1048
260 676
260 299
260 815
260 1206
260 311
260 838
260 455
260 714
260 844
260 802
260 718
260 1104
260 467
260 1108
260 727
260 344
260 474
260 1239
260 865
260 358
260 617
260 1004
260 621
260 878
260 1149
260 1136
260 682
260 382
261 1189
261 714
261 333
261 718
261 815
261 275
261 1048
261 474
261 802
262 896
262 299
262 903
262 621
262 1027
262 336
262 1223
262 340
263 1214
264 704
264 392
264 783
264 272
264 786
264 277
264 534
264 281
264 931
264 1061
264 300
264 648
264 949
264 441
264 319
264 435
264 837
264 525
264 720
264 1112
264 857
264 986
264 911
264 826
264 607
264 1126
264 749
264 1010
264 1015
264 447
264 510
264 1151
265 1152
265 940
265 943
265 1240
265 1044
266 896
266 1027
266 299
266 571
267 811
267 476
267 621
269 933
269 814
269 560
269 1077
269 445
269 327
269 1108
269 344
269 608
269 865
269 617
269 887
269 938
270 791
270 276
270 535
270 665
270 538
270 1181
270 928
270 297
270 812
270 563
270 439
270 1247
270 835
270 459
270 931
270 348
270 1082
270 607
270 483
270 484
270 360
270 490
270 876
270 877
270 625
270 1012
270 501
270 1065
270 1151
271 896
272 546
272 1038
272 280
272 872
272 408
273 356
273 938
273 1131
273 274
273 371
273 1060
273 1019
273 1214
274 772
274 543
274 939
274 1071
274 561
274 820
274 953
274 577
274 963
274 839
274 460
274 979
274 730
274 734
274 1105
274 749
274 759
274 632
274 505
275 1165
275 937
275 692
275 314
275 966
275 1096
275 332
275 463
275 471
275 859
275 348
275 862
275 1121
275 485
275 486
275 360
275 1021
275 1017
276 1027
276 283
276 799
276 1060
276 682
276 299
276 571
276 455
276 467
276 476
276 616
276 748
276 621
276 367
276 629
276 938
277 1038
277 280
277 1044
277 408
277 1049
277 283
277 1184
277 546
277 940
277 815
277 437
277 310
277 1033
277 838
277 844
277 338
277 856
277 1119
277 1248
277 866
277 358
277 618
277 1240
277 367
277 629
277 637
278 779
278 902
278 615
278 362
278 559
278 763
278 348
279 1026
279 902
279 779
279 787
279 687
279 694
279 440
279 956
279 584
279 715
279 602
279 1126
279 1138
279 506
279 1020
280 522
280 783
280 534
280 793
280 673
280 1061
280 681
280 554
280 813
280 949
280 756
280 826
280 319
280 435
280 1093
280 1231
280 599
280 857
280 607
280 994
280 612
280 357
280 749
280 1010
280 499
280 375
280 510
280 533
281 1248
281 546
281 872
281 408
282 899
282 527
282 668
282 427
282 324
282 848
282 594
282 341
282 953
282 604
282 354
282 1106
282 885
282 788
283 902
283 1161
283 791
283 1040
283 947
283 535
283 538
283 928
283 1219
283 1186
283 678
283 1196
283 691
283 308
283 837
283 1247
283 956
283 1082
283 835
283 459
283 484
283 732
283 826
283 607
283 867
283 870
283 490
283 876
283 915
283 660
283 1018
283 1151
284 906
284 786
284 793
284 487
284 813
284 1070
284 743
284 392
284 441
284 573
284 830
284 1093
284 590
284 975
284 953
284 1112
284 1114
284 603
284 994
284 359
284 1002
284 747
284 749
284 375
284 892
285 802
285 938
285 333
285 878
285 399
285 371
285 980
285 474
286 548
286 998
286 583
286 1100
286 1095
286 503
286 1214
287 289
287 592
287 787
287 404
287 1151
288 576
288 767
288 996
289 1152
289 943
289 1062
289 1069
289 815
289 560
289 838
289 327
289 844
289 335
289 1108
289 1240
289 358
289 938
289 382
290 1056
290 739
290 773
290 294
290 743
290 1201
290 626
290 1094
290 1158
291 802
291 938
291 333
291 878
291 399
291 474
292 576
292 721
292 1039
292 600
292 699
292 767
293 903
294 1156
294 712
294 1169
294 1234
294 371
294 765
295 776
295 649
295 1038
295 408
295 548
295 1062
295 583
295 1069
295 560
295 817
295 448
295 708
295 327
295 887
295 1100
295 335
295 981
295 854
295 719
295 608
295 371
295 503
295 765
296 448
296 1218
296 548
296 321
296 776
296 649
296 583
296 882
296 371
296 503
296 1095
297 448
297 708
297 616
297 1097
297 1069
297 814
297 310
297 408
297 1049
297 861
297 1054
298 843
298 811
298 476
298 621
299 533
299 534
299 552
299 1065
299 554
299 570
299 573
299 584
299 1109
299 1112
299 602
299 603
299 1116
299 1121
299 648
299 1166
299 1175
299 1185
299 678
299 715
299 720
299 728
299 733
299 736
299 743
299 749
299 771
299 793
299 810
299 813
299 319
299 832
299 323
299 837
299 839
299 348
299 362
299 877
299 375
299 892
299 386
299 392
299 905
299 394
299 918
299 415
299 425
299 440
299 441
299 960
299 462
299 975
299 468
299 994
299 487
299 1015
299 505
299 506
299 510
300 546
300 1184
301 1026
301 390
301 414
301 1195
301 559
301 692
301 1219
301 1225
301 471
301 609
301 1129
301 491
301 1133
301 1138
301 502
301 763
301 1021
301 511
302 938
302 371
302 1060
303 408
303 1038
304 1092
304 518
304 668
304 1070
304 774
304 953
304 1114
304 604
304 895
305 900
305 392
305 650
305 395
305 527
305 402
305 788
305 536
305 421
305 425
305 1197
305 1117
305 786
305 956
305 778
305 678
305 979
305 954
305 482
305 749
305 484
305 613
305 849
305 362
305 549
305 505
306 371
310 406
310 425
310 689
310 565
310 953
310 1219
310 588
310 1233
310 595
310 471
310 737
310 614
310 681
310 362
310 1021
310 889
310 764
310 490
311 386
311 771
311 648
311 660
311 1180
311 418
311 678
311 937
311 1194
311 1200
311 563
311 692
311 566
311 440
311 314
311 574
311 1219
311 715
311 332
311 674
311 720
311 471
311 860
311 1147
311 484
311 486
311 360
311 877
311 1172
311 510
312 768
312 811
312 476
314 448
314 321
314 1136
314 1104
314 371
316 354
316 324
316 427
316 460
316 1106
316 1068
316 972
316 341
316 953
316 893
318 967
318 1142
318 700
319 449
319 1027
319 781
319 1235
319 476
320 576
320 996
320 967
320 1142
320 600
320 767
321 1024
321 644
321 389
321 1173
321 1180
321 544
321 432
321 805
321 1237
321 906
321 736
321 969
321 586
321 587
321 588
321 674
321 339
321 724
321 1102
321 346
321 477
321 997
321 480
321 355
321 485
321 743
321 490
321 747
321 928
321 1022
321 380
321 894
322 344
322 865
323 476
323 571
324 448
324 765
324 719
324 497
324 1055
327 521
327 403
327 404
327 809
327 447
327 459
327 966
327 1057
327 1229
327 592
327 724
327 1111
327 602
327 603
327 634
327 997
327 736
327 1121
327 485
327 870
327 1010
327 500
327 506
327 1022
328 474
328 938
328 399
329 576
329 996
329 967
329 1142
329 767
330 1060
330 938
330 494
330 371
330 700
331 621
332 1136
332 1104
332 1244
333 780
333 779
333 1045
333 542
333 902
333 810
333 428
333 439
333 444
333 706
333 835
333 1096
333 585
333 983
333 472
333 1241
333 348
333 351
333 1017
333 1023
334 1184
334 1248
334 1038
334 408
335 787
335 930
335 687
335 694
335 697
335 966
335 584
335 1229
335 1103
335 1111
335 602
335 1121
335 485
335 742
335 506
335 1020
335 1022
336 527
336 660
336 405
336 415
336 1051
336 551
336 839
336 678
336 589
336 848
336 603
336 994
336 611
336 375
336 505
337 523
338 484
338 678
338 469
338 837
338 706
338 956
339 882
339 371
339 938
340 611
340 484
340 668
340 678
340 527
340 774
340 501
340 1188
340 604
340 895
341 712
341 719
341 528
341 350
341 1055
343 712
343 719
344 1024
344 391
344 393
344 855
344 782
344 1042
344 1195
344 389
344 763
344 427
344 559
344 645
344 1203
344 1076
344 1118
344 439
344 440
344 955
344 956
344 1217
344 715
344 452
344 713
344 631
344 635
344 853
344 761
344 731
344 355
344 911
344 374
344 870
344 365
344 760
344 660
344 508
344 894
345 708
345 1069
345 1054
346 448
346 814
346 882
346 1097
346 445
348 1027
348 641
348 811
348 1028
348 933
348 1077
348 571
348 464
348 980
348 476
348 991
348 1124
348 617
348 748
348 621
348 504
348 1108
348 382
349 811
349 476
349 621
350 961
350 354
350 899
350 810
350 1106
350 594
350 362
350 885
351 802
351 493
351 399
351 474
352 576
352 967
352 699
353 768
354 528
354 789
355 1060
355 938
355 882
355 1206
356 577
356 451
356 1105
356 561
356 632
356 939
356 531
356 1141
356 922
356 963
356 543
357 710
357 449
358 386
358 404
358 551
358 425
358 810
358 440
358 574
358 447
358 832
358 706
358 839
358 849
358 857
358 362
358 500
358 681
358 505
359 901
360 1189
360 616
360 718
360 991
361 938
361 371
361 1060
362 811
362 621
362 528
362 1027
362 789
362 923
362 815
362 571
362 448
362 838
362 714
362 719
362 476
363 815
365 865
365 1206
366 768
366 1223
366 1184
366 1074
367 1161
367 1165
367 1219
367 535
367 538
367 928
367 947
367 692
367 566
367 1082
367 706
367 835
367 471
367 860
367 486
367 1021
368 938
368 371
369 467
369 455
371 513
371 1026
371 527
371 532
371 1201
371 555
371 556
371 1081
371 1086
371 1088
371 1089
371 1094
371 586
371 588
371 590
371 596
371 1129
371 604
371 1133
371 626
371 1045
371 646
371 1162
371 1219
371 668
371 1138
371 1199
371 968
371 690
371 1217
371 706
371 709
371 1225
371 1243
371 1246
371 744
371 1099
371 760
371 773
371 782
371 557
371 805
371 820
371 821
371 827
371 837
371 848
371 853
371 857
371 858
371 862
371 656
371 869
371 879
371 881
371 885
371 888
371 899
371 390
371 391
371 907
371 909
371 911
371 401
371 406
371 919
371 414
371 927
371 416
371 420
371 432
371 438
371 439
371 953
371 444
371 447
371 451
371 456
371 974
371 463
371 479
371 993
371 999
371 491
371 594
371 507
372 1060
372 938
375 811
375 901
375 903
375 776
375 649
375 1027
375 814
375 409
375 1184
375 548
375 1244
375 571
375 445
375 710
375 583
375 1097
375 843
375 476
375 998
375 1128
375 489
375 621
375 1009
375 503
376 940
376 943
376 1240
376 1044
376 1211
376 1119
377 768
377 548
377 1223
377 776
377 649
377 817
377 981
377 503
378 843
378 476
378 621
379 548
379 998
379 583
379 776
379 649
379 1095
379 1100
379 854
379 503
380 448
380 882
381 448
381 445
382 386
382 902
382 779
382 1026
382 404
382 542
382 694
382 440
382 584
382 1172
382 506
382 1020
382 1150
385 896
386 838
386 844
386 815
386 1104
386 1136
387 647
387 1165
387 660
387 857
387 418
387 1194
387 692
387 1016
387 566
387 1219
387 588
387 460
387 465
387 595
387 1233
387 471
387 601
387 860
387 739
387 486
387 743
387 956
387 490
387 747
387 701
387 627
387 764
387 1021
388 1097
388 814
388 1044
388 445
389 882
389 1206
389 865
390 938
391 865
391 1004
391 1206
392 896
392 1027
392 901
392 938
392 621
392 1244
392 866
393 1206
394 1027
394 903
395 622
395 476
397 967
397 721
397 1142
397 600
399 1026
399 1195
399 902
399 1023
399 525
399 655
399 401
399 790
399 1065
399 810
399 555
399 559
399 434
399 439
399 440
399 444
399 1085
399 706
399 886
399 609
399 780
399 715
399 722
399 1241
399 1115
399 913
399 1138
399 1011
399 1013
399 763
399 511
401 878
402 1214
403 560
403 445
403 670
404 608
404 933
404 1069
404 1062
404 887
404 1108
404 617
406 923
406 621
406 718
406 1236
406 437
406 1048
408 806
408 949
408 1249
408 724
408 997
408 1121
408 485
408 681
408 889
408 1022
408 725
409 906
409 1173
409 793
409 411
409 1188
409 678
409 590
409 599
409 611
409 487
410 548
410 583
410 776
410 854
410 503
411 672
411 1128
411 489
411 1009
412 493
412 582
413 938
413 1060
415 768
415 896
415 621
415 1074
416 923
416 811
416 476
417 737
417 691
417 469
417 915
418 448
418 1156
418 1189
418 1104
418 718
418 1136
418 1169
418 1236
418 1048
418 765
419 903
420 938
421 768
421 1223
421 476
422 607
425 1027
425 838
425 844
425 815
425 437
425 1049
426 1184
427 497
428 838
428 714
428 815
428 980
429 708
429 903
429 1069
429 637
429 1054
430 1214
432 882
433 497
433 719
434 676
434 582
434 493
434 878
434 1239
434 474
435 449
435 546
435 710
435 781
435 1235
435 866
436 938
436 1060
437 527
437 788
437 663
437 689
437 565
437 961
437 973
437 848
437 1233
437 595
437 1238
437 604
437 614
437 764
438 1157
438 845
438 494
438 700
439 921
439 802
439 1069
439 1206
439 445
439 980
439 474
439 616
439 748
439 878
439 637
440 1027
440 682
440 811
440 1206
440 571
440 448
440 455
440 714
440 844
440 1104
440 467
440 476
440 878
440 624
441 901
441 571
444 1184
444 1248
444 546
444 582
444 493
444 908
444 802
444 980
444 856
444 637
445 733
445 905
445 1111
445 911
445 533
445 544
445 930
445 602
445 806
445 687
445 694
445 697
445 447
445 584
445 599
445 857
445 932
445 634
445 994
445 742
445 487
445 870
445 752
445 787
445 756
445 506
445 1020
447 1152
447 658
447 1062
447 1069
447 943
447 940
447 844
447 1240
447 1119
447 866
447 618
447 530
447 622
448 471
448 912
448 1176
448 644
448 535
448 544
448 764
448 646
448 1194
448 690
448 1070
448 961
448 1219
448 453
448 587
448 674
448 463
448 595
448 1233
448 1237
448 601
448 1082
448 606
448 739
448 740
448 1056
448 1170
448 701
448 1021
449 522
449 783
449 664
449 794
449 1061
449 806
449 826
449 1034
449 704
449 834
449 1221
449 1228
449 603
449 607
449 1122
449 1000
449 753
449 1010
449 499
451 1019
452 865
455 1046
455 535
455 538
455 813
455 692
455 1219
455 823
455 846
455 931
455 471
455 486
455 876
455 749
455 625
455 891
455 892
455 1021
458 712
459 608
459 1060
459 618
459 560
459 1044
459 887
459 938
460 903
460 1214
463 548
463 998
463 991
463 583
463 776
463 649
463 1100
463 817
463 503
463 1095
463 861
464 615
464 559
465 1156
465 765
465 1169
465 1236
466 1189
466 618
466 718
467 715
467 876
467 791
467 535
467 538
469 622
469 921
469 923
470 811
470 843
470 621
470 476
471 1049
471 799
471 933
471 1077
471 1033
471 1104
471 1108
471 861
471 991
471 617
471 503
472 802
473 1211
474 643
474 779
474 780
474 525
474 810
474 1126
474 615
474 1011
474 1013
474 1065
474 1017
474 1023
474 511
475 1214
476 556
476 778
476 524
476 914
476 918
476 985
476 793
476 668
476 538
476 849
476 1183
476 1175
476 935
476 941
476 1232
476 966
476 730
476 680
476 759
476 1229
476 974
476 851
476 736
476 803
476 852
476 597
476 728
476 484
476 602
476 480
476 604
476 995
476 485
476 715
476 487
476 1182
476 877
476 495
476 552
476 787
476 757
476 1022
476 924
477 548
477 776
477 649
477 817
477 981
477 503
478 1248
480 843
480 1060
480 938
480 811
480 621
480 882
480 1236
480 765
482 576
482 845
482 494
482 699
484 523
484 814
484 708
484 1097
484 843
484 616
484 748
484 621
484 637
485 1044
485 1048
485 1189
485 811
485 1069
485 560
485 718
485 1248
485 872
485 882
486 1104
486 1033
486 938
486 799
487 843
487 901
487 1009
488 649
488 1223
488 503
489 611
489 905
489 994
489 533
489 953
489 733
490 616
490 748
490 861
490 882
490 1049
490 622
492 802
492 617
492 493
492 1108
493 1195
493 1045
493 790
493 1066
493 555
493 950
493 569
493 706
493 615
493 502
493 763
494 833
494 635
494 900
494 520
494 630
494 631
494 770
494 956
494 842
495 548
495 583
495 811
495 621
495 503
495 1095
495 817
497 594
497 885
497 893
498 617
498 933
499 1184
499 710
500 560
500 844
500 1069
500 815
500 1211
500 861
501 1062
501 903
501 748
501 621
501 814
501 1069
502 640
502 802
502 933
502 582
502 617
503 793
503 1180
503 671
503 1188
503 1071
503 1005
503 935
503 837
503 829
503 1093
503 505
503 839
503 590
503 979
503 1102
503 734
503 735
503 994
503 956
503 551
503 749
503 1137
503 1014
503 1021
504 609
504 615
504 559
504 1065
505 1131
505 707
505 548
505 685
505 1027
505 580
505 571
505 1244
506 608
506 1027
506 1248
506 727
506 624
506 1069
506 1149
506 831
508 938
508 865
509 1184
510 576
510 699
510 996
510 710
510 600
510 1136
510 1104
510 1027
510 571
510 767
511 676
511 878
511 1108
511 1239
511 921
512 903
515 996
515 967
516 938
518 795
520 864
520 1248
520 708
520 1157
520 845
520 1069
520 667
520 700
520 1054
521 814
521 560
521 670
522 710
522 617
523 678
523 833
523 558
523 630
524 843
524 811
525 802
525 676
525 933
525 617
525 866
525 1239
525 1077
527 1113
527 1055
528 961
531 1019
533 672
533 903
533 1128
533 571
533 1184
534 768
534 866
534 1027
534 967
534 600
534 1142
534 571
534 1223
535 616
535 682
535 748
535 938
536 1060
536 938
537 1069
537 637
538 799
538 616
538 629
540 576
540 967
540 1039
540 600
540 699
541 768
542 1184
542 933
542 617
542 727
542 1037
542 980
542 1149
544 718
544 882
544 1044
544 1048
546 1034
546 947
546 664
546 1045
546 1061
546 678
546 949
546 1247
546 704
546 706
546 835
546 837
546 1231
546 1111
546 603
546 607
546 783
546 911
546 1000
546 1084
546 877
546 639
548 646
548 1159
548 599
548 1219
548 793
548 671
548 1188
548 839
548 1227
548 1102
548 936
548 862
548 994
548 611
548 1005
548 625
548 979
548 756
549 938
550 712
551 1218
551 998
551 583
551 649
551 1095
551 621
551 844
551 815
552 1027
552 621
552 571
553 1184
554 571
556 843
556 811
556 621
557 712
557 719
559 865
559 1206
559 1004
560 592
560 809
560 1111
561 580
561 1131
561 1019
563 1136
563 616
563 748
563 718
563 1104
563 1048
565 1113
566 629
566 861
566 799
568 1223
569 1108
570 621
571 771
571 1175
571 793
571 924
571 678
571 1116
571 683
571 648
571 706
571 715
571 1229
571 720
571 979
571 728
571 985
571 602
571 733
571 1193
571 849
571 757
572 768
573 901
574 1136
574 714
574 844
574 718
574 1104
574 1048
575 896
575 1244
576 993
576 648
576 720
576 738
576 999
577 580
579 719
580 1164
580 1230
582 615
582 1066
582 722
582 655
583 897
583 646
583 660
583 813
583 1216
583 1227
583 749
583 892
584 1149
584 1062
584 727
584 1069
584 1027
584 814
584 1097
584 831
585 980
585 921
586 882
586 938
587 814
587 1044
588 712
588 1049
588 923
588 882
589 621
590 649
590 1009
592 1152
592 943
592 1240
592 1211
593 617
593 933
593 1077
594 768
594 719
594 1074
594 1055
595 861
597 811
599 776
599 814
599 1244
600 833
600 738
600 630
600 1032
600 807
602 811
602 908
602 1240
602 1211
602 768
602 1062
602 1069
602 814
602 943
602 1074
602 1097
602 1248
602 856
602 608
602 618
602 624
602 637
602 1223
603 1027
603 901
603 781
603 1184
603 1235
603 1244
603 621
604 1244
604 828
604 811
604 621
604 1055
604 861
605 856
605 908
605 637
607 768
607 710
607 748
607 1074
607 777
607 1184
608 1103
608 1012
608 694
608 857
608 1229
609 641
609 878
609 1108
610 708
610 1062
610 1223
610 856
610 637
610 1054
611 896
611 1128
611 1244
612 710
613 903
614 1113
614 1049
614 923
615 641
615 1028
615 717
615 1207
616 912
616 1176
616 660
616 791
616 1147
616 876
616 937
617 1040
617 915
617 662
617 947
617 1058
617 732
617 1066
617 1196
617 691
617 1219
617 950
617 1130
617 1134
617 623
617 752
617 634
618 870
618 681
618 1010
618 1103
618 787
618 889
621 909
621 1112
621 914
621 787
621 1015
621 1051
621 813
621 902
621 829
621 757
621 837
621 849
621 851
621 852
621 728
621 994
621 749
621 1107
621 680
621 810
621 895
622 911
622 691
622 857
622 917
622 915
622 778
622 803
624 1229
624 1103
624 787
624 694
625 776
625 817
625 718
625 854
625 981
626 861
626 765
627 719
628 903
629 928
629 706
629 931
629 1219
629 956
630 721
630 700
630 1146
631 996
631 967
631 845
631 1142
631 699
631 700
632 1131
632 1019
635 865
635 996
635 1157
635 967
635 1004
635 845
635 699
635 700
637 653
637 929
637 681
637 1072
637 1171
637 822
637 898
637 949
638 938
638 1060
643 1060
643 938
644 938
645 1206
646 1218
646 998
646 1100
646 854
646 1095
648 1027
648 1104
648 1136
648 1074
648 768
649 1188
649 935
649 829
649 1219
649 734
649 994
649 1014
652 903
653 1223
653 908
653 856
660 938
660 1100
660 1104
660 998
660 1004
660 1136
660 865
662 1108
662 933
662 1077
663 1060
663 712
663 938
663 861
664 781
667 1065
667 956
668 843
668 795
670 930
670 787
670 697
671 817
672 678
672 905
672 877
672 953
673 710
674 1104
675 768
675 903
675 1223
676 1026
676 1126
676 847
676 1065
677 820
678 896
678 1027
678 903
678 1244
680 843
680 811
681 1184
681 872
681 1038
681 938
681 1044
681 1049
682 876
682 791
683 896
685 979
687 1062
687 1069
689 718
689 1113
691 712
691 1108
692 1104
694 727
694 1149
694 814
694 887
694 831
696 1189
696 718
697 1060
697 1097
697 938
697 814
697 1044
697 1125
699 1155
699 1041
699 900
699 824
699 956
699 738
699 760
699 766
700 902
700 1219
700 806
700 1065
700 833
700 836
701 861
702 938
702 1060
704 1184
704 781
705 996
705 967
705 1142
706 799
706 1184
706 980
706 878
706 1108
706 938
707 749
707 813
708 784
708 1176
708 1171
708 966
708 949
708 1090
708 1231
708 736
708 912
708 1022
710 783
710 806
710 949
710 825
710 826
710 1034
710 1221
710 1122
710 857
710 986
710 994
710 1003
710 749
710 1151
712 910
712 920
712 829
712 961
712 1238
712 737
712 743
712 747
712 883
713 1206
714 715
714 1096
714 816
714 849
714 1205
714 1017
714 863
715 1027
715 865
715 1004
715 878
715 1206
718 909
718 813
718 920
718 1180
718 1065
718 1194
718 1082
718 1121
718 737
718 739
718 877
718 749
718 892
718 1022
719 910
719 1192
719 953
719 961
719 849
719 888
720 967
720 1104
720 1223
721 738
721 1123
721 1132
721 766
722 878
724 882
725 872
727 1026
727 779
727 902
727 1138
728 811
728 843
730 811
730 843
730 1131
731 1004
731 1206
731 865
732 1108
733 1027
733 903
733 1128
736 1248
736 811
736 843
736 814
736 882
736 1044
736 1097
736 1054
737 1048
737 765
738 1039
738 967
738 1142
738 1146
739 1189
739 1163
739 1048
739 861
742 1062
742 1069
743 1027
743 901
743 1163
743 1060
743 938
743 1234
743 882
744 938
747 901
748 1147
748 876
748 1065
749 1027
749 938
749 1218
749 1100
749 866
749 998
749 1131
749 1095
751 1060
751 938
752 1077
752 933
753 1235
753 781
756 1184
756 903
756 817
756 854
757 811
759 1131
759 1214
760 865
760 1004
760 1039
763 1124
763 865
763 1004
764 1049
765 842
765 883
765 879
767 999
768 1046
768 1063
768 936
768 1065
768 1204
768 1106
768 1103
768 982
768 875
768 877
768 1014
770 845
772 1214
773 1156
773 1169
773 1234
773 1236
774 1244
774 828
776 793
776 1102
776 936
776 1159
776 1093
777 1151
778 811
779 1108
779 921
779 1149
780 802
780 938
781 1034
781 783
783 1235
784 903
786 1184
786 866
786 901
786 1244
787 811
787 1069
787 814
787 1097
787 1223
787 843
787 1248
787 1125
788 1055
790 802
790 878
793 1184
793 1027
793 901
793 1244
793 854
795 957
799 928
799 1059
799 1021
799 860
800 802
802 1026
802 902
802 959
802 1096
802 1145
802 1115
802 1138
802 1017
803 843
806 1248
806 1157
806 872
806 1097
806 1038
806 814
807 967
807 1142
808 938
809 1248
809 1097
809 814
810 1156
810 844
810 1108
810 861
810 878
810 938
811 1154
811 935
811 821
811 1092
811 1103
811 995
811 849
811 1116
811 895
813 998
813 1027
813 1214
813 1189
814 1025
814 951
814 1213
814 1229
814 1103
814 1168
814 994
814 870
814 874
814 1010
815 839
815 1017
815 1148
815 1172
817 936
817 956
817 1102
817 862
819 938
820 938
823 1062
823 1069
824 996
824 1039
826 1223
831 1026
831 1138
831 1020
832 1060
832 844
832 1108
832 938
833 996
833 1157
833 967
833 1142
835 1184
835 1223
835 980
836 967
836 1142
837 896
837 1027
837 1060
837 938
838 849
838 857
838 1205
839 1131
839 903
841 996
842 1060
842 938
842 1156
842 1169
843 902
843 1175
843 935
843 1107
843 994
843 1139
844 1172
845 1090
846 1069
846 1062
847 1239
848 1055
849 923
850 1223
853 1060
853 865
853 938
853 903
853 1206
853 1214
854 932
854 956
855 903
855 938
855 1206
856 1072
856 1103
856 986
856 1231
856 949
857 1152
857 1044
857 1060
857 1062
857 938
857 943
857 1202
857 1211
857 887
860 1033
860 938
861 912
861 956
861 961
861 1219
861 1238
861 862
861 873
862 991
864 1090
865 1195
865 926
865 1067
865 1217
865 911
865 881
866 911
866 1061
866 1032
867 896
870 1060
870 1097
870 938
870 1206
872 1121
872 1231
872 984
872 889
872 966
872 986
872 1084
872 949
874 1097
874 943
874 1240
874 1211
877 1048
877 1069
877 1074
877 1223
877 1104
878 902
878 1065
878 1241
878 1115
878 1011
878 1023
879 1156
882 1180
882 1065
882 969
882 997
882 894
883 938
883 1236
885 1055
887 1057
887 1012
889 1044
889 938
890 1214
892 1027
892 901
892 998
892 1214
892 1189
895 896
895 903
896 1051
896 942
896 1092
896 1106
896 1112
896 1015
896 1144
896 1018
897 998
898 1223
899 1055
901 906
901 1093
901 1015
901 975
901 1112
901 994
902 1223
902 980
902 1149
903 905
903 962
903 1185
903 932
903 1076
903 1215
903 1092
903 953
903 994
905 1128
906 938
906 1009
908 1231
908 986
908 949
908 1045
909 1156
909 1169
911 921
911 1184
911 1062
911 1069
911 1206
911 1108
912 1054
915 1108
916 938
916 1060
920 1048
921 983
925 1152
925 1240
925 943
926 1004
927 938
928 1033
931 938
932 1184
933 956
933 1219
933 1129
933 1134
933 1021
934 938
934 1060
936 981
937 1136
937 1104
937 991
938 1110
938 1076
938 1081
938 1088
938 1112
938 1141
938 1197
938 1219
938 1237
938 1238
938 1246
938 992
938 946
938 953
938 954
938 955
938 1011
938 1012
939 1131
939 1019
939 1214
940 1140
940 1111
942 1244
943 1103
943 1229
943 951
946 1060
947 1184
947 1108
949 1069
951 1240
951 1211
953 1060
953 1128
953 1055
954 1214
955 1206
956 1039
956 1206
956 1108
961 1113
963 1019
963 1131
964 1108
967 1032
967 1167
973 1113
978 1223
979 1131
980 1205
980 1126
980 983
980 1045
980 1065
981 1159
981 1102
981 1014
982 1074
985 1214
986 1248
986 1069
991 1180
992 1060
994 1027
994 1184
996 1167
997 1248
1000 1108
1004 1217
1004 1195
1006 1223
1010 1097
1010 1069
1011 1060
1012 1060
1014 1223
1019 1230
1019 1141
1020 1223
1021 1077
1022 1248
1022 1048
1022 1054
1022 1189
1024 1206
1025 1097
1026 1239
1026 1037
1026 1184
1026 1149
1027 1093
1027 1185
1027 1109
1027 1215
1032 1223
1033 1059
1033 1082
1037 1138
1038 1249
1038 1111
1042 1206
1044 1057
1044 1121
1045 1184
1045 1248
1048 1065
1048 1194
1048 1096
1051 1223
1051 1244
1052 1214
1054 1090
1054 1176
1054 1171
1055 1106
1060 1219
1060 1180
1060 1141
1060 1098
1060 1065
1062 1121
1063 1074
1065 1157
1065 1074
1065 1223
1065 1239
1065 1108
1069 1231
1073 1214
1074 1204
1074 1103
1076 1206
1078 1184
1079 1214
1082 1189
1084 1248
1090 1248
1093 1244
1094 1236
1097 1103
1097 1229
1100 1227
1103 1152
1103 1108
1104 1180
1104 1194
1104 1219
1106 1214
1108 1219
1108 1111
1108 1130
1108 1134
1109 1214
1111 1248
1111 1119
1113 1127
1113 1143
1118 1206
1121 1189
1122 1184
1123 1146
1124 1195
1126 1184
1126 1239
1131 1230
1136 1219
1136 1172
1136 1147
1136 1151
1138 1184
1138 1149
1149 1150
1156 1194
1158 1163
1158 1234
1169 1201
1169 1194
1180 1189
1185 1214
1187 1214
1188 1244
1194 1236
1203 1206
1211 1229
1212 1214
1214 1227
1214 1232
1223 1229
1229 1248
1231 1248
1248 1249
