0 1
0 3
0 4
0 135
0 520
0 1068
0 10
0 139
0 13
0 782
0 19
0 448
0 150
0 1156
0 1178
0 474
0 800
0 603
0 932
0 422
0 808
0 298
0 44
0 173
0 1003
0 49
0 178
0 51
0 1246
0 697
0 189
0 63
0 320
0 1056
0 66
0 195
0 1221
0 1094
0 609
0 972
0 75
0 332
0 850
0 1196
0 85
0 214
0 88
0 345
0 218
0 91
0 93
0 459
0 353
0 100
0 998
0 102
0 999
0 619
0 1106
0 240
0 579
0 643
0 247
0 447
0 510
1 669
1 2
1 133
1 775
1 904
1 650
1 267
1 12
1 525
1 15
1 1176
1 18
1 148
1 149
1 1046
1 24
1 1177
1 795
1 157
1 30
1 543
1 1008
1 1188
1 838
1 426
1 1197
1 413
1 1053
1 50
1 1203
1 979
1 1118
1 1097
1 183
1 952
1 186
1 1247
1 444
1 1085
1 190
1 319
1 65
1 67
1 325
1 582
1 780
1 843
1 589
1 207
1 1080
1 723
1 725
1 446
1 966
1 591
1 606
1 621
1 481
1 1107
1 635
1 101
1 614
1 487
1 104
1 530
1 971
1 623
1 112
1 627
1 116
1 117
1 504
1 250
1 507
1 1148
1 682
1 638
2 262
2 1121
2 140
2 781
2 272
2 145
2 951
2 551
2 44
2 685
2 560
2 306
2 695
2 59
2 700
2 66
2 1227
2 69
2 454
2 199
2 330
2 75
2 716
2 850
2 467
2 212
2 981
2 86
2 144
2 355
2 1127
2 362
2 107
2 110
2 1009
2 499
2 119
2 379
3 5
3 778
3 653
3 14
3 151
3 26
3 28
3 31
3 48
3 162
3 163
3 293
3 304
3 185
3 249
3 1217
3 327
3 377
3 37
3 479
3 761
3 378
3 251
4 6
4 7
4 9
4 11
4 14
4 16
4 17
4 26
4 27
4 28
4 29
4 32
4 33
4 39
4 40
4 41
4 1031
4 48
4 1075
4 566
4 1079
4 57
4 62
4 580
4 1095
4 77
4 79
4 80
4 81
4 600
4 92
4 607
4 99
4 1124
4 105
4 109
4 121
4 127
4 131
4 1160
4 1159
4 136
4 650
4 1163
4 147
4 671
4 162
4 692
4 1209
4 190
4 193
4 722
4 223
4 224
4 738
4 229
4 743
4 760
4 251
4 766
4 263
4 266
4 268
4 270
4 793
4 802
4 299
4 304
4 817
4 824
4 858
4 859
4 862
4 874
4 891
4 387
4 388
4 389
4 392
4 396
4 397
4 402
4 408
4 1092
4 935
4 963
4 458
4 983
4 984
4 500
4 501
4 502
4 1019
5 129
5 258
5 645
5 1010
5 513
5 651
5 19
5 921
5 196
5 674
5 1194
5 555
5 173
5 49
5 1035
5 51
5 181
5 713
5 312
5 569
5 188
5 703
5 321
5 707
5 68
5 1094
5 356
5 973
5 78
5 338
5 597
5 727
5 88
5 217
5 218
5 609
5 939
5 228
5 486
5 102
5 488
5 108
5 751
5 240
5 497
5 626
5 1012
5 374
5 247
5 1109
6 1025
6 1067
6 8
6 13
6 1228
6 676
6 808
6 43
6 52
6 56
6 697
6 58
6 573
6 447
6 1221
6 70
6 1096
6 204
6 586
6 332
6 345
6 478
6 353
6 870
6 106
6 1004
6 111
6 113
6 498
7 409
7 1172
7 171
7 8
7 265
7 138
7 652
7 13
7 398
7 655
7 656
7 536
7 1170
7 275
7 20
7 21
7 22
7 23
7 152
7 281
7 156
7 1242
7 1184
7 34
7 35
7 420
7 38
7 808
7 425
7 42
7 43
7 940
7 45
7 733
7 1139
7 563
7 1033
7 53
7 310
7 55
7 1082
7 315
7 60
7 447
7 64
7 1059
7 324
7 970
7 311
7 332
7 461
7 811
7 1103
7 720
7 465
7 1106
7 211
7 85
7 87
7 344
7 90
7 348
7 221
7 95
7 995
7 699
7 550
7 998
7 508
7 1005
7 620
7 877
7 613
7 115
7 510
7 532
7 380
7 1220
7 382
8 427
8 1155
8 263
8 392
8 9
8 11
8 1036
8 16
8 17
8 147
8 277
8 153
8 1179
8 285
8 671
8 36
8 165
8 1063
8 681
8 556
8 430
8 1160
8 1202
8 439
8 1209
8 705
8 1183
8 577
8 74
8 844
8 80
8 849
8 598
8 860
8 1245
8 223
8 97
8 740
8 229
8 230
8 871
8 105
8 1006
8 1138
8 756
8 245
8 502
8 120
8 121
8 1147
8 1021
9 1024
9 619
9 658
9 22
9 25
9 286
9 418
9 940
9 693
9 571
9 579
9 594
9 595
9 85
9 222
9 995
9 868
9 892
9 234
9 747
9 749
9 879
9 118
9 380
10 393
10 650
10 142
10 151
10 1176
10 26
10 346
10 805
10 39
10 818
10 691
10 692
10 184
10 190
10 831
10 832
10 1234
10 14
10 984
10 730
10 608
10 615
10 617
10 238
10 371
10 505
10 383
10 511
11 579
11 422
11 619
11 332
11 808
11 561
11 1106
11 85
11 118
11 282
11 445
11 510
11 1205
12 1153
12 140
12 292
12 1191
12 44
12 305
12 1213
12 328
12 201
12 716
12 850
12 851
12 86
12 1113
12 91
12 742
12 359
12 244
12 246
12 119
12 124
13 137
13 14
13 274
13 1176
13 29
13 544
13 33
13 860
13 430
13 48
13 307
13 190
13 198
13 1166
13 592
13 1234
13 469
13 983
13 1112
13 986
13 220
13 479
13 98
13 1006
13 756
13 121
13 251
13 1150
14 132
14 406
14 139
14 908
14 782
14 913
14 643
14 171
14 150
14 917
14 154
14 415
14 800
14 1060
14 679
14 170
14 43
14 300
14 370
14 943
14 178
14 180
14 55
14 440
14 697
14 826
14 316
14 573
14 1214
14 1128
14 320
14 1090
14 332
14 847
14 208
14 996
14 340
14 88
14 345
14 1114
14 603
14 93
14 1246
14 735
14 353
14 100
14 613
14 102
14 232
14 361
14 1003
14 620
14 1136
14 744
14 242
14 884
14 886
14 998
14 975
14 510
14 789
15 518
15 135
15 1068
15 631
15 140
15 781
15 526
15 783
15 272
15 1113
15 279
15 929
15 1186
15 804
15 551
15 169
15 519
15 44
15 688
15 1073
15 999
15 59
15 850
15 1213
15 833
15 195
15 1121
15 200
15 201
15 331
15 716
15 205
15 846
15 464
15 466
15 467
15 212
15 981
15 86
15 459
15 1047
15 473
15 91
15 257
15 94
15 741
15 976
15 354
15 355
15 553
15 359
15 362
15 235
15 493
15 110
15 495
15 881
15 244
15 373
15 119
15 124
16 422
16 70
16 103
16 970
16 779
16 332
16 845
16 1106
16 432
16 498
16 1171
16 574
16 22
16 536
16 25
16 634
16 508
16 222
16 1151
17 995
17 940
17 687
17 808
17 594
17 85
17 118
17 380
17 286
18 257
18 521
18 522
18 1047
18 140
18 1165
18 787
18 279
18 1126
18 1192
18 552
18 44
18 558
18 1213
18 195
18 201
18 459
18 205
18 846
18 850
18 339
18 86
18 91
18 355
18 741
18 742
18 110
18 625
18 246
18 119
18 1145
18 1146
18 124
18 765
18 126
19 322
19 711
19 650
19 784
19 146
19 692
19 278
19 184
19 346
19 123
19 778
19 190
19 805
20 756
20 430
22 1179
22 165
22 40
22 74
22 523
22 206
22 79
22 756
22 564
22 341
22 502
22 430
22 441
22 27
22 671
22 357
23 430
24 512
24 514
24 260
24 1047
24 140
24 144
24 1042
24 279
24 929
24 804
24 294
24 1073
24 169
24 305
24 59
24 978
24 833
24 964
24 201
24 330
24 205
24 976
24 466
24 212
24 86
24 1241
24 94
24 992
24 616
24 235
24 850
24 369
24 373
24 246
24 119
24 762
24 124
25 659
25 277
25 153
25 922
25 1179
25 927
25 1185
25 290
25 547
25 164
25 1063
25 40
25 1199
25 817
25 436
25 1204
25 1098
25 580
25 197
25 329
25 74
25 802
25 590
25 79
25 209
25 1187
25 36
25 1245
25 1125
25 81
25 743
25 364
25 365
25 1137
25 1141
25 1147
25 252
25 1021
26 129
26 642
26 641
26 108
26 651
26 770
26 143
26 400
26 401
26 404
26 1070
26 406
26 132
26 431
26 1180
26 1167
26 1057
26 803
26 679
26 808
26 170
26 300
26 557
26 46
26 47
26 1072
26 456
26 51
26 188
26 573
26 63
26 320
26 701
26 194
26 579
26 196
26 72
26 1100
26 332
26 78
26 721
26 1240
26 85
26 88
26 345
26 219
26 834
26 736
26 482
26 739
26 996
26 358
26 657
26 488
26 941
26 1130
26 236
26 494
26 509
26 1035
26 754
26 628
26 374
26 248
26 122
26 447
26 508
26 381
26 1109
27 130
27 422
27 134
27 808
27 42
27 747
27 303
27 83
27 950
27 344
27 234
28 1038
28 401
28 132
28 282
28 422
28 808
28 170
28 941
28 561
28 51
28 1205
28 1210
28 445
28 447
28 196
28 78
28 85
28 1240
28 997
28 236
28 494
28 240
28 122
28 380
29 353
29 613
29 508
29 970
29 43
29 332
29 465
29 85
29 697
29 345
29 380
29 510
30 514
30 260
30 257
30 777
30 526
30 144
30 787
30 1192
30 169
30 199
30 44
30 685
30 558
30 694
30 59
30 1213
30 66
30 195
30 69
30 454
30 71
30 200
30 75
30 588
30 717
30 848
30 1105
30 850
30 1111
30 728
30 91
30 94
30 867
30 359
30 519
30 362
30 1127
30 110
30 495
30 881
30 379
30 126
31 320
31 1084
31 84
32 353
32 1221
32 422
32 808
32 332
32 345
32 510
33 1025
33 1067
33 282
33 879
33 288
33 43
33 940
33 52
33 58
33 571
33 445
33 1228
33 76
33 724
33 85
33 1210
33 106
33 747
33 111
33 113
33 380
33 234
35 430
36 1024
36 1164
36 432
36 118
36 286
37 320
37 812
37 108
37 78
37 1084
37 240
37 51
37 84
37 782
37 218
37 122
37 1052
37 93
38 430
39 139
39 785
39 750
39 1070
39 166
39 168
39 298
39 46
39 178
39 697
39 442
39 573
39 194
39 842
39 332
39 970
39 1106
39 214
39 345
39 603
39 735
39 353
39 484
39 422
39 358
39 360
39 366
39 808
39 1140
39 508
39 789
40 1026
40 134
40 1164
40 222
40 536
40 792
40 418
40 808
40 42
40 174
40 303
40 432
40 53
40 950
40 572
40 61
40 191
40 332
40 1106
40 83
40 280
40 234
40 1017
41 422
41 447
42 256
42 763
42 73
42 430
42 79
42 436
42 756
43 1154
43 1157
43 271
43 1112
43 274
43 405
43 407
43 285
43 1183
43 544
43 198
43 296
43 860
43 813
43 430
43 304
43 307
43 1216
43 836
43 453
43 326
43 1224
43 202
43 715
43 1166
43 592
43 1234
43 469
43 984
43 220
43 862
43 863
43 98
43 871
43 1133
43 1006
43 756
43 885
43 121
43 251
43 1150
44 128
44 133
44 904
44 393
44 267
44 784
44 148
44 278
44 1053
44 838
44 433
44 50
44 54
44 184
44 313
44 1046
44 187
44 322
44 582
44 1223
44 203
44 1080
44 346
44 384
44 1118
44 233
44 621
44 788
44 376
44 505
44 635
44 1148
44 255
46 928
46 99
46 142
46 210
46 451
46 1078
46 1079
46 729
46 92
46 62
47 163
47 231
47 378
47 151
48 1035
48 908
48 913
48 282
48 422
48 808
48 1067
48 51
48 52
48 181
48 569
48 58
48 1084
48 447
48 579
48 196
48 332
48 78
48 208
48 84
48 85
48 88
48 1210
48 106
48 619
48 240
48 497
48 374
48 1016
48 510
48 1109
49 608
49 771
49 993
49 393
49 1104
49 1176
49 691
49 184
49 346
49 730
49 190
49 709
50 135
50 521
50 654
50 305
50 685
50 1201
50 1213
50 66
50 199
50 75
50 978
50 339
50 86
50 355
50 1073
50 850
50 752
50 625
50 246
50 1146
50 124
51 386
51 902
51 393
51 778
51 1215
51 142
51 1045
51 1176
51 730
51 1029
51 673
51 162
51 293
51 937
51 1066
51 691
51 184
51 314
51 956
51 318
51 831
51 961
51 968
51 82
51 983
51 346
51 479
51 608
51 225
51 226
51 490
51 986
51 761
51 123
51 1002
52 385
52 1027
52 1029
52 264
52 137
52 1166
52 1002
52 274
52 1054
52 416
52 1058
52 902
52 1065
52 1066
52 307
52 314
52 956
52 578
52 837
52 198
52 673
52 1099
52 77
52 82
52 1112
52 479
52 225
52 98
52 746
52 1133
52 490
52 1150
53 197
53 167
53 396
53 270
53 79
53 436
53 351
53 1125
53 127
54 257
54 355
54 135
54 1192
54 1068
54 459
54 434
54 195
54 865
55 756
55 430
56 1006
56 1202
56 407
56 121
56 860
56 285
56 1183
57 808
57 234
57 332
57 345
57 508
57 970
57 510
58 1154
58 271
58 274
58 405
58 296
58 1209
58 479
58 956
58 326
58 417
58 462
58 82
58 983
58 986
58 991
58 225
58 871
58 885
58 121
58 1150
59 635
59 644
59 133
59 1062
59 796
59 267
59 525
59 112
59 335
59 1046
59 89
59 207
59 621
59 669
59 319
61 515
61 786
61 793
61 287
61 290
61 291
61 1193
61 172
61 436
61 438
61 329
61 698
61 159
61 962
61 197
61 73
61 81
61 213
61 601
61 570
61 443
61 1125
61 239
61 763
61 127
62 770
62 404
62 1070
62 919
62 418
62 803
62 422
62 809
62 431
62 571
62 194
62 456
62 853
62 219
62 349
62 358
62 360
62 234
62 747
62 879
63 608
63 771
63 709
63 841
63 142
63 1104
63 1176
63 818
63 691
63 1108
63 184
63 346
63 190
63 831
64 756
64 430
65 1213
65 86
65 359
66 104
66 554
66 952
66 691
66 318
66 278
66 184
66 730
66 123
66 831
67 777
67 787
67 1047
67 794
67 552
67 558
67 305
67 833
67 1093
67 201
67 588
67 205
67 848
67 1105
67 978
67 86
67 728
67 992
67 976
67 741
67 742
67 359
67 235
67 237
67 110
67 246
67 762
67 124
67 126
69 96
69 827
69 840
69 141
69 621
69 368
69 148
69 375
69 731
70 387
70 871
70 874
70 77
70 333
70 1022
70 121
70 1021
70 766
71 96
71 1046
71 141
71 621
72 163
72 903
72 719
72 151
72 985
72 636
72 378
73 130
73 134
73 489
73 174
73 792
73 280
73 191
74 1024
74 432
74 222
74 118
74 536
74 634
74 574
74 572
74 286
74 1151
75 691
75 259
75 900
75 554
75 146
75 784
75 1176
75 318
75 788
75 190
75 278
75 184
75 730
75 123
75 650
75 255
76 1219
76 98
76 483
76 708
76 910
76 385
76 264
76 137
76 394
76 1099
76 686
76 273
76 274
76 1027
76 276
76 405
76 923
76 220
76 957
76 158
77 779
77 1038
77 282
77 418
77 422
77 808
77 940
77 561
77 1205
77 1210
77 445
77 579
77 1228
77 332
77 845
77 465
77 85
77 995
77 870
77 234
77 619
77 498
77 380
77 510
78 386
78 266
78 142
78 151
78 155
78 160
78 162
78 163
78 293
78 176
78 956
78 585
78 719
78 82
78 983
78 986
78 477
78 479
78 352
78 231
78 109
78 1007
78 761
78 378
78 636
79 130
79 1164
79 1103
79 432
79 916
79 344
79 447
80 1024
80 409
80 282
80 925
80 286
80 418
80 422
80 940
80 687
80 561
80 1205
80 1082
80 447
80 465
80 85
80 221
80 995
80 234
80 118
80 380
81 418
81 998
81 234
81 879
81 561
81 85
81 1210
81 282
81 571
81 510
81 1205
82 1025
82 196
82 1094
82 870
82 721
82 586
82 1130
82 1228
82 240
82 401
82 181
82 218
82 494
82 1240
82 122
83 891
83 299
83 396
83 270
83 793
83 127
84 1217
84 924
84 761
84 302
84 177
84 114
84 249
84 185
84 506
84 479
84 412
84 253
85 1039
85 533
85 1055
85 570
85 575
85 577
85 1092
85 587
85 601
85 607
85 98
85 1123
85 105
85 618
85 1131
85 109
85 1144
85 123
85 636
85 1157
85 1160
85 650
85 146
85 151
85 158
85 159
85 160
85 163
85 692
85 190
85 705
85 1218
85 1224
85 209
85 732
85 805
85 227
85 229
85 239
85 243
85 760
85 766
85 897
85 266
85 273
85 274
85 276
85 790
85 293
85 220
85 308
85 223
85 318
85 333
85 337
85 857
85 862
85 874
85 385
85 387
85 903
85 392
85 394
85 910
85 405
85 922
85 923
85 414
85 417
85 938
85 948
85 949
85 439
85 955
85 462
85 1101
85 472
85 985
85 475
85 990
85 479
85 483
85 501
85 1022
86 896
86 133
86 647
86 525
86 148
86 284
86 669
86 624
86 549
86 1062
86 423
86 684
86 175
86 179
86 1232
86 1208
86 313
86 1203
86 1053
86 1008
86 838
86 203
86 974
86 207
86 336
86 1102
86 591
86 1244
86 677
86 481
86 1211
86 878
86 1135
86 112
86 116
86 117
86 375
86 376
86 250
86 507
86 125
86 638
86 895
87 756
87 430
88 650
88 151
88 1176
88 163
88 1071
88 304
88 883
88 190
88 836
88 593
88 1234
88 983
88 986
88 993
88 231
88 238
88 755
88 378
88 636
89 161
89 514
89 260
89 933
89 200
89 169
89 107
89 717
89 495
89 145
89 306
89 537
89 94
91 691
91 1107
91 1176
91 614
91 582
91 650
91 621
91 376
91 371
91 190
91 1118
91 184
91 730
91 796
92 194
92 422
92 168
92 332
92 535
92 447
93 650
93 302
93 692
93 984
93 185
93 190
93 805
94 96
94 815
94 546
94 827
94 133
94 141
94 878
94 368
94 1080
94 830
94 1046
94 207
94 525
94 621
95 756
95 430
96 260
96 710
96 169
96 363
96 492
96 399
96 241
96 694
96 856
96 495
96 918
97 1024
97 118
98 870
98 1228
98 282
98 445
98 639
99 1221
99 998
99 168
99 234
99 332
99 879
99 970
99 808
99 1106
99 535
99 345
99 571
99 508
99 349
99 510
99 447
100 984
100 1176
101 359
101 558
101 850
101 110
101 1113
101 126
102 836
102 778
102 1071
102 304
102 984
102 1234
102 883
102 184
103 1063
104 359
104 199
104 823
104 850
104 565
104 1113
104 215
104 633
104 1213
105 1205
105 579
105 422
105 619
105 1038
105 808
105 561
105 118
105 282
105 447
106 994
106 385
106 715
106 1133
106 1006
106 271
106 273
106 274
106 405
106 983
106 1209
106 121
106 860
106 285
106 1150
106 1183
107 491
107 460
107 148
107 375
108 993
108 163
108 231
108 778
108 142
108 593
108 818
108 755
108 151
108 185
108 378
109 196
109 998
109 422
109 332
109 1016
109 447
109 508
109 510
109 181
110 517
110 149
110 284
110 289
110 423
110 582
110 712
110 1107
110 1118
110 612
110 621
110 125
110 376
110 507
110 1149
110 254
111 1157
111 417
111 871
111 1183
111 462
111 273
111 405
111 1209
111 1144
111 121
111 923
111 860
111 910
112 514
112 964
112 1073
112 359
112 616
112 330
112 850
112 717
112 144
112 369
112 466
112 373
112 279
112 124
112 362
113 769
113 390
113 910
113 271
113 273
113 274
113 405
113 923
113 541
113 1183
113 296
113 285
113 1202
113 1077
113 965
113 545
113 715
113 342
113 860
113 1006
113 121
113 1150
114 1084
115 756
115 430
116 292
116 359
116 716
116 1191
116 140
116 781
116 272
116 850
116 467
116 244
116 119
116 1213
117 521
117 272
117 279
117 668
117 1213
117 452
117 1093
117 201
117 466
117 467
117 852
117 981
117 1126
117 742
117 1001
117 625
117 339
117 119
117 124
117 765
118 1160
118 523
118 277
118 153
118 922
118 672
118 164
118 165
118 681
118 556
118 223
118 817
118 439
118 428
118 1088
118 1092
118 839
118 206
118 209
118 1123
118 1245
118 607
118 738
118 955
118 364
118 1141
118 760
118 252
119 640
119 133
119 647
119 267
119 1053
119 582
119 1203
119 838
119 1223
119 1097
119 974
119 336
119 1244
119 1118
119 677
119 614
119 1135
119 759
119 376
119 250
119 635
121 1025
121 747
121 422
121 779
121 204
121 906
121 498
121 808
121 234
121 510
121 845
122 142
123 579
123 678
123 454
123 199
123 685
123 629
123 619
123 465
123 823
123 215
123 538
123 218
123 737
123 380
123 282
123 565
124 640
124 259
124 900
124 284
124 157
124 289
124 987
124 796
124 175
124 309
124 1211
124 1053
124 838
124 207
124 591
124 614
124 1149
124 759
124 764
124 125
124 254
124 255
125 741
125 742
125 552
125 201
125 1047
125 588
125 205
125 848
125 1105
125 777
125 762
125 126
125 1093
126 896
126 517
126 904
126 149
126 423
126 936
126 175
126 582
126 1223
126 1107
126 725
126 1118
126 764
126 1018
126 507
126 1148
126 254
127 1026
127 998
127 424
127 697
127 332
127 573
127 808
127 1106
127 605
127 950
127 343
127 792
127 345
127 510
127 447
128 355
128 135
128 1068
128 434
128 893
129 993
129 142
129 818
129 1078
129 729
131 332
131 1106
131 508
131 510
132 480
132 162
132 386
132 1007
132 304
132 469
132 984
132 251
133 514
133 355
133 260
133 169
133 362
133 781
133 272
133 144
133 1073
133 850
133 467
133 981
133 1213
134 256
134 290
134 515
134 197
134 341
134 1013
134 1125
134 436
134 213
134 438
134 568
134 564
134 698
134 1117
134 287
135 610
135 278
135 449
135 384
135 192
135 334
135 1176
135 184
135 187
135 796
135 421
136 998
136 422
136 808
136 332
136 1106
136 510
137 1228
138 430
139 544
139 251
139 190
140 838
140 647
140 1097
140 974
140 376
140 979
140 148
140 606
141 260
141 169
141 918
141 495
141 881
141 694
142 401
142 494
142 166
142 300
142 941
142 181
142 953
142 442
142 188
142 194
142 323
142 196
142 1094
142 1225
142 714
142 721
142 854
142 1240
142 218
142 349
142 484
142 785
142 1130
142 236
142 366
142 240
142 1140
142 1016
142 789
144 267
144 525
144 148
144 1048
144 669
144 549
144 1062
144 830
144 840
144 460
144 207
144 336
144 1236
144 335
144 491
144 621
144 878
144 375
145 491
145 460
145 463
145 148
145 375
146 1205
146 258
146 1038
146 561
146 282
146 380
146 1210
146 629
147 353
147 998
147 422
147 925
147 332
147 527
147 808
147 1044
147 409
147 345
147 1082
147 221
147 510
148 773
148 654
148 918
148 804
148 1073
148 306
148 694
148 695
148 700
148 330
148 1227
148 716
148 850
148 212
148 355
148 1129
148 369
149 588
149 237
149 1073
149 850
149 1087
150 608
150 836
150 961
150 1176
150 304
150 984
150 469
150 184
150 346
150 251
151 641
151 1038
151 1167
151 789
151 282
151 1180
151 561
151 1205
151 1214
151 320
151 196
151 1235
151 736
151 482
151 494
151 248
151 509
153 1142
153 432
153 409
153 221
154 304
154 984
154 251
154 469
155 1122
155 323
155 196
155 726
155 714
155 269
155 973
155 822
155 181
155 374
155 494
155 1194
157 1073
157 625
157 521
157 1201
157 978
157 1165
157 305
157 850
157 339
157 373
157 246
157 279
157 1145
157 1146
157 765
158 619
158 579
158 639
159 579
159 619
159 174
159 792
159 282
159 1243
159 445
160 1122
160 579
160 1030
160 269
160 973
160 372
160 726
160 181
162 320
162 747
162 261
162 1094
162 295
162 170
162 395
162 701
162 240
162 196
162 182
162 218
162 234
162 734
162 485
163 649
163 269
163 1167
163 282
163 548
163 297
163 1194
163 181
163 196
163 583
163 714
163 1016
163 1235
163 347
163 861
163 494
163 374
163 248
163 509
164 894
164 748
164 658
164 687
164 432
164 594
164 693
164 892
164 286
165 1024
165 594
165 595
165 286
166 729
166 818
166 1078
167 424
167 343
168 1061
168 1239
168 559
168 1079
168 911
169 635
169 267
169 878
169 336
169 1048
169 830
169 1080
169 207
169 525
169 669
169 319
170 544
170 646
170 386
170 1007
170 592
170 251
171 984
171 1234
171 251
172 174
173 608
173 322
173 771
173 711
173 650
173 784
173 993
173 371
173 692
173 805
173 278
173 855
173 184
173 1108
173 346
173 1119
173 778
173 190
173 709
174 256
174 367
174 866
174 291
174 1125
174 1198
174 239
174 931
174 243
174 436
174 758
174 601
174 696
174 596
174 570
174 287
174 443
175 466
175 279
176 1122
176 323
176 196
176 869
176 391
176 297
176 269
176 1051
176 977
176 675
176 372
176 181
176 374
176 649
176 494
176 347
176 1110
178 1234
178 469
178 984
178 251
178 190
180 836
180 1071
180 304
180 883
180 984
181 585
181 266
181 719
181 352
181 778
181 1078
181 729
181 378
181 956
181 477
183 850
183 1213
183 1073
184 257
184 258
184 899
184 1156
184 645
184 1068
184 538
184 474
184 415
184 1056
184 678
184 434
184 195
184 199
184 338
184 215
184 218
184 609
184 232
184 751
184 240
184 562
184 629
184 247
184 893
184 865
185 448
185 801
185 812
185 782
185 1084
186 1113
186 359
187 434
187 355
187 654
188 993
188 778
190 258
190 645
190 782
190 1113
190 1156
190 1178
190 1184
190 1073
190 298
190 733
190 571
190 573
190 702
190 1221
190 972
190 970
190 332
190 909
190 465
190 850
190 214
190 727
190 345
190 474
190 1246
190 1020
190 359
190 508
190 234
190 747
190 879
190 1213
190 380
191 1125
191 436
191 1193
191 763
192 434
192 1068
192 893
192 542
193 353
193 418
193 808
193 234
193 747
193 332
193 345
193 571
193 447
194 928
194 1061
194 559
194 210
195 322
195 278
195 582
195 711
195 904
195 1148
195 1107
195 610
195 334
195 1176
195 371
195 1118
195 1046
195 621
195 511
196 266
196 1049
196 429
196 818
196 566
196 956
196 778
196 832
196 593
196 983
196 479
196 231
196 617
196 615
196 238
196 636
196 383
197 768
197 1164
197 605
197 432
197 792
197 980
197 343
197 280
197 1103
198 1184
198 613
198 806
198 1228
198 908
198 208
198 913
198 870
198 216
198 340
198 733
199 1104
199 259
199 900
199 709
199 393
199 784
199 952
199 771
199 788
199 278
199 1108
199 346
199 255
200 621
200 1046
200 796
201 640
201 775
201 525
201 1043
201 283
201 796
201 926
201 543
201 411
201 1190
201 936
201 682
201 684
201 1203
201 1208
201 825
201 446
201 325
201 712
201 969
201 971
201 589
201 207
201 1018
201 481
201 611
201 612
201 614
201 878
201 1064
201 1011
201 888
201 250
201 507
201 764
201 254
203 355
203 654
204 419
204 871
204 407
204 813
204 880
204 567
204 285
205 669
205 289
205 1149
205 612
205 1062
205 423
205 936
205 1211
205 525
205 207
205 376
205 481
205 830
205 284
205 254
205 507
206 1024
206 584
206 776
206 1171
206 574
206 536
206 634
206 572
206 222
207 514
207 519
207 522
207 1047
207 279
207 294
207 1213
207 330
207 339
207 742
207 1127
207 362
207 495
207 881
207 373
207 1145
207 379
207 765
208 984
208 479
209 579
209 619
209 1164
209 432
210 358
210 657
210 360
210 1000
210 1070
210 431
210 1072
210 456
210 404
210 853
210 628
210 219
211 430
212 840
212 1206
212 375
212 1236
213 280
213 792
213 982
214 650
214 692
215 554
215 784
215 952
215 278
215 318
216 1112
217 993
218 480
218 393
218 386
218 1037
218 1176
218 691
218 278
218 761
218 505
218 346
218 730
219 451
219 967
219 946
220 579
220 940
220 619
220 380
221 738
221 230
221 1160
221 659
221 890
221 1147
222 256
222 547
222 523
222 468
222 365
222 436
222 277
222 441
222 763
222 1021
223 579
223 619
223 940
223 808
223 995
223 380
223 510
224 998
224 510
224 422
225 1025
225 1091
225 1094
225 870
225 586
225 1228
225 240
225 663
225 915
228 993
228 778
229 579
229 282
229 380
229 447
230 409
230 1082
230 1142
231 482
231 1035
231 721
231 494
231 1109
232 608
232 961
232 393
232 984
232 371
232 346
232 251
232 511
234 387
234 388
234 1157
234 1160
234 650
234 524
234 910
234 273
234 786
234 403
234 660
234 405
234 798
234 672
234 667
234 805
234 994
234 436
234 556
234 301
234 1074
234 692
234 308
234 824
234 580
234 417
234 457
234 923
234 860
234 989
234 738
234 871
234 890
234 763
234 637
235 289
235 612
235 411
235 796
235 254
236 293
236 1007
236 818
237 481
237 507
238 739
238 1035
238 300
238 494
238 721
238 754
238 1109
238 1130
238 1240
238 714
239 1210
239 282
239 445
240 386
240 993
240 646
240 393
240 778
240 653
240 784
240 1002
240 1045
240 278
240 673
240 293
240 1065
240 818
240 691
240 314
240 831
240 322
240 711
240 346
240 479
240 608
240 490
240 757
240 746
242 984
242 1234
242 251
242 469
243 940
243 579
243 380
244 838
244 647
244 1097
244 796
244 1053
244 1244
246 640
246 896
246 614
246 582
246 423
246 904
246 1223
246 413
246 838
246 1247
246 444
246 1053
246 255
247 322
247 778
247 784
247 371
247 691
247 278
247 511
249 320
250 741
250 359
250 850
250 1213
251 406
251 415
251 1184
251 422
251 440
251 701
251 970
251 332
251 720
251 1106
251 1114
251 603
251 604
251 733
251 1246
251 735
251 996
251 750
251 508
251 298
252 1024
252 687
252 432
252 286
254 929
254 279
254 1047
254 762
255 355
255 654
255 752
255 305
255 339
256 1151
257 322
257 711
257 621
257 691
257 278
257 1046
257 796
258 691
258 778
258 993
258 650
258 718
258 371
258 350
258 278
258 317
258 767
259 737
259 1042
259 294
259 454
259 685
259 466
259 279
260 815
261 480
261 1115
261 386
261 646
263 422
263 332
263 808
263 447
264 586
266 323
266 422
266 497
266 808
266 1194
266 973
266 465
266 374
266 1016
266 282
266 447
266 380
266 1210
266 510
267 1152
267 514
267 355
267 452
267 359
267 379
267 330
267 951
267 272
267 850
267 1001
267 852
267 654
267 668
268 808
268 510
268 422
268 447
269 352
269 648
269 938
269 719
269 378
269 636
269 829
269 959
270 768
270 1221
270 422
270 424
270 697
270 332
270 808
270 343
270 345
270 573
270 447
271 1067
271 613
272 635
272 1097
272 1080
272 283
272 796
272 606
272 319
273 288
273 579
273 676
273 561
273 940
273 747
273 906
273 1038
273 1067
273 282
273 380
274 1025
274 579
274 870
274 1004
274 619
274 1067
274 586
274 1228
275 756
275 430
276 579
276 465
276 1038
276 561
276 282
276 380
276 1210
276 1205
277 749
277 687
277 594
277 595
277 634
277 286
277 1151
278 899
278 1068
278 685
278 542
278 1056
278 678
278 434
278 565
278 823
278 1094
278 459
278 609
278 999
278 629
278 633
278 737
278 865
279 525
279 1041
279 1043
279 666
279 283
279 796
279 669
279 410
279 289
279 1062
279 435
279 1076
279 444
279 830
279 1089
279 712
279 599
279 413
279 612
279 878
279 376
280 290
280 436
280 1014
280 1117
280 287
281 756
281 430
282 387
282 903
282 392
282 910
282 528
282 405
282 662
282 923
282 1160
282 690
282 948
282 821
282 566
282 1212
282 317
282 394
282 705
282 417
282 1015
282 462
282 333
282 983
282 472
282 986
282 732
282 350
282 991
282 874
282 786
282 1022
282 630
282 873
282 890
282 636
282 766
282 767
283 452
283 742
283 1229
283 466
283 1001
283 852
283 668
284 616
284 373
285 1067
285 613
285 828
285 1226
286 1160
286 1092
286 1179
286 671
286 672
286 1185
286 802
286 547
286 428
286 817
286 1098
286 556
286 580
286 590
286 1245
286 738
286 1124
286 743
286 872
286 365
286 1141
286 502
286 637
287 982
288 910
288 405
288 417
289 1042
289 552
289 777
289 522
289 466
289 762
289 794
291 792
292 611
292 1097
292 591
292 1011
292 446
292 638
293 320
293 953
293 380
294 669
295 386
296 1025
297 429
297 719
297 1049
297 378
298 650
298 692
298 469
299 1026
299 422
299 808
299 303
299 950
300 832
300 615
300 617
300 1078
300 729
300 383
301 747
302 1084
302 782
304 643
304 406
304 808
304 697
304 316
304 573
304 447
304 320
304 1221
304 970
304 332
304 847
304 1106
304 345
304 613
304 882
304 886
304 508
305 1089
305 481
305 517
305 614
305 423
305 413
305 788
305 1211
305 507
305 1053
306 1236
306 840
306 1206
307 1228
307 613
308 418
308 579
308 747
308 879
308 571
308 380
310 756
310 430
311 756
311 430
312 993
312 778
313 355
314 1228
314 870
315 430
316 836
316 1071
316 883
316 984
317 1210
317 727
318 579
318 823
318 538
318 899
318 565
319 514
319 359
319 680
319 362
319 551
319 717
319 1213
320 581
320 327
320 761
320 984
320 1176
320 836
320 1207
321 778
322 1056
322 609
322 338
322 629
323 352
323 1168
323 1028
323 648
323 585
323 429
323 914
323 819
323 566
323 1049
324 430
325 1213
326 1025
326 613
328 640
328 1053
328 614
328 759
329 792
330 1062
330 525
330 878
330 1048
330 635
330 830
332 469
332 396
332 397
332 664
332 408
332 793
332 930
332 1061
332 476
332 559
332 1074
332 1079
332 836
332 1222
332 457
332 458
332 722
332 983
332 544
332 600
332 862
332 479
332 740
332 1063
332 622
332 1138
332 889
333 579
333 779
333 845
333 445
334 846
335 1186
335 867
335 551
335 362
335 519
336 1127
336 467
336 379
339 669
339 582
339 904
339 1118
339 788
339 376
339 1148
339 830
340 1112
340 1234
341 536
341 572
342 1096
343 814
343 458
343 661
343 889
343 797
345 388
345 1031
345 1163
345 397
345 531
345 660
345 1176
345 793
345 1182
345 1159
345 883
345 824
345 963
345 836
345 1095
345 457
345 722
345 1238
345 600
345 862
345 1234
346 1090
346 643
346 886
346 1094
346 1003
346 789
346 415
347 378
347 636
349 818
350 1038
350 561
350 1210
350 727
350 445
352 1016
353 1234
353 397
353 722
353 1176
353 476
353 862
354 796
355 904
355 788
355 433
355 1080
355 582
355 1223
355 460
355 463
355 1107
355 1118
355 610
355 375
355 635
356 778
357 536
358 928
358 887
358 670
359 640
359 647
359 650
359 796
359 684
359 1203
359 1211
359 446
359 450
359 1097
359 589
359 725
359 1244
359 606
359 481
359 611
359 614
359 487
359 1011
359 759
359 888
359 635
360 451
360 967
360 946
360 670
361 984
361 1234
362 878
362 830
362 1048
362 796
362 669
364 1024
365 749
365 432
365 594
365 595
365 574
365 1151
366 818
368 881
368 495
369 840
369 1206
369 1236
370 1234
371 609
371 772
371 459
371 520
371 789
371 1090
371 540
372 938
372 429
372 1049
373 669
373 666
373 1149
373 878
373 1048
373 503
373 413
373 410
374 903
374 1168
374 819
374 948
374 566
374 636
374 778
374 479
375 804
375 654
375 954
376 1042
376 521
376 552
376 522
376 625
376 466
376 1047
376 794
378 482
378 548
378 869
378 455
378 1016
378 1051
378 753
378 675
378 649
379 621
379 878
379 669
380 910
380 405
380 1174
380 923
380 1187
380 817
380 819
380 566
380 394
380 575
380 580
380 1101
380 862
380 866
380 483
380 743
380 1007
380 501
380 502
380 890
382 756
382 430
383 679
383 1132
383 494
383 754
383 1240
384 434
384 542
385 1091
385 1004
385 663
385 586
386 996
386 516
386 701
386 997
387 418
387 998
387 808
387 779
387 845
387 1210
387 510
387 445
387 478
387 447
388 998
388 422
388 808
388 879
388 697
388 571
388 510
389 998
389 510
389 422
390 1096
392 998
392 1038
392 808
392 561
392 1210
392 445
392 510
392 447
393 789
393 1214
394 579
394 619
394 465
394 1210
394 445
396 998
396 422
396 970
396 1103
396 508
396 510
396 447
397 422
397 808
397 1106
397 573
397 510
397 447
398 756
398 430
401 1007
401 1078
401 729
401 956
402 510
402 447
403 571
403 747
404 451
404 670
404 887
405 906
405 879
405 799
405 940
405 571
405 579
405 465
405 1210
405 995
405 613
405 747
405 639
406 544
408 1106
408 422
409 738
409 683
409 427
409 898
409 659
409 890
410 616
411 741
411 929
412 1084
415 544
415 608
415 961
415 709
415 807
415 592
415 920
415 691
415 984
415 469
416 1228
416 870
417 1205
417 879
417 676
417 906
417 561
417 724
417 1210
417 571
417 799
418 1125
418 817
418 874
418 786
418 766
418 820
418 436
418 890
418 763
420 756
420 430
422 476
422 1195
422 911
422 1181
422 1061
422 559
422 1160
422 1075
422 437
422 566
422 1209
422 544
422 1095
422 844
422 469
422 983
422 600
422 986
422 859
422 477
422 1239
422 592
422 738
422 891
422 740
422 871
422 876
422 1007
422 1019
423 1105
423 552
423 777
423 522
423 978
423 787
423 558
423 728
423 1241
423 762
423 794
424 1158
424 814
424 944
424 661
424 797
425 430
426 1213
427 1082
428 1024
428 687
429 753
429 675
429 791
430 576
430 534
430 774
430 471
430 1040
430 536
430 1050
430 539
430 947
430 901
430 945
430 563
430 572
430 706
430 461
430 1231
430 602
430 988
430 733
430 1083
430 613
430 620
430 934
431 928
431 451
431 967
431 946
432 1088
432 955
432 1179
432 436
432 922
432 763
432 1021
432 1125
433 654
434 610
434 784
434 632
434 691
435 466
436 747
436 1171
436 982
436 1017
436 634
436 574
439 1024
439 579
439 619
440 469
441 584
441 1171
441 536
441 634
441 574
441 1151
442 818
443 792
443 1243
444 466
444 850
445 1169
445 821
445 570
445 1034
445 705
445 1224
445 732
445 875
445 1007
445 496
445 630
445 1022
446 960
446 741
446 742
446 850
446 1213
447 911
447 529
447 531
447 664
447 1055
447 672
447 930
447 1061
447 556
447 559
447 1075
447 577
447 705
447 607
447 458
447 844
447 722
447 472
447 740
447 858
447 479
447 732
447 874
447 1007
447 681
447 1019
447 637
447 766
449 1068
450 1113
451 809
453 613
454 900
454 987
455 719
456 928
456 967
456 946
456 670
457 747
457 879
457 697
457 571
457 573
458 768
458 998
458 1106
458 980
458 508
458 605
458 510
459 1107
459 582
459 904
459 784
459 1176
459 796
459 1118
460 773
460 654
460 695
462 579
462 676
462 1210
464 796
465 1157
465 1160
465 650
465 1168
465 1174
465 819
465 692
465 821
465 566
465 738
465 873
465 875
465 630
465 890
466 704
466 900
466 864
466 1032
466 987
466 1076
466 470
467 647
467 979
467 1080
467 606
467 549
468 584
468 776
468 1171
468 634
468 574
468 1151
469 733
469 613
469 1106
469 604
469 912
469 970
469 882
469 508
469 701
470 1042
472 1205
472 579
472 1038
472 561
474 650
474 1176
474 691
475 619
475 579
476 1106
477 1016
478 766
479 1025
479 1091
479 908
479 579
479 663
479 569
479 835
479 1094
479 1228
479 586
479 870
479 619
479 1004
479 497
480 701
481 978
481 1241
481 552
481 850
481 1213
481 1047
481 1113
481 762
481 794
481 1087
482 719
482 593
482 755
483 579
484 729
486 993
486 778
487 1213
487 1113
488 993
488 778
490 870
490 1094
490 586
490 1228
491 954
491 695
493 796
494 636
494 985
494 948
494 617
494 615
494 1007
494 593
494 903
494 689
495 546
495 731
495 745
495 810
495 827
495 1046
495 669
495 621
497 1168
497 819
497 566
497 983
497 986
497 778
497 1174
498 871
498 1063
498 1209
498 1021
500 808
501 579
501 998
501 510
502 749
502 687
502 594
502 595
502 510
502 536
504 850
505 789
506 1084
507 978
507 1073
507 588
507 752
507 850
507 787
507 558
507 777
507 1241
507 1087
508 650
508 667
508 836
508 862
508 1063
508 1138
508 883
508 889
510 1168
510 529
510 793
510 664
510 665
510 667
510 671
510 1075
510 930
510 819
510 566
510 705
510 1095
510 1234
510 722
510 983
510 889
510 1209
510 986
510 860
510 994
510 1124
510 1134
510 1176
511 1090
511 789
511 540
513 993
514 621
514 635
517 1105
517 777
518 796
519 525
519 878
519 1048
519 796
519 669
521 974
522 896
522 669
523 584
523 776
523 536
523 572
523 574
523 1151
524 879
524 571
524 747
525 867
525 1111
525 1093
525 742
525 1047
525 1073
525 850
525 762
525 1213
526 796
528 1210
530 1213
533 579
535 1079
536 1124
536 756
536 564
536 1179
536 671
538 691
539 756
541 1096
544 996
544 613
544 1114
544 997
544 1020
544 1246
545 1096
547 1151
548 903
548 719
548 948
548 985
548 636
551 644
551 796
552 896
552 582
552 904
552 1107
552 1118
552 1211
552 1148
552 926
554 565
554 823
554 633
555 993
555 778
556 879
556 747
556 687
556 571
558 582
558 1223
558 621
559 1070
561 910
561 662
561 923
561 681
561 1160
561 1212
561 607
561 738
561 786
561 890
561 767
562 841
562 691
562 831
563 756
564 572
566 998
566 1194
566 569
566 1210
569 993
569 983
569 986
571 1157
571 1163
571 798
571 672
571 1074
571 1182
571 824
571 575
571 963
571 1222
571 1101
571 1249
571 637
572 1179
573 1182
573 722
573 660
573 984
573 793
574 1125
574 839
574 1193
574 1138
574 1116
574 1021
574 1063
575 995
575 940
575 879
577 579
578 835
578 586
578 1228
578 1091
578 663
579 897
579 790
579 662
579 1176
579 922
579 802
579 681
579 938
579 817
579 821
579 580
579 991
579 587
579 983
579 986
579 990
579 866
579 743
579 1133
579 1137
579 630
579 1150
580 808
580 747
580 940
580 749
580 594
580 595
580 995
582 846
582 999
582 728
582 850
582 654
582 787
582 794
582 1213
584 839
584 1116
586 1027
586 837
586 937
586 1099
586 942
586 1200
586 1166
586 902
586 1215
586 1150
587 619
588 936
588 1018
589 741
589 1113
589 1213
590 594
592 996
592 613
592 1114
593 714
593 721
593 822
593 1240
593 1130
594 1124
594 671
595 817
595 1124
595 671
597 993
597 778
600 1221
600 808
600 1106
600 697
602 756
603 1234
605 889
606 781
606 850
606 981
606 1213
607 1205
607 1038
608 1090
608 645
609 993
609 778
609 784
609 691
610 846
610 654
610 893
611 1093
611 742
611 1113
612 833
612 741
612 929
612 777
612 1105
612 762
613 1154
613 1157
613 1112
613 1071
613 836
613 715
613 984
613 862
613 883
613 756
613 885
614 741
614 752
614 978
614 851
614 1086
614 1023
615 721
615 789
615 1130
616 666
617 834
617 1132
617 721
617 754
617 789
617 822
617 714
617 1214
619 897
619 1166
619 1176
619 922
619 817
619 1088
619 1123
619 983
619 955
619 1133
619 630
619 1150
620 1234
620 756
620 984
621 777
621 918
621 680
621 1073
621 694
621 1213
621 1105
621 850
621 1127
621 881
622 1106
623 850
623 1213
625 788
626 778
628 928
628 670
629 711
629 691
631 796
633 952
634 1179
634 1125
634 1063
634 1193
634 1138
634 763
634 1021
635 680
635 951
635 717
635 654
635 850
635 1113
636 1051
636 649
636 1130
636 1035
636 1167
636 721
636 1235
636 1240
637 747
637 879
638 960
638 850
638 1213
640 741
640 1113
643 1104
643 771
643 836
643 709
643 1071
643 1234
643 883
643 1108
643 984
645 993
645 650
645 691
645 778
647 716
647 1113
648 1161
648 1030
648 726
649 903
649 719
649 985
650 1035
650 909
650 1069
650 789
650 1156
650 1052
650 808
650 812
650 1073
650 1162
650 702
650 850
650 727
650 1113
650 1214
650 1109
651 993
654 840
654 1206
654 788
657 928
657 946
658 817
659 1082
659 1142
660 747
660 1221
661 768
661 980
662 1038
664 1106
664 998
665 998
667 747
667 998
668 1076
669 867
669 1111
669 881
670 770
671 749
671 687
673 870
674 993
675 1049
678 784
679 689
680 1046
681 1024
681 1205
682 741
682 742
682 1073
682 850
682 1093
683 925
684 742
684 741
685 987
685 784
685 788
687 738
687 1092
687 890
688 796
689 721
689 1130
690 1210
691 789
691 1192
691 1094
691 865
691 727
691 893
692 808
692 747
692 1214
692 789
693 1141
693 817
694 815
695 840
697 816
697 1159
697 984
697 1234
697 793
697 836
700 840
701 1115
703 993
705 998
707 993
707 778
709 1003
709 1136
709 886
711 1094
711 1192
711 846
712 741
712 742
712 1105
712 777
712 1093
713 993
714 832
715 1096
716 1236
716 840
716 1244
716 796
718 727
719 869
719 1030
719 1237
719 973
719 753
719 726
719 1161
719 1051
719 1189
721 832
721 818
721 755
721 903
721 729
721 956
721 985
722 1221
722 808
722 1106
725 850
725 1113
725 1213
726 1028
726 829
726 959
727 778
727 993
727 905
727 730
727 767
729 834
729 739
729 1057
729 1132
729 1130
729 754
731 918
735 984
737 987
738 1024
738 925
738 747
738 1038
738 1205
738 1082
739 832
739 1078
741 1190
741 969
741 1203
741 926
741 759
741 888
741 796
742 780
742 1053
742 926
742 1190
742 1076
742 1208
742 1211
742 958
742 830
742 764
743 808
743 940
743 995
744 984
744 1234
745 881
746 1228
746 870
747 910
747 1182
747 805
747 817
747 994
747 1209
747 860
748 1141
749 817
749 1124
751 778
752 788
752 759
753 1049
754 832
754 1078
755 1130
755 1035
756 907
756 1170
756 1242
756 877
759 1153
759 851
759 1113
759 1086
760 808
760 1024
761 1084
762 896
762 1062
762 926
763 1164
764 1093
765 830
766 1210
767 1038
767 1205
768 814
768 889
768 797
769 1096
771 1136
771 886
775 850
775 1213
776 839
777 896
777 936
777 926
777 1018
778 1056
778 1194
778 1094
778 1233
778 1012
779 1209
779 1021
779 1022
780 850
780 1073
781 1097
781 1080
781 796
782 1234
782 1176
783 796
784 1094
784 999
784 1173
784 893
786 1038
786 1210
787 896
787 1107
787 1118
788 978
789 805
789 984
789 818
789 831
791 1049
793 1221
793 808
794 1223
794 974
794 1211
795 850
795 1213
795 1073
796 1175
796 929
796 1192
796 1068
796 1081
796 1191
796 833
798 879
799 1157
800 984
800 1176
800 1234
802 808
804 840
804 1236
805 812
806 1112
808 1187
808 1075
808 816
808 1163
808 1095
808 858
808 871
808 876
808 891
808 1159
813 828
817 1024
817 892
818 1130
818 842
818 854
818 1225
819 998
819 940
819 995
821 1210
823 952
824 1221
824 879
826 984
826 1234
829 1161
829 1030
829 1122
830 1093
830 951
830 1047
831 1214
832 1132
834 1078
835 1200
836 1035
836 1221
836 970
836 847
836 1106
836 1003
836 1136
836 884
836 886
837 1004
837 1228
838 1191
839 1024
839 1171
840 918
843 850
843 1213
843 1073
845 860
845 1021
845 1022
846 904
846 1223
846 1107
846 1148
846 1118
847 984
848 936
848 926
850 904
850 1176
850 1046
850 1177
850 1203
850 1118
850 979
850 1247
850 1248
850 1107
853 928
853 946
853 967
860 906
860 1067
862 970
862 1106
866 940
870 1058
870 1230
870 1002
870 1066
870 1045
870 1029
870 1054
871 906
873 1210
878 1186
878 1127
879 1031
879 1101
879 963
883 970
883 1003
883 1136
883 886
883 1221
884 984
884 1234
885 1025
886 1104
886 1234
888 1113
889 998
890 925
890 940
890 1038
890 1044
890 1205
890 1210
891 950
892 1141
894 1141
900 1042
903 1130
903 1167
903 1235
903 1240
903 1194
904 999
904 1073
904 1213
906 994
906 910
906 923
906 1183
908 1112
908 1234
908 984
910 1096
910 1038
910 1210
913 1112
913 1234
913 983
913 984
915 937
917 984
918 1046
918 1236
922 1024
922 1164
923 1038
923 1205
925 1120
926 1105
926 1093
928 1070
928 1072
930 1106
930 998
932 1176
937 1004
939 993
940 1157
940 1101
940 1168
940 1092
946 1000
948 1194
952 1213
955 1164
956 1025
956 1057
956 1228
956 973
959 1161
959 1030
959 1122
961 1090
963 1221
965 1096
970 1021
972 1176
973 993
974 1165
974 1201
974 1146
976 1211
978 1211
979 1073
982 1125
982 1193
982 1014
983 998
983 1035
983 1106
983 1109
984 1060
984 1128
984 1003
985 1130
985 1167
985 1235
985 1240
985 1051
986 998
986 1210
987 1042
991 1210
992 1211
993 1056
993 1035
993 1233
993 1010
993 1012
993 1109
994 1067
994 998
995 1160
995 1174
996 1234
998 1176
998 1174
998 1234
998 1134
999 1176
999 1148
999 1118
1002 1228
1003 1071
1003 1234
1004 1166
1004 1150
1006 1096
1007 1057
1007 1240
1008 1213
1011 1113
1021 1164
1021 1171
1021 1151
1024 1123
1024 1199
1025 1154
1028 1161
1028 1030
1029 1228
1038 1212
1046 1213
1047 1211
1053 1191
1053 1213
1053 1086
1054 1228
1061 1106
1063 1171
1065 1228
1066 1228
1067 1133
1067 1166
1067 1150
1073 1248
1073 1148
1077 1096
1078 1132
1079 1106
1084 1143
1093 1190
1093 1211
1096 1202
1104 1136
1105 1211
1106 1176
1113 1244
1114 1234
1116 1171
1118 1213
1118 1173
1125 1164
1133 1228
1142 1147
1148 1173
1150 1228
1156 1176
1159 1221
1160 1205
1168 1194
1176 1213
1177 1213
1182 1221
1197 1213
1206 1227
1211 1241
1213 1223
1214 1234
