0 1
0 2
0 6
0 7
0 8
0 9
0 11
0 13
0 526
0 18
0 1048
0 25
0 539
0 34
0 52
0 54
0 56
0 569
0 61
0 66
0 69
0 73
0 588
0 589
0 1102
0 84
0 85
0 111
0 115
0 628
0 635
0 638
0 1151
0 129
0 130
0 134
0 652
0 150
0 158
0 672
0 173
0 1198
0 687
0 689
0 180
0 186
0 701
0 199
0 1226
0 1230
0 211
0 212
0 732
0 221
0 1246
0 1247
0 750
0 241
0 126
0 257
0 258
0 260
0 774
0 274
0 291
0 295
0 303
0 313
0 828
0 347
0 348
0 873
0 377
0 1002
0 388
0 390
0 396
0 417
0 441
0 442
0 444
0 958
0 459
0 78
0 989
0 490
0 491
0 500
0 504
0 1023
1 898
1 3
1 4
1 5
1 906
1 520
1 905
1 10
1 139
1 1134
1 14
1 479
1 16
1 17
1 786
1 20
1 238
1 790
1 1113
1 1156
1 1114
1 798
1 261
1 161
1 162
1 803
1 164
1 1061
1 1137
1 552
1 169
1 42
1 941
1 1101
1 431
1 645
1 1201
1 307
1 1064
1 438
1 55
1 440
1 187
1 590
1 138
1 599
1 65
1 708
1 991
1 841
1 586
1 77
1 206
1 205
1 722
1 340
1 462
1 342
1 215
1 472
1 89
1 858
1 847
1 861
1 95
1 1170
1 353
1 228
1 1212
1 362
1 563
1 914
1 110
1 623
1 881
1 243
1 629
1 809
1 248
1 506
2 1189
2 261
2 135
2 307
2 10
2 12
2 14
2 655
2 786
2 1171
2 942
2 790
2 796
2 157
2 30
2 389
2 162
2 803
2 164
2 293
2 42
2 46
2 645
2 563
2 182
2 1080
2 187
2 1212
2 450
2 327
2 712
2 1107
2 861
2 991
2 608
2 955
2 238
2 1135
2 368
2 1137
2 626
2 1139
3 900
3 257
3 9
3 15
3 19
3 21
3 791
3 704
3 545
3 37
3 39
3 811
3 429
3 434
3 641
3 826
3 315
3 60
3 573
3 320
3 321
3 964
3 326
3 969
3 843
3 1100
3 338
3 469
3 729
3 474
3 98
3 743
3 232
3 105
3 1069
3 120
3 382
3 1237
4 131
4 649
4 908
4 140
4 142
4 15
4 866
4 771
4 21
4 154
4 29
4 1054
4 581
4 33
4 37
4 39
4 1065
4 1216
4 816
4 174
4 1181
4 304
4 177
4 179
4 308
4 53
4 949
4 184
4 1144
4 698
4 1203
4 60
4 1213
4 62
4 373
4 320
4 843
4 453
4 1072
4 585
4 331
4 1100
4 845
4 80
4 824
4 82
4 527
4 217
4 475
4 605
4 94
4 592
4 98
4 911
4 613
4 359
4 488
4 956
4 850
4 882
4 755
4 318
4 887
4 120
4 121
4 959
4 899
4 1021
4 405
5 257
5 488
5 9
5 1100
5 1238
5 120
6 259
6 261
6 135
6 10
6 12
6 14
6 657
6 1171
6 942
6 796
6 157
6 286
6 389
6 162
6 1189
6 552
6 42
6 46
6 307
6 773
6 30
6 182
6 952
6 187
6 450
6 712
6 1239
6 1114
6 91
6 861
6 738
6 1148
6 1010
6 1018
6 124
7 389
7 135
7 10
7 12
7 657
7 1171
7 796
7 925
7 286
7 1189
7 30
7 182
7 187
7 65
7 450
7 327
7 712
7 722
7 603
7 486
7 1132
7 749
7 881
7 124
8 898
8 1156
8 10
8 524
8 657
8 1170
8 790
8 541
8 286
8 161
8 798
8 803
8 46
8 307
8 30
8 955
8 65
8 712
8 12
8 1122
8 847
8 722
8 340
8 214
8 91
8 223
8 608
8 738
8 486
8 749
8 881
8 124
9 385
9 135
9 777
9 138
9 267
9 655
9 30
9 1029
9 416
9 806
9 941
9 46
9 1201
9 306
9 182
9 55
9 699
9 907
9 712
9 202
9 1107
9 981
9 89
9 608
9 107
9 753
9 626
9 249
9 122
10 1028
10 11
10 13
10 15
10 18
10 19
10 1045
10 22
10 24
10 25
10 27
10 28
10 31
10 1058
10 36
10 40
10 553
10 1067
10 44
10 50
10 52
10 573
10 576
10 66
10 67
10 73
10 78
10 1103
10 593
10 1108
10 86
10 600
10 90
10 1119
10 96
10 1026
10 611
10 102
10 111
10 112
10 627
10 118
10 125
10 126
10 642
10 643
10 132
10 1157
10 653
10 1166
10 964
10 156
10 170
10 1198
10 797
10 176
10 178
10 180
10 193
10 706
10 195
10 200
10 717
10 207
10 210
10 213
10 216
10 218
10 719
10 732
10 742
10 235
10 1150
10 255
10 258
10 260
10 1240
10 275
10 788
10 285
10 287
10 802
10 291
10 1244
10 810
10 299
10 813
10 312
10 564
10 828
10 317
10 321
10 1102
10 334
10 335
10 849
10 339
10 855
10 856
10 345
10 862
10 873
10 363
10 829
10 377
10 893
10 900
10 392
10 399
10 913
10 1155
10 923
10 413
10 418
10 420
10 934
10 428
10 946
10 441
10 445
10 961
10 452
10 930
10 974
10 467
10 469
10 1243
10 473
10 987
10 1001
10 490
10 500
10 511
11 259
11 1156
11 1110
11 777
11 12
11 273
11 277
11 796
11 286
11 32
11 673
11 556
11 688
11 798
11 182
11 957
11 65
11 707
11 196
11 822
11 712
11 204
11 722
11 995
11 340
11 981
11 214
11 1111
11 728
11 608
11 738
11 355
11 740
11 881
11 626
11 984
11 505
12 129
12 772
12 406
12 648
12 13
12 1168
12 664
12 18
12 579
12 278
12 857
12 24
12 156
12 31
12 672
12 417
12 930
12 828
12 40
12 41
12 519
12 172
12 173
12 136
12 52
12 181
12 1206
12 56
12 1204
12 1082
12 543
12 444
12 1174
12 193
12 323
12 1095
12 1097
12 714
12 203
12 717
12 653
12 888
12 611
12 84
12 1002
12 216
12 345
12 218
12 860
12 349
12 734
12 96
12 99
12 617
12 490
12 365
12 792
12 627
12 632
12 377
12 125
12 1150
13 1153
13 259
13 1156
13 389
13 646
13 135
13 657
13 786
13 1171
13 277
13 157
13 286
13 800
13 801
13 603
13 293
13 807
13 1020
13 46
13 307
13 30
13 182
13 187
13 450
13 712
13 524
13 842
13 1122
13 847
13 340
13 472
13 1114
13 91
13 1189
13 864
13 738
13 486
13 361
13 749
13 1010
13 763
13 124
14 131
14 649
14 855
14 908
14 258
14 15
14 1042
14 19
14 21
14 24
14 964
14 283
14 453
14 545
14 1237
14 475
14 37
14 39
14 41
14 1194
14 873
14 882
14 174
14 743
14 176
14 177
14 50
14 1216
14 53
14 825
14 573
14 816
14 320
14 321
14 944
14 68
14 197
14 583
14 247
14 987
14 79
14 469
14 598
14 377
14 399
14 1245
14 93
14 94
14 165
14 224
14 611
14 911
14 359
14 105
14 363
14 1069
14 751
14 1008
14 242
14 403
14 1065
14 118
14 233
14 121
14 123
14 1021
14 1045
15 790
15 942
15 520
15 1033
15 523
15 16
15 145
15 786
15 20
15 686
15 662
15 26
15 284
15 1190
15 1055
15 32
15 38
15 625
15 296
15 1180
15 554
15 43
15 45
15 430
15 48
15 1096
15 307
15 55
15 953
15 58
15 955
15 138
15 885
15 65
15 907
15 1092
15 865
15 968
15 841
15 599
15 183
15 77
15 206
15 205
15 81
15 724
15 215
15 88
15 1115
15 480
15 353
15 472
15 992
15 276
15 17
15 113
15 660
15 629
15 502
15 249
15 506
15 251
15 1159
16 393
16 397
16 142
16 147
16 408
16 669
16 33
16 290
16 1195
16 29
16 308
16 437
16 184
16 949
16 328
16 82
16 1237
16 859
16 105
16 106
16 877
16 19
16 373
16 379
16 508
17 128
17 386
17 393
17 266
17 142
17 400
17 147
17 405
17 408
17 282
17 1051
17 29
17 671
17 33
17 290
17 1197
17 669
17 308
17 695
17 184
17 57
17 1222
17 328
17 331
17 82
17 867
17 100
17 877
17 360
17 106
17 109
17 1133
17 752
17 114
17 886
17 379
17 508
17 767
18 1156
18 273
18 286
18 807
18 427
18 707
18 196
18 327
18 712
18 847
18 340
18 726
18 1239
18 472
18 608
18 738
18 355
18 486
18 1132
18 749
18 880
18 124
19 1031
19 523
19 1112
19 20
19 533
19 26
19 773
19 35
19 552
19 42
19 43
19 48
19 1073
19 563
19 55
19 1080
19 59
19 65
19 1093
19 584
19 76
19 77
19 81
19 597
19 88
19 1114
19 95
19 612
19 101
19 618
19 110
19 623
19 1136
19 113
19 1140
19 1148
19 1161
19 139
19 450
19 143
19 145
19 149
19 151
19 665
19 1135
19 538
19 161
19 162
19 164
19 1137
19 1192
19 686
19 185
19 187
19 1212
19 205
19 209
19 214
19 737
19 978
19 238
19 1064
19 243
19 760
19 249
19 251
19 261
19 265
19 779
19 786
19 790
19 817
19 818
19 307
19 832
19 1163
19 225
19 343
19 861
19 358
19 876
19 914
19 391
19 402
19 918
19 409
19 927
19 416
19 425
19 941
19 942
19 440
19 962
19 968
19 971
19 461
19 466
19 991
19 487
19 492
19 502
19 506
20 131
20 262
20 1032
20 908
20 919
20 140
20 909
20 398
20 530
20 21
20 23
20 281
20 964
20 474
20 1054
20 159
20 816
20 1084
20 1187
20 37
20 167
20 168
20 988
20 1216
20 557
20 302
20 175
20 304
20 177
20 691
20 566
20 1053
20 735
20 316
20 573
20 190
20 63
20 192
20 833
20 580
20 197
20 713
20 74
20 1164
20 464
20 433
20 1166
20 446
20 49
20 604
20 222
20 702
20 98
20 356
20 721
20 105
20 743
20 748
20 899
20 370
20 62
20 374
20 636
20 637
20 766
20 1045
21 261
21 647
21 394
21 1163
21 1134
21 144
21 387
21 238
21 662
21 279
21 1049
21 26
21 645
21 162
21 35
21 164
21 166
21 1137
21 1064
21 42
21 171
21 941
21 942
21 48
21 436
21 1018
21 55
21 1076
21 59
21 650
21 64
21 1223
21 841
21 76
21 718
21 336
21 773
21 270
21 292
21 1192
21 861
21 350
21 991
21 480
21 976
21 103
21 618
21 1004
21 237
21 110
21 1135
21 497
21 116
21 506
21 1148
21 661
22 65
22 603
22 389
22 161
22 1036
22 881
22 722
22 214
22 472
22 982
22 187
22 541
23 110
24 427
24 516
24 391
24 273
24 657
24 943
24 286
24 32
24 931
24 164
24 807
24 1064
24 42
24 327
24 684
24 942
24 861
24 309
24 440
24 821
24 64
24 707
24 196
24 71
24 204
24 1122
24 952
24 726
24 1111
24 472
24 477
24 991
24 738
24 355
24 529
24 728
24 238
24 880
24 1137
24 1010
24 243
24 1017
24 251
24 124
25 608
25 259
25 1156
25 712
25 340
25 182
25 796
26 641
26 131
26 262
26 140
26 782
26 530
26 729
26 964
26 154
26 883
26 1053
26 670
26 816
26 1186
26 932
26 37
26 39
26 1065
26 1194
26 434
26 1181
26 304
26 50
26 179
26 1054
26 713
26 698
26 315
26 573
26 62
26 944
26 68
26 197
26 585
26 715
26 1231
26 1166
26 854
26 527
26 217
26 474
26 475
26 988
26 1245
26 94
26 165
26 98
26 613
26 743
26 232
26 233
26 874
26 871
26 236
26 1214
26 1008
26 403
26 755
26 318
26 118
26 771
26 250
26 123
26 637
26 1045
27 32
27 65
27 898
27 603
27 1171
27 389
27 646
27 161
27 204
27 881
27 307
27 214
27 1114
27 187
27 1020
27 800
28 32
28 838
28 1111
28 204
28 728
28 244
28 631
28 472
29 480
29 38
29 201
29 906
29 171
29 45
29 590
29 116
29 662
29 953
29 852
29 1049
29 479
30 258
30 856
30 404
30 1198
30 668
30 160
30 417
30 930
30 553
30 44
30 558
30 1165
30 561
30 178
30 52
30 1118
30 312
30 570
30 1083
30 1244
30 334
30 1236
30 341
30 600
30 345
30 348
30 862
30 913
30 366
30 627
30 500
30 126
31 355
31 196
31 327
31 424
31 556
31 807
31 273
31 483
31 309
31 707
31 472
31 516
31 286
32 131
32 908
32 530
32 771
32 917
32 410
32 155
32 1181
32 289
32 37
32 967
32 1070
32 47
32 816
32 1204
32 567
32 315
32 61
32 62
32 960
32 395
32 839
32 203
32 332
32 208
32 338
32 547
32 84
32 87
32 217
32 92
32 1117
32 933
32 98
32 870
32 742
32 232
32 445
32 119
32 1146
32 635
33 906
33 523
33 662
33 1176
33 38
33 169
33 554
33 1075
33 953
33 198
33 460
33 590
33 342
33 599
33 88
33 858
33 479
33 480
33 353
33 621
33 113
33 378
34 608
34 712
35 649
35 140
35 670
35 1185
35 39
35 1065
35 304
35 50
35 179
35 60
35 320
35 321
35 843
35 964
35 582
35 969
35 715
35 469
35 602
35 359
35 882
35 1021
36 65
36 450
36 161
36 898
36 982
36 187
36 541
37 261
37 529
37 914
37 1134
37 645
37 162
37 164
37 838
37 552
37 42
37 43
37 684
37 941
37 686
37 943
37 51
37 773
37 183
37 58
37 64
37 708
37 710
37 71
37 55
37 204
37 77
37 846
37 205
37 563
37 463
37 861
37 110
37 244
37 631
37 276
37 506
37 1148
38 128
38 775
38 400
38 1046
38 663
38 153
38 677
38 683
38 300
38 57
38 1220
38 457
38 458
38 331
38 848
38 986
38 867
38 376
38 767
39 261
39 1033
39 145
39 402
39 276
39 942
39 534
39 151
39 280
39 284
39 288
39 162
39 1190
39 552
39 169
39 426
39 171
39 941
39 686
39 559
39 817
39 818
39 563
39 694
39 55
39 185
39 59
39 198
39 183
39 460
39 77
39 205
39 209
39 342
39 983
39 220
39 861
39 540
39 479
39 1176
39 998
39 230
39 81
39 104
39 876
39 623
39 1017
39 1018
40 736
40 450
40 603
40 836
40 389
40 646
40 807
40 1000
40 472
40 1114
40 187
40 1020
40 1085
40 286
41 391
41 657
41 1135
41 286
41 440
41 807
41 42
41 942
41 952
41 64
41 1224
41 1122
41 1080
41 738
41 616
41 238
41 879
41 368
41 243
41 503
41 251
41 124
42 768
42 131
42 1006
42 908
42 1249
42 140
42 258
42 401
42 530
42 283
42 965
42 816
42 555
42 174
42 304
42 888
42 179
42 692
42 53
42 824
42 1144
42 573
42 62
42 959
42 1216
42 194
42 715
42 964
42 837
42 582
42 711
42 72
42 713
42 375
42 322
42 79
42 80
42 337
42 944
42 377
42 93
42 224
42 97
42 354
42 611
42 1072
42 465
42 873
42 664
42 747
42 792
42 495
42 624
42 242
42 1012
42 117
42 247
42 120
42 121
42 250
42 637
43 1216
43 321
43 866
43 131
43 530
43 1045
43 573
43 62
44 801
44 763
44 293
44 135
44 361
44 524
44 46
44 307
44 472
44 91
44 157
45 408
45 328
45 940
45 1133
45 142
45 360
45 82
45 308
45 373
45 184
45 379
46 256
46 129
46 1157
46 257
46 258
46 272
46 269
46 791
46 152
46 819
46 417
46 418
46 781
46 326
46 423
46 429
46 172
46 52
46 1206
46 1083
46 575
46 67
46 325
46 70
46 200
46 73
46 78
46 213
46 600
46 345
46 732
46 606
46 481
46 227
46 615
46 873
46 493
46 239
46 627
46 246
46 377
47 838
47 710
47 71
47 938
47 204
47 244
47 631
48 140
48 1166
48 528
48 1042
48 789
48 536
48 154
48 1045
48 670
48 304
48 179
48 1209
48 573
48 318
48 320
48 964
48 713
48 475
48 94
48 743
48 1021
48 755
48 250
48 637
49 914
49 110
50 51
50 1137
50 261
50 1163
50 141
50 143
50 563
50 1171
50 149
50 790
50 412
50 1114
50 414
50 389
50 544
50 1136
50 162
50 164
50 294
50 679
50 552
50 937
50 942
50 645
50 1224
50 307
50 773
50 310
50 952
50 1210
50 187
50 832
50 1184
50 1011
50 694
50 456
50 1088
50 76
50 546
50 718
50 1080
50 466
50 83
50 596
50 597
50 472
50 1112
50 1039
50 476
50 59
50 487
50 104
50 618
50 238
50 879
50 368
50 936
50 499
50 245
50 503
50 760
50 1018
51 262
51 263
51 578
51 399
51 403
51 816
51 1194
51 176
51 53
51 566
51 826
51 315
51 574
51 194
51 944
51 68
51 965
51 711
51 80
51 601
51 1245
51 98
51 232
51 889
51 123
52 259
52 1156
52 389
52 646
52 1171
52 796
52 925
52 286
52 800
52 798
52 91
52 1189
52 807
52 182
52 187
52 196
52 712
52 842
52 847
52 995
52 340
52 472
52 603
52 477
52 736
52 355
52 626
52 1020
53 1035
53 662
53 1049
53 1075
53 164
53 421
53 297
53 171
53 953
53 58
53 64
53 201
53 861
53 478
53 480
53 739
53 231
53 744
53 1148
53 116
53 1017
53 252
53 254
54 1156
54 712
54 809
54 847
54 340
54 798
55 1158
55 1034
55 268
55 1166
55 536
55 281
55 154
55 545
55 475
55 1065
55 429
55 816
55 222
55 60
55 573
55 62
55 703
55 320
55 321
55 1185
55 969
55 843
55 271
55 94
55 165
55 743
55 105
55 1069
55 1008
55 702
55 250
55 382
56 608
56 1122
56 355
56 196
56 486
56 327
56 556
56 427
56 655
56 657
56 1107
56 340
56 798
56 1239
56 740
56 847
56 124
56 286
57 865
57 625
57 520
57 206
57 724
57 215
57 852
58 262
58 268
58 530
58 281
58 1053
58 944
58 816
58 566
58 698
58 315
58 117
58 574
58 191
58 1216
58 711
58 80
58 850
58 217
58 474
58 271
58 222
58 702
58 98
58 868
58 485
58 232
58 1009
58 62
58 1072
59 320
59 1185
59 1221
59 843
59 964
59 165
59 1065
59 743
59 1166
59 1021
59 118
59 536
59 250
59 60
59 573
59 94
59 789
60 138
60 907
60 141
60 270
60 1049
60 292
60 681
60 430
60 820
60 953
60 906
60 832
60 968
60 201
60 76
60 77
60 718
60 733
60 350
60 479
60 480
60 869
60 103
60 116
60 760
60 249
60 252
61 995
61 1156
61 71
61 521
61 809
61 626
61 244
61 981
61 182
61 777
61 728
61 340
61 948
61 798
62 439
62 391
62 265
62 906
62 1111
62 145
62 402
62 915
62 533
62 521
62 166
62 171
62 941
62 948
62 694
62 183
62 244
62 863
62 64
62 838
62 71
62 201
62 204
62 463
62 209
62 953
62 728
62 220
62 478
62 479
62 480
62 739
62 230
62 104
62 1129
62 496
62 243
62 116
62 631
62 1172
62 510
63 506
64 1216
64 514
64 517
64 136
64 528
64 146
64 1044
64 154
64 283
64 944
64 419
64 1063
64 816
64 947
64 222
64 318
64 320
64 322
64 72
64 714
64 1042
64 1104
64 465
64 475
64 94
64 165
64 97
64 99
64 1124
64 574
64 549
64 1021
64 253
65 643
65 406
65 860
65 856
65 1228
65 797
65 547
65 451
65 129
65 553
65 172
65 173
65 561
65 178
65 1204
65 950
65 312
65 445
65 1238
65 195
65 964
65 839
65 1100
65 203
65 972
65 208
65 696
65 467
65 84
65 1237
65 86
65 216
65 857
65 348
65 862
65 635
65 813
65 913
65 488
65 105
65 1127
65 366
65 787
65 500
65 119
65 120
65 468
65 250
65 511
65 126
65 255
66 608
66 995
66 1029
66 712
66 777
66 655
66 626
66 307
66 981
66 182
66 1114
66 187
67 801
67 1014
68 162
68 164
68 645
68 104
68 1135
68 684
68 1134
68 694
68 145
68 83
68 942
68 563
68 952
68 251
68 476
68 127
70 801
71 130
71 771
71 264
71 620
71 395
71 530
71 537
71 794
71 155
71 815
71 163
71 816
71 945
71 1208
71 572
71 449
71 834
71 587
71 454
71 714
71 75
71 333
71 970
71 1235
71 87
71 217
71 933
71 1121
71 997
71 188
71 108
71 1013
71 745
71 504
71 764
71 1022
73 608
73 450
73 91
73 1156
73 389
73 801
73 712
73 603
73 524
73 925
73 1171
73 259
73 340
73 182
73 1114
73 187
73 842
74 841
74 506
74 1061
76 320
76 321
76 964
76 469
76 743
76 1185
76 382
76 811
76 1042
76 1045
76 1021
76 789
76 536
76 475
76 573
76 94
76 415
77 131
77 900
77 1166
77 1045
77 1053
77 1185
77 1065
77 816
77 573
77 704
77 321
77 964
77 197
77 583
77 469
77 988
77 98
77 743
77 105
77 1008
77 382
78 608
78 1014
78 801
78 655
78 786
78 307
78 182
78 472
78 1114
78 187
78 796
79 936
79 162
79 261
79 391
79 552
79 238
79 368
79 563
79 243
79 773
79 503
79 440
79 1137
79 251
79 1148
79 861
79 645
80 480
80 679
80 937
80 915
80 1039
80 83
80 1075
80 662
80 1049
80 476
80 1050
80 478
80 479
81 964
81 743
81 1166
81 1008
81 1045
81 573
82 650
82 139
82 1060
82 166
82 169
82 95
82 215
82 737
82 201
82 590
82 336
82 1105
82 342
82 599
82 479
82 353
82 228
82 744
82 497
82 116
82 252
82 254
83 240
83 578
83 965
83 1072
83 233
83 1194
83 403
83 118
83 123
84 259
84 1170
84 277
84 921
84 796
84 286
84 673
84 807
84 556
84 182
84 319
84 196
84 838
84 712
84 204
84 722
84 1111
84 728
84 1116
84 740
84 881
84 1138
84 244
84 631
85 608
85 1156
85 655
85 1107
85 340
85 182
85 847
85 798
86 161
86 591
86 786
86 307
86 1212
86 541
87 710
87 521
87 846
87 244
87 948
88 147
88 1166
88 250
88 573
89 160
89 1237
89 675
89 326
89 257
89 488
89 105
89 791
89 1100
89 429
89 525
89 824
89 341
89 1238
89 120
89 1144
89 668
89 959
90 307
90 187
90 1114
90 786
91 490
91 515
91 133
91 137
91 1168
91 600
91 406
91 1178
91 156
91 1157
91 417
91 674
91 423
91 298
91 181
91 568
91 314
91 443
91 189
91 1205
91 930
91 334
91 1165
91 594
91 595
91 216
91 345
91 731
91 862
91 226
91 229
91 234
91 494
91 239
91 627
91 500
91 125
92 244
92 204
92 728
92 1111
93 391
93 243
93 251
93 1148
94 832
94 1003
94 261
94 1159
94 1160
94 394
94 141
94 143
94 145
94 644
94 276
94 149
94 662
94 279
94 1096
94 409
94 284
94 1207
94 927
94 1136
94 162
94 166
94 552
94 169
94 682
94 1073
94 563
94 436
94 694
94 183
94 1076
94 609
94 584
94 201
94 718
94 463
94 336
94 466
94 936
94 596
94 1109
94 342
94 471
94 1128
94 1192
94 861
94 479
94 480
94 225
94 1147
94 1224
94 1190
94 1049
94 103
94 104
94 487
94 364
94 238
94 879
94 368
94 497
94 116
94 503
94 760
94 1017
94 251
94 252
94 254
95 704
95 900
95 321
95 393
95 743
95 754
95 637
95 1008
95 469
95 250
95 573
95 1045
96 1024
96 1122
96 355
96 196
96 807
96 556
96 1010
96 657
96 786
96 307
96 822
96 1239
96 984
96 740
96 124
96 477
96 286
97 440
97 243
97 391
98 145
98 915
98 921
98 1192
98 169
98 938
98 431
98 694
98 1217
98 841
98 590
98 728
98 346
98 478
98 479
98 230
98 104
98 362
98 623
98 244
98 631
98 148
98 506
98 127
99 1024
99 516
99 273
99 286
99 1191
99 424
99 427
99 556
99 309
99 822
99 707
99 196
99 327
99 1239
99 984
99 477
99 738
99 355
99 740
99 486
99 634
99 124
100 206
100 215
101 321
101 250
101 964
101 469
102 307
102 786
103 1185
103 1221
103 165
103 582
103 700
103 874
103 715
103 140
103 1196
103 304
103 179
103 670
103 536
103 602
103 789
104 268
104 271
104 403
104 536
104 154
104 1065
104 1194
104 1209
104 474
104 1245
104 222
104 485
104 359
104 551
104 240
104 1009
104 755
105 138
105 523
105 1170
105 110
105 416
105 164
105 1137
105 684
105 430
105 1224
105 907
105 708
105 968
105 722
105 353
105 238
105 623
105 368
105 881
105 629
105 503
105 249
106 520
106 599
106 523
106 206
106 215
107 257
108 529
108 943
109 858
109 599
110 900
110 321
110 140
110 1042
110 964
110 944
110 1216
110 816
110 824
110 700
110 1213
110 320
110 705
110 1091
110 580
110 582
110 969
110 843
110 1100
110 1229
110 469
110 607
110 120
110 250
110 1021
110 1237
111 608
111 995
111 1156
111 389
111 777
111 626
111 340
111 981
111 182
111 1114
111 187
111 796
111 1029
113 704
113 147
113 902
113 321
113 331
113 397
113 1166
113 437
113 250
113 637
113 573
113 469
114 858
114 599
115 673
115 259
115 1116
115 277
115 182
115 796
116 771
116 140
116 1133
116 530
116 536
116 281
116 1054
116 290
116 811
116 304
116 222
116 1209
116 698
116 320
116 194
116 1222
116 969
116 843
116 721
116 217
116 354
116 360
116 850
116 1021
116 756
116 121
116 381
116 382
116 789
117 915
117 478
118 265
118 145
118 786
118 533
118 790
118 1050
118 799
118 803
118 164
118 679
118 1064
118 942
118 307
118 183
118 952
118 1212
118 209
118 472
118 861
118 991
118 955
118 876
118 402
118 1139
118 1148
119 324
119 161
119 881
119 214
119 407
119 541
119 223
120 267
120 659
120 280
120 1180
120 676
120 881
120 169
120 171
120 699
120 198
120 329
120 202
120 460
120 205
120 720
120 1233
120 722
120 214
120 352
120 739
120 369
120 372
120 501
120 425
120 248
120 122
120 426
121 1154
121 391
121 785
121 662
121 1049
121 667
121 1075
121 162
121 421
121 166
121 1064
121 297
121 171
121 942
121 563
121 952
121 953
121 201
121 1232
121 1080
121 861
121 991
121 480
121 231
121 237
121 1135
121 243
121 1017
121 1148
122 160
122 257
122 896
122 675
122 996
122 525
122 558
122 824
122 1144
122 1213
122 959
123 261
123 1039
123 145
123 276
123 412
123 414
123 645
123 288
123 162
123 164
123 294
123 679
123 937
123 684
123 310
123 183
123 185
123 1210
123 1088
123 563
123 476
123 616
123 238
123 879
123 368
123 1137
123 245
123 251
123 1148
123 127
124 129
124 1157
124 1002
124 150
124 672
124 295
124 172
124 173
124 136
124 435
124 571
124 828
124 835
124 714
124 216
124 730
124 860
124 221
124 357
124 490
124 627
124 1193
124 746
124 895
125 1024
125 738
125 187
125 196
125 822
125 807
125 556
125 273
125 842
125 355
125 984
125 309
125 707
125 472
125 740
125 477
125 286
125 821
126 982
126 135
126 1036
126 655
126 786
126 790
126 541
126 161
126 803
126 157
126 307
126 1212
126 712
126 722
126 214
126 223
126 608
126 1170
126 881
126 1139
127 315
127 262
127 232
127 233
127 338
127 1053
128 992
128 625
128 520
128 586
128 685
128 206
128 599
128 858
129 777
129 657
129 286
129 807
129 427
129 556
129 822
129 196
129 182
129 327
129 712
129 981
129 214
129 1239
129 984
129 608
129 1122
129 355
129 881
129 626
130 712
130 943
130 529
130 626
130 182
130 796
131 640
131 1172
131 261
131 391
131 145
131 1080
131 942
131 534
131 280
131 1135
131 284
131 162
131 164
131 1190
131 552
131 169
131 171
131 662
131 559
131 688
131 1096
131 183
131 440
131 185
131 1211
131 957
131 288
131 1227
131 198
131 968
131 460
131 823
131 204
131 952
131 342
131 505
131 728
131 220
131 861
131 480
131 998
131 841
131 616
131 489
131 362
131 238
131 623
131 368
131 1137
131 243
131 276
131 506
131 1159
131 426
132 603
132 1171
132 389
132 307
132 472
132 1114
132 187
132 1020
132 925
132 1189
134 259
134 712
134 1116
134 277
134 182
134 796
135 257
135 404
135 1198
135 539
135 668
135 160
135 860
135 173
135 558
135 178
135 1206
135 570
135 1083
135 672
135 835
135 326
135 334
135 341
135 600
135 348
135 1118
135 611
136 196
136 556
136 1239
137 842
138 811
138 1237
138 382
138 415
139 964
139 743
139 1045
139 573
140 647
140 265
140 394
140 144
140 145
140 662
140 284
140 977
140 166
140 1192
140 171
140 1075
140 436
140 183
140 697
140 1076
140 1227
140 1223
140 1096
140 201
140 439
140 336
140 209
140 220
140 479
140 480
140 1232
140 1190
140 744
140 231
140 237
140 496
140 243
140 506
140 252
140 254
141 1185
141 165
141 1221
142 480
142 765
142 1078
142 198
142 906
142 169
142 362
142 523
142 590
142 621
142 660
142 629
142 342
142 953
142 554
142 479
143 964
143 165
143 755
143 536
143 154
143 318
143 789
144 320
144 582
144 713
144 843
144 1042
144 969
144 700
144 1021
145 530
145 789
145 536
145 964
145 1053
145 1209
145 826
145 573
145 321
145 582
145 338
145 474
145 743
145 232
145 236
145 250
145 1045
147 520
147 554
147 523
147 621
147 206
147 765
147 660
147 599
147 858
147 586
148 232
148 474
148 338
149 964
149 165
149 318
149 755
149 536
149 1209
149 250
149 154
150 809
150 657
150 1010
150 340
150 798
151 321
151 250
151 1065
152 801
153 992
153 625
153 852
154 276
154 544
154 1188
154 550
154 935
154 682
154 171
154 941
154 694
154 439
154 1099
154 456
154 463
154 466
154 596
154 1241
154 220
154 479
154 225
154 739
154 487
154 492
154 1128
154 499
154 1140
154 183
154 510
155 728
156 389
156 524
156 472
156 1171
156 790
156 925
156 556
156 307
156 822
156 187
156 450
156 196
156 842
156 803
156 984
156 1114
156 603
156 355
156 740
156 1020
157 611
157 934
157 1244
157 334
157 1240
157 467
157 404
157 664
157 564
157 1082
157 348
158 796
158 1156
158 340
158 182
159 841
159 506
159 1061
160 676
160 878
160 912
160 372
161 1038
161 539
161 802
161 305
161 553
161 812
161 813
161 561
161 564
161 704
161 321
161 195
161 964
161 1244
161 839
161 759
161 930
161 1234
161 467
161 1236
161 469
161 216
161 348
161 1127
161 490
161 754
161 627
161 500
162 908
162 399
162 704
162 804
162 1216
162 174
162 176
162 177
162 1206
162 831
162 320
162 321
162 453
162 592
162 469
162 598
162 377
162 475
162 165
162 1249
162 866
162 911
162 359
162 233
162 236
162 1005
162 873
162 370
162 375
162 1021
163 846
163 710
164 900
164 908
164 578
164 964
164 816
164 475
164 1216
164 176
164 825
164 574
164 704
164 321
164 194
164 944
164 714
164 987
164 469
164 344
164 219
164 866
164 240
164 377
164 250
164 1237
165 261
165 942
165 907
165 276
165 645
165 292
165 552
165 430
165 563
165 773
165 183
165 952
165 1223
165 466
165 270
165 1192
165 861
165 991
165 225
165 1134
165 1135
165 1064
165 499
165 1140
165 502
165 249
165 1018
165 251
165 1148
166 769
166 1158
166 393
166 1034
166 268
166 527
166 530
166 536
166 281
166 669
166 1054
166 1186
166 713
166 304
166 179
166 311
166 698
166 703
166 320
166 843
166 715
166 721
166 217
166 475
166 222
166 613
166 485
166 874
166 752
166 702
166 886
166 789
167 841
167 506
168 841
168 506
168 1061
169 641
169 649
169 908
169 405
169 536
169 1053
169 940
169 434
169 826
169 315
169 197
169 866
169 592
169 338
169 729
169 474
169 359
169 232
169 373
169 887
169 789
170 736
170 800
170 450
170 187
170 836
170 389
170 646
170 1153
170 1000
170 603
170 1020
170 1085
170 864
171 1238
171 268
171 271
171 530
171 408
171 281
171 453
171 545
171 290
171 804
171 1069
171 174
171 308
171 311
171 824
171 959
171 197
171 1222
171 1100
171 845
171 848
171 1144
171 598
171 475
171 605
171 222
171 911
171 485
171 581
171 488
171 551
171 1005
171 755
171 379
172 1170
172 1010
172 324
172 486
172 749
172 657
172 722
172 214
172 407
172 286
172 223
173 995
173 324
173 214
173 486
173 712
173 749
173 881
173 626
173 340
173 182
173 223
174 480
174 952
174 1137
174 261
174 942
174 552
174 238
174 563
174 243
174 1080
174 440
174 1049
174 1018
174 773
176 803
176 261
176 307
176 684
176 563
176 942
176 790
176 952
176 1017
176 955
176 1148
176 861
176 645
177 645
177 942
177 841
177 238
177 1135
177 563
177 952
177 1017
177 506
177 251
177 861
178 450
178 603
178 389
178 722
178 187
178 1020
178 925
179 906
179 270
179 276
179 662
179 550
179 1192
179 681
179 1075
179 820
179 183
179 953
179 479
179 590
179 1232
179 220
179 869
179 480
180 673
180 450
180 259
180 1029
180 777
180 626
180 340
180 277
180 182
180 472
180 187
180 981
181 524
182 260
182 513
182 388
182 429
182 272
182 274
182 535
182 285
182 672
182 417
182 860
182 519
182 257
182 303
182 689
182 1202
182 819
182 1206
182 1247
182 326
182 709
182 1095
182 840
182 258
182 203
182 588
182 207
182 979
182 933
182 345
182 347
182 732
182 221
182 719
182 390
182 611
182 484
182 1126
182 999
182 617
182 491
182 365
182 757
182 758
182 212
182 762
182 635
182 509
183 1025
183 281
183 922
183 670
183 1183
183 545
183 1065
183 1054
183 304
183 700
183 1216
183 197
183 582
183 583
183 908
183 715
183 716
183 721
183 602
183 988
183 222
183 866
183 874
184 480
184 353
184 1105
184 865
184 520
184 206
184 1075
184 724
184 662
184 215
184 953
185 321
185 866
185 1025
185 197
185 1065
185 583
185 359
185 908
185 1231
185 988
185 1183
186 608
186 995
186 712
186 777
186 655
186 626
186 1107
186 981
187 512
187 1028
187 522
187 1045
187 1057
187 1058
187 1081
187 573
187 1037
187 593
187 594
187 1108
187 1119
187 1127
187 531
187 637
187 1152
187 643
187 678
187 1198
187 1218
187 195
187 709
187 1225
187 207
187 208
187 210
187 719
187 732
187 229
187 743
187 250
187 258
187 287
187 812
187 312
187 829
187 321
187 330
187 849
187 851
187 345
187 351
187 366
187 913
187 417
187 420
187 422
187 428
187 951
187 445
187 451
187 964
187 972
187 974
187 470
187 473
187 1103
187 990
187 994
187 494
187 1008
187 511
189 524
190 506
191 915
191 478
193 931
193 196
193 327
193 556
193 273
193 307
193 309
193 790
193 516
193 955
193 286
193 821
194 243
194 201
194 391
194 684
194 440
194 252
194 254
195 736
195 898
195 603
195 1189
195 389
195 646
195 591
195 1171
195 1114
195 925
195 800
196 515
196 272
196 275
196 417
196 1058
196 301
196 819
196 203
196 717
196 635
196 1150
197 1061
197 1192
197 426
197 447
197 198
197 968
197 841
197 463
197 342
197 1241
197 378
197 998
197 1141
197 506
197 1148
198 866
198 488
198 1065
198 940
198 1100
198 373
198 405
199 712
199 340
199 798
199 847
200 472
201 263
201 393
201 268
201 530
201 281
201 669
201 1182
201 811
201 304
201 311
201 574
201 721
201 853
201 344
201 219
201 222
201 702
201 868
201 752
201 382
202 257
202 326
202 488
202 1100
202 1238
202 791
203 807
203 722
203 244
203 286
204 780
204 530
204 411
204 289
204 547
204 548
204 1204
204 567
204 448
204 577
204 714
204 208
204 993
204 866
204 742
204 498
204 371
204 1142
204 635
205 1216
205 488
205 1065
205 743
205 1100
205 1008
205 545
205 1238
205 573
205 637
206 683
206 897
206 397
206 400
206 384
206 1046
206 663
206 282
206 1051
206 775
206 300
206 1197
206 814
206 1200
206 695
206 1220
206 457
206 973
206 986
206 859
207 389
207 1171
207 472
207 1114
207 796
207 1189
208 603
208 324
208 389
208 631
208 1170
208 881
208 722
208 1171
208 244
208 214
208 407
208 728
208 1111
208 1020
208 1114
208 223
209 704
209 321
209 1008
209 713
209 545
209 743
209 1069
209 1166
209 304
209 530
209 1054
209 469
209 1065
209 573
209 1045
210 803
210 389
210 786
210 307
210 790
210 472
210 1114
210 1212
211 809
211 1156
211 340
211 798
212 673
212 259
212 1156
212 712
212 777
212 1138
212 1116
212 626
212 340
212 277
212 796
212 319
213 472
214 901
214 1166
214 272
214 1045
214 672
214 678
214 561
214 305
214 564
214 445
214 576
214 321
214 963
214 839
214 840
214 849
214 467
214 1238
214 857
214 348
214 349
214 351
214 741
214 488
214 490
214 573
214 723
214 1145
214 250
214 511
215 266
215 671
216 738
216 842
216 1212
216 1010
216 591
216 657
216 786
216 307
216 541
216 286
217 906
217 394
217 658
217 532
217 662
217 279
217 1049
217 1192
217 1075
217 436
217 953
217 650
217 1076
217 1248
217 710
217 590
217 336
217 479
217 480
217 1232
217 364
217 237
217 497
218 327
218 427
218 726
218 472
218 286
219 252
219 254
220 908
220 528
220 866
220 1054
220 582
220 585
220 545
220 1065
220 527
220 304
220 755
220 318
220 670
220 700
221 259
221 486
221 777
221 1132
221 1010
221 657
221 626
221 995
221 340
221 981
221 1239
221 796
222 387
222 1004
222 394
222 661
222 279
222 436
222 694
222 336
222 739
222 231
222 1129
222 364
222 237
222 276
222 252
223 672
223 930
223 547
223 1157
223 839
223 860
223 967
223 305
223 627
223 1048
223 857
223 835
223 539
223 348
224 952
224 1080
224 942
224 1137
224 1224
224 391
224 616
224 238
224 879
224 368
224 936
224 243
224 503
224 440
224 1018
224 1148
224 861
225 964
225 755
225 250
225 318
226 842
228 393
228 752
228 886
228 669
229 450
229 524
229 1114
230 641
230 649
230 530
230 1053
230 545
230 932
230 1065
230 690
230 434
230 315
230 1214
230 592
230 338
230 854
230 729
230 1125
230 359
230 232
230 894
231 582
231 713
231 1229
231 304
231 721
231 281
231 700
232 915
232 921
232 284
232 1190
232 1192
232 1217
232 1223
232 1096
232 1227
232 728
232 346
232 478
232 863
232 244
233 412
233 414
233 294
233 679
233 936
233 937
233 563
233 310
233 1210
233 1088
233 1223
233 975
233 1064
233 1192
233 476
233 861
233 991
233 1137
233 616
233 238
233 879
233 368
233 552
233 245
233 503
233 251
235 472
235 307
236 261
236 552
236 1134
236 563
236 773
236 645
237 771
237 485
237 713
237 311
237 268
237 304
237 1054
237 698
237 475
237 281
237 1181
238 1203
238 1206
238 825
238 956
238 320
238 964
238 714
238 1237
238 866
238 873
238 377
238 899
239 524
240 546
240 679
240 975
240 432
240 245
240 310
240 1210
240 412
241 1156
241 1029
241 712
241 777
241 847
241 626
241 340
241 981
241 798
242 1017
242 861
243 1166
243 911
243 530
243 283
243 581
243 573
243 453
243 713
243 714
243 845
243 866
243 743
243 1008
243 375
244 642
244 1155
244 262
244 530
244 917
244 1053
244 944
244 816
244 1204
244 567
244 826
244 315
244 1216
244 338
244 1243
244 933
244 870
244 742
244 1106
244 371
244 504
246 801
247 942
247 1135
247 952
247 1148
248 488
248 824
248 1144
248 1238
248 1213
248 959
249 321
249 1237
249 900
249 1185
249 469
249 382
249 415
250 389
250 646
250 1170
250 1171
250 665
250 284
250 925
250 544
250 550
250 881
250 684
250 941
250 1096
250 962
250 1227
250 708
250 456
250 1099
250 466
250 343
250 1188
250 603
250 800
250 864
250 487
250 1128
250 489
250 722
250 1011
250 682
251 899
251 403
251 1194
251 1203
251 573
251 1245
251 743
251 1008
251 888
251 637
252 769
252 263
252 393
252 268
252 536
252 669
252 415
252 713
252 1209
252 574
252 582
252 311
252 602
252 752
252 382
254 752
254 263
254 393
254 1054
254 354
254 1182
254 304
254 669
255 722
257 1156
257 777
257 784
257 259
257 916
257 277
257 985
257 793
257 795
257 796
257 798
257 801
257 809
257 1138
257 1201
257 438
257 319
257 712
257 329
257 847
257 340
257 352
257 753
257 626
257 372
257 1014
258 389
258 777
258 786
258 796
258 801
258 942
258 307
258 1080
258 1212
258 712
258 340
258 981
258 472
258 1114
258 603
258 995
258 1148
258 1135
258 626
258 1014
258 1018
258 1020
259 519
259 791
259 1178
259 1199
259 285
259 303
259 326
259 588
259 335
259 594
259 345
259 347
259 611
259 484
259 617
259 491
259 365
259 494
259 635
259 380
259 509
260 803
260 790
260 786
260 307
260 472
260 1212
261 908
261 911
261 664
261 536
261 816
261 1209
261 1082
261 704
261 321
261 944
261 964
261 453
261 469
261 855
261 987
261 1249
261 611
261 1001
261 363
261 754
261 375
261 789
262 938
262 921
262 631
262 478
264 529
264 943
264 710
265 964
265 743
265 713
265 1166
265 1008
265 530
265 573
267 896
267 996
267 488
267 1100
267 429
267 824
267 1238
268 279
268 915
268 387
268 941
268 976
268 739
268 1129
268 694
268 1019
268 478
270 1185
270 1186
270 585
270 811
270 527
270 670
270 475
270 382
270 415
271 739
271 941
271 915
271 478
272 796
273 706
273 1097
273 714
273 622
273 1168
273 275
273 725
273 278
273 635
273 1246
274 1156
274 809
274 847
274 340
274 796
274 798
275 1043
275 707
275 307
275 309
275 790
275 803
275 955
275 821
276 1034
276 782
276 789
276 536
276 281
276 670
276 545
276 1186
276 1065
276 1069
276 702
276 703
276 1216
276 585
276 721
276 527
276 866
276 868
276 613
276 755
277 484
277 1247
277 303
277 1204
277 758
277 535
277 635
277 491
278 738
278 483
278 807
278 707
278 309
278 286
279 320
279 771
279 868
279 843
279 311
279 1042
279 281
279 1021
279 702
280 908
281 394
281 915
281 532
281 941
281 436
281 841
281 463
281 336
281 1241
281 478
281 739
281 364
281 506
282 520
282 586
282 685
282 599
282 858
283 1148
284 545
284 582
284 1196
284 826
284 536
284 1209
284 602
285 307
285 790
285 472
285 796
286 772
286 406
286 428
286 1168
286 1174
286 571
286 730
286 542
286 417
286 802
286 1058
286 903
286 301
286 1198
286 648
286 862
286 1204
286 543
286 444
286 830
286 1157
286 1097
286 714
286 930
286 653
286 611
286 725
286 345
286 1103
286 349
286 734
286 482
286 357
286 746
286 627
286 500
286 888
286 635
286 895
287 472
288 866
288 359
288 649
288 882
288 1065
289 1110
289 728
289 505
289 957
290 523
290 739
290 599
291 608
291 995
291 1156
291 809
291 626
291 340
291 798
292 320
292 475
292 1021
293 334
293 404
293 1206
293 377
295 608
295 1122
295 995
295 1029
295 486
295 777
295 1132
295 749
295 655
295 657
295 626
295 1107
295 340
295 1239
295 1010
297 574
298 842
298 524
299 472
300 852
301 738
303 1156
303 712
303 847
303 340
303 1116
303 798
304 876
304 394
304 402
304 662
304 935
304 817
304 1075
304 439
304 953
304 463
304 336
304 1241
304 480
304 1232
304 744
304 364
304 510
304 1172
305 1036
305 982
305 541
306 429
307 363
307 470
307 1089
307 778
307 727
307 788
307 776
307 404
307 406
307 664
307 542
307 543
307 560
307 802
307 539
307 781
307 990
307 855
307 810
307 813
307 1071
307 392
307 565
307 1206
307 568
307 706
307 1082
307 1098
307 1123
307 964
307 330
307 589
307 467
307 334
307 633
307 348
307 862
307 611
307 924
307 622
307 1165
307 500
307 825
307 377
307 639
307 383
308 480
308 353
308 523
308 1105
308 1129
308 554
308 590
308 739
308 660
308 629
308 662
308 906
308 479
309 1058
309 714
309 717
309 725
309 1150
311 387
311 1004
311 661
312 603
312 389
312 881
312 722
312 472
312 1114
312 925
313 809
313 626
313 340
313 798
314 842
314 524
315 1217
315 362
315 342
315 521
315 728
315 948
315 863
315 346
315 478
318 1160
318 1172
318 927
318 1188
318 550
318 1192
318 682
318 466
318 596
318 480
318 487
318 1128
318 492
318 1140
318 1147
319 326
319 1204
319 791
320 645
320 647
320 1004
320 650
320 1134
320 914
320 387
320 532
320 644
320 941
320 942
320 861
320 563
320 1080
320 906
320 336
320 977
320 597
320 733
320 350
320 479
320 550
320 618
320 364
320 497
320 760
320 1017
320 1018
320 661
321 402
321 1134
321 665
321 538
321 541
321 645
321 552
321 941
321 563
321 773
321 450
321 1219
321 971
321 461
321 597
321 1060
321 861
321 358
321 914
321 623
321 1136
321 760
321 1148
323 327
324 672
324 1074
324 1048
324 410
324 860
324 349
324 895
325 801
325 1014
326 806
326 985
327 579
327 730
327 929
327 1193
327 1198
327 1206
327 571
327 444
327 706
327 717
327 725
327 1246
327 357
327 873
327 746
327 377
327 1149
328 1105
328 353
329 1100
330 736
330 800
330 450
330 836
330 389
330 646
330 955
330 1139
330 786
330 790
330 803
330 603
330 1212
331 590
331 625
331 599
331 479
332 728
333 529
333 846
333 710
335 472
336 713
336 721
336 698
336 475
338 342
338 521
338 728
338 346
338 948
340 1067
340 388
340 774
340 652
340 526
340 365
340 535
340 1048
340 1178
340 367
340 672
340 890
340 420
340 933
340 455
340 1246
340 1079
340 442
340 444
340 654
340 1087
340 441
340 569
340 1095
340 588
340 1230
340 719
340 980
340 345
340 1030
340 347
340 1175
340 734
340 484
340 519
340 617
340 490
340 494
340 979
340 1151
340 1013
340 761
340 762
340 635
340 380
340 1023
342 1065
342 536
342 1209
342 988
343 964
343 743
343 1008
343 1045
343 573
345 801
345 450
345 1156
345 1014
345 798
345 472
345 842
346 826
346 1053
347 1156
347 712
347 847
347 796
347 798
348 1029
348 1170
348 712
348 777
348 722
348 541
348 881
348 626
348 981
348 608
348 591
349 738
350 969
350 843
350 475
351 450
353 408
353 949
353 379
353 1237
354 744
355 515
355 772
355 392
355 1168
355 1002
355 417
355 674
355 571
355 444
355 1090
355 709
355 929
355 725
355 727
355 730
355 734
355 357
355 828
355 746
355 1007
355 635
356 841
356 506
357 1024
357 1122
357 807
357 657
357 822
357 1239
357 984
357 477
358 743
358 573
358 1008
358 469
358 637
358 1045
359 645
359 662
359 1049
359 1064
359 694
359 953
359 863
359 597
359 983
359 861
359 991
359 480
359 1017
360 1105
360 599
360 858
361 404
361 1083
362 908
362 866
362 405
362 1053
363 1212
363 1135
363 786
363 942
363 790
363 1018
363 1148
364 771
364 969
364 1054
364 843
364 1181
364 721
364 1021
365 847
365 796
365 798
366 389
366 1170
366 881
366 722
366 1171
368 866
368 888
368 1237
368 1206
368 792
369 1100
370 645
370 552
370 841
370 506
371 838
371 1111
371 688
371 1110
371 631
371 505
371 957
372 896
372 996
372 488
372 824
372 1238
372 959
373 426
373 460
373 1141
373 1176
373 447
374 841
374 506
374 1061
375 552
375 563
375 773
376 852
377 645
377 655
377 786
377 942
377 1029
377 801
377 684
377 563
377 777
377 952
377 1080
377 1107
377 472
377 861
377 991
377 608
377 995
377 1137
377 626
377 1014
377 1017
377 1148
378 583
378 716
378 1231
378 922
378 988
378 1183
379 523
379 779
379 1129
379 554
379 621
379 739
379 660
379 629
379 1078
379 599
379 765
379 926
380 809
380 1156
380 798
382 907
382 941
382 430
382 1073
382 562
382 832
382 1163
382 968
382 718
382 1112
382 618
382 1003
382 623
382 502
382 760
382 507
386 858
386 599
387 485
388 995
388 712
388 626
388 796
389 512
389 812
389 1038
389 1169
389 494
389 410
389 653
389 547
389 420
389 1202
389 678
389 990
389 1052
389 903
389 428
389 1198
389 560
389 565
389 1206
389 445
389 830
389 1234
389 849
389 470
389 473
389 1242
389 719
389 1119
389 1120
389 1026
389 611
389 1127
389 594
389 759
389 511
390 995
390 712
390 626
390 796
391 908
391 866
391 624
391 888
391 530
391 692
391 495
392 984
392 822
392 472
393 779
393 744
393 554
393 523
393 621
393 629
393 599
393 1161
393 665
393 666
393 765
394 868
394 1158
394 1054
394 703
394 702
395 710
395 943
395 529
395 728
396 608
396 712
397 779
397 520
397 1161
397 586
397 523
397 724
398 506
399 552
399 1135
399 942
399 1148
400 852
402 1065
402 1054
402 743
402 1166
402 530
402 545
402 573
403 679
403 1148
403 942
403 1080
403 476
403 1050
404 803
404 1139
404 786
404 790
404 763
405 998
405 462
405 431
405 1141
405 426
406 738
406 803
406 807
406 842
406 955
406 1139
406 881
406 786
406 790
406 1212
407 839
407 967
407 1074
407 895
408 629
408 599
408 858
409 743
409 637
409 1008
409 789
409 536
409 1209
409 573
410 728
411 505
411 957
411 1110
413 472
415 832
415 1163
415 907
415 502
415 1112
415 507
415 618
417 608
417 450
417 822
417 712
417 556
417 842
417 738
417 740
417 1114
417 477
420 450
420 603
420 1156
420 809
420 847
420 472
420 1114
420 1020
420 798
421 574
422 450
423 801
423 524
423 1014
425 964
425 743
425 1100
425 1166
425 1008
425 1045
425 573
426 1065
426 583
426 908
426 1100
426 824
426 1144
426 959
426 988
426 1213
426 1183
427 772
427 828
427 1002
427 1246
427 444
427 1149
427 734
428 646
428 1171
428 472
428 603
428 925
429 941
430 1185
430 1221
433 506
434 1223
434 1192
435 657
435 1010
436 771
436 582
436 1196
436 721
436 536
436 602
436 475
436 700
436 789
437 629
439 582
439 713
439 1229
439 530
439 1054
439 700
440 908
440 792
440 581
440 453
440 714
440 845
440 598
440 605
440 866
440 875
440 1005
440 888
441 608
441 995
441 1156
441 809
441 655
441 626
441 1107
441 472
441 847
441 798
442 1156
442 712
442 809
442 798
443 842
443 524
444 608
444 1156
444 712
444 809
444 655
444 807
444 798
444 822
444 984
444 847
444 477
445 450
445 603
445 1170
445 881
445 722
445 472
445 1020
445 925
446 841
446 506
446 1061
447 1025
447 583
447 716
447 1231
447 922
447 988
449 529
449 943
449 846
449 710
450 1166
450 678
450 1045
450 473
450 1179
450 696
450 1037
450 1198
450 560
450 1225
450 568
450 1119
450 830
450 1218
450 964
450 829
450 1057
450 653
450 593
450 851
450 468
450 783
450 494
450 573
450 787
450 903
450 1108
450 637
451 1170
451 881
451 722
451 1114
452 472
453 563
453 479
455 847
457 992
457 625
457 852
458 852
459 608
459 626
459 777
459 655
460 896
460 866
460 996
460 966
460 488
460 1065
460 545
460 1100
460 1069
460 824
460 959
461 704
461 1166
461 754
461 469
461 573
463 868
463 583
463 716
463 721
463 1209
463 536
463 1183
463 702
466 536
466 1209
467 898
467 955
467 790
467 541
467 881
467 982
467 591
469 644
469 1163
469 1027
469 1134
469 645
469 1184
469 991
469 1086
469 968
469 718
469 1017
469 472
469 1060
469 591
469 861
469 618
469 1136
469 760
469 1130
470 1171
470 790
470 955
470 1189
472 512
472 515
472 518
472 1202
472 522
472 825
472 780
472 1041
472 788
472 917
472 535
472 674
472 754
472 781
472 565
472 951
472 704
472 1149
472 579
472 714
472 972
472 589
472 642
472 600
472 1246
472 742
472 1169
472 725
472 1007
472 498
473 1171
473 1114
474 506
474 915
474 478
475 645
475 1049
475 644
475 1056
475 552
475 681
475 684
475 941
475 942
475 1073
475 563
475 820
475 991
475 1223
475 590
475 1192
475 861
475 479
475 480
475 739
475 869
475 618
475 1134
475 1136
475 1064
475 760
476 610
476 965
476 711
476 1194
476 1245
477 1058
477 772
477 648
477 1193
477 714
477 1090
477 1168
477 730
477 571
477 734
477 709
478 965
478 826
478 610
478 721
478 1053
478 808
479 770
479 771
479 1185
479 911
479 789
479 536
479 1221
479 1065
479 1053
479 1072
479 698
479 715
479 711
479 848
479 843
479 877
479 755
480 1185
480 908
480 528
480 530
480 536
480 698
480 949
480 965
480 1072
480 574
480 585
480 850
480 527
480 848
480 866
480 789
481 801
481 1014
482 807
484 673
484 1116
484 847
484 796
485 1129
485 976
485 739
485 661
485 1019
486 672
486 490
486 1048
486 627
486 1074
486 857
486 860
486 1246
486 895
487 964
487 755
487 536
487 1209
488 795
488 1180
488 806
488 881
488 1201
488 1233
488 985
488 739
488 612
488 1129
488 753
490 777
490 1036
490 541
490 1029
490 712
490 524
490 842
490 847
490 981
490 982
490 1239
490 995
490 1132
490 749
490 626
491 608
491 712
491 1116
491 655
491 626
491 1107
491 796
492 964
492 743
492 1166
492 1045
492 755
492 573
494 1156
494 842
494 1171
494 1114
497 771
497 698
497 1181
498 688
498 1110
498 1111
498 505
498 957
500 898
500 955
500 982
500 712
500 842
500 807
500 524
500 591
500 881
500 722
500 790
500 608
500 541
501 824
501 896
501 1100
501 996
502 811
503 888
503 792
504 838
504 712
504 521
504 938
504 943
504 529
504 631
504 921
505 866
505 630
506 651
506 656
506 919
506 1053
506 1062
506 557
506 691
506 1203
506 700
506 1216
506 964
506 582
506 866
506 1229
506 604
506 702
506 1084
506 1131
511 881
511 722
511 1114
513 796
516 714
516 717
516 622
519 1156
519 847
519 796
519 798
520 949
520 767
522 1114
523 1166
523 814
523 573
523 964
523 1237
523 859
523 743
523 1008
523 637
523 1045
524 1083
524 614
524 619
524 595
524 553
524 575
525 793
526 608
526 995
526 1156
526 626
527 1192
527 681
527 1049
528 550
528 953
529 1216
529 714
529 816
530 533
530 662
530 1049
530 921
530 799
530 1192
530 817
530 1075
530 928
530 710
530 846
530 1232
530 1111
530 728
530 1223
532 843
532 771
534 545
534 908
534 1065
535 673
535 847
536 1027
536 644
536 1159
536 662
536 1049
536 1096
536 773
536 941
536 1073
536 1075
536 694
536 584
536 1227
536 590
536 1016
536 596
536 1109
536 1241
536 609
536 827
536 1190
536 1015
536 760
537 846
537 710
538 964
538 743
538 1008
538 573
539 982
539 1036
539 786
539 591
539 626
539 790
539 1212
539 541
540 1065
541 1157
541 1165
541 802
541 680
541 553
541 967
541 813
541 561
541 839
541 972
541 930
541 1236
541 862
541 627
541 759
542 738
542 807
543 738
543 807
543 786
543 790
544 755
545 1172
545 1159
545 1176
545 1190
545 1064
545 1180
545 941
545 686
545 817
545 863
545 1227
545 861
545 991
545 739
545 1233
545 1017
545 1148
547 881
547 1171
547 1111
548 1111
550 843
550 1021
550 670
551 694
552 908
552 1166
552 1045
552 1065
552 816
552 573
552 964
552 1249
552 866
552 611
553 591
553 722
554 877
554 669
556 706
556 568
556 1097
556 1058
556 725
556 1204
557 841
558 793
559 1065
559 866
560 736
560 800
560 803
560 836
560 646
560 1000
560 910
560 1139
560 786
560 790
560 920
560 603
561 898
561 1170
561 591
561 722
562 811
563 1166
563 911
563 1045
563 816
563 987
563 804
563 1216
563 1206
563 825
563 573
563 598
563 1249
563 743
563 873
563 1008
563 1001
563 637
564 898
564 591
565 1171
565 786
565 790
565 1212
565 1189
567 938
567 631
568 842
569 608
569 1029
569 777
569 655
569 626
569 981
571 1024
571 738
572 846
572 710
573 644
573 1219
573 918
573 1180
573 799
573 1060
573 1073
573 942
573 817
573 1080
573 968
573 1192
573 1207
573 718
573 1114
573 861
573 779
573 618
573 1003
573 623
573 1163
573 760
573 1017
573 1018
573 1148
574 1154
574 1035
574 684
574 785
574 662
574 953
575 801
577 1111
578 679
578 684
578 1050
580 914
581 739
582 977
582 597
582 1159
582 1227
582 708
582 1076
583 1135
583 720
583 1080
583 659
583 942
583 952
583 623
583 1148
584 1209
584 964
585 1056
585 1172
585 869
585 1192
585 681
585 1075
585 662
585 953
585 820
586 867
586 814
586 695
586 859
587 710
588 1029
588 712
588 777
588 847
588 626
588 809
588 796
588 798
589 608
589 712
589 786
590 715
590 874
590 877
590 1053
590 1209
590 771
591 704
591 1236
591 934
591 1127
591 813
591 1165
591 754
591 862
592 863
594 1171
594 1189
595 842
597 1042
597 1229
597 602
597 700
597 1021
598 739
598 645
598 1129
598 1134
598 1017
598 861
599 1051
599 669
599 1200
599 695
599 1133
599 886
599 892
600 801
600 1014
600 842
602 1076
603 643
603 812
603 950
603 972
603 1234
603 990
603 1119
603 759
606 801
606 1014
607 708
608 772
608 1162
608 781
608 1047
608 732
608 648
608 1246
608 1206
608 701
608 719
608 734
608 828
608 1002
608 635
608 893
609 1209
610 915
611 942
611 1080
611 952
611 861
611 991
611 738
611 1017
611 1018
611 1148
612 964
612 1238
615 801
615 1014
616 866
617 1156
617 847
617 798
618 704
618 1042
618 964
618 754
618 1166
618 1021
618 1045
620 846
620 710
621 877
621 669
623 1025
623 908
623 743
623 1008
623 1045
623 1237
625 770
625 867
625 767
626 860
626 1066
626 1067
626 689
626 1206
626 701
626 1230
626 719
626 979
626 857
626 1247
626 750
626 757
626 762
626 635
626 1023
627 738
627 801
627 1132
627 807
627 749
627 842
627 1014
628 712
629 752
629 886
629 669
629 1237
630 957
631 642
631 1155
631 780
631 917
631 1053
631 944
631 1070
631 816
631 1204
631 1216
631 1106
631 1243
631 870
633 803
633 1139
633 786
633 790
633 955
635 1029
635 777
635 655
635 1170
635 798
635 807
635 809
635 712
635 847
635 722
635 995
635 981
637 1207
637 665
637 1180
637 1114
639 786
639 955
639 790
640 866
640 908
641 1223
641 1192
641 863
642 838
642 921
642 938
643 1170
643 881
643 722
643 1114
643 925
644 900
644 743
644 969
644 843
644 1209
644 1045
644 789
645 649
645 1042
645 804
645 825
645 954
645 843
645 873
645 1005
645 1021
645 894
646 1218
646 1234
646 1026
646 1103
646 1127
646 812
646 1037
646 946
646 851
647 843
647 1021
648 738
648 655
649 1135
649 942
649 952
649 1018
650 771
650 843
650 1181
652 1156
652 809
652 847
652 798
653 738
653 807
653 1171
654 1156
654 798
654 847
655 781
655 1067
655 689
655 732
655 873
657 792
657 802
657 1198
657 1074
657 888
657 895
658 698
658 771
658 850
659 896
659 1025
659 996
659 716
659 824
659 1213
659 959
660 877
661 769
661 969
661 843
662 908
662 771
662 1054
662 789
663 852
664 803
664 773
664 1139
664 786
664 790
666 752
669 744
669 765
670 1192
670 1223
670 1172
672 749
672 847
672 1156
674 984
674 822
675 793
678 1114
679 965
679 711
679 693
679 1072
680 982
681 1185
681 1186
681 1221
681 715
683 852
684 1216
684 816
684 714
684 987
684 944
684 693
684 873
685 867
685 767
686 1216
686 944
686 964
686 816
687 712
688 866
689 995
689 1107
689 796
690 863
694 1065
694 755
694 1209
695 858
696 722
697 713
698 1248
698 906
698 1049
698 953
699 896
699 996
699 966
699 1100
699 824
699 1144
699 1213
699 959
700 708
700 841
700 977
700 1076
701 995
701 712
702 941
702 841
704 968
704 1086
704 1060
704 898
706 740
707 1058
708 1216
708 1091
708 1229
708 816
709 1024
709 822
709 984
709 796
710 771
710 834
710 1235
710 1121
710 870
710 745
710 891
710 1022
711 937
711 1050
712 1047
712 1059
712 1198
712 1247
712 1204
712 1206
712 857
712 1246
712 828
712 805
712 762
712 980
713 1192
713 1177
713 1223
714 1024
714 738
714 807
714 943
715 820
715 906
716 1241
718 1166
719 995
719 777
719 981
719 809
719 796
719 798
719 1029
720 896
720 1025
720 996
720 966
720 1100
720 824
720 1144
720 1183
720 959
721 1241
721 1076
722 896
722 895
722 787
722 1179
722 1074
722 824
722 1204
722 1144
722 959
722 1244
722 1100
722 974
722 996
722 759
722 1236
724 814
724 949
725 1043
725 738
725 740
725 931
725 821
726 828
727 822
727 790
728 1053
728 1117
728 1013
728 1146
729 1192
729 863
730 1024
730 1239
731 842
732 1107
732 1114
732 796
733 969
733 843
734 1024
734 1156
734 807
734 847
734 798
734 822
734 984
736 1026
736 1127
736 812
736 851
736 1081
736 990
736 1119
737 964
738 792
738 802
738 1058
738 1157
738 1090
738 929
738 930
738 1246
738 888
739 896
739 1238
739 804
739 1069
739 824
739 1213
739 966
739 1100
739 996
739 1005
739 755
742 1111
743 1031
743 1161
743 1027
743 1135
743 1180
743 799
743 1184
743 1060
743 1192
743 942
743 952
743 832
743 1092
743 1094
743 1223
743 968
743 876
743 1207
743 1112
743 1114
743 1115
743 861
743 779
743 1136
743 760
743 1148
744 886
744 1054
746 807
746 822
746 1239
746 984
749 930
749 835
749 1198
749 1074
749 860
749 1246
749 895
750 995
750 1029
750 777
750 981
751 1135
751 1080
751 942
751 952
751 1018
751 861
751 991
752 1040
754 1060
754 1163
755 906
755 927
755 1192
755 1223
755 978
755 1129
755 1140
758 796
759 1036
759 1170
759 982
759 1020
759 925
760 900
760 969
760 843
760 1042
760 1021
760 1045
761 798
762 1029
762 777
762 847
762 981
763 1083
765 859
765 877
767 992
769 1004
770 906
771 1232
771 1075
771 846
771 1076
772 807
772 822
773 1216
773 944
773 816
773 789
774 809
774 1156
774 798
775 852
776 803
776 1139
776 786
776 790
776 955
777 979
777 825
777 1126
779 964
779 1166
779 814
779 1008
779 1045
780 1111
780 838
781 1107
782 1192
786 1174
786 1169
786 802
786 813
786 1206
786 964
786 788
786 1244
786 990
786 873
789 906
789 1049
789 1207
789 953
790 855
790 990
790 1206
790 1082
790 964
790 1097
790 987
790 862
791 801
791 806
791 1138
792 936
792 1122
792 879
796 904
796 1206
796 1247
796 980
798 1173
798 1199
798 1151
798 1030
798 1079
798 1230
798 890
798 893
798 1023
799 1166
799 1045
800 1152
800 1026
800 1218
800 1037
800 851
800 1081
800 1119
801 1157
801 930
801 825
801 1083
801 873
802 807
802 898
802 982
803 990
803 1082
804 1129
806 1238
807 903
807 1162
807 1168
807 1002
807 1052
807 1246
807 946
807 862
807 1174
807 1204
807 830
807 930
807 1242
807 828
807 888
808 915
809 1067
809 1199
809 1079
809 890
809 893
809 1023
811 832
812 1171
812 1114
812 1189
813 898
813 1212
814 1161
816 942
816 921
816 943
816 952
816 838
816 1192
816 861
816 991
816 1064
816 1148
817 964
817 1065
817 1069
817 1166
817 1045
818 1065
818 964
820 1185
820 1221
820 874
821 1097
822 1168
822 924
822 1162
823 908
824 1170
824 998
824 914
824 1176
825 952
825 942
825 1134
825 1135
825 1014
825 1018
825 991
825 861
825 981
826 1217
826 1190
826 1159
826 1096
826 1227
826 915
828 880
828 1239
832 1185
832 1221
832 1008
835 1239
836 1152
836 1218
836 1037
836 946
836 851
836 1081
836 1119
838 1155
838 870
838 872
838 1204
838 1106
838 917
838 1142
838 884
838 1243
838 1077
839 982
839 881
841 908
841 899
841 919
841 1187
841 1084
841 1203
841 844
841 866
841 1229
841 868
841 988
841 956
842 1157
842 1168
842 930
842 1165
842 862
843 1004
843 1027
843 1184
843 941
843 906
843 1136
844 1061
846 970
846 945
846 1181
847 1067
847 1095
847 893
848 852
848 1049
848 953
849 1171
849 1114
850 1248
850 953
852 939
852 1220
852 1046
852 986
855 1017
855 955
855 1148
855 861
856 881
858 867
858 1133
858 892
860 995
860 1132
861 900
861 908
861 987
861 1216
861 1203
861 1206
861 866
861 1005
861 1008
861 1001
861 873
861 899
861 1021
861 1045
862 982
862 881
863 1069
863 887
864 1026
864 1218
864 1037
864 1119
866 1176
866 1061
866 1211
866 1233
866 1017
866 953
866 991
868 1241
869 1185
869 1221
870 938
873 1014
873 1017
873 1107
873 991
874 1192
876 964
877 906
879 888
881 967
881 1198
881 1100
881 972
881 974
882 983
882 1148
888 936
888 1122
890 1156
894 1134
895 1170
895 1010
895 1239
895 1132
896 1129
896 1170
896 1233
896 1176
898 1240
899 1061
899 991
900 1073
900 968
900 907
900 1136
900 1064
900 914
900 991
906 1021
907 1237
908 1049
908 1061
908 1075
908 1211
908 1232
908 998
908 1141
908 1017
908 1148
914 1216
914 1213
914 1144
914 1021
914 959
915 1009
915 1143
918 964
919 1061
921 1155
921 1204
921 1243
925 1228
925 1127
925 1103
925 950
927 964
930 1014
930 982
931 1097
937 965
938 1070
938 1106
941 1065
941 1209
941 1009
941 1021
942 1025
942 987
942 1194
942 1065
942 1045
944 1223
944 1192
948 1013
948 1087
949 1049
951 1114
952 1183
952 1203
952 987
953 1185
955 1098
955 1206
956 1061
956 1137
957 960
959 1170
959 998
959 1141
960 1110
962 964
964 1055
964 1137
964 1033
964 1161
964 1212
964 1109
964 1114
964 1192
964 968
964 1140
964 1148
965 1049
967 1036
967 982
968 1185
968 1237
968 1045
969 1004
969 1073
972 1036
972 982
974 1114
977 1229
977 1042
977 1021
979 995
979 1029
981 1013
982 1244
983 1065
984 1058
984 1168
985 1238
987 1064
987 1135
987 1080
987 1017
987 1018
987 991
988 1061
988 1192
988 1141
990 1000
990 1139
990 1085
991 1206
991 1001
993 1111
995 1175
995 1048
995 1087
995 1126
995 1013
996 1129
996 1170
996 1233
998 1144
1000 1026
1001 1064
1002 1239
1003 1166
1003 1045
1005 1129
1005 1017
1008 1180
1008 1060
1008 1112
1008 1114
1008 1148
1010 1226
1013 1156
1015 1209
1017 1166
1017 1042
1017 1065
1017 1203
1017 1021
1018 1166
1018 1042
1018 1021
1018 1045
1020 1026
1020 1037
1021 1073
1021 1148
1024 1090
1024 1193
1024 1168
1024 1162
1025 1080
1025 1135
1026 1085
1028 1114
1030 1156
1033 1065
1037 1153
1037 1114
1039 1072
1042 1073
1042 1163
1045 1135
1045 1080
1045 1092
1045 1223
1045 1115
1045 1192
1045 1163
1048 1156
1049 1186
1049 1209
1050 1072
1050 1194
1050 1245
1053 1217
1053 1068
1054 1172
1054 1223
1054 1232
1054 1075
1054 1192
1057 1114
1061 1084
1061 1231
1065 1172
1065 1180
1065 1080
1065 1233
1065 1141
1069 1129
1069 1233
1069 1176
1069 1148
1073 1166
1073 1209
1074 1122
1075 1209
1076 1229
1076 1181
1079 1156
1080 1183
1080 1194
1080 1206
1080 1245
1082 1139
1087 1156
1087 1215
1095 1156
1096 1209
1100 1170
1100 1176
1100 1180
1100 1201
1100 1141
1105 1133
1107 1206
1108 1114
1109 1209
1111 1167
1111 1142
1114 1202
1114 1225
1114 1234
1119 1153
1120 1171
1127 1171
1129 1238
1132 1246
1134 1216
1135 1203
1135 1206
1137 1206
1137 1237
1139 1206
1141 1231
1144 1170
1148 1166
1148 1216
1151 1156
1156 1162
1156 1173
1156 1175
1156 1178
1156 1199
1156 1246
1159 1209
1166 1223
1166 1192
1169 1171
1169 1212
1169 1189
1170 1244
1170 1204
1171 1206
1171 1234
1174 1212
1176 1213
1180 1238
1186 1192
1189 1198
1190 1209
1192 1231
1201 1238
1206 1212
1209 1232
1209 1241
1233 1238
1239 1246
