0 1
0 6
0 9
0 1162
0 14
0 271
0 21
0 535
0 152
0 31
0 416
0 291
0 552
0 811
0 304
0 948
0 824
0 1204
0 1218
0 68
0 206
0 1106
0 1167
0 349
0 223
0 864
0 99
0 741
0 491
0 244
0 632
0 122
0 1150
0 511
1 320
1 2
1 294
1 5
1 1030
1 135
1 12
1 526
1 143
1 656
1 17
1 18
1 19
1 532
1 149
1 150
1 407
1 184
1 28
1 29
1 415
1 932
1 37
1 146
1 39
1 296
1 297
1 171
1 433
1 301
1 1070
1 47
1 385
1 49
1 1139
1 56
1 1046
1 1203
1 1084
1 829
1 62
1 64
1 193
1 194
1 1092
1 327
1 268
1 403
1 590
1 463
1 336
1 81
1 722
1 1237
1 1145
1 728
1 217
1 218
1 1244
1 1146
1 357
1 263
1 98
1 611
1 166
1 103
1 617
1 746
1 359
1 109
1 622
1 367
1 808
1 242
1 147
1 117
1 760
1 505
1 250
1 124
1 127
2 512
2 3
2 4
2 517
2 7
2 8
2 9
2 10
2 11
2 13
2 1039
2 16
2 1042
2 20
2 21
2 22
2 536
2 25
2 538
2 542
2 546
2 1058
2 1061
2 551
2 41
2 1066
2 43
2 556
2 45
2 46
2 1071
2 1073
2 566
2 55
2 60
2 61
2 63
2 864
2 66
2 67
2 68
2 582
2 72
2 586
2 75
2 76
2 79
2 80
2 1106
2 84
2 86
2 87
2 1112
2 91
2 92
2 93
2 94
2 609
2 614
2 104
2 105
2 107
2 1213
2 113
2 115
2 1163
2 702
2 638
2 128
2 131
2 136
2 139
2 962
2 144
2 148
2 154
2 668
2 669
2 670
2 1184
2 161
2 165
2 168
2 1193
2 172
2 174
2 1200
2 693
2 185
2 699
2 188
2 1012
2 190
2 191
2 704
2 198
2 801
2 200
2 205
2 973
2 1234
2 215
2 730
2 220
2 734
2 224
2 225
2 227
2 741
2 230
2 235
2 236
2 1150
2 751
2 240
2 241
2 754
2 243
2 245
2 759
2 763
2 766
2 767
2 640
2 258
2 259
2 260
2 775
2 778
2 267
2 271
2 272
2 278
2 1028
2 281
2 799
2 288
2 289
2 291
2 295
2 304
2 819
2 308
2 310
2 315
2 316
2 319
2 323
2 837
2 840
2 329
2 849
2 338
2 341
2 856
2 345
2 591
2 347
2 349
2 350
2 352
2 1168
2 355
2 358
2 779
2 878
2 1035
2 886
2 917
2 389
2 392
2 578
2 399
2 401
2 405
2 406
2 920
2 921
2 414
2 928
2 419
2 422
2 424
2 427
2 584
2 436
2 438
2 901
2 953
2 954
2 955
2 444
2 1098
2 446
2 816
2 450
2 451
2 453
2 966
2 461
2 977
2 468
2 475
2 480
2 482
2 483
2 486
2 1004
2 493
2 936
2 499
2 500
2 502
2 1020
2 1021
3 777
3 359
4 777
4 607
4 1034
4 359
5 384
5 514
5 260
5 133
5 6
5 391
5 137
5 10
5 955
5 14
5 15
5 533
5 22
5 24
5 25
5 795
5 286
5 31
5 288
5 1185
5 646
5 38
5 295
5 424
5 811
5 44
5 662
5 175
5 52
5 694
5 1207
5 462
5 948
5 315
5 671
5 957
5 654
5 406
5 448
5 195
5 68
5 1153
5 716
5 206
5 1068
5 592
5 721
5 210
5 851
5 270
5 1167
5 92
5 606
5 223
5 864
5 1232
5 610
5 99
5 232
5 489
5 1130
5 111
5 252
6 257
6 386
6 747
6 861
6 264
6 620
6 780
6 653
6 910
6 528
6 728
6 18
6 19
6 26
6 27
6 158
6 32
6 802
6 35
6 36
6 293
6 305
6 1192
6 42
6 173
6 430
6 303
6 48
6 177
6 1078
6 439
6 952
6 57
6 570
6 703
6 64
6 160
6 1091
6 1030
6 197
6 326
6 712
6 588
6 204
6 226
6 78
6 1186
6 959
6 82
6 339
6 340
6 1210
6 761
6 88
6 868
6 986
6 1187
6 978
6 605
6 869
6 353
6 98
6 356
6 101
6 871
6 1129
6 363
6 364
6 786
6 110
6 905
6 1011
6 503
6 249
6 1146
6 123
6 637
6 383
8 1161
8 268
8 1026
8 143
8 1055
8 292
8 39
8 1065
8 1206
8 1080
8 327
8 12
8 842
8 715
8 844
8 1231
8 568
8 83
8 984
8 218
8 618
8 379
9 777
9 266
9 12
9 273
9 149
9 664
9 282
9 284
9 26
9 1056
9 34
9 809
9 29
9 49
9 821
9 54
9 952
9 62
9 1091
9 712
9 780
9 738
9 1102
9 1231
9 1017
9 600
9 408
9 359
9 108
9 1065
9 761
9 506
9 379
10 1030
10 359
10 777
10 1041
10 1215
10 607
11 777
11 607
11 1041
11 359
12 260
12 901
12 1163
12 397
12 662
12 89
12 25
12 283
12 412
12 161
12 290
12 295
12 424
12 41
12 1067
12 304
12 308
12 693
12 823
12 1204
12 58
12 317
12 455
12 202
12 599
12 345
12 731
12 92
12 94
12 486
12 1130
12 236
12 751
12 496
12 116
12 510
13 777
13 359
14 802
14 1091
14 177
14 712
14 697
14 761
14 110
14 49
14 18
14 1210
14 375
14 408
14 57
14 26
14 123
14 861
14 293
15 770
15 899
15 1030
15 1032
15 905
15 791
15 908
15 269
15 910
15 749
15 18
15 19
15 1045
15 23
15 155
15 1054
15 415
15 32
15 27
15 36
15 293
15 42
15 685
15 402
15 177
15 51
15 594
15 565
15 439
15 1208
15 57
15 411
15 703
15 978
15 449
15 1090
15 197
15 457
15 204
15 466
15 982
15 861
15 868
15 869
15 234
15 109
15 110
15 915
15 375
15 123
15 637
15 126
16 777
16 1034
16 359
17 260
17 906
17 531
17 25
17 153
17 156
17 288
17 421
17 38
17 295
17 40
17 53
17 955
17 958
17 501
17 195
17 69
17 208
17 118
17 95
17 102
17 275
17 373
17 246
18 512
18 260
18 391
18 1068
18 523
18 272
18 1227
18 963
18 148
18 22
18 281
18 1177
18 25
18 559
18 286
18 31
18 518
18 38
18 295
18 41
18 519
18 172
18 175
18 306
18 955
18 316
18 576
18 195
18 454
18 72
18 73
18 587
18 716
18 847
18 592
18 851
18 270
18 1240
18 345
18 1114
18 1243
18 92
18 1158
18 223
18 400
18 996
18 232
18 1001
18 1007
18 627
18 1142
18 759
18 122
18 252
19 260
19 645
19 665
19 955
19 272
19 275
19 148
19 277
19 22
19 153
19 152
19 25
19 283
19 156
19 286
19 31
19 288
19 1185
19 291
19 1158
19 38
19 40
19 811
19 662
19 559
19 53
19 822
19 440
19 315
19 958
19 416
19 195
19 68
19 72
19 201
19 759
19 721
19 851
19 1238
19 345
19 92
19 349
19 222
19 864
19 97
19 99
19 102
19 1105
19 232
19 1001
19 365
19 1007
19 424
19 400
19 1142
19 119
19 1177
19 255
20 359
20 1034
20 1041
20 266
20 607
21 772
21 359
21 712
21 1034
21 780
21 34
21 1041
21 916
21 1017
21 952
21 761
21 506
21 26
21 607
22 129
22 1030
22 777
22 343
22 386
22 784
22 663
22 27
22 415
22 802
22 35
22 36
22 558
22 303
22 177
22 871
22 905
22 57
22 442
22 1029
22 573
22 1093
22 1215
22 64
22 194
22 197
22 588
22 226
22 78
22 653
22 82
22 163
22 313
22 88
22 770
22 607
22 98
22 869
22 742
22 359
22 744
22 1129
22 363
22 109
22 117
22 375
22 123
22 637
22 126
23 774
23 391
23 523
23 404
23 1048
23 508
23 30
23 1183
23 33
23 519
23 175
23 961
23 716
23 334
23 207
23 213
23 214
23 1240
23 911
23 739
23 612
23 872
23 233
23 237
23 371
23 1016
23 252
24 64
24 98
24 1030
24 1146
24 1215
25 877
25 861
25 777
25 266
25 395
25 143
25 784
25 431
25 151
25 473
25 27
25 581
25 35
25 36
25 293
25 146
25 39
25 1192
25 1210
25 428
25 1070
25 47
25 176
25 945
25 773
25 1145
25 183
25 56
25 57
25 442
25 187
25 914
25 193
25 194
25 197
25 327
25 932
25 439
25 975
25 336
25 81
25 82
25 1129
25 697
25 292
25 218
25 603
25 698
25 607
25 868
25 294
25 359
25 744
25 617
25 1080
25 363
25 109
25 110
25 637
25 375
25 494
25 123
25 622
25 639
26 1204
26 676
26 389
26 840
26 1067
26 461
26 270
26 1000
26 1106
26 244
26 948
26 539
26 1150
27 260
27 141
27 270
27 404
27 30
27 31
27 288
27 774
27 824
27 955
27 654
27 706
27 708
27 206
27 1232
27 995
27 334
27 1167
27 99
27 233
27 491
27 882
27 372
27 889
27 122
27 508
27 255
28 256
28 132
28 134
28 903
28 138
28 401
28 793
28 923
28 677
28 934
28 167
28 41
28 682
28 498
28 445
28 66
28 836
28 202
28 860
28 221
28 94
28 486
28 358
28 913
28 236
28 626
28 243
28 504
28 121
28 1194
29 455
29 232
29 1067
29 304
29 400
29 308
29 724
30 899
30 1174
30 402
30 915
30 1173
30 790
30 924
30 32
30 170
30 302
30 1201
30 50
30 567
30 569
30 186
30 711
30 978
30 85
30 348
30 96
30 228
30 742
30 125
30 755
30 377
30 251
30 637
30 126
31 320
31 877
31 1030
31 263
31 393
31 1175
31 524
31 525
31 337
31 527
31 784
31 149
31 150
31 279
31 666
31 924
31 922
31 926
31 261
31 32
31 34
31 1152
31 166
31 433
31 892
31 561
31 299
31 1070
31 176
31 49
31 1203
31 521
31 184
31 1046
31 64
31 992
31 194
31 452
31 709
31 711
31 1096
31 652
31 1201
31 333
31 975
31 81
31 978
31 212
31 526
31 598
31 601
31 915
31 1082
31 997
31 96
31 367
31 635
31 869
31 209
31 488
31 617
31 109
31 1159
31 239
31 787
31 760
31 1145
31 250
31 251
31 124
31 637
31 254
31 1173
32 771
32 516
32 647
32 907
32 141
32 270
32 530
32 925
32 33
32 162
32 822
32 189
32 654
32 1094
32 456
32 203
32 717
32 206
32 207
32 1232
32 211
32 980
32 334
32 471
32 859
32 866
32 99
32 100
32 491
32 1167
32 1010
32 372
32 633
32 122
33 96
33 42
33 460
33 723
33 755
33 120
33 249
33 251
33 703
34 993
34 99
34 389
34 1000
34 1067
34 1167
34 1232
34 244
34 822
34 632
34 317
34 1150
34 223
35 97
35 803
35 164
35 1158
35 72
35 553
35 522
35 887
35 1019
35 941
35 270
35 559
35 1001
35 276
35 437
35 119
35 312
35 955
36 513
36 260
36 133
36 1025
36 272
36 658
36 275
36 148
36 277
36 153
36 156
36 286
36 645
36 288
36 1185
36 1156
36 421
36 38
36 40
36 555
36 44
36 560
36 52
36 53
36 311
36 314
36 315
36 316
36 577
36 706
36 195
36 708
36 72
36 74
36 1227
36 646
36 208
36 721
36 851
36 470
36 1239
36 1158
36 592
36 102
36 365
36 1246
36 518
36 373
36 118
36 764
36 253
36 255
37 416
37 68
37 864
37 406
37 349
38 1003
38 648
38 145
38 146
38 407
38 684
38 1070
38 1032
38 51
38 443
38 64
38 1220
38 965
38 336
38 81
38 853
38 728
38 351
38 59
38 868
38 103
38 617
38 746
38 875
38 238
38 370
38 1145
38 874
39 130
39 515
39 260
39 662
39 321
39 140
39 397
39 400
39 1049
39 534
39 665
39 283
39 157
39 287
39 288
39 1121
39 295
39 424
39 1223
39 940
39 309
39 901
39 58
39 315
39 192
39 65
39 70
39 71
39 1088
39 77
39 593
39 597
39 727
39 345
39 92
39 737
39 955
39 232
39 106
39 1137
39 116
39 1141
39 1142
39 1018
39 1130
40 261
40 395
40 525
40 526
40 877
40 784
40 274
40 150
40 151
40 1224
40 166
40 892
40 554
40 687
40 176
40 1096
40 51
40 184
40 320
40 194
40 452
40 709
40 968
40 332
40 81
40 212
40 1237
40 342
40 1175
40 608
40 337
40 488
40 617
40 109
40 403
40 760
40 250
40 124
40 639
41 777
41 266
41 782
41 655
41 280
41 292
41 680
41 169
41 435
41 439
41 1034
41 1065
41 1231
41 218
41 143
41 297
41 735
41 359
41 629
41 375
41 379
42 547
42 996
42 391
42 237
42 270
42 175
42 213
42 471
42 1081
42 796
43 1034
43 359
44 123
44 1030
44 1215
45 777
45 1034
45 359
46 359
46 777
46 266
46 1102
46 273
46 809
46 600
46 282
46 1034
46 607
47 416
47 955
47 68
47 295
47 232
47 1130
47 400
47 1142
47 260
47 283
47 92
48 122
49 898
49 1067
49 400
49 406
49 324
49 1008
49 291
49 811
49 304
49 308
49 822
49 201
49 948
49 317
49 1204
49 68
49 455
49 585
49 724
49 1238
49 864
49 99
49 232
49 1005
49 496
49 1142
49 381
50 233
50 334
51 69
51 102
51 906
51 592
51 531
51 156
51 95
53 641
53 875
53 262
53 151
53 656
53 146
53 407
53 813
53 820
53 182
53 827
53 194
53 196
53 1222
53 336
53 853
53 548
53 868
53 103
53 231
53 109
53 147
54 496
54 898
54 1218
54 304
54 1106
54 308
54 1204
54 317
55 266
55 359
56 288
56 291
56 68
56 406
56 955
56 416
56 374
56 345
56 378
56 283
56 92
56 349
57 539
57 676
57 424
57 1081
57 955
57 547
57 270
57 471
57 122
57 283
57 92
57 255
58 581
58 327
58 844
58 83
58 1206
58 984
58 90
58 1055
58 829
58 927
59 69
59 847
59 721
59 851
59 1147
59 286
60 1041
60 607
60 266
60 359
61 1056
61 1034
61 273
61 600
61 266
62 1218
62 68
62 232
62 794
62 1106
62 349
62 304
62 400
62 1204
62 496
62 406
62 378
62 317
64 406
64 394
64 270
64 324
64 291
64 164
64 518
64 553
64 811
64 694
64 68
64 69
64 72
64 201
64 206
64 592
64 654
64 1238
64 471
64 1158
64 222
64 223
64 864
64 97
64 99
64 102
64 822
64 887
64 122
64 381
65 327
65 844
65 83
65 90
65 1055
66 1056
66 135
66 777
66 266
66 359
66 1102
66 273
66 242
66 435
66 629
66 809
66 600
66 505
66 282
66 447
66 1034
66 127
67 777
67 1034
67 359
68 1155
68 520
68 521
68 142
68 527
68 784
68 532
68 663
68 408
68 815
68 415
68 932
68 166
68 423
68 1064
68 818
68 1070
68 178
68 179
68 181
68 441
68 1084
68 1092
68 714
68 971
68 226
68 976
68 81
68 850
68 854
68 602
68 219
68 98
68 209
68 617
68 109
68 622
68 880
68 114
68 403
68 628
68 247
68 760
68 1145
68 123
68 254
69 1032
69 396
69 653
69 145
69 147
69 151
69 474
69 159
69 565
69 827
69 830
69 1220
69 1103
69 346
69 98
69 740
69 231
69 490
69 630
70 327
70 83
70 829
71 581
71 618
71 844
71 83
71 1206
71 90
71 1055
72 877
72 263
72 521
72 266
72 524
72 653
72 526
72 527
72 784
72 1175
72 1178
72 926
72 1203
72 166
72 561
72 1070
72 176
72 433
72 307
72 713
72 184
72 187
72 1034
72 1214
72 194
72 1096
72 652
72 332
72 333
72 974
72 209
72 212
72 726
72 728
72 985
72 98
72 1125
72 81
72 616
72 1129
72 109
72 753
72 117
72 375
72 250
72 124
72 254
74 868
74 1054
75 1041
75 359
75 777
75 266
75 273
75 282
75 607
76 266
77 581
78 547
78 270
78 471
78 255
79 1034
79 266
80 1056
80 359
80 777
80 266
80 273
80 600
80 1034
81 260
81 518
81 654
81 406
81 535
81 152
81 288
81 421
81 295
81 559
81 817
81 694
81 1086
81 416
81 195
81 201
81 206
81 592
81 341
81 1158
81 223
81 864
81 99
81 381
82 288
82 321
82 706
82 260
82 1088
82 471
82 270
82 597
82 345
82 122
82 283
82 92
82 255
83 130
83 515
83 388
83 265
83 140
83 938
83 1198
83 412
83 413
83 290
83 420
83 298
83 199
83 686
83 180
83 1195
83 823
83 884
83 571
83 574
83 580
83 969
83 951
83 465
83 599
83 89
83 858
83 731
83 1116
83 1018
83 1120
83 360
83 361
83 106
83 116
83 634
83 507
83 380
83 509
83 510
84 1034
85 162
85 334
85 141
85 631
86 359
86 777
86 266
86 273
86 607
87 1056
87 359
87 777
87 266
87 1102
87 273
87 809
87 600
87 282
87 607
88 547
88 270
88 471
88 1081
88 255
89 618
89 715
89 1199
89 143
89 90
89 379
89 842
90 290
90 870
90 360
90 990
90 593
90 946
90 116
90 309
90 534
90 884
90 731
90 1050
90 510
90 1141
91 1034
91 266
92 129
92 905
92 1034
92 783
92 802
92 163
92 292
92 177
92 563
92 183
92 1084
92 573
92 581
92 327
92 439
92 588
92 1080
92 343
92 984
92 932
92 607
92 359
92 622
92 375
92 123
93 1056
93 359
93 777
93 266
93 273
93 600
94 1196
94 292
94 359
94 268
94 1034
94 1231
94 143
94 435
94 1065
94 777
94 1080
94 1241
94 379
94 735
95 1132
95 554
95 428
95 336
95 146
95 1236
95 342
95 151
95 603
96 866
96 739
96 100
96 774
96 710
96 233
96 859
96 237
96 334
96 1167
96 530
96 371
96 372
96 1048
96 404
96 410
96 223
97 1024
97 674
97 1125
97 1191
97 307
97 714
97 109
97 784
97 985
97 415
97 854
97 663
97 728
97 537
97 1178
97 187
97 159
98 384
98 406
98 906
98 270
98 400
98 559
98 817
98 1086
98 210
98 471
98 349
98 864
98 232
98 1142
98 122
98 255
99 1030
99 651
99 910
99 915
99 916
99 149
99 184
99 1082
99 575
99 204
99 526
99 869
99 617
99 367
99 124
99 1237
100 112
100 1201
100 755
100 120
100 477
101 122
102 641
102 263
102 521
102 656
102 146
102 1046
102 407
102 926
102 1203
102 166
102 554
102 433
102 182
102 147
102 463
102 212
102 853
102 342
102 728
102 103
102 746
102 403
102 760
103 195
103 1185
103 1068
103 1007
103 851
103 1076
103 118
103 1111
103 1177
103 153
103 1180
103 286
105 777
105 1034
105 359
106 581
106 327
106 1206
106 829
107 607
107 359
108 1218
108 304
108 1106
108 1204
108 317
109 1027
109 260
109 1158
109 272
109 148
109 406
109 416
109 295
109 312
109 955
109 958
109 706
109 1232
109 440
109 1167
109 232
109 621
109 400
109 119
109 276
109 255
110 955
110 676
110 845
110 948
110 539
112 866
112 907
112 456
112 203
112 248
112 825
112 859
112 189
113 266
114 416
114 673
114 291
114 1189
114 811
114 1069
114 1117
114 1219
114 374
114 349
114 382
115 777
115 607
115 266
115 359
116 549
116 844
116 327
116 268
116 942
116 143
116 984
116 1206
116 300
116 568
116 1241
116 1055
116 829
116 927
117 848
117 944
117 645
117 454
117 577
117 1001
117 587
117 1227
117 559
117 272
117 232
117 400
117 148
117 281
117 316
117 255
118 262
118 841
118 490
118 231
118 428
118 813
118 463
118 147
118 407
118 182
118 151
118 196
118 827
118 746
118 868
119 1024
119 261
119 601
119 1169
119 274
119 1113
119 537
119 926
119 166
119 1182
119 187
119 1085
119 835
119 1097
119 1099
119 337
119 212
119 598
119 985
119 488
119 892
119 1151
120 866
120 237
120 825
120 859
120 189
121 999
121 467
121 852
121 469
121 1110
121 127
121 447
122 129
122 897
122 910
122 528
122 418
122 163
122 943
122 305
122 439
122 570
122 1217
122 843
122 204
122 226
122 339
122 728
122 473
122 986
122 698
122 1118
122 1119
122 1248
122 914
122 494
122 375
123 533
123 406
123 665
123 795
123 416
123 283
123 811
123 1074
123 948
123 955
123 349
123 606
123 489
123 625
123 378
123 255
124 1158
124 1162
124 909
124 148
124 535
124 152
124 281
124 421
124 425
124 172
124 559
124 822
124 824
124 316
124 577
124 694
124 206
124 848
124 1238
124 863
124 232
124 1001
124 491
125 739
125 233
125 334
125 371
125 404
125 1048
126 1094
126 233
126 530
126 404
126 889
126 372
126 410
127 128
127 132
127 232
127 138
127 224
127 366
127 860
127 894
128 999
128 359
128 266
128 135
128 1041
128 242
128 852
128 695
128 505
128 607
128 1034
129 706
129 708
129 662
129 424
129 345
129 255
130 1055
130 844
130 581
131 1034
131 266
132 385
132 135
132 297
132 171
132 467
132 242
132 435
132 852
132 695
132 505
132 447
133 1030
134 1196
134 435
135 232
135 331
135 400
135 977
135 243
135 720
135 894
138 999
138 297
138 1196
138 435
138 852
138 447
139 359
140 581
140 618
140 715
140 1206
140 984
141 228
141 869
141 978
141 915
141 988
141 637
142 864
142 811
142 817
142 406
142 378
142 349
142 1086
143 901
143 1163
143 397
143 400
143 412
143 288
143 929
143 290
143 823
143 202
143 599
143 731
143 486
143 232
143 236
143 1136
143 884
143 1142
144 809
144 1034
144 273
144 282
144 266
145 592
145 518
146 195
146 260
146 232
146 518
146 365
146 1007
146 400
146 328
146 275
146 1142
146 592
146 315
146 156
146 286
147 417
147 691
147 781
147 208
147 1009
147 434
147 275
147 1076
147 216
147 153
147 156
147 701
147 373
148 896
148 263
148 266
148 524
148 273
148 919
148 282
148 623
148 926
148 1056
148 166
148 809
148 307
148 187
148 1034
148 967
148 652
148 333
148 1102
148 209
148 600
148 992
148 868
148 997
148 367
148 375
148 254
149 1218
149 232
149 1106
149 304
149 400
149 1204
149 1142
149 223
150 1167
151 906
151 531
151 788
151 417
151 930
151 933
151 429
151 434
151 691
151 958
151 328
151 970
151 1109
151 216
151 998
151 752
151 275
151 893
152 709
152 166
152 617
152 274
152 1237
152 1175
152 1145
152 250
152 926
153 641
153 1222
153 875
153 463
153 182
153 853
154 777
154 607
154 266
154 359
155 576
155 175
155 252
155 391
156 641
156 261
156 262
156 263
156 1032
156 393
156 274
156 789
156 922
156 1054
156 166
156 561
156 598
156 433
156 182
156 521
156 1211
156 196
156 846
156 463
156 337
156 212
156 342
156 787
156 476
156 868
156 231
156 488
156 490
157 984
158 1081
158 547
158 270
158 471
159 906
159 998
160 270
161 1056
161 359
161 777
161 266
161 1102
161 273
161 809
161 600
161 282
161 1034
162 186
162 228
163 255
164 537
164 1129
165 273
165 266
166 1158
166 281
166 794
166 803
166 421
166 425
166 811
166 559
166 863
166 316
166 958
166 577
166 1227
166 848
166 595
166 1239
166 349
166 223
166 864
166 232
166 365
166 276
166 378
167 390
167 169
167 1196
167 472
167 435
167 629
167 918
167 280
167 735
168 777
168 607
168 359
169 836
169 682
169 689
169 1043
169 504
169 857
169 890
169 221
170 372
171 322
171 285
172 992
172 1089
172 997
172 359
172 652
172 1034
172 524
172 1170
172 974
172 367
172 753
172 1237
172 1148
172 623
172 1214
173 270
174 809
174 266
174 1102
174 273
174 282
175 411
175 1030
175 375
175 466
175 249
175 439
175 348
175 1215
176 288
176 579
176 260
176 421
176 1158
176 295
176 1001
176 1130
176 1167
176 559
176 1232
176 341
176 223
176 958
177 948
177 345
177 283
177 255
178 817
178 406
178 378
178 349
178 1086
179 416
179 291
179 349
179 794
179 378
180 618
180 1206
181 291
181 811
181 349
181 817
181 406
181 794
181 378
181 1086
182 246
182 900
182 229
182 833
182 828
182 1135
182 216
183 1088
183 321
183 260
183 424
183 665
183 759
183 597
183 345
183 283
184 1167
184 400
184 541
184 421
184 559
184 822
184 824
184 958
184 324
184 201
184 1238
184 222
184 805
184 232
184 491
184 1142
184 381
184 511
185 266
186 211
186 334
187 288
187 260
187 1158
187 276
187 295
187 425
187 1130
187 559
187 272
187 277
187 312
187 315
187 281
187 863
188 777
188 1034
188 359
189 987
189 1245
190 359
190 1034
190 273
190 600
190 266
191 273
191 1034
191 266
192 984
192 327
192 581
193 232
193 260
194 260
194 1036
194 275
194 288
194 421
194 295
194 315
194 958
194 706
194 708
194 583
194 341
194 223
194 232
194 1130
194 255
195 439
195 1030
195 617
195 1070
195 656
195 789
195 853
195 375
195 250
195 1215
195 1175
195 231
196 417
196 691
196 1009
196 434
196 275
196 216
197 288
197 706
197 579
197 260
197 295
197 1130
197 583
197 708
197 341
197 255
198 1034
198 273
198 600
198 282
198 266
199 618
199 715
199 844
199 1206
199 1055
200 359
201 707
201 613
201 362
201 299
201 332
201 526
201 239
201 562
201 495
201 1070
201 279
201 335
201 728
202 292
202 297
202 842
202 1199
202 1231
202 435
202 629
202 268
202 1065
202 1080
202 1161
202 379
204 1238
204 491
204 822
204 824
205 809
205 266
205 1102
205 273
205 600
205 282
206 617
206 367
206 915
206 1237
206 1145
206 992
206 637
206 869
207 348
208 490
208 463
208 868
208 1054
209 512
209 645
209 1158
209 1167
209 272
209 277
209 281
209 425
209 223
209 316
209 577
209 1227
209 1105
209 595
209 349
209 863
209 864
209 888
209 378
210 1030
210 653
211 354
212 421
212 1001
212 1167
212 365
212 559
212 1232
212 440
212 223
213 449
213 402
213 661
213 703
214 348
215 1034
215 359
216 641
216 262
216 841
216 490
216 813
216 846
216 820
216 548
218 288
218 579
218 260
218 901
218 295
218 1163
218 236
218 1036
218 751
218 341
218 315
218 693
219 416
219 811
219 349
219 817
219 406
219 378
219 794
221 1123
221 680
221 782
221 655
221 435
221 629
221 918
221 297
221 280
222 1159
222 299
222 332
222 1133
222 526
222 239
222 279
222 495
222 572
223 263
223 393
223 395
223 527
223 274
223 403
223 1046
223 666
223 922
223 261
223 561
223 1070
223 433
223 521
223 1085
223 575
223 651
223 1099
223 333
223 975
223 476
223 337
223 1201
223 787
223 375
223 835
223 251
223 639
224 359
224 777
224 266
224 273
224 447
226 416
226 673
226 291
226 374
226 811
226 1069
226 270
226 1117
226 1072
226 349
226 382
226 406
227 359
227 777
227 1034
227 1041
227 266
227 607
228 717
228 647
230 607
230 1034
230 359
231 1076
231 246
232 960
232 1030
232 521
232 524
232 784
232 279
232 367
232 926
232 709
232 672
232 274
232 299
232 1214
232 562
232 949
232 572
232 575
232 320
232 581
232 838
232 327
232 738
232 974
232 852
232 984
232 527
232 1244
232 992
232 1089
232 999
232 616
232 362
232 1159
232 239
232 753
232 375
232 1146
232 1215
233 832
233 251
233 1171
233 869
233 711
233 1201
233 460
233 915
233 637
233 881
233 659
233 660
233 723
233 348
235 777
235 266
235 359
236 359
236 268
236 842
236 435
236 777
236 568
236 1241
236 379
236 1034
236 735
236 607
237 449
237 1090
237 411
237 1208
237 1201
237 402
237 755
237 1077
237 249
237 251
237 477
237 703
238 592
238 518
240 809
240 1034
240 1102
240 273
240 282
240 266
242 977
242 894
243 809
243 266
243 1196
243 273
243 435
243 629
243 282
244 712
244 916
244 761
244 506
245 809
245 266
245 1102
245 273
245 282
246 336
246 641
247 416
247 378
247 794
247 349
248 987
248 1245
249 391
249 270
250 1162
250 1167
250 1232
250 535
250 958
251 1059
251 774
251 872
251 1183
251 334
251 1167
251 1232
251 882
251 371
251 404
251 1016
251 508
252 439
252 718
252 375
254 512
254 645
254 902
254 776
254 909
254 1167
254 272
254 406
254 281
254 794
254 416
254 1158
254 425
254 811
254 559
254 700
254 577
254 1227
254 454
254 587
254 848
254 1105
254 349
254 864
254 1232
254 316
254 1001
254 378
255 770
255 396
255 1054
255 325
255 681
255 303
255 305
255 1078
255 313
255 698
255 1093
255 1209
255 908
255 588
255 473
255 1247
255 868
255 871
255 744
255 915
255 1146
256 1196
256 435
258 273
258 282
258 266
258 359
260 777
260 266
260 386
260 784
260 529
260 789
260 663
260 657
260 798
260 415
260 294
260 1070
260 305
260 1054
260 1080
260 442
260 1034
260 770
260 327
260 439
260 588
260 984
260 292
260 868
260 869
260 359
260 744
260 617
260 363
260 915
260 375
260 637
261 803
261 421
261 806
261 365
261 1167
261 1027
261 440
261 958
262 833
262 365
262 1239
262 828
263 863
263 454
263 577
263 316
263 1167
263 559
263 425
263 281
263 1114
264 270
265 618
265 844
265 1206
265 715
266 1035
266 1036
266 1042
266 536
266 1058
266 1115
266 551
266 557
266 559
266 1073
266 577
266 578
266 583
266 585
266 587
266 1101
266 1106
266 1107
266 1108
266 1114
266 1127
266 1140
266 1156
266 1158
266 650
266 668
266 675
266 1190
266 1193
266 688
266 1202
266 692
266 700
266 704
266 1218
266 1227
266 1230
266 732
266 745
266 750
266 754
266 767
266 768
266 775
266 776
266 272
266 643
266 277
266 281
266 295
266 304
266 308
266 310
266 826
266 316
266 318
266 319
266 329
266 330
266 848
266 338
266 341
266 966
266 860
266 350
266 352
266 355
266 358
266 878
266 885
266 1172
266 894
266 895
266 387
266 902
266 921
266 427
266 955
266 445
266 446
266 964
266 454
266 455
266 973
266 981
266 479
266 994
266 487
266 1012
266 1013
267 777
267 359
268 901
268 1163
268 397
268 938
270 386
270 619
270 1030
270 492
270 780
270 642
270 814
270 792
270 537
270 543
270 558
270 303
270 432
270 1033
270 1078
270 439
270 458
270 589
270 1187
270 596
270 725
270 761
270 986
270 862
270 800
270 867
270 869
270 1129
270 363
270 364
270 497
270 375
270 376
270 1146
271 1034
272 777
272 784
272 273
272 282
272 1054
272 415
272 809
272 1034
272 985
272 607
272 868
272 359
272 375
273 768
273 831
273 643
273 1156
273 645
273 577
273 778
273 1218
273 401
273 278
273 1047
273 667
273 544
273 804
273 422
273 551
273 860
273 810
273 1067
273 304
273 308
273 566
273 696
273 1204
273 316
273 704
273 480
273 331
273 964
273 837
273 481
273 454
273 1228
273 1230
273 973
273 895
273 1106
273 344
273 1114
273 604
273 350
273 587
273 678
273 700
273 1227
273 950
273 1193
273 319
273 865
273 277
274 440
274 535
274 400
274 1142
274 958
275 428
275 548
275 336
275 820
276 1024
276 1125
276 1191
276 403
276 307
276 985
276 537
276 415
277 896
277 1125
277 1169
277 307
277 1191
277 333
277 985
277 600
277 868
277 666
277 1178
278 600
279 324
279 1167
279 541
280 626
280 1043
280 504
281 1089
281 524
281 333
281 974
281 623
281 726
281 439
281 760
281 666
281 926
282 512
282 645
282 902
282 903
282 778
282 898
282 1060
282 454
282 422
282 551
282 1193
282 1067
282 812
282 944
282 1204
282 496
282 624
282 316
282 317
282 318
282 1227
282 964
282 1105
282 1108
282 981
282 1188
282 1114
282 732
282 480
282 358
282 615
282 1128
282 873
282 1063
282 1005
282 1134
282 445
282 369
282 895
283 529
283 657
283 802
283 292
283 305
283 829
283 327
283 588
283 1231
283 984
283 473
283 986
283 785
283 379
284 1106
284 1067
284 1204
284 1218
286 370
286 439
286 1030
286 407
286 656
286 1220
286 375
286 868
286 346
286 1054
287 984
287 327
287 829
288 896
288 1030
288 395
288 622
288 985
288 986
288 1070
288 305
288 307
288 698
288 1084
288 1217
288 975
288 336
288 473
288 932
288 1125
288 869
288 359
288 744
288 1191
288 877
288 494
288 639
289 777
289 1034
289 359
290 1055
290 1026
290 292
290 549
290 844
290 300
290 842
290 1199
290 1231
290 1080
290 379
290 927
291 1041
291 1205
291 359
291 777
291 1034
291 728
291 622
291 983
291 1084
291 607
292 397
292 665
292 540
292 929
292 295
292 938
292 315
292 1088
292 321
292 597
292 599
292 345
292 486
292 1130
292 1136
292 884
292 759
293 955
294 579
294 295
294 1130
294 1036
294 341
294 955
295 1030
295 784
295 1065
295 1070
295 307
295 1080
295 1215
295 581
295 975
295 336
295 984
295 617
295 379
297 498
298 618
298 844
298 715
298 1055
299 1232
299 805
299 1167
299 400
299 1142
299 381
300 884
300 599
302 410
302 530
302 372
302 334
304 644
304 1034
304 664
304 1244
304 575
305 665
307 902
307 1158
307 944
307 312
307 316
307 577
307 579
307 454
307 459
307 341
307 1114
307 1130
307 621
307 879
307 1227
308 1056
308 644
308 600
308 1006
308 1075
308 408
309 581
309 327
309 984
309 829
311 868
311 1054
312 674
312 1225
312 1125
312 1235
312 1191
312 1129
312 1169
312 985
312 537
312 1178
312 1182
313 706
314 868
315 1030
315 1034
315 1169
315 1182
315 1080
315 829
315 1215
315 581
315 327
315 984
315 985
315 1125
316 616
316 521
316 439
316 1102
316 527
316 726
316 375
316 1034
317 1231
317 916
317 1065
317 408
317 379
319 1034
320 1167
320 400
321 386
321 581
321 363
321 588
321 914
321 494
321 529
321 984
321 657
321 473
321 442
321 986
321 798
324 838
324 362
324 332
324 526
324 562
324 572
325 706
327 901
327 397
327 398
327 1049
327 665
327 931
327 424
327 426
327 939
327 1223
327 1104
327 593
327 345
327 478
327 1121
327 955
327 1018
327 509
328 428
328 431
328 945
328 947
329 607
329 1034
329 359
332 421
332 1158
332 541
333 944
333 902
333 454
333 587
333 559
333 848
333 776
333 1114
333 700
334 869
334 832
334 711
334 935
334 748
334 402
334 1201
334 1171
334 1174
334 569
334 348
335 381
336 518
336 583
336 531
336 955
336 341
337 803
337 421
338 777
338 359
341 896
341 359
341 744
341 777
341 395
341 1070
341 877
341 975
341 834
341 1034
342 958
344 600
345 773
345 905
345 386
345 529
345 622
345 1065
345 1041
345 439
345 1084
345 1217
345 473
345 932
345 607
345 359
345 363
345 914
345 494
345 375
345 379
346 1177
346 1185
346 1007
347 359
347 777
347 1034
347 1041
347 607
348 636
348 516
348 774
348 550
348 961
348 872
348 464
348 530
348 372
348 911
348 855
348 1016
348 404
348 508
349 520
349 521
349 1034
349 403
349 532
349 423
349 441
349 1092
349 839
349 971
349 1038
349 726
349 697
349 602
349 736
349 484
349 359
349 757
349 765
350 1041
350 359
350 777
350 1034
350 607
351 518
352 1034
354 1010
355 777
355 1034
355 359
358 359
358 777
358 1196
358 1041
358 435
358 607
359 1031
359 1036
359 1047
359 1052
359 545
359 1062
359 557
359 566
359 578
359 1105
359 1112
359 1115
359 609
359 1127
359 1044
359 645
359 650
359 1166
359 662
359 668
359 675
359 1193
359 683
359 692
359 696
359 1226
359 1229
359 1234
359 729
359 734
359 754
359 759
359 763
359 1067
359 816
359 1035
359 831
359 837
359 840
359 1079
359 779
359 876
359 368
359 886
359 378
359 894
359 895
359 389
359 904
359 917
359 409
359 928
359 424
359 937
359 955
359 444
359 446
359 964
359 453
359 461
359 977
359 989
359 480
359 482
359 485
359 500
360 1055
360 844
360 927
361 844
362 541
363 759
365 1216
365 713
365 1054
365 403
365 561
365 789
365 1014
365 841
365 760
365 452
365 991
365 926
365 868
366 447
366 852
366 999
367 454
367 491
367 400
367 1227
367 654
367 694
367 824
367 1114
368 1041
368 607
370 1185
370 1007
370 592
370 721
370 851
370 1177
371 832
371 1171
371 711
371 1160
371 1201
371 460
371 881
371 1138
371 723
371 660
371 1173
371 924
371 979
372 1157
372 915
372 660
372 1174
372 924
372 797
372 1051
372 807
372 1181
372 564
372 956
372 711
372 460
372 723
372 659
372 1126
372 869
372 742
372 748
372 883
373 490
373 868
374 932
374 622
374 1084
375 512
375 902
375 523
375 539
375 1156
375 676
375 1158
375 577
375 454
375 1227
375 847
375 721
375 851
375 1240
375 1114
375 759
378 777
378 527
378 403
378 423
378 1064
378 815
378 521
378 1084
378 602
378 616
378 622
378 760
379 1163
379 599
379 665
379 938
381 728
381 1133
381 526
381 1070
381 495
384 1146
384 396
386 1088
386 547
386 759
386 597
386 471
386 1081
386 540
388 844
388 1055
389 712
389 777
391 1090
391 411
391 439
391 749
391 1208
392 1034
393 1232
393 1167
394 728
395 1036
396 998
396 906
396 1053
397 581
397 984
398 829
400 1155
400 644
400 651
400 526
400 663
400 408
400 415
400 949
400 439
400 1082
400 575
400 714
400 738
400 854
400 992
400 1146
401 600
401 1056
402 796
403 416
403 421
403 794
403 621
403 817
403 806
403 406
403 1239
403 864
403 958
404 1249
404 1029
404 742
404 711
404 924
404 460
404 637
404 1201
404 1138
404 659
404 660
404 1173
405 1034
406 1030
406 520
406 653
406 532
406 663
406 415
406 423
406 441
406 1092
406 714
406 971
406 976
406 1038
406 854
406 697
406 1002
406 880
406 1146
407 1068
407 1007
407 721
407 1076
407 1111
407 1177
408 864
408 496
408 1218
408 1204
408 1067
408 1106
408 948
408 539
410 899
410 711
410 1131
410 1201
410 755
410 1051
410 924
411 996
412 844
412 1206
412 1055
413 618
413 844
413 715
413 1055
414 1034
415 416
415 864
415 811
415 1105
415 645
416 1155
416 784
416 532
416 663
416 1070
416 1092
416 714
416 983
416 1002
417 813
417 463
420 844
420 1206
420 1055
421 1152
421 524
421 1113
421 922
421 1054
421 1070
421 561
421 1097
421 1085
421 452
421 709
421 652
421 598
421 601
421 608
421 868
421 997
421 488
421 892
421 877
421 623
421 787
422 809
422 1034
422 1102
422 600
423 864
423 817
424 1030
424 777
424 1034
424 529
424 984
424 1215
424 829
424 581
425 709
425 753
425 524
425 726
425 1203
425 926
425 433
425 760
425 666
425 1237
426 829
427 1034
428 1109
431 1109
432 471
433 863
433 1158
433 1167
433 559
433 1232
433 595
433 1001
433 888
434 548
434 813
434 463
434 820
435 486
435 751
435 498
435 693
435 860
439 512
439 1177
439 1156
439 519
439 955
439 577
439 716
439 719
439 721
439 851
439 1128
439 1007
439 624
439 627
439 1142
440 608
440 452
440 968
440 784
440 561
440 787
440 922
441 864
442 1088
442 597
442 540
443 518
444 1041
444 607
444 1034
445 809
445 1102
446 1041
446 607
447 860
448 1030
450 1034
451 1034
452 1027
452 806
453 607
453 1034
454 992
454 1056
454 600
455 644
456 987
460 774
460 961
460 872
460 911
460 530
460 508
460 1183
461 772
461 777
461 1034
461 780
461 1041
461 1017
461 952
461 761
461 506
461 607
462 1030
463 781
465 618
465 715
465 844
465 1206
465 1055
468 1034
471 1164
471 558
471 792
471 1187
471 814
471 605
471 690
471 703
471 596
471 728
471 473
471 986
471 733
471 871
471 1015
472 689
472 762
473 706
473 708
473 665
473 540
477 825
480 1041
480 809
480 1034
480 607
481 600
481 1056
482 1034
485 1041
485 607
486 1034
486 629
486 1080
486 735
488 803
488 1167
488 958
489 1030
489 1215
490 828
490 781
490 1135
491 1237
491 709
491 988
491 526
491 978
491 915
491 910
491 992
491 637
491 869
494 759
494 597
494 955
496 1102
499 1034
500 607
505 860
506 840
506 1067
506 1000
506 632
506 1204
507 618
507 715
507 844
507 1206
507 1055
508 869
508 659
508 660
508 723
509 618
509 844
509 1206
509 829
510 844
510 1206
510 927
512 809
513 868
513 1054
517 1034
518 1179
518 684
518 789
518 868
518 1242
518 1054
520 811
520 817
520 1086
521 577
521 794
521 811
521 1167
521 559
521 1156
522 537
522 1129
524 1232
524 1158
524 1167
524 848
524 595
524 863
525 1167
525 958
526 1158
526 559
526 1142
526 1001
526 824
527 864
527 577
527 811
527 1167
527 1232
527 1156
529 1088
529 597
529 759
529 540
530 1029
530 742
530 1201
530 659
530 660
530 723
531 565
532 864
532 811
532 817
532 1086
533 697
533 839
533 757
534 984
535 835
535 709
535 1224
535 1096
535 617
535 1070
535 1175
535 1145
536 1034
537 621
537 1149
538 1034
539 861
540 1080
540 698
540 1118
544 600
545 777
545 607
546 1034
547 871
547 1165
547 1078
547 703
548 833
548 970
548 1135
548 691
548 828
549 884
549 929
549 599
551 600
553 728
555 868
555 1054
557 1041
557 607
559 1152
559 653
559 1046
559 922
559 892
559 1070
559 561
559 1139
559 709
559 713
559 975
559 1237
559 617
559 787
559 1129
559 1145
560 868
560 1054
561 1027
561 806
561 1001
561 1239
561 1158
566 1056
566 1041
566 777
566 1034
566 600
566 607
568 938
568 751
568 693
571 844
572 805
575 1142
576 749
577 896
577 616
577 1054
577 600
577 868
577 666
577 1237
578 777
578 1034
578 1041
578 607
579 770
579 744
579 908
579 834
579 877
579 975
579 1087
580 618
580 715
580 844
580 1206
580 1055
581 662
581 1049
581 1223
581 955
581 969
581 727
581 1121
581 1018
582 1034
583 744
583 603
584 1034
587 726
591 1034
592 1030
592 1032
592 617
592 874
592 789
592 758
592 728
592 868
592 1054
592 991
593 927
595 753
595 974
595 1203
595 760
595 666
597 773
597 984
597 657
597 798
598 803
598 1167
598 1232
599 1231
599 618
599 715
599 942
599 1065
600 1028
600 902
600 962
600 921
600 1156
600 804
600 810
600 1067
600 1197
600 944
600 1202
600 966
600 704
600 964
600 950
600 1227
600 1107
600 981
600 730
600 1115
600 860
600 1122
600 614
600 679
600 750
600 763
601 803
601 1167
601 1232
602 794
603 955
606 1030
607 645
607 1031
607 876
607 729
607 668
607 768
607 1190
607 937
607 650
607 704
607 1163
607 1229
607 977
607 1112
607 865
607 1105
607 1000
607 754
607 1150
607 886
607 1193
607 1044
607 891
607 894
609 777
609 1034
615 809
616 794
617 1162
617 1167
617 811
617 822
617 958
617 864
617 1001
618 1195
618 901
618 938
618 929
618 649
618 940
618 686
618 951
618 727
618 1120
618 1124
621 1024
621 784
622 955
622 794
623 1227
625 697
625 757
625 839
630 906
631 935
632 916
632 772
634 1206
635 1232
635 1167
637 694
637 872
637 1167
637 654
637 824
637 955
639 955
639 958
640 1034
641 828
641 1135
645 854
645 777
645 714
645 809
645 1054
645 726
645 663
645 868
646 868
646 1030
649 715
651 1142
651 822
652 1167
652 1232
653 705
653 1001
653 906
654 915
654 992
654 869
656 1185
656 1068
656 1007
656 1177
657 665
659 961
659 1094
659 774
659 1037
659 889
660 961
660 739
660 1037
660 889
660 1048
661 796
662 777
663 1105
663 1142
664 1218
664 1067
664 1106
664 1204
665 843
665 842
665 1231
665 984
665 1080
665 698
665 829
666 1167
666 1232
666 888
668 1041
669 1034
670 1034
671 1030
671 1215
675 777
676 712
676 1210
676 761
676 861
681 706
681 708
691 912
691 820
693 1196
693 1034
694 992
694 728
695 977
696 777
697 817
697 1074
697 955
697 1086
698 706
698 708
698 955
699 1034
703 1143
703 1081
704 1034
706 770
706 784
706 915
706 1054
706 1187
706 1209
706 986
706 1118
706 1247
706 868
706 869
708 743
708 915
708 1054
708 868
708 869
709 824
709 1001
709 958
710 1201
710 711
711 872
711 1183
711 911
711 1232
711 1016
711 1167
712 993
712 1218
712 1204
712 1000
712 1067
712 1106
712 948
713 806
713 1001
713 1239
714 864
714 1105
714 817
714 1142
715 929
715 1083
715 901
715 1136
715 938
715 1040
715 1100
715 1195
716 1030
716 1215
721 746
721 1220
723 961
723 1037
723 1183
724 1244
726 1158
726 909
726 848
726 1105
726 863
728 756
728 1158
729 777
730 1056
730 1034
734 1034
735 769
735 1163
735 762
738 1067
738 1106
738 1204
738 1142
739 755
740 906
741 1034
742 995
742 889
744 955
751 1196
751 1034
753 1158
753 888
754 777
754 1041
757 1074
759 1217
759 773
759 1034
759 1080
760 806
760 811
760 1167
760 1239
760 958
761 1218
761 840
761 1067
761 845
761 1106
761 948
763 1056
764 868
768 1041
772 840
775 1034
777 1154
777 1031
777 964
777 1106
777 1062
777 1052
777 989
777 1067
777 1202
777 955
777 831
777 840
777 876
777 1226
777 972
777 1127
777 1229
777 860
777 1107
777 981
778 1102
778 809
779 1034
780 840
780 1067
780 1000
780 1204
781 846
784 1027
784 1158
784 1130
784 811
784 1232
784 1167
787 1001
789 806
794 850
794 818
794 1084
798 1088
799 1034
801 1034
802 948
806 1216
806 1014
806 991
809 1067
809 1204
809 954
809 831
809 1105
809 1228
809 849
809 1108
809 860
809 895
810 1056
811 1145
812 1102
815 864
816 1034
817 976
817 971
817 880
819 1034
820 970
820 1135
820 1009
820 828
821 1067
821 1204
822 910
822 916
823 844
824 988
824 978
824 910
824 869
825 1077
827 906
827 1076
828 841
828 846
829 1221
829 969
829 939
829 1137
829 931
829 1049
830 906
833 841
833 912
833 1212
836 918
837 1034
839 1074
840 1091
840 1034
840 952
841 1239
842 901
842 1163
844 939
844 901
844 1195
844 884
844 969
845 1091
845 861
846 1135
848 1089
848 1148
848 974
848 926
850 864
851 853
852 977
852 894
854 1105
856 1034
857 918
858 1206
859 1201
859 987
859 1245
860 1196
861 955
861 948
863 1046
863 926
864 1034
864 926
864 1092
864 1038
865 1041
866 1201
866 987
866 1245
868 1239
868 1177
868 1176
868 1057
868 1180
868 1068
868 1076
868 1185
868 1105
868 1111
868 1007
868 1144
869 1167
872 1160
872 924
872 1138
872 978
872 1173
876 1041
877 1036
877 1167
877 1232
877 955
877 958
878 1034
880 1086
882 915
884 1080
884 1055
884 927
887 1129
888 1203
888 1214
889 1126
891 1041
892 1001
892 958
896 1227
896 1036
901 1026
901 1199
902 1056
902 1102
903 1102
906 1032
906 1146
907 987
907 1245
909 1237
914 955
916 1150
919 1227
920 1034
921 1056
921 1034
922 1001
922 1167
922 1232
924 1167
924 1232
924 1183
926 1232
926 1158
926 1227
926 1167
926 1239
927 969
928 1034
929 1080
937 1041
938 1065
938 1206
939 1055
940 984
941 1129
944 1056
944 1102
945 1109
947 1109
948 1091
948 1030
948 1215
949 1142
951 1206
952 1067
952 1000
952 1106
953 1034
954 1034
955 1192
955 1084
955 1217
955 978
955 1118
955 1129
955 1210
957 1030
958 1152
958 1175
958 1096
958 975
961 1160
961 1138
962 1056
964 1056
964 1102
966 1034
967 1227
968 1027
971 1086
974 1158
975 1130
975 1036
975 1167
976 1086
977 1034
978 1167
978 1232
984 1137
984 1141
984 1022
985 1158
987 1023
992 1142
995 1249
997 1227
1000 1017
1001 1046
1001 1237
1001 1113
1001 1129
1001 1139
1004 1034
1005 1102
1007 1054
1012 1034
1014 1239
1016 1051
1017 1218
1017 1106
1018 1206
1019 1129
1020 1034
1023 1245
1028 1056
1029 1094
1030 1153
1030 1167
1034 1036
1034 1042
1034 1061
1034 1062
1034 1073
1034 1150
1034 1154
1034 1158
1034 1163
1034 1213
1034 1058
1034 1230
1034 1233
1041 1190
1041 1095
1041 1193
1041 1150
1046 1167
1046 1232
1048 1201
1048 1171
1051 1059
1054 1156
1054 1068
1055 1195
1056 1067
1056 1227
1056 1106
1056 1218
1063 1102
1065 1218
1065 1204
1065 1106
1065 1130
1067 1102
1067 1244
1070 1158
1070 1162
1070 1167
1070 1232
1078 1081
1081 1165
1082 1142
1091 1218
1091 1106
1091 1204
1096 1158
1102 1218
1102 1204
1102 1106
1102 1108
1102 1115
1120 1206
1125 1158
1142 1155
1145 1232
1145 1167
1152 1167
1158 1169
1158 1203
1158 1214
1158 1191
1159 1167
1162 1237
1163 1241
1167 1173
1167 1215
1173 1232
1173 1183
1195 1206
1206 1223
1215 1232
1216 1239
