0 512
0 1
0 2
0 3
0 4
0 6
0 8
0 9
0 10
0 523
0 12
0 13
0 14
0 16
0 18
0 1043
0 20
0 534
0 535
0 24
0 516
0 26
0 27
0 30
0 31
0 32
0 33
0 37
0 40
0 1067
0 44
0 46
0 1071
0 562
0 563
0 1077
0 56
0 58
0 61
0 62
0 66
0 69
0 70
0 79
0 1105
0 82
0 84
0 86
0 601
0 101
0 105
0 107
0 112
0 113
0 629
0 1129
0 126
0 129
0 1156
0 133
0 135
0 648
0 138
0 139
0 144
0 658
0 661
0 154
0 162
0 163
0 169
0 682
0 171
0 175
0 1200
0 177
0 1202
0 691
0 1204
0 542
0 696
0 186
0 1055
0 1212
0 1213
0 1214
0 191
0 704
0 195
0 197
0 1223
0 207
0 215
0 1241
0 731
0 1244
0 1061
0 227
0 741
0 232
0 234
0 240
0 754
0 251
0 253
0 771
0 773
0 641
0 556
0 983
0 277
0 281
0 947
0 289
0 290
0 293
0 1159
0 1074
0 817
0 1075
0 310
0 315
0 1162
0 320
0 323
0 845
0 336
0 1034
0 339
0 346
0 656
0 358
0 882
0 883
0 887
0 558
0 1173
0 832
0 389
0 390
0 392
0 907
0 912
0 401
0 917
0 922
0 525
0 581
0 929
0 422
0 427
0 433
0 435
0 445
0 959
0 675
0 471
0 1141
0 1000
0 1004
0 1006
0 1019
0 1194
1 19
1 708
1 970
1 495
1 403
1 757
1 150
1 984
1 442
1 29
1 350
2 257
2 258
2 1028
2 5
2 518
2 266
2 919
2 782
2 143
2 1040
2 1112
2 19
2 150
2 23
2 239
2 540
2 285
2 414
2 1157
2 1237
2 294
2 753
2 1192
2 683
2 694
2 685
2 687
2 986
2 670
2 54
2 55
2 1209
2 189
2 566
2 910
2 711
2 72
2 73
2 458
2 205
2 206
2 719
2 80
2 81
2 78
2 984
2 768
2 219
2 860
2 861
2 350
2 1247
2 1126
2 807
2 748
2 111
2 369
2 498
2 116
2 122
2 895
2 1149
2 85
3 609
3 465
3 331
3 271
3 273
3 757
3 150
3 697
3 442
3 155
4 130
4 132
4 5
4 7
4 324
4 269
4 15
4 147
4 1172
4 21
4 918
4 153
4 495
4 157
4 1157
4 1058
4 879
4 47
4 178
4 566
4 57
4 442
4 68
4 694
4 73
4 460
4 78
4 334
4 855
4 984
4 217
4 1114
4 94
4 100
4 619
4 111
4 19
4 248
4 890
4 1149
5 512
5 513
5 11
5 13
5 14
5 528
5 17
5 1043
5 532
5 22
5 28
5 541
5 34
5 37
5 42
5 43
5 48
5 50
5 576
5 581
5 589
5 525
5 592
5 593
5 526
5 87
5 90
5 604
5 606
5 96
5 16
5 105
5 618
5 109
5 1153
5 643
5 135
5 137
5 1173
5 156
5 1182
5 1185
5 164
5 681
5 1198
5 190
5 715
5 208
5 216
5 729
5 218
5 463
5 220
5 1245
5 227
5 232
5 255
5 785
5 278
5 280
5 281
5 283
5 288
5 289
5 290
5 814
5 313
5 841
5 843
5 335
5 859
5 353
5 354
5 867
5 360
5 374
5 383
5 384
5 401
5 404
5 668
5 938
5 427
5 450
5 452
5 77
5 980
5 982
5 79
5 992
5 1001
5 1002
5 492
5 499
5 501
5 502
6 708
6 970
6 331
6 271
6 465
6 150
6 155
6 863
7 512
7 576
7 515
7 278
7 262
7 522
7 11
7 525
7 14
7 16
7 17
7 786
7 149
7 22
7 280
7 25
7 287
7 673
7 290
7 966
7 934
7 41
7 1197
7 174
7 1072
7 50
7 180
7 53
7 313
7 1214
7 565
7 192
7 194
7 67
7 838
7 71
7 76
7 1108
7 853
7 216
7 476
7 1245
7 96
7 866
7 739
7 472
7 104
7 105
7 746
7 236
7 1005
7 110
7 889
7 894
8 19
8 406
8 266
8 275
8 150
8 984
8 442
8 155
8 350
9 350
10 642
10 875
10 388
10 517
10 266
10 143
10 1112
10 275
10 21
10 150
10 23
10 540
10 285
10 414
10 546
10 294
10 685
10 687
10 818
10 307
10 309
10 54
10 188
10 189
10 702
10 1089
10 199
10 206
10 80
10 721
10 211
10 334
10 984
10 986
10 1167
10 92
10 464
10 235
10 108
10 1155
10 498
10 19
10 254
11 15
11 1171
11 148
11 324
11 795
11 796
11 797
11 286
11 928
11 421
11 1007
11 45
11 1199
11 178
11 179
11 52
11 158
11 182
11 187
11 1215
11 65
11 68
11 950
11 460
11 459
11 332
11 209
11 595
11 93
11 99
11 230
11 879
11 625
11 500
11 276
11 508
11 125
11 382
12 350
13 266
13 533
13 15
13 1040
13 529
13 19
13 405
13 23
13 408
13 537
13 687
13 540
13 285
13 1056
13 1237
13 292
13 38
13 807
13 1192
13 810
13 685
13 413
13 1201
13 307
13 693
13 54
13 55
13 1144
13 189
13 702
13 711
13 1224
13 778
13 143
13 80
13 81
13 850
13 211
13 213
13 1112
13 219
13 350
13 464
13 611
13 721
13 233
13 108
13 1008
13 753
13 632
13 1145
13 1148
13 85
14 393
14 655
14 403
14 148
14 150
14 1177
14 196
14 179
14 795
14 29
14 1057
14 418
14 299
14 115
14 52
14 824
14 187
14 68
14 209
14 93
14 1119
14 864
14 1122
14 103
14 625
14 659
15 135
15 520
15 396
15 654
15 16
15 17
15 149
15 280
15 1049
15 156
15 287
15 34
15 859
15 1189
15 39
15 808
15 28
15 812
15 303
15 50
15 51
15 1207
15 59
15 316
15 581
15 737
15 727
15 335
15 720
15 83
15 1000
15 87
15 91
15 348
15 1245
15 735
15 96
15 353
15 104
15 1103
15 360
15 243
15 758
15 1146
15 383
16 768
16 1195
16 1028
16 1041
16 1046
16 29
16 519
16 45
16 559
16 561
16 52
16 57
16 863
16 63
16 577
16 694
16 73
16 75
16 590
16 596
16 88
16 97
16 1126
16 111
16 625
16 114
16 631
16 633
16 634
16 127
16 960
16 132
16 652
16 141
16 148
16 150
16 664
16 670
16 1187
16 683
16 179
16 181
16 182
16 187
16 700
16 193
16 708
16 1226
16 203
16 205
16 209
16 1238
16 217
16 732
16 226
16 747
16 749
16 757
16 759
16 469
16 256
16 257
16 783
16 279
16 795
16 797
16 803
16 804
16 296
16 809
16 815
16 305
16 821
16 312
16 826
16 829
16 318
16 319
16 1102
16 1165
16 337
16 343
16 351
16 352
16 365
16 369
16 904
16 47
16 913
16 416
16 431
16 442
16 245
16 448
16 964
16 458
16 459
16 78
16 990
16 486
16 495
16 1013
16 505
16 1021
17 157
17 286
17 803
17 38
17 45
17 47
17 178
17 182
17 187
17 448
17 68
17 566
17 459
17 461
17 78
17 209
17 730
17 699
17 1149
18 193
18 483
18 1062
18 214
18 757
18 103
18 905
18 256
18 495
18 943
18 241
18 1042
18 403
18 181
18 150
18 343
18 442
18 783
18 29
18 127
19 512
19 773
19 390
19 1134
19 538
19 666
19 36
19 37
19 167
19 425
19 688
19 136
19 563
19 58
19 1213
19 320
19 581
19 455
19 840
19 474
19 605
19 293
19 96
19 98
19 996
19 360
19 234
19 238
19 1000
19 375
19 377
19 510
19 1173
20 193
20 355
20 614
20 103
20 939
20 366
20 495
20 241
20 1042
20 403
20 181
20 214
20 343
20 442
20 943
20 590
20 29
21 32
21 96
21 963
21 36
21 161
21 712
21 105
21 300
21 1133
21 238
21 1136
21 948
21 501
21 791
21 666
21 283
21 284
21 510
22 257
22 519
22 148
22 286
22 645
22 804
22 660
22 942
22 561
22 755
22 52
22 158
22 577
22 436
22 187
22 318
22 1215
22 65
22 73
22 461
22 719
22 467
22 1247
22 97
22 364
22 114
22 723
22 500
22 633
23 390
23 532
23 1173
23 1055
23 32
23 33
23 37
23 973
23 427
23 1202
23 1198
23 562
23 691
23 704
23 581
23 417
23 589
23 79
23 593
23 468
23 90
23 605
23 227
23 996
23 358
23 360
23 107
23 492
23 1000
23 760
23 1019
23 126
24 350
25 65
25 1199
25 68
25 460
25 461
25 879
25 209
25 178
25 500
25 382
25 324
25 730
25 187
25 796
25 286
25 1215
26 609
26 765
26 708
26 214
26 103
26 970
26 331
26 366
26 271
26 241
26 971
26 150
26 495
26 697
26 442
26 155
26 29
26 127
27 863
27 708
27 774
27 103
27 970
27 331
27 366
27 815
27 273
27 181
27 150
27 155
27 29
27 127
28 566
28 38
29 128
29 770
29 131
29 134
29 135
29 777
29 1034
29 1111
29 1026
29 399
29 401
29 281
29 410
29 290
29 35
29 1188
29 167
29 1159
29 301
29 1003
29 49
29 313
29 60
29 64
29 835
29 1025
29 330
29 462
29 977
29 441
29 1239
29 477
29 222
29 866
29 1154
29 617
29 363
29 372
29 117
29 1017
29 379
29 638
29 511
30 708
30 970
30 150
30 350
30 863
31 442
31 350
31 150
32 897
32 130
32 388
32 267
32 653
32 147
32 918
32 794
32 1045
32 1056
32 685
32 687
32 818
32 54
32 442
32 188
32 702
32 199
32 1224
32 334
32 269
32 464
32 721
32 1112
32 473
32 1114
32 607
32 100
32 495
32 890
32 405
33 1029
33 1166
33 787
33 405
33 793
33 798
33 671
33 932
33 549
33 1054
33 172
33 685
33 687
33 690
33 1203
33 309
33 440
33 702
33 836
33 72
33 975
33 464
33 344
33 1243
33 989
33 350
33 225
33 1124
33 875
33 124
34 899
34 519
34 904
34 797
34 1157
34 38
34 45
34 686
34 694
34 1081
34 318
34 449
34 1099
34 326
34 73
34 459
34 205
34 78
34 224
34 97
34 99
34 233
34 111
34 369
34 114
34 633
35 403
35 127
36 100
36 918
36 199
36 275
36 266
36 269
36 753
36 850
36 406
36 317
37 1040
37 537
37 1054
37 1029
37 549
37 54
37 55
37 571
37 1085
37 72
37 1097
37 78
37 81
37 85
37 599
37 1112
37 97
37 610
37 1123
37 1124
37 700
37 108
37 111
37 275
37 116
37 1145
37 122
37 124
37 1149
37 1157
37 1166
37 150
37 1175
37 664
37 670
37 671
37 1191
37 1192
37 172
37 685
37 687
37 690
37 693
37 188
37 702
37 1216
37 713
37 714
37 203
37 205
37 206
37 719
37 725
37 225
37 1148
37 235
37 753
37 213
37 257
37 258
37 266
37 782
37 787
37 279
37 793
37 798
37 807
37 296
37 810
37 818
37 318
37 1079
37 850
37 344
37 861
37 367
37 369
37 388
37 406
37 408
37 413
37 424
37 438
37 73
37 440
37 965
37 975
37 464
37 467
37 984
37 994
37 494
38 384
38 898
38 643
38 727
38 396
38 1027
38 916
38 280
38 411
38 1182
38 288
38 39
38 43
38 812
38 303
38 176
38 50
38 59
38 447
38 672
38 450
38 454
38 335
38 208
38 342
38 87
38 348
38 1245
38 223
38 353
38 868
38 871
38 361
38 109
38 885
38 758
38 121
38 1176
38 720
38 383
40 708
40 970
40 495
40 150
40 442
40 350
41 461
41 382
41 286
42 257
42 519
42 782
42 279
42 664
42 670
42 1157
42 416
42 296
42 686
42 47
42 821
42 566
42 318
42 694
42 326
42 73
42 203
42 205
42 78
42 1104
42 467
42 97
42 1126
42 359
42 749
42 494
42 111
42 369
42 114
42 1149
43 132
43 1172
43 153
43 157
43 670
43 1058
43 1195
43 173
43 47
43 305
43 57
43 699
43 205
43 78
43 333
43 469
43 88
43 217
43 990
43 228
43 1126
43 365
43 371
43 631
43 248
43 891
43 1149
44 905
44 783
44 757
44 442
44 495
44 828
44 350
45 1030
45 812
45 525
45 280
45 1179
45 1183
45 808
45 428
45 304
45 50
45 51
45 183
45 200
45 587
45 77
45 208
45 216
45 91
45 1245
45 737
45 109
45 1135
45 120
45 509
45 383
46 708
46 150
47 512
47 555
47 135
47 137
47 525
47 1038
47 493
47 146
47 814
47 280
47 281
47 156
47 669
47 287
47 801
47 812
47 302
47 48
47 692
47 479
47 1084
47 1214
47 452
47 456
47 980
47 1110
47 220
47 1245
47 95
47 96
47 737
47 354
47 229
47 231
47 616
47 490
47 647
47 402
47 744
47 1014
47 123
47 252
47 1002
47 255
48 97
48 1058
48 619
48 359
48 73
48 203
48 652
48 1104
48 664
48 114
48 631
48 566
48 279
48 88
48 57
48 111
48 157
48 94
48 1157
49 193
49 939
49 103
49 747
49 366
49 765
49 403
49 181
49 343
49 590
49 127
50 257
50 393
50 398
50 400
50 1190
50 1147
50 148
50 755
50 797
50 158
50 645
50 418
50 803
50 308
50 1065
50 299
50 432
50 561
50 178
50 179
50 52
50 182
50 185
50 927
50 701
50 65
50 68
50 566
50 73
50 459
50 460
50 978
50 467
50 724
50 953
50 436
50 93
50 734
50 1119
50 224
50 99
50 612
50 870
50 230
50 625
50 577
50 115
50 244
50 950
50 852
50 660
50 709
50 508
50 125
51 448
51 99
51 459
51 182
52 576
52 290
52 278
52 362
52 77
52 525
52 401
52 149
52 313
52 1146
52 955
52 866
52 1214
53 65
53 324
53 364
53 461
53 879
53 382
53 68
53 286
54 129
54 227
54 390
54 289
54 300
54 775
54 140
54 79
54 404
54 277
54 841
54 90
54 284
54 218
54 197
55 387
55 260
55 140
55 785
55 404
55 1198
55 663
55 218
55 581
55 289
55 938
55 427
55 1070
55 306
55 320
55 118
55 589
55 79
55 1000
55 90
55 227
55 232
55 107
55 492
55 488
55 502
55 760
55 532
56 442
56 150
56 495
57 386
57 259
57 392
57 397
57 142
57 527
57 1060
57 297
57 170
57 1196
57 949
57 439
57 827
57 1214
57 706
57 327
57 823
57 525
57 1241
57 1248
57 741
57 105
57 237
57 1140
58 350
58 150
59 233
60 181
60 403
60 103
61 442
61 350
61 495
62 783
62 834
62 708
62 905
62 331
62 684
62 271
62 465
62 757
62 150
62 495
62 442
62 155
62 350
64 403
65 643
65 1174
65 262
65 844
65 909
65 272
65 786
65 707
65 149
65 536
65 667
65 1183
65 944
65 930
65 1115
65 966
65 678
65 295
65 1066
65 1135
65 428
65 174
65 304
65 180
65 183
65 570
65 443
65 194
65 67
65 630
65 838
65 200
65 201
65 76
65 1037
65 976
65 1233
65 1108
65 216
65 89
65 91
65 733
65 1249
65 746
65 236
65 751
65 368
65 1137
65 627
65 756
65 1146
65 246
65 120
65 250
65 1035
66 708
66 774
66 465
66 684
66 271
66 273
66 150
66 155
66 350
66 863
67 209
67 500
67 187
67 1215
68 643
68 261
68 902
68 776
68 1036
68 1037
68 789
68 1174
68 536
68 1050
68 667
68 156
68 287
68 544
68 930
68 551
68 936
68 812
68 180
68 1225
68 570
68 443
68 444
68 1184
68 194
68 966
68 201
68 74
68 588
68 77
68 974
68 1103
68 472
68 735
68 96
68 1249
68 739
68 231
68 104
68 106
68 1131
68 236
68 110
68 872
68 243
68 246
68 503
68 250
68 746
69 774
69 331
69 495
69 273
69 150
69 697
69 442
69 155
70 442
71 382
71 286
72 129
72 387
72 133
72 646
72 263
72 1161
72 921
72 785
72 532
72 1173
72 663
72 152
72 665
72 218
72 1055
72 474
72 166
72 938
72 427
72 556
72 1198
72 925
72 1200
72 1073
72 562
72 691
72 1077
72 445
72 845
72 320
72 502
72 289
72 589
72 79
72 593
72 339
72 90
72 1246
72 98
72 227
72 996
72 102
72 488
72 492
72 118
72 887
72 1019
72 126
73 512
73 1030
73 1034
73 1043
73 1044
73 541
73 1100
73 79
73 593
73 90
73 91
73 95
73 96
73 98
73 102
73 105
73 107
73 621
73 622
73 119
73 120
73 123
73 636
73 126
73 639
73 133
73 135
73 140
73 109
73 1173
73 152
73 156
73 159
73 166
73 168
73 691
73 184
73 208
73 722
73 1241
73 218
73 223
73 740
73 232
73 745
73 760
73 260
73 263
73 264
73 270
73 785
73 281
73 282
73 283
73 287
73 289
73 808
73 1159
73 306
73 819
73 314
73 322
73 345
73 871
73 880
73 373
73 889
73 893
73 383
73 901
73 391
73 392
73 404
73 412
73 925
73 938
73 1183
73 451
73 452
73 454
73 1103
73 996
73 499
73 502
74 324
74 487
74 876
74 879
74 178
74 249
74 93
75 525
75 1214
76 364
77 224
77 608
77 418
77 99
77 487
77 459
77 797
77 625
77 178
77 1109
77 249
77 852
77 148
77 730
77 508
77 93
78 512
78 129
78 427
78 261
78 137
78 395
78 525
78 1038
78 493
78 146
78 1173
78 1113
78 156
78 669
78 287
78 544
78 1059
78 937
78 302
78 445
78 190
78 1219
78 1098
78 716
78 974
78 980
78 729
78 223
78 96
78 528
78 231
78 232
78 871
78 492
78 402
78 1012
78 889
78 123
78 383
79 257
79 783
79 150
79 920
79 793
79 810
79 172
79 685
79 1224
79 690
79 442
79 1247
79 828
79 702
79 1089
79 708
79 566
79 970
79 206
79 719
79 464
79 721
79 467
79 85
79 344
79 975
79 350
79 863
79 225
79 610
79 491
79 211
79 757
79 1145
79 124
79 254
79 1237
80 129
80 166
80 102
80 417
80 168
80 841
80 907
80 98
80 358
80 1023
80 390
80 445
80 1246
80 159
81 841
81 996
82 350
84 708
84 350
84 150
85 129
85 227
85 260
85 841
85 427
85 140
85 624
85 306
85 1173
85 118
85 90
85 1019
85 412
85 218
85 581
86 609
86 971
86 708
86 331
86 271
86 816
86 150
86 697
86 155
87 233
88 1075
88 452
88 135
88 682
88 525
88 433
88 947
88 917
88 281
88 1034
89 364
90 257
90 394
90 1040
90 291
90 549
90 807
90 1192
90 713
90 683
90 172
90 561
90 818
90 309
90 571
90 188
90 1090
90 566
90 206
90 591
90 464
90 719
90 1247
90 485
90 1148
90 108
90 752
90 116
90 504
90 1145
90 124
90 725
91 279
91 664
91 797
91 416
91 1191
91 821
91 438
91 185
91 318
91 1215
91 448
91 182
91 203
91 1234
91 732
91 97
91 494
91 500
92 605
92 390
93 576
93 401
93 149
93 160
93 673
93 290
93 551
93 695
93 955
93 444
93 192
93 1220
93 654
93 603
93 478
93 482
93 104
93 106
93 243
93 120
94 96
94 512
94 604
94 513
94 105
94 142
94 1140
94 501
94 889
94 452
94 156
94 287
95 97
95 326
95 449
95 114
95 481
95 318
96 257
96 642
96 266
96 268
96 275
96 406
96 537
96 324
96 879
96 157
96 286
96 517
96 1199
96 670
96 1097
96 699
96 317
96 199
96 205
96 461
96 984
96 1114
96 719
96 1126
96 619
96 111
96 1008
96 753
96 147
96 413
96 1149
96 382
97 386
97 259
97 137
97 397
97 142
97 237
97 145
97 887
97 278
97 1015
97 668
97 541
97 1185
97 423
97 808
97 297
97 427
97 1069
97 434
97 692
97 949
97 265
97 1161
97 1076
97 1082
97 1214
97 1077
97 320
97 1014
97 710
97 327
97 456
97 823
97 844
97 845
97 525
97 849
97 982
97 527
97 729
97 220
97 847
97 1019
97 613
97 488
97 493
97 362
97 728
97 109
97 744
97 1001
97 1140
97 886
97 681
97 123
97 170
97 767
98 266
98 275
98 143
98 116
98 406
98 317
98 1151
99 643
99 395
99 621
99 149
99 1183
99 673
99 966
99 678
99 1066
99 192
99 454
99 208
99 722
99 1240
99 223
99 109
99 893
99 496
99 884
99 120
99 509
99 383
100 300
100 238
100 948
100 277
100 284
101 495
101 757
101 150
101 442
101 155
102 1028
102 458
102 940
102 782
102 111
102 369
102 694
102 124
103 128
103 832
103 1154
103 837
103 777
103 301
103 240
103 1141
104 879
104 869
104 324
104 487
104 461
104 209
104 1109
104 249
104 187
104 286
105 257
105 132
105 905
105 1047
105 268
105 783
105 913
105 150
105 495
105 153
105 155
105 286
105 1157
105 561
105 990
105 1152
105 305
105 566
105 442
105 187
105 828
105 577
105 708
105 199
105 586
105 331
105 461
105 719
105 697
105 217
105 350
105 619
105 111
105 757
105 248
105 380
106 1057
106 1122
106 324
106 869
106 1120
106 115
106 824
106 249
107 257
107 388
107 653
107 405
107 540
107 292
107 807
107 561
107 694
107 1247
107 189
107 577
107 719
107 464
107 804
107 219
107 350
107 607
107 111
107 1145
108 320
108 845
108 488
108 1161
108 887
108 613
108 1073
108 1076
108 1173
108 663
108 767
108 1053
108 581
109 416
109 797
109 257
109 519
109 577
109 686
109 111
109 561
109 114
109 566
109 719
109 694
109 318
110 324
110 209
110 178
110 730
110 187
111 512
111 129
111 259
111 264
111 137
111 525
111 142
111 663
111 665
111 283
111 156
111 1053
111 159
111 164
111 166
111 168
111 681
111 896
111 1196
111 392
111 1033
111 184
111 287
111 445
111 190
111 320
111 322
111 1093
111 993
111 456
111 457
111 1098
111 715
111 1103
111 208
111 338
111 980
111 982
111 1241
111 220
111 528
111 867
111 996
111 488
111 1214
111 499
111 1140
111 373
111 760
111 383
112 150
113 350
113 150
114 259
114 662
114 135
114 525
114 142
114 493
114 145
114 530
114 1181
114 801
114 419
114 146
114 555
114 1196
114 302
114 945
114 692
114 823
114 1084
114 710
114 839
114 328
114 208
114 1110
114 987
114 784
114 1140
114 1014
114 123
114 383
115 160
115 643
115 1125
115 551
115 792
115 478
116 474
116 996
116 785
116 232
116 938
116 593
116 502
116 674
116 218
117 256
117 193
117 802
117 355
117 1092
117 634
117 582
117 689
117 747
117 483
117 352
117 403
117 1163
117 181
117 343
117 378
117 574
118 1090
118 485
118 807
118 718
118 591
118 1040
118 1192
118 124
118 861
118 1237
120 224
120 418
120 612
120 950
120 797
120 811
120 364
120 637
120 659
120 852
120 341
120 598
120 655
120 508
121 233
122 320
122 129
122 232
122 1161
122 845
122 1173
122 887
123 257
123 519
123 904
123 664
123 157
123 804
123 296
123 821
123 699
123 700
123 318
123 577
123 326
123 203
123 1228
123 205
123 719
123 723
123 494
123 467
124 387
124 270
124 404
124 1178
124 218
124 159
124 420
124 166
124 938
124 427
124 1070
124 306
124 1055
124 289
124 1096
124 851
124 1246
124 996
124 232
124 492
124 502
125 1146
125 149
125 654
126 257
126 783
126 529
126 920
126 540
126 292
126 683
126 690
126 309
126 442
126 828
126 189
126 577
126 1228
126 206
126 719
126 723
126 804
126 219
126 1247
126 495
126 757
127 640
127 1075
127 1043
127 135
127 616
127 777
127 490
127 301
127 947
127 433
127 1017
127 281
128 765
128 403
128 366
129 258
129 1028
129 1157
129 518
129 904
129 905
129 781
129 910
129 783
129 1180
129 553
129 298
129 818
129 442
129 188
129 1094
129 458
129 205
129 594
129 828
129 369
129 757
129 762
129 1149
129 1237
130 161
130 578
130 325
130 705
130 775
130 430
130 999
130 277
130 791
130 284
131 181
132 135
132 392
132 490
132 525
132 616
132 1043
132 501
132 1241
132 281
132 283
132 604
132 1214
133 257
133 577
133 719
133 561
133 757
133 442
133 350
133 1247
134 403
135 256
135 519
135 1165
135 913
135 1172
135 1046
135 815
135 805
135 935
135 552
135 939
135 181
135 566
135 585
135 960
135 193
135 1092
135 333
135 590
135 340
135 469
135 343
135 217
135 1116
135 352
135 483
135 228
135 747
135 365
135 370
135 371
135 634
136 984
137 157
137 670
137 543
137 416
137 1058
137 554
137 173
137 821
137 694
137 311
137 699
137 318
137 1216
137 1218
137 566
137 584
137 203
137 204
137 205
137 738
137 494
139 442
139 757
139 350
140 257
140 807
140 1192
140 810
140 719
140 561
140 1112
140 188
140 861
141 525
142 1157
142 326
142 619
142 694
142 318
142 821
143 417
143 358
143 360
143 1134
143 1169
143 915
143 538
144 783
144 757
144 442
144 495
144 828
144 350
145 416
145 326
145 449
145 519
145 203
145 279
145 1016
145 1081
145 318
146 205
146 157
147 197
147 161
147 881
147 277
147 512
147 376
148 290
148 643
148 278
148 966
148 329
148 362
148 1015
148 149
148 745
148 313
148 866
148 316
148 541
149 608
149 500
149 795
149 461
149 657
149 942
149 726
149 187
149 286
149 1215
150 523
150 525
150 1039
150 532
150 535
150 589
150 601
150 615
150 1128
150 641
150 1162
150 651
150 658
150 1173
150 151
150 165
150 169
150 171
150 175
150 1206
150 186
150 1217
150 1236
150 215
150 1241
150 1244
150 221
150 741
150 232
150 772
150 773
150 777
150 779
150 289
150 290
150 293
150 301
150 310
150 313
150 315
150 832
150 323
150 840
150 845
150 848
150 858
150 866
150 827
150 357
150 874
150 883
150 887
150 381
150 320
150 392
150 401
150 921
150 922
150 929
150 435
150 983
150 1006
152 577
152 804
152 257
152 683
152 1228
152 719
152 561
152 723
152 1247
153 512
153 513
153 499
153 501
153 283
153 604
154 442
154 350
154 495
155 392
155 1031
155 521
155 1162
155 523
155 1194
155 409
155 283
155 924
155 800
155 426
155 177
155 310
155 315
155 1217
155 202
155 1229
155 210
155 471
155 1241
155 357
155 1128
155 874
155 878
155 240
155 242
155 741
155 247
155 997
155 381
156 1058
156 699
156 619
156 694
156 566
156 157
156 1157
157 512
157 1121
157 528
157 280
157 900
157 287
157 812
157 302
157 1211
157 1084
157 190
157 992
157 452
157 198
157 839
157 1098
157 980
157 1110
157 737
157 1170
157 889
158 192
158 673
158 643
159 257
159 485
159 561
159 940
159 718
159 369
159 467
159 782
159 577
159 591
159 1142
159 719
160 1120
160 418
160 612
160 869
160 487
160 876
160 1122
160 1109
160 824
160 249
160 1119
161 267
161 269
161 855
161 473
161 1114
164 547
164 1028
164 458
164 694
164 369
164 566
164 1157
166 225
166 932
166 549
166 940
166 172
166 1142
166 694
166 1124
166 989
166 671
167 256
167 193
167 266
167 413
167 1008
167 753
167 181
167 533
168 768
168 257
168 547
168 561
168 458
168 1102
168 369
168 719
168 1247
169 350
170 1216
170 1099
170 203
170 494
170 305
170 686
170 759
170 318
170 821
171 442
171 350
171 757
172 227
172 996
172 263
172 232
172 427
172 1070
172 1173
172 665
172 218
172 1055
173 980
173 681
174 364
175 495
175 757
175 442
175 783
175 828
175 350
176 233
176 778
177 609
177 774
177 331
177 271
177 816
177 273
177 350
178 192
178 512
178 739
178 673
178 872
178 1036
178 789
178 280
178 1050
178 444
178 1245
178 1086
178 415
179 192
179 576
179 290
179 643
179 966
179 525
179 216
179 955
179 1214
180 514
180 1199
180 324
180 914
180 879
180 644
180 500
180 286
180 567
180 1083
180 769
180 382
181 1024
181 1026
181 777
181 525
181 1063
181 301
181 822
181 569
181 1214
181 321
181 962
181 837
181 842
181 981
181 441
181 477
181 363
181 1017
182 192
182 737
182 1030
182 966
182 808
182 812
182 1245
182 216
182 509
182 280
183 459
183 364
183 797
184 257
184 577
184 683
184 723
184 694
184 719
184 1247
186 708
186 905
186 970
186 783
186 757
186 442
186 863
187 513
187 262
187 392
187 401
187 786
187 278
187 280
187 283
187 668
187 541
187 290
187 604
187 812
187 1069
187 944
187 499
187 695
187 1127
187 1001
187 1220
187 472
187 603
187 476
187 1245
187 737
187 482
187 867
187 741
187 362
187 745
187 236
187 872
187 243
187 501
187 503
187 789
188 1023
188 358
188 417
188 427
188 845
188 320
188 1073
188 1173
188 1019
188 445
188 390
189 581
189 646
189 1000
189 1132
189 556
189 846
189 1200
189 1106
189 339
189 760
189 636
190 1149
190 369
190 782
190 694
190 699
190 1157
191 350
192 448
192 869
192 732
192 487
192 876
192 249
192 508
193 1026
193 525
193 1043
193 917
193 947
193 1188
193 682
193 688
193 1075
193 1204
193 441
193 835
193 433
193 979
193 1111
193 222
193 484
193 1154
194 324
194 286
195 442
195 350
195 495
196 401
196 290
197 546
197 211
197 491
197 254
198 1058
199 963
199 998
199 390
199 775
199 392
199 277
199 1241
199 666
199 283
199 764
199 605
199 510
199 501
200 514
200 500
200 797
201 324
201 364
202 273
202 331
202 774
202 271
203 896
203 1030
203 525
203 1173
203 407
203 808
203 681
203 429
203 692
203 949
203 649
203 1082
203 452
203 710
203 456
203 844
203 1107
203 982
203 857
203 354
203 356
203 229
203 232
203 1014
203 252
203 1022
204 980
205 1110
205 287
205 681
205 427
205 302
205 692
205 649
205 1161
205 1084
205 445
205 320
205 710
205 839
205 845
205 982
205 1168
205 354
205 232
205 1014
205 887
205 889
205 383
206 663
206 218
206 417
206 420
206 1009
206 938
206 427
206 556
206 1200
206 306
206 691
206 572
206 320
206 488
206 717
206 846
206 593
206 933
206 227
206 358
206 232
206 497
206 1138
206 502
206 636
206 1023
207 350
208 1028
208 458
208 459
208 782
208 369
208 803
208 566
208 233
208 508
208 797
208 1157
209 525
209 401
209 786
209 789
209 280
209 1050
209 290
209 812
209 313
209 1214
209 576
209 587
209 212
209 216
209 1245
209 739
209 236
209 872
210 273
211 227
211 516
211 390
211 1000
211 841
211 376
211 581
213 232
213 427
213 492
213 360
213 1019
215 350
216 448
216 803
216 942
216 486
216 459
216 364
216 337
216 559
216 1234
216 382
216 732
216 797
216 286
217 525
217 1043
217 1214
218 257
218 1166
218 1040
218 1237
218 804
218 549
218 807
218 577
218 718
218 591
218 467
218 861
218 1124
218 485
219 843
219 581
219 1000
219 841
219 556
219 1202
219 691
219 636
220 416
220 318
220 1157
221 708
222 256
222 355
222 960
222 747
222 483
222 403
222 343
222 1092
222 1116
223 224
223 778
223 852
223 233
223 1149
224 643
224 395
224 1183
224 383
225 320
225 263
225 232
225 1161
225 427
225 289
225 488
225 562
225 404
225 665
225 1073
225 704
225 1076
225 845
227 388
227 653
227 1040
227 344
227 405
227 546
227 810
227 1089
227 566
227 1112
227 350
227 254
227 1237
228 1075
228 1034
228 433
228 1043
228 281
228 1159
229 296
229 279
229 664
229 700
230 966
231 324
231 879
231 1149
232 258
232 518
232 905
232 780
232 783
232 919
232 664
232 495
232 670
232 671
232 994
232 291
232 932
232 294
232 1192
232 553
232 298
232 693
232 566
232 442
232 571
232 1216
232 714
232 594
232 344
232 989
232 610
232 892
232 494
232 239
232 752
232 757
233 384
233 520
233 395
233 526
233 916
233 1176
233 1049
233 411
233 1182
233 564
233 575
233 454
233 841
233 342
233 859
233 360
233 361
233 626
233 885
233 374
233 507
234 266
234 753
234 984
234 413
235 320
235 417
235 358
235 488
235 427
235 492
235 1076
235 1173
235 1023
235 605
235 390
236 324
236 364
236 879
237 318
238 890
238 266
240 331
240 684
240 941
240 366
240 271
240 465
240 757
240 442
240 765
240 350
240 1087
241 832
241 1154
241 835
241 301
241 1017
242 609
242 774
242 271
242 816
242 273
242 1087
243 249
244 643
245 525
246 324
246 364
246 1199
246 879
247 609
247 1087
247 271
248 512
248 827
248 741
248 392
248 499
248 1241
248 283
249 1125
249 551
249 1036
249 1086
249 792
249 444
249 478
249 415
250 324
250 364
250 879
251 442
251 757
252 1191
252 494
252 438
252 279
252 664
253 350
254 289
254 358
254 417
254 907
254 589
254 404
254 921
254 376
254 532
255 566
256 1024
256 321
256 962
256 1051
256 777
256 490
256 1026
256 301
256 977
256 822
256 1017
256 281
256 379
256 1034
256 842
257 1189
257 391
257 264
257 493
257 785
257 532
257 282
257 668
257 1185
257 278
257 475
257 420
257 427
257 306
257 1198
257 541
257 1069
257 392
257 692
257 287
257 1014
257 710
257 456
257 347
257 735
257 354
257 827
257 996
257 741
257 362
257 492
257 501
257 502
257 1001
257 889
257 938
258 996
258 1173
258 445
259 416
259 519
259 1099
259 686
259 694
259 633
259 318
260 291
260 807
260 394
260 752
260 820
260 504
260 1237
261 1149
262 364
263 793
264 577
264 467
264 694
266 390
266 538
266 417
266 427
266 688
266 1213
266 703
266 963
266 581
266 840
266 841
266 468
266 293
266 358
266 360
266 492
266 1136
266 1000
266 1019
266 764
266 510
266 1023
267 791
268 1217
268 741
268 392
268 1241
269 963
269 775
269 277
269 512
270 549
271 772
271 1031
271 1039
271 924
271 679
271 832
271 1227
271 1101
271 471
271 600
271 1141
271 761
272 514
272 644
272 769
272 364
272 500
272 567
273 800
273 1061
273 772
273 806
273 743
273 997
273 1227
273 573
273 274
273 349
273 446
273 426
274 774
275 320
275 963
275 390
275 427
275 1136
275 840
275 1173
275 996
275 474
275 764
275 605
275 998
277 855
277 1112
277 890
277 1114
277 350
278 683
278 795
278 942
278 719
278 467
278 382
278 286
278 1247
279 1030
279 525
279 1173
279 808
279 427
279 429
279 1214
279 320
279 452
279 849
279 356
279 613
279 488
279 492
279 1143
280 1058
280 699
280 459
280 803
280 730
281 1092
281 483
281 371
281 566
281 442
283 1152
283 586
283 782
283 369
283 566
283 1047
283 1117
283 1157
284 334
285 417
285 581
285 358
285 360
285 841
285 973
285 468
286 513
286 515
286 654
286 668
286 541
286 287
286 930
286 1189
286 812
286 966
286 587
286 1103
286 735
286 1249
286 362
286 1005
286 501
286 745
286 1146
287 1157
287 904
287 324
287 879
287 670
287 1058
287 1199
287 561
287 699
287 461
287 467
287 1126
287 619
287 1149
287 382
288 566
289 1166
289 1040
289 793
289 549
289 807
289 1192
289 940
289 1089
289 975
289 1112
289 861
289 350
289 1124
289 491
290 418
290 559
290 442
290 863
290 708
290 970
290 337
290 350
290 1119
290 608
291 412
291 306
292 843
292 581
292 646
292 360
292 841
292 1000
292 1106
292 339
292 1032
292 760
292 636
293 1097
293 753
293 984
293 537
293 413
294 390
295 364
296 354
296 996
296 649
296 493
296 525
296 1214
297 416
297 305
297 990
297 759
297 318
300 334
300 918
301 352
301 708
301 970
301 366
301 863
302 1058
302 904
304 459
304 500
304 797
304 1215
305 513
305 501
305 886
305 604
305 949
306 394
306 1040
306 804
306 549
306 1192
306 940
306 820
306 577
306 1228
306 467
306 752
306 723
306 1142
306 504
306 506
306 1237
307 417
307 358
307 360
307 841
307 1023
308 643
309 704
309 358
309 1095
309 593
309 562
309 339
309 691
309 636
309 1055
310 708
310 970
310 863
311 896
311 1022
311 982
311 681
312 525
312 1214
313 708
313 970
313 566
313 403
313 863
315 708
315 970
315 495
315 757
315 442
315 350
317 674
317 474
317 764
317 666
317 510
318 386
318 525
318 1173
318 1060
318 423
318 439
318 1082
318 1214
318 320
318 579
318 327
318 456
318 457
318 823
318 844
318 845
318 338
318 1248
318 354
318 744
318 886
318 887
319 525
319 1214
320 1155
320 904
320 1040
320 406
320 1180
320 517
320 807
320 1192
320 686
320 438
320 1191
320 694
320 713
320 1104
320 984
320 350
320 359
321 352
321 802
321 1092
321 1046
321 634
322 768
322 547
322 1028
322 1157
322 458
322 782
322 369
322 1209
323 708
323 970
323 495
323 442
323 350
323 863
324 385
324 902
324 776
324 524
324 402
324 1219
324 536
324 1050
324 415
324 930
324 966
324 936
324 1225
324 756
324 443
324 444
324 1086
324 1035
324 838
324 1103
324 1249
324 1222
324 739
324 1131
324 872
324 628
324 503
324 889
324 746
324 894
326 1185
326 456
326 649
326 744
326 1107
326 354
326 383
326 1140
326 439
326 1082
327 416
327 686
329 608
329 657
329 726
330 403
331 832
331 1105
331 651
331 675
331 1242
331 601
331 426
331 1061
333 433
334 417
334 358
334 907
334 973
334 468
334 512
334 948
334 1023
337 576
337 587
337 955
338 768
338 1028
338 1157
338 458
338 1099
338 1102
338 686
338 369
338 782
338 694
339 905
339 875
339 495
339 529
339 442
339 783
339 540
339 757
341 1240
341 1066
341 1115
341 678
342 778
343 1043
343 917
343 410
343 433
343 682
343 1075
343 822
343 835
343 977
343 979
343 1111
343 363
343 379
343 1020
343 511
344 704
344 996
344 1198
344 562
344 532
344 1173
346 442
346 350
346 495
347 467
347 804
347 577
349 774
350 513
350 523
350 1039
350 531
350 539
350 1061
350 550
350 1073
350 563
350 576
350 581
350 613
350 615
350 1162
350 663
350 696
350 704
350 1236
350 766
350 771
350 772
350 775
350 779
350 841
350 845
350 849
350 360
350 375
350 908
350 401
350 404
350 422
350 946
350 435
350 955
350 959
350 961
350 453
350 988
350 480
350 488
350 501
350 1018
352 1024
352 525
352 1043
352 822
353 566
354 416
354 683
354 1164
354 561
354 904
354 467
354 670
354 664
354 700
355 835
355 484
355 977
355 979
355 441
355 379
355 1020
356 359
356 664
356 438
358 388
358 653
358 787
358 405
358 414
358 1056
358 818
358 690
358 464
358 599
358 491
358 367
358 498
358 1144
358 1145
358 763
358 1151
359 1185
359 613
359 488
359 849
359 1076
359 452
359 767
360 533
360 408
360 413
360 414
360 685
360 687
360 693
360 566
360 778
360 702
360 464
360 721
360 498
360 1145
360 1151
362 461
362 719
362 625
362 382
362 577
362 1247
363 747
363 590
364 588
364 901
364 776
364 1225
364 1035
364 524
364 909
364 1240
364 536
364 1179
364 668
364 541
364 1183
364 545
364 548
364 902
364 678
364 936
364 1052
364 428
364 1069
364 570
364 443
364 830
364 437
364 707
364 580
364 630
364 967
364 587
364 733
364 1001
364 1131
364 368
364 627
364 894
365 682
365 525
365 433
365 917
365 1214
366 835
366 777
366 1101
366 471
366 1017
366 638
367 1173
368 514
368 500
369 1033
369 1173
369 937
369 445
369 456
369 457
369 715
369 1246
369 1168
369 383
370 433
370 682
370 1204
371 616
371 490
372 403
373 1157
373 694
374 778
375 984
376 1089
376 546
376 491
376 1114
377 984
378 1024
378 441
378 822
379 483
382 587
382 966
382 680
382 565
382 1103
382 1072
382 698
382 1179
382 522
383 899
383 904
383 1157
383 803
383 449
383 459
383 852
383 481
383 508
384 778
384 566
385 1199
385 879
386 821
387 485
387 807
387 718
387 591
388 417
388 492
388 1173
388 760
388 1019
388 427
388 1023
389 442
389 757
389 495
390 642
390 1155
390 517
390 1167
390 920
390 546
390 818
390 690
390 787
391 683
391 467
391 561
392 905
392 783
392 1172
392 495
392 561
392 442
392 828
392 577
392 708
392 970
392 719
392 1247
392 757
394 420
394 677
394 497
394 650
394 1138
394 750
394 593
394 1011
395 778
395 852
398 643
400 643
401 418
401 795
401 403
401 495
401 442
401 655
402 879
402 1149
403 1154
403 640
403 1188
403 1024
403 822
403 568
403 954
403 831
403 837
403 466
403 1111
403 866
403 623
403 635
404 1124
404 1089
404 1166
404 1112
404 549
405 417
405 841
405 843
405 907
405 760
405 1055
406 1073
406 1161
406 674
406 845
406 488
406 1076
406 1173
406 854
406 663
406 996
406 538
406 1053
406 510
407 664
408 427
408 841
408 843
408 1019
410 960
410 747
410 590
412 810
412 506
413 1026
413 996
413 841
413 427
413 492
413 1173
414 417
414 907
414 1023
415 869
415 487
415 1109
415 730
416 525
416 493
416 1185
416 423
416 681
416 649
416 1080
416 579
416 456
416 844
416 976
416 980
416 597
416 744
416 886
417 653
417 1056
417 685
417 818
417 958
417 1224
417 464
417 721
417 599
417 607
417 498
417 1145
418 1091
418 901
418 678
418 1066
418 1115
418 1240
419 519
420 719
420 561
420 467
420 820
420 1247
421 966
424 996
426 774
427 1155
427 904
427 940
427 793
427 653
427 1040
427 533
427 537
427 517
427 1237
427 1192
427 810
427 683
427 561
427 818
427 693
427 566
427 577
427 836
427 714
427 951
427 719
427 1104
427 1247
427 611
427 485
427 1008
427 1142
427 632
428 803
428 459
428 500
428 797
428 1215
429 1216
429 494
429 1104
429 664
431 525
431 1214
433 939
433 590
433 560
433 469
433 442
433 495
435 708
438 1030
438 488
438 808
438 470
438 663
438 857
439 481
439 449
439 686
439 821
440 1173
441 602
441 1048
441 574
442 1154
442 646
442 556
442 1162
442 1198
442 779
442 1032
442 1071
442 832
442 1188
442 1202
442 558
442 969
442 691
442 1168
442 1064
442 1206
442 833
442 576
442 799
442 1101
442 846
442 848
442 696
442 1106
442 471
442 856
442 947
442 817
442 862
442 480
442 523
442 615
442 445
442 1018
442 1010
442 1141
442 641
442 532
442 835
442 636
443 879
443 500
443 1199
444 487
444 879
445 768
445 1157
445 518
445 904
445 905
445 782
445 783
445 1094
445 458
445 1102
445 910
445 757
445 1149
448 1179
448 844
448 587
448 812
448 525
450 566
452 652
452 664
452 566
452 631
454 778
455 984
456 768
456 1028
456 782
456 547
456 804
456 683
456 686
456 694
456 577
456 458
456 1228
456 1102
456 467
456 723
457 782
458 1093
458 715
458 525
458 1044
458 1246
458 1214
459 525
459 812
459 1214
459 966
459 587
459 1245
459 737
459 630
460 512
460 966
461 668
461 1103
461 501
461 541
461 1015
461 745
461 735
461 604
464 843
464 996
464 841
464 907
464 532
464 1173
464 760
464 704
464 581
465 848
465 772
465 1227
465 888
467 643
467 650
467 813
467 785
467 532
467 1173
467 668
467 541
467 475
467 1009
467 692
467 1205
467 1082
467 572
467 1014
467 710
467 589
467 851
467 676
467 1210
467 933
467 996
467 877
467 790
467 1001
467 493
467 750
467 497
467 1011
467 502
467 1150
469 682
469 525
469 1043
469 917
469 1214
470 1191
471 495
471 757
471 765
473 791
474 642
474 517
474 489
475 577
475 719
475 561
475 1247
478 1122
478 869
480 757
480 495
483 1024
483 484
483 490
483 977
483 1043
483 822
483 1020
485 492
485 1019
486 525
486 1214
487 1036
487 1086
488 1157
488 793
488 1191
488 836
488 694
488 713
488 975
488 1104
488 599
488 1148
490 991
490 1163
490 1092
490 891
490 1116
491 516
491 907
491 1198
491 881
491 532
492 1068
492 653
492 1040
492 787
492 533
492 920
492 537
492 804
492 807
492 940
492 685
492 687
492 561
492 690
492 566
492 952
492 995
492 577
492 1097
492 714
492 951
492 719
492 723
492 1247
492 611
492 1201
492 753
492 1142
493 683
493 1164
493 749
493 577
493 700
493 1149
494 996
494 1030
494 808
494 949
494 729
494 1173
495 512
495 912
495 646
495 513
495 525
495 1032
495 539
495 926
495 1188
495 682
495 1214
495 946
495 947
495 1204
495 1206
495 583
495 1101
495 1231
495 696
495 1106
495 985
495 604
495 1018
495 1154
495 1132
495 957
495 1139
495 501
495 835
495 636
497 504
498 907
498 1023
499 586
499 694
499 566
499 1047
499 1157
500 903
500 911
500 786
500 668
500 541
500 944
500 808
500 1069
500 1035
500 580
500 966
500 844
500 976
500 1249
500 1135
500 936
500 1146
501 1152
501 586
501 566
501 719
501 804
501 577
502 736
502 742
502 577
502 1228
502 1040
502 561
502 725
502 723
502 571
502 1118
504 1138
504 593
504 717
505 525
508 966
508 1240
509 797
510 753
510 984
511 960
512 796
512 1058
512 855
512 1114
512 619
512 1149
513 1152
513 586
513 566
513 759
515 942
516 546
517 998
517 845
517 1077
517 887
517 1019
517 605
519 1043
519 784
519 1014
519 968
519 1001
519 1196
519 1181
519 692
519 541
519 1221
520 778
524 1199
524 879
525 557
525 913
525 1028
525 1157
525 802
525 803
525 1195
525 686
525 1046
525 956
525 964
525 865
525 923
525 1232
525 931
525 1209
525 1099
525 1041
525 620
525 634
526 778
526 566
528 694
528 1149
529 646
529 841
529 843
529 1202
529 691
529 636
532 1040
532 804
532 807
532 683
532 702
532 577
532 723
532 861
532 610
532 1145
533 1026
533 581
533 1000
533 1019
535 970
535 708
535 863
536 1199
536 879
537 843
537 996
537 841
537 581
537 1019
537 1213
538 753
538 850
538 984
540 646
540 1032
540 841
540 1106
541 608
541 683
541 719
541 561
541 726
541 657
543 896
543 729
543 982
543 681
544 1149
546 881
547 1093
547 744
547 1230
547 1044
549 996
549 562
549 1070
549 1055
551 869
554 729
554 980
554 681
556 905
556 783
556 757
556 828
557 1214
558 757
559 587
559 576
560 682
560 1204
561 649
561 785
561 1044
561 668
561 938
561 1069
561 925
561 1093
561 1230
561 1103
561 593
561 851
561 1001
561 745
561 1019
562 1124
562 875
562 685
562 1166
564 778
566 1034
566 1043
566 985
566 896
566 812
566 672
566 980
566 982
566 729
566 681
567 1249
567 746
571 996
571 785
571 938
571 593
573 774
574 822
575 778
576 625
576 795
577 643
577 1202
577 785
577 921
577 925
577 1198
577 691
577 692
577 1014
577 589
577 1241
577 993
577 1019
577 741
577 1015
577 760
577 636
581 1040
581 810
581 702
581 984
581 753
581 1148
581 1237
582 822
584 729
585 1043
589 995
589 708
589 807
589 685
589 1040
589 1192
589 690
589 920
589 861
590 835
590 1075
591 1096
591 1070
591 593
593 787
593 685
593 687
593 690
593 820
593 1078
593 718
593 721
593 742
593 875
593 725
595 966
598 901
598 678
598 967
598 1066
598 1240
598 1183
599 996
599 907
599 1173
599 663
599 1053
599 1023
600 1087
601 708
604 1152
604 619
604 759
605 642
605 984
607 760
607 1023
608 654
608 745
608 1146
609 1088
609 997
609 924
609 1061
611 841
611 843
611 1019
612 901
612 678
612 1183
613 713
613 1104
613 1148
615 905
615 783
615 757
615 828
616 991
616 1165
616 815
616 891
619 1189
619 1103
619 1140
619 889
619 735
624 810
625 1015
626 778
628 1199
628 879
632 1019
633 1196
633 823
634 962
634 1043
634 1051
634 1214
636 875
636 1228
636 723
636 804
637 1240
637 678
637 1183
638 765
640 815
641 757
642 998
643 1057
643 804
643 824
643 701
643 1228
643 723
644 1249
646 828
646 757
646 905
646 783
649 904
649 664
650 820
651 971
651 708
651 970
651 697
651 863
653 907
653 760
653 1019
654 942
654 657
654 726
655 1240
655 678
657 1001
657 745
657 668
658 708
658 863
659 1183
663 861
663 807
663 713
663 1191
663 1148
663 694
663 1157
664 1143
664 844
664 857
664 808
664 692
664 996
665 836
665 1157
665 793
665 932
665 989
665 671
666 984
668 942
668 719
668 1247
670 1185
670 1103
670 980
670 982
670 681
670 889
670 735
671 704
671 996
671 1173
671 1055
674 742
678 1186
681 738
681 1126
681 904
681 972
681 694
681 1218
681 1157
682 1195
682 873
682 747
682 956
683 1158
683 1198
683 1082
683 993
683 744
683 745
683 1130
683 1001
683 1019
684 848
684 772
685 996
685 921
685 704
685 1055
686 1185
686 744
686 949
686 1082
687 1095
687 841
687 843
687 704
687 1055
688 984
688 753
689 822
690 907
690 1173
690 921
690 1055
691 875
691 1228
691 723
692 719
693 1173
693 1019
694 896
694 1158
694 1170
694 1053
694 1185
694 1196
694 1076
694 1082
694 993
694 1107
694 992
694 1130
694 744
694 937
697 832
697 1141
699 737
699 1103
699 980
699 729
699 1245
700 996
700 1173
702 841
702 843
702 1198
702 1000
704 1145
708 772
708 777
708 1039
708 1241
708 1206
708 888
708 1017
710 904
710 719
710 1247
711 841
711 843
713 1073
713 845
713 849
713 1173
713 767
713 1053
714 996
714 1173
714 1019
715 768
715 1028
715 782
715 1209
716 1149
718 1096
718 1070
718 1178
719 1044
719 1069
719 1015
719 1241
719 993
719 1001
719 1014
719 745
723 1107
723 938
723 1202
723 1082
725 785
725 1173
725 925
726 1001
726 1146
729 1216
730 812
730 789
730 1245
730 1086
732 808
736 785
736 938
737 1058
738 982
742 785
742 854
742 925
743 774
744 1099
744 821
745 942
747 1003
749 1185
753 1134
753 1213
753 915
753 996
753 764
753 1026
757 906
757 771
757 1168
757 833
757 779
757 846
757 1208
757 1106
757 1162
757 1241
757 1010
759 886
759 985
760 1056
760 1157
760 1040
760 804
760 958
761 1087
763 907
765 832
765 1101
765 1141
767 1148
768 1168
768 1093
768 1033
768 1107
768 1082
769 1249
771 905
771 783
772 834
772 941
772 788
773 984
774 1061
775 1112
777 1165
777 815
777 863
778 871
778 1113
778 1176
778 884
778 1160
779 905
779 783
782 1168
782 996
782 1185
782 1033
782 1246
782 937
783 1200
783 1208
783 846
785 804
785 807
785 1192
785 1118
787 907
787 1173
787 1055
788 888
788 1227
791 897
791 794
791 1045
792 1120
792 1057
792 1122
792 869
792 824
793 1076
793 1173
793 1019
793 1055
795 966
795 955
796 966
797 901
797 966
797 844
797 1135
797 1183
798 1055
802 842
803 1214
804 1198
804 1070
804 877
805 1043
807 1161
807 1178
807 925
807 1070
807 1073
807 1096
807 845
807 996
808 1216
808 1187
808 1191
808 1215
810 1000
810 841
810 843
810 1173
810 825
811 1183
812 942
815 1043
816 1061
818 1023
818 1019
820 1235
821 976
821 1060
821 844
821 980
821 949
822 960
822 1092
822 1116
823 1021
828 1032
832 1087
834 1039
835 960
835 939
835 1042
836 1019
838 879
839 904
840 984
841 1056
841 1144
841 1097
841 1112
841 1008
841 1237
842 1092
842 1163
842 1116
843 1056
843 1097
844 1215
845 1180
845 861
846 905
848 941
850 996
850 1134
850 1169
850 1173
852 871
852 1183
857 1191
861 996
861 1070
861 1073
861 921
863 929
863 1206
863 1223
863 1244
863 866
863 1128
863 1129
863 1017
865 1214
867 1157
869 1086
871 1149
872 1199
872 879
873 1204
873 917
875 1055
879 1174
879 1050
879 936
879 1219
879 1036
879 1103
879 1108
879 889
879 894
881 1114
886 990
887 1180
887 904
887 1148
889 1058
889 1126
889 904
894 1199
900 1058
903 1215
904 1019
904 1168
904 1103
904 1077
905 1032
907 1056
907 1145
907 920
907 1144
913 1043
913 1214
914 1249
915 1151
917 960
917 956
918 963
918 1136
920 921
924 1087
928 966
932 1055
935 1043
936 1199
937 1149
938 1192
938 940
938 1040
938 1118
939 1043
939 1075
939 1154
939 947
940 1019
940 1246
941 1227
943 1188
943 1154
944 1215
949 1216
950 1183
956 1204
956 1214
958 1023
960 1024
960 1239
960 979
960 1111
962 1092
964 1214
965 996
965 1173
966 1171
966 1215
970 1162
970 1206
970 1223
970 1241
970 1128
970 1129
970 1017
974 1149
975 996
975 1076
975 1173
975 1055
976 1215
980 1058
980 1126
980 1218
982 1126
984 1173
984 1213
984 996
984 1000
989 1055
992 1058
993 1157
994 996
996 1157
996 1164
996 1085
996 1094
996 1123
996 1124
996 1008
996 1145
998 1155
1000 1192
1000 1040
1001 1247
1008 1026
1012 1149
1014 1247
1015 1247
1017 1042
1019 1237
1019 1085
1019 1097
1019 1123
1028 1246
1029 1173
1030 1191
1030 1104
1031 1087
1033 1157
1033 1102
1035 1215
1036 1199
1038 1149
1039 1087
1040 1198
1041 1214
1043 1195
1043 1165
1043 1172
1050 1199
1055 1166
1055 1056
1055 1124
1055 1144
1058 1211
1058 1245
1066 1177
1066 1119
1069 1215
1070 1090
1070 1166
1070 1078
1070 1124
1073 1148
1076 1148
1077 1155
1079 1173
1082 1099
1086 1109
1091 1177
1091 1119
1094 1168
1099 1107
1102 1168
1103 1157
1103 1126
1103 1199
1107 1228
1108 1199
1112 1173
1113 1149
1122 1125
1126 1185
1134 1151
1135 1215
1145 1198
1145 1173
1146 1215
1148 1173
1149 1173
1149 1193
1151 1169
1157 1168
1157 1173
1157 1185
1161 1180
1166 1173
1172 1241
1173 1237
1173 1180
1173 1216
1174 1199
1183 1186
1199 1225
1214 1226
1241 1247
