0 1
0 2
0 3
0 4
0 6
0 10
0 11
0 12
0 14
0 17
0 22
0 516
0 1055
0 544
0 548
0 1030
0 1066
0 555
0 44
0 47
0 48
0 1073
0 562
0 1075
0 55
0 1100
0 91
0 1126
0 1131
0 108
0 120
0 638
0 134
0 135
0 649
0 138
0 142
0 144
0 665
0 154
0 1179
0 159
0 167
0 175
0 690
0 700
0 1214
0 191
0 711
0 205
0 723
0 212
0 233
0 246
0 724
0 251
0 1079
0 264
0 267
0 275
0 277
0 790
0 794
0 283
0 802
0 803
0 821
0 314
0 318
0 329
0 567
0 850
0 851
0 860
0 355
0 364
0 745
0 377
0 383
0 389
0 393
0 412
0 926
0 419
0 420
0 430
0 949
0 955
0 964
0 966
0 969
0 993
0 496
1 5
1 7
1 8
1 18
1 19
1 20
1 533
1 23
1 1049
1 31
1 1057
1 549
1 550
1 39
1 554
1 570
1 60
1 61
1 63
1 64
1 1089
1 581
1 75
1 77
1 1104
1 1106
1 84
1 85
1 87
1 601
1 90
1 1115
1 101
1 614
1 109
1 624
1 117
1 89
1 1148
1 125
1 639
1 132
1 655
1 657
1 659
1 662
1 671
1 710
1 682
1 172
1 1202
1 182
1 697
1 198
1 1224
1 1227
1 716
1 206
1 211
1 1236
1 214
1 216
1 37
1 736
1 226
1 228
1 229
1 235
1 236
1 239
1 1235
1 269
1 1240
1 278
1 294
1 296
1 305
1 823
1 827
1 321
1 853
1 863
1 357
1 870
1 391
1 929
1 931
1 422
1 439
1 451
1 455
1 472
1 1003
1 507
1 341
2 643
2 645
2 520
2 137
2 1047
2 140
2 322
2 398
2 904
2 20
2 23
2 24
2 25
2 1138
2 285
2 30
2 543
2 1057
2 547
2 36
2 422
2 935
2 425
2 813
2 943
2 561
2 53
2 1084
2 1215
2 66
2 456
2 458
2 204
2 718
2 208
2 1108
2 85
2 89
2 730
2 862
2 479
2 848
2 482
2 1123
2 228
2 238
2 114
2 244
2 1013
2 118
2 681
3 704
3 896
3 439
3 294
3 39
3 456
3 1136
3 561
3 391
3 718
3 912
3 465
3 20
3 341
3 872
3 119
3 1089
3 285
3 543
4 1057
4 422
4 904
4 458
4 1108
4 85
4 25
4 24
4 89
4 730
4 285
4 1215
5 1009
5 135
5 619
5 974
5 721
5 569
5 383
6 643
6 133
6 391
6 137
6 1166
6 274
6 406
6 24
6 409
6 796
6 285
6 645
6 417
6 294
6 39
6 436
6 53
6 186
6 445
6 192
6 203
6 589
6 973
6 465
6 85
6 220
6 1247
6 228
6 422
6 119
7 515
7 1159
7 9
7 13
7 14
7 15
7 1177
7 26
7 924
7 29
7 414
7 837
7 928
7 34
7 292
7 293
7 1191
7 936
7 372
7 42
7 1237
7 301
7 687
7 49
7 1074
7 1139
7 777
7 952
7 313
7 1082
7 1012
7 832
7 195
7 453
7 70
7 1098
7 375
7 460
7 173
7 1234
7 852
7 782
7 599
7 473
7 346
7 1189
7 227
7 977
7 491
7 110
7 751
7 752
7 498
7 627
7 116
7 247
7 1016
7 633
7 383
8 619
8 135
8 9
8 14
8 15
8 771
8 154
8 283
8 412
8 928
8 1191
8 41
8 1159
8 690
8 695
8 569
8 443
8 72
8 974
8 1231
8 209
8 1241
8 865
8 610
8 363
8 365
8 495
8 1009
8 501
8 297
8 383
9 386
9 644
9 1167
9 16
9 150
9 795
9 288
9 546
9 37
9 169
9 172
9 826
9 581
9 971
9 335
9 984
9 99
9 229
9 878
9 624
9 122
9 252
10 912
10 645
10 904
10 137
10 398
10 784
10 20
10 24
10 25
10 285
10 543
10 294
10 730
10 1071
10 561
10 947
10 53
10 438
10 185
10 186
10 1215
10 704
10 456
10 203
10 589
10 718
10 341
10 89
10 90
10 220
10 225
10 1123
10 872
10 1136
10 1096
10 85
11 645
11 519
11 904
11 398
11 20
11 406
11 23
11 24
11 730
11 36
11 294
11 39
11 1071
11 689
11 53
11 439
11 957
11 62
11 1215
11 1089
11 456
11 203
11 589
11 718
11 1166
11 89
11 90
11 862
11 225
11 994
11 114
11 1141
11 253
12 1027
12 391
12 784
12 20
12 23
12 25
12 922
12 27
12 285
12 543
12 33
12 39
12 688
12 561
12 1204
12 957
12 830
12 705
12 1089
12 204
12 718
12 979
12 89
12 479
12 1124
12 234
12 114
12 253
12 255
13 279
13 272
13 278
13 407
13 795
13 542
13 1184
13 549
13 38
13 686
13 560
13 178
13 958
13 63
13 64
13 608
13 582
13 584
13 1226
13 1144
13 1110
13 345
13 224
13 488
13 622
13 117
13 1015
13 632
13 510
14 130
14 406
14 1158
14 521
14 270
14 399
14 16
14 686
14 278
14 23
14 409
14 1137
14 667
14 161
14 38
14 39
14 169
14 1194
14 391
14 46
14 560
14 1201
14 178
14 179
14 436
14 437
14 825
14 994
14 63
14 1089
14 1227
14 581
14 582
14 455
14 584
14 203
14 589
14 206
14 973
14 80
14 1105
14 722
14 398
14 982
14 87
14 1240
14 89
14 220
14 1141
14 272
14 226
14 99
14 229
14 870
14 103
14 490
14 551
14 239
14 624
14 497
14 370
14 629
14 1193
14 1144
14 379
14 253
14 597
15 86
15 524
15 16
15 31
15 546
15 37
15 38
15 551
15 40
15 1067
15 45
15 46
15 560
15 51
15 1085
15 63
15 64
15 578
15 69
15 582
15 80
15 1110
15 87
15 602
15 1115
15 608
15 107
15 1132
15 109
15 1137
15 631
15 122
15 639
15 130
15 644
15 1158
15 1161
15 141
15 656
15 658
15 151
15 158
15 161
15 169
15 178
15 179
15 182
15 720
15 214
15 549
15 738
15 229
15 252
15 254
15 272
15 787
15 278
15 279
15 793
15 795
15 288
15 300
15 818
15 823
15 845
15 334
15 337
15 345
15 349
15 366
15 886
15 381
15 901
15 923
15 945
15 946
15 435
15 959
15 448
15 1185
15 981
15 984
15 488
15 505
16 131
16 1219
16 471
16 396
16 265
16 1181
16 786
16 147
16 789
16 21
16 536
16 283
16 156
16 29
16 32
16 289
16 34
16 163
16 164
16 1061
16 1191
16 909
16 41
16 42
16 427
16 797
16 49
16 434
16 52
16 201
16 56
16 308
16 1225
16 701
16 194
16 67
16 68
16 199
16 72
16 73
16 74
16 695
16 842
16 354
16 892
16 461
16 336
16 81
16 466
16 468
16 215
16 527
16 473
16 143
16 1117
16 94
16 924
16 97
16 98
16 483
16 612
16 485
16 962
16 999
16 636
16 106
16 748
16 594
16 751
16 116
16 911
16 809
16 1145
16 124
16 766
16 661
17 1138
17 775
17 904
17 399
17 784
17 148
17 23
17 25
17 285
17 30
17 543
17 547
17 294
17 39
17 425
17 114
17 947
17 437
17 439
17 1084
17 704
17 718
17 322
17 1089
17 843
17 589
17 206
17 973
17 722
17 85
17 89
17 730
17 479
17 912
17 226
17 357
17 872
17 236
17 881
17 370
17 244
17 629
17 118
17 20
17 341
18 175
18 1079
18 135
19 619
19 383
19 569
19 135
20 516
20 262
20 135
20 393
20 142
20 144
20 1164
20 277
20 22
20 791
20 154
20 28
20 675
20 548
20 134
20 1063
20 168
20 170
20 903
20 44
20 47
20 306
20 1131
20 1033
20 310
20 567
20 569
20 698
20 700
20 138
20 318
20 267
20 966
20 585
20 850
20 851
20 980
20 213
20 1241
20 221
20 993
20 1212
20 619
20 649
20 496
20 1009
20 969
20 509
20 383
21 99
21 644
21 1158
21 169
21 1137
21 826
22 896
22 517
22 137
22 1166
22 1133
22 784
22 23
22 24
22 25
22 1138
22 30
22 543
22 673
22 35
22 681
22 813
22 943
22 432
22 561
22 53
22 439
22 735
22 1084
22 62
22 565
22 322
22 1222
22 456
22 204
22 589
22 973
22 208
22 85
22 727
22 478
22 479
22 1123
22 740
22 621
22 645
22 114
22 1013
23 512
23 1101
23 790
23 135
23 1032
23 649
23 138
23 514
23 527
23 323
23 1103
23 152
23 665
23 154
23 283
23 28
23 157
23 672
23 1196
23 802
23 412
23 1066
23 44
23 429
23 430
23 175
23 690
23 819
23 567
23 569
23 59
23 700
23 318
23 447
23 267
23 708
23 329
23 331
23 717
23 974
23 525
23 721
23 851
23 213
23 940
23 91
23 867
23 359
23 232
23 664
23 619
23 876
23 110
23 241
23 499
23 120
23 123
23 1079
23 383
24 393
24 539
24 548
24 1030
24 168
24 553
24 50
24 306
24 821
24 314
24 65
24 713
24 844
24 847
24 980
24 343
24 91
24 860
24 221
24 100
24 233
24 1131
24 1006
24 377
25 512
25 129
25 899
25 641
25 264
25 649
25 779
25 142
25 941
25 144
25 530
25 926
25 544
25 496
25 674
25 548
25 1186
25 170
25 1031
25 44
25 557
25 302
25 559
25 48
25 50
25 821
25 310
25 457
25 59
25 964
25 966
25 268
25 940
25 717
25 1101
25 849
25 850
25 713
25 213
25 1238
25 983
25 217
25 851
25 221
25 96
25 993
25 359
25 232
25 233
25 1229
25 368
25 562
25 120
25 377
25 123
25 1020
25 1149
25 126
26 63
26 542
26 150
27 120
27 851
27 926
28 775
28 270
28 1171
28 920
28 30
28 547
28 932
28 681
28 1138
28 432
28 565
28 1084
28 322
28 456
28 204
28 479
28 1122
28 490
28 238
28 626
28 244
28 1013
28 118
28 425
28 253
29 1158
29 272
29 1173
29 793
29 795
29 540
29 542
29 161
29 38
29 169
29 426
29 818
29 560
29 945
29 178
29 823
29 826
29 1211
29 63
29 706
29 582
29 584
29 971
29 334
29 342
29 345
29 224
29 230
29 1052
29 1137
29 1150
29 946
30 512
30 385
30 259
30 516
30 1032
30 267
30 781
30 654
30 557
30 159
30 672
30 674
30 419
30 933
30 168
30 171
30 1196
30 429
30 431
30 1165
30 307
30 694
30 184
30 1093
30 836
30 502
30 200
30 457
30 79
30 850
30 339
30 213
30 1243
30 91
30 221
30 998
30 102
30 359
30 616
30 364
30 113
30 499
30 246
30 248
30 250
31 642
31 619
31 260
31 135
31 136
31 523
31 1038
31 528
31 1112
31 402
31 149
31 790
31 281
31 175
31 286
31 160
31 34
31 423
31 299
31 1216
31 303
31 392
31 1203
31 54
31 183
31 57
31 187
31 190
31 319
31 960
31 961
31 839
31 968
31 586
31 975
31 721
31 1109
31 600
31 1241
31 92
31 351
31 353
31 869
31 104
31 363
31 749
31 1009
31 371
31 807
31 894
32 1120
32 972
32 45
32 494
32 1137
32 658
33 976
33 993
33 966
34 51
34 733
34 646
34 652
34 526
34 401
34 1042
34 1173
34 150
34 407
34 1048
34 795
34 540
34 161
34 1188
34 38
34 40
34 428
34 46
34 349
34 944
34 945
34 179
34 948
34 182
34 696
34 1076
34 316
34 1213
34 706
34 1091
34 196
34 69
34 1095
34 78
34 1105
34 338
34 462
34 342
34 88
34 93
34 222
34 224
34 739
34 230
34 103
34 746
34 492
34 109
34 366
34 1007
34 984
34 1146
34 122
34 639
34 1150
34 127
35 457
35 171
35 213
36 548
36 1032
36 850
36 314
36 91
37 128
37 258
37 619
37 513
37 136
37 522
37 891
37 256
37 785
37 790
37 153
37 721
37 411
37 284
37 925
37 928
37 162
37 1009
37 424
37 298
37 43
37 1197
37 174
37 175
37 176
37 177
37 1195
37 54
37 1079
37 57
37 58
37 315
37 189
37 190
37 575
37 897
37 1169
37 450
37 963
37 325
37 326
37 332
37 1088
37 1099
37 76
37 974
37 593
37 595
37 83
37 1241
37 859
37 988
37 954
37 1121
37 699
37 484
37 613
37 487
37 104
37 489
37 618
37 566
37 369
37 371
37 757
37 617
37 1018
37 635
37 1159
37 382
37 383
38 824
38 412
38 41
38 873
38 413
38 49
38 308
38 54
38 56
38 57
38 189
38 1214
38 67
38 68
38 965
38 418
38 336
38 209
38 313
38 92
38 297
38 612
38 743
38 104
38 105
38 748
38 495
38 240
38 371
38 884
38 247
39 262
39 135
39 405
39 649
39 323
39 277
39 154
39 926
39 134
39 1063
39 170
39 903
39 44
39 47
39 310
39 810
39 447
39 267
39 452
39 268
39 974
39 207
39 611
39 619
39 110
39 893
39 112
39 120
39 509
39 638
39 383
40 67
40 965
40 809
40 363
40 873
40 49
40 466
40 54
40 535
40 413
41 130
41 179
41 141
41 984
41 914
41 1173
41 151
41 540
41 581
41 161
41 551
41 169
41 426
41 45
41 945
41 51
41 950
41 1081
41 1211
41 448
41 435
41 69
41 840
41 590
41 591
41 80
41 597
41 87
41 706
41 1115
41 349
41 95
41 224
41 99
41 356
41 230
41 103
41 231
41 237
41 624
41 1150
41 127
42 288
42 1120
42 99
42 1158
42 584
42 169
42 971
42 972
42 45
42 494
42 335
42 1132
42 150
42 825
42 122
42 252
42 826
43 193
43 386
43 257
43 328
43 394
43 172
43 1167
43 753
43 210
43 725
43 817
44 896
44 133
44 391
44 270
44 784
44 920
44 1071
44 1224
44 543
44 294
44 943
44 561
44 438
44 439
44 185
44 1084
44 957
44 455
44 456
44 589
44 206
44 1236
44 718
44 90
44 226
44 1123
44 357
44 490
44 621
44 239
44 881
44 626
44 245
44 119
44 763
44 253
45 518
45 1035
45 147
45 921
45 670
45 292
45 166
45 173
45 434
45 1139
45 180
45 695
45 837
45 209
45 344
45 473
45 865
45 363
45 365
45 495
45 883
45 297
45 378
45 1019
45 124
46 647
46 792
46 410
46 283
46 412
46 799
46 1058
46 165
46 54
46 188
46 829
46 1214
46 202
46 930
46 207
46 336
46 871
46 110
46 112
46 371
47 391
47 137
47 784
47 853
47 285
47 543
47 1057
47 422
47 730
47 1071
47 947
47 439
47 185
47 671
47 704
47 718
47 451
47 1221
47 456
47 458
47 206
47 465
47 1108
47 85
47 89
47 90
47 479
47 912
47 294
47 872
47 239
47 1136
47 370
47 1013
47 1014
47 119
47 1236
47 341
48 225
48 994
48 294
48 519
48 203
48 943
48 497
48 406
48 285
48 689
49 1036
49 401
49 146
49 404
49 150
49 155
49 288
49 1068
49 1198
49 945
49 51
49 693
49 950
49 568
49 1081
49 1086
49 69
49 71
49 590
49 335
49 984
49 474
49 349
49 224
49 145
49 103
49 1132
49 878
49 1137
49 122
49 252
49 127
50 53
50 943
51 772
51 651
51 1219
51 532
51 1181
51 289
51 54
51 695
51 953
51 1001
51 67
51 68
51 459
51 336
51 209
51 466
51 468
51 743
51 489
51 363
51 495
51 240
51 371
51 297
51 1145
51 1019
51 764
51 766
52 546
52 169
52 1137
52 984
52 122
53 129
53 683
53 1029
53 577
53 393
53 941
53 660
53 1176
53 1054
53 927
53 548
53 421
53 553
53 171
53 562
53 302
53 692
53 641
53 314
53 59
53 65
53 1090
53 779
53 1101
53 723
53 343
53 217
53 91
53 860
53 607
53 481
53 955
53 232
53 233
53 1004
53 368
53 377
53 123
53 638
54 86
54 172
54 526
54 401
54 407
54 1048
54 1050
54 540
54 541
54 1182
54 161
54 817
54 426
54 300
54 433
54 948
54 1118
54 320
54 193
54 706
54 69
54 841
54 845
54 78
54 342
54 731
54 222
54 224
54 945
54 738
54 739
54 230
54 107
54 109
54 1134
54 631
54 254
55 225
55 994
55 228
55 422
55 294
55 137
55 203
55 589
55 398
55 973
55 497
55 722
55 1011
55 85
55 406
55 89
55 285
55 629
56 161
56 706
56 99
56 644
56 230
56 1137
56 454
56 169
56 426
56 814
56 984
56 691
56 1076
56 342
56 728
56 1211
56 508
56 1158
57 386
57 470
57 646
57 428
57 394
57 652
57 269
57 271
57 787
57 916
57 917
57 534
57 666
57 338
57 541
57 1173
57 291
57 817
57 426
57 172
57 816
57 433
57 309
57 182
57 316
57 778
57 1087
57 320
57 193
57 454
57 845
57 78
57 210
57 86
57 731
57 93
57 222
57 223
57 945
57 107
57 1167
57 109
57 242
57 1150
57 1017
57 1146
57 639
57 508
57 254
57 511
59 517
59 957
59 681
59 204
59 621
59 270
59 943
59 432
59 1141
59 1084
59 253
59 645
60 1009
60 135
60 619
60 175
60 721
60 1241
60 569
60 975
60 383
61 135
61 619
61 175
61 1009
61 1079
61 383
63 619
63 774
63 647
63 648
63 1043
63 276
63 405
63 790
63 792
63 283
63 410
63 653
63 1191
63 810
63 1037
63 175
63 1205
63 1079
63 313
63 188
63 829
63 962
63 453
63 1223
63 202
63 375
63 207
63 82
63 340
63 1237
63 726
63 569
63 94
63 1248
63 612
63 871
63 360
63 361
63 362
63 363
63 110
63 751
63 112
63 1009
63 498
63 115
63 756
63 247
63 760
63 633
63 1019
63 938
64 1248
64 834
64 135
64 363
64 464
64 1009
64 82
64 569
64 121
64 1241
64 317
65 1166
65 645
66 168
66 306
66 221
66 791
67 161
67 706
67 179
67 103
67 272
67 1137
67 526
67 342
67 984
67 345
67 1211
67 733
67 230
68 1026
68 179
68 1036
68 272
68 145
68 407
68 155
68 540
68 327
68 1068
68 1198
68 1076
68 693
68 568
68 608
68 1091
68 69
68 71
68 984
68 345
68 474
68 349
68 224
68 99
68 1134
68 755
68 628
68 374
68 1095
68 1022
68 127
69 640
69 1025
69 651
69 532
69 1053
69 1072
69 72
69 1231
69 336
69 209
69 610
69 363
69 371
69 501
69 809
69 1019
70 584
70 825
70 795
70 1201
71 809
72 99
72 870
72 169
72 1076
72 87
72 984
72 826
72 1158
73 984
73 1076
74 644
74 1158
74 169
74 971
74 1137
74 984
74 122
74 826
75 135
75 175
75 1009
75 790
75 1241
77 175
77 790
77 1079
77 569
77 383
78 960
78 1051
78 537
78 997
78 358
78 104
78 105
78 299
78 281
78 642
78 336
78 392
78 149
78 249
78 219
78 92
78 894
79 480
79 449
79 238
79 625
79 978
79 118
79 218
80 865
80 1019
80 363
80 365
80 695
80 527
80 283
80 412
81 546
81 99
81 644
81 1158
81 169
81 1076
81 984
81 122
82 686
82 278
82 279
82 282
82 542
82 1184
82 549
82 550
82 554
82 942
82 178
82 570
82 578
82 582
82 1226
82 1104
82 1107
82 214
82 855
82 602
82 488
82 750
82 117
82 1015
82 125
83 172
84 975
84 135
84 175
84 1009
84 1241
84 569
84 154
84 447
84 383
85 899
85 389
85 393
85 530
85 275
85 280
85 175
85 803
85 548
85 167
85 168
85 684
85 1073
85 562
85 1131
85 821
85 191
85 964
85 1094
85 649
85 1100
85 974
85 721
85 723
85 980
85 983
85 949
85 477
85 233
85 619
85 221
85 745
85 377
85 790
85 893
85 383
86 1135
86 1109
86 189
87 1037
87 792
87 410
87 1064
87 1205
87 695
87 188
87 207
87 209
87 340
87 1231
87 871
87 363
87 110
87 112
87 297
87 1019
87 383
88 336
88 1051
88 1162
89 1131
89 135
89 393
89 267
89 323
89 791
89 664
89 154
89 283
89 412
89 1179
89 548
89 168
89 1233
89 306
89 569
89 955
89 700
89 138
89 1214
89 447
89 964
89 966
89 974
89 976
89 120
89 980
89 1241
89 221
89 993
89 721
89 619
89 111
89 1009
89 376
89 477
89 380
89 383
90 135
90 393
90 142
90 277
90 1241
90 175
90 1179
90 821
90 569
90 955
90 577
90 1090
90 452
90 711
90 985
90 481
90 233
90 1009
90 745
90 893
90 383
91 517
91 1166
91 285
91 1056
91 425
91 813
91 432
91 1208
91 565
91 322
91 204
91 1232
91 861
91 862
91 1138
91 681
92 778
92 272
92 916
92 1050
92 540
92 158
92 816
92 808
92 426
92 560
92 945
92 316
92 1091
92 196
92 454
92 1095
92 337
92 338
92 334
92 470
92 345
92 93
92 224
92 242
92 508
92 511
93 160
93 961
93 219
93 324
93 358
93 807
93 1180
93 1119
93 523
93 898
93 1135
93 1203
93 149
93 1109
93 187
93 989
93 894
93 351
94 578
94 99
94 1158
94 582
94 169
94 1137
94 214
94 823
94 602
94 542
95 640
95 875
95 651
95 209
95 532
96 621
96 943
97 288
97 99
97 1158
97 169
97 971
97 878
97 122
97 252
97 826
98 984
98 1076
99 518
99 651
99 532
99 1046
99 536
99 283
99 924
99 928
99 1191
99 556
99 173
99 308
99 734
99 695
99 701
99 837
99 1098
99 209
99 473
99 603
99 742
99 743
99 748
99 110
99 501
99 378
101 135
101 619
101 974
101 175
101 790
101 569
101 154
101 975
101 383
102 579
102 932
102 520
102 425
102 208
102 1047
103 640
103 1162
103 532
103 405
103 535
103 1051
103 413
103 165
103 1191
103 810
103 556
103 1205
103 207
103 336
103 209
103 466
103 297
103 110
103 495
103 809
103 1044
103 890
104 271
104 272
104 691
104 1048
104 1050
104 540
104 560
104 291
104 426
104 304
104 179
104 820
104 182
104 444
104 320
104 608
104 1091
104 196
104 454
104 1095
104 728
104 222
104 223
104 224
104 739
104 109
104 508
104 639
105 161
105 706
105 230
105 426
106 335
106 1137
106 984
106 122
106 252
107 387
107 363
107 1109
107 1019
107 189
108 225
108 294
108 519
108 872
108 203
108 589
108 973
108 912
108 689
108 722
108 1011
108 341
108 406
108 704
108 285
108 629
109 387
109 135
109 136
109 1038
109 790
109 154
109 619
109 175
109 392
109 183
109 189
109 1079
109 975
109 336
109 1109
109 869
109 363
109 1009
110 130
110 141
110 910
110 399
110 1171
110 282
110 626
110 178
110 1084
110 958
110 1089
110 578
110 707
110 582
110 1122
110 206
110 1105
110 590
110 214
110 602
110 1115
110 226
110 1129
110 490
110 881
110 370
110 1141
110 631
110 379
110 253
112 130
112 141
112 686
112 151
112 1185
112 178
112 958
112 1089
112 582
112 455
112 1224
112 715
112 206
112 719
112 870
112 551
112 366
112 239
112 763
113 768
113 775
113 425
113 238
113 208
113 978
113 563
113 148
113 118
113 1047
113 218
114 138
114 919
114 664
114 665
114 168
114 1066
114 430
114 969
114 318
114 966
114 993
114 457
114 850
114 213
114 1113
114 221
114 737
114 359
114 120
115 578
115 214
115 582
115 278
115 602
115 542
116 584
116 984
116 1076
117 491
117 135
117 653
117 782
117 1168
117 884
117 1200
117 564
117 824
117 313
117 572
117 317
117 703
117 834
117 464
117 721
117 1209
117 592
117 619
117 372
117 247
117 121
117 637
117 383
118 1157
118 907
118 1154
118 729
118 408
118 548
118 1062
118 168
118 694
118 184
118 698
118 200
118 587
118 339
118 857
118 221
118 616
118 248
118 506
119 544
119 496
119 745
119 142
119 144
119 638
120 1028
120 1089
120 904
120 266
120 398
120 912
120 529
120 403
120 1070
120 668
120 858
120 415
120 545
120 558
120 688
120 1204
120 1084
120 446
120 1215
120 704
120 705
120 197
120 1096
120 589
120 973
120 469
120 730
120 987
120 604
120 605
120 350
120 352
120 1040
120 830
120 1125
120 872
120 234
120 620
120 621
120 623
120 1136
120 629
120 341
121 549
121 139
121 1110
121 510
122 390
122 1159
122 1046
122 536
122 924
122 928
122 680
122 809
122 687
122 440
122 199
122 1225
122 330
122 290
122 1098
122 473
122 603
122 783
122 363
122 701
122 758
123 645
123 681
123 204
123 621
123 943
123 432
124 1137
125 1248
125 834
125 712
125 653
125 1009
125 1241
126 621
127 743
127 365
127 336
127 209
127 532
127 695
127 443
129 943
129 621
130 799
130 1205
130 1058
130 1187
130 165
130 695
130 412
130 207
130 188
130 405
132 721
132 619
132 790
132 175
133 170
133 638
134 896
134 391
134 910
134 285
134 543
134 1071
134 439
134 704
134 456
134 1227
134 589
134 718
134 973
134 206
134 479
134 226
134 872
134 370
134 341
135 263
135 139
135 1218
135 398
135 655
135 1005
135 285
135 295
135 681
135 682
135 517
135 685
135 432
135 1096
135 181
135 438
135 312
135 185
135 570
135 479
135 629
135 321
135 863
135 456
135 204
135 333
135 718
135 589
135 598
135 216
135 347
135 348
135 229
135 739
135 1013
135 235
135 1011
135 759
135 1236
135 1148
135 639
136 769
136 646
136 1007
136 776
136 652
136 746
136 1021
136 428
136 269
136 337
136 338
136 182
136 1178
136 287
136 316
136 808
136 158
137 1131
137 452
137 167
137 168
137 457
137 745
137 887
137 949
137 213
137 548
137 380
137 893
137 638
137 277
138 1215
138 904
138 203
138 204
138 589
138 718
138 784
138 629
138 722
138 730
138 543
138 285
138 479
140 850
140 548
140 221
141 865
141 1058
141 1187
141 165
141 365
141 799
142 519
142 521
142 274
142 406
142 409
142 1071
142 943
142 689
142 436
142 439
142 185
142 1013
142 704
142 451
142 456
142 203
142 589
142 718
142 973
142 465
142 722
142 341
142 982
142 220
142 479
142 225
142 994
142 1011
142 629
143 984
144 704
144 896
144 456
144 1071
144 589
144 718
144 621
144 784
144 465
144 341
144 439
144 543
144 479
145 289
145 743
145 809
145 764
145 1181
146 809
147 1120
147 972
147 494
147 1137
147 1076
147 984
148 267
149 778
149 1048
149 1050
150 227
150 292
150 837
150 396
150 173
150 301
150 1059
150 311
150 378
150 670
151 828
151 363
151 695
151 760
151 1019
151 188
151 799
152 1084
152 253
154 517
154 391
154 270
154 920
154 543
154 294
154 681
154 1194
154 432
154 904
154 439
154 479
154 1215
154 1089
154 1227
154 581
154 455
154 1224
154 203
154 204
154 206
154 597
154 730
154 229
154 226
154 490
154 239
154 1013
154 1108
154 763
154 253
154 639
155 418
155 743
155 809
155 240
156 644
156 1158
156 169
156 971
156 984
156 826
157 1141
157 253
157 270
158 160
158 363
158 1203
159 322
159 932
159 425
159 203
159 994
159 497
159 565
159 406
159 1208
159 220
159 861
160 534
160 808
160 492
160 778
160 428
160 338
160 470
160 696
160 316
161 412
161 413
161 1191
161 690
161 308
161 695
161 441
161 1214
161 583
161 612
161 363
161 751
161 498
161 375
161 1019
164 984
164 1137
165 715
165 805
165 551
165 366
165 733
167 643
167 228
167 285
167 1247
168 768
168 1138
168 775
168 322
168 398
168 784
168 730
168 543
168 547
168 552
168 425
168 1010
168 565
168 1080
168 186
168 1096
168 843
168 1228
168 208
168 1208
168 978
168 1108
168 218
168 1116
168 861
168 479
168 1232
168 482
168 228
168 244
168 1013
168 767
169 1025
169 261
169 925
169 265
169 906
169 1035
169 1053
169 695
169 276
169 536
169 292
169 1191
169 427
169 173
169 797
169 690
169 308
169 701
169 1214
169 583
169 311
169 1098
169 301
169 441
169 473
169 412
169 603
169 227
169 612
169 999
169 892
169 924
169 751
169 498
169 243
169 501
169 967
169 375
169 636
169 1151
170 1089
170 1224
170 455
170 621
170 206
170 239
170 370
170 245
170 543
170 943
170 379
170 445
170 479
171 322
171 932
171 645
171 425
171 813
171 1133
171 1232
171 1138
171 547
171 727
171 1208
171 861
171 565
172 1159
172 522
172 411
172 925
172 1183
172 928
172 265
172 906
172 332
172 846
172 1241
172 1244
172 613
172 619
172 1009
172 373
172 383
173 644
173 584
173 494
173 1201
173 658
173 1161
173 1144
173 826
173 795
175 517
175 263
175 269
175 678
175 912
175 750
175 278
175 397
175 282
175 285
175 542
175 422
175 296
175 681
175 973
175 1084
175 432
175 182
175 578
175 451
175 1221
175 198
175 458
175 204
175 462
175 333
175 338
175 214
175 472
175 739
175 316
175 1003
175 622
175 589
175 629
175 1236
175 1148
175 582
175 341
178 653
178 751
178 799
178 1191
178 967
178 188
178 829
178 834
178 583
178 202
178 247
178 852
178 962
178 612
178 363
178 317
178 375
178 760
179 283
179 412
179 413
179 289
179 695
179 443
179 209
179 468
179 471
179 865
179 873
179 363
179 365
179 495
179 297
179 1145
179 764
179 766
180 1120
180 658
180 972
180 494
182 387
182 975
182 369
182 363
182 424
182 1109
182 790
182 1079
182 189
183 739
183 269
183 776
183 287
183 639
184 864
184 322
184 547
184 918
184 775
184 843
184 1138
184 208
184 978
184 565
184 951
184 1047
184 218
185 544
185 1186
185 452
185 393
185 1131
185 1229
185 496
185 277
185 955
186 393
186 1131
186 638
187 470
188 448
188 1185
188 1105
188 435
188 366
188 686
188 381
188 542
189 224
189 738
189 454
189 841
189 426
189 814
189 401
189 691
189 407
189 728
189 787
189 639
189 508
189 1118
190 338
190 316
190 462
191 225
191 994
191 422
191 294
191 458
191 203
191 1221
191 589
191 629
191 406
191 220
191 285
191 341
192 638
193 392
193 298
193 332
193 1135
193 373
193 1183
193 1180
193 1109
194 984
194 1137
195 584
195 825
195 1201
196 537
196 249
196 894
198 619
198 975
198 1009
198 1241
198 383
199 335
199 1137
199 1076
199 984
199 252
200 208
200 843
200 244
201 1137
202 1185
202 811
202 805
202 1000
202 715
202 366
202 719
202 823
202 278
202 631
202 542
203 384
203 773
203 264
203 273
203 275
203 663
203 280
203 665
203 804
203 1191
203 1073
203 1075
203 821
203 442
203 318
203 1094
203 711
203 887
203 1034
203 919
203 860
203 477
203 737
203 355
203 1126
203 615
203 233
203 664
203 1131
203 503
203 377
203 447
203 380
203 874
203 638
203 1147
204 512
204 1032
204 664
204 665
204 926
204 672
204 1196
204 429
204 430
204 1079
204 314
204 318
204 966
204 457
204 1101
204 975
204 850
204 851
204 213
204 359
204 876
204 499
204 248
204 506
205 285
206 649
206 1037
206 792
206 283
206 410
206 799
206 310
206 569
206 828
206 447
206 207
206 340
206 871
206 360
206 745
206 619
206 893
206 810
207 788
207 282
207 542
207 551
207 950
207 1081
207 958
207 578
207 582
207 1105
207 590
207 214
207 855
207 602
207 733
207 870
207 370
207 631
207 379
208 933
208 616
208 850
208 500
208 250
209 658
209 1045
209 581
209 800
209 1173
209 945
209 720
209 597
209 476
209 229
209 231
209 624
209 1150
210 992
210 326
210 392
210 298
210 332
210 595
210 757
210 411
211 721
211 619
211 1009
211 569
211 383
212 589
213 896
213 1138
213 813
213 784
213 1171
213 543
213 676
213 425
213 626
213 432
213 561
213 439
213 1084
213 322
213 1122
213 740
213 490
213 621
213 1133
213 1141
213 681
213 253
214 834
214 810
214 619
214 464
214 1009
214 974
214 1079
214 538
214 572
214 317
214 1205
215 1137
216 721
216 619
216 974
216 1009
217 645
218 1157
218 408
218 388
218 933
218 616
218 587
218 339
218 694
218 857
218 250
218 956
218 574
218 1128
219 470
219 778
219 916
220 393
220 527
220 275
220 280
220 283
220 412
220 544
220 1186
220 1191
220 1073
220 690
220 571
220 1214
220 711
220 1229
220 355
220 1126
220 874
220 1131
220 496
220 638
221 770
221 643
221 775
221 1039
221 784
221 918
221 543
221 422
221 935
221 552
221 425
221 812
221 1010
221 943
221 439
221 1247
221 456
221 458
221 718
221 991
221 228
221 244
221 888
222 392
222 1109
223 1180
223 1109
223 1135
224 387
224 782
224 289
224 967
224 1181
224 695
224 824
224 313
224 443
224 583
224 247
224 952
224 865
224 489
224 365
224 240
224 498
224 371
224 375
224 894
225 887
225 496
225 1075
225 389
225 1126
225 711
225 264
225 1073
225 275
225 280
225 380
226 1009
226 619
226 690
226 567
226 1241
226 447
226 412
226 1191
226 1214
226 383
227 1158
227 584
227 1201
227 1144
228 1009
228 619
228 974
228 477
228 791
228 721
228 306
228 887
228 949
228 569
228 1212
228 638
229 640
229 875
229 906
229 651
229 532
229 412
229 925
229 928
229 297
229 556
229 690
229 265
229 846
229 974
229 734
229 1249
229 742
229 619
229 495
229 890
230 1162
230 1044
230 535
230 1051
230 413
230 967
230 308
230 695
230 583
230 336
230 466
230 865
230 365
230 751
230 375
231 865
231 365
231 695
231 443
232 645
232 621
232 943
232 1084
233 1057
233 422
233 294
233 458
233 1166
233 943
233 1236
234 976
234 966
234 926
235 619
235 974
235 1009
235 569
236 1009
236 649
236 619
236 974
236 724
237 365
238 1060
238 1041
238 744
238 1154
238 654
238 1165
238 850
238 307
238 502
238 248
238 1210
238 1243
239 262
239 905
239 268
239 527
239 1170
239 559
239 799
239 675
239 1063
239 567
239 283
239 447
239 745
239 509
239 893
239 383
240 560
240 327
240 720
240 1102
240 272
240 401
240 1173
240 407
240 345
240 540
240 1150
240 945
241 1084
242 392
243 826
243 971
243 1158
244 516
244 698
244 267
244 850
244 649
244 306
244 724
244 329
244 248
244 548
244 506
244 895
245 611
245 262
245 903
245 585
245 675
245 310
245 567
245 509
246 294
246 425
246 589
246 629
246 285
247 584
247 686
247 1201
247 823
247 570
247 542
248 322
248 681
249 416
249 741
249 304
249 1048
249 1050
250 768
250 864
250 520
250 1228
250 978
250 1047
250 767
251 294
251 973
251 589
251 722
251 1011
251 629
252 261
252 390
252 906
252 1249
252 396
252 400
252 1046
252 536
252 924
252 798
252 265
252 701
252 1225
252 846
252 363
252 1019
253 512
253 514
253 525
253 915
253 1175
253 412
253 926
253 431
253 567
253 702
253 447
253 577
253 1090
253 708
253 780
253 331
253 1101
253 1103
253 851
253 985
253 481
253 359
253 889
254 392
254 363
254 1019
257 992
257 833
257 595
257 757
259 322
259 425
259 813
259 1138
259 565
260 316
261 288
261 1158
262 896
262 1089
262 456
262 561
262 439
262 1224
262 543
263 1079
263 790
264 294
264 519
264 589
264 621
264 912
264 689
264 722
264 341
264 943
264 629
265 288
265 644
265 1158
265 467
265 984
265 826
267 896
267 391
267 398
267 547
267 294
267 813
267 1096
267 565
267 439
267 1084
267 1089
267 322
267 456
267 589
267 341
267 479
268 1089
268 391
268 621
269 1009
269 1241
269 869
269 353
269 1038
269 619
269 974
269 392
269 606
269 721
269 286
269 383
270 514
270 708
270 698
270 1191
270 1101
271 1109
271 1135
272 1181
272 1219
272 1044
272 535
272 283
272 412
272 413
272 289
272 418
272 1191
272 690
272 1145
272 953
272 965
272 838
272 583
272 466
272 468
272 471
272 743
272 873
272 363
272 493
272 751
272 498
272 894
272 375
272 1016
272 852
272 1019
272 764
272 766
273 497
273 406
274 544
274 576
274 1186
274 711
274 1229
274 496
275 994
275 982
275 422
275 521
275 458
275 1221
275 436
275 406
275 409
275 667
275 285
275 341
276 644
276 1158
276 278
276 542
277 704
277 896
277 1236
277 294
277 872
277 589
277 718
277 629
277 784
277 722
277 1011
277 341
277 439
277 543
278 653
278 1248
278 647
278 679
278 464
278 1009
278 1142
278 1079
278 1241
278 317
278 1151
279 834
279 653
279 317
281 1048
281 1050
282 1248
282 975
282 810
282 340
282 405
282 790
283 1026
283 622
283 285
283 542
283 1185
283 805
283 1194
283 823
283 1084
283 958
283 581
283 582
283 455
283 840
283 715
283 589
283 334
283 719
283 1105
283 1240
283 366
283 1137
283 629
283 631
283 632
283 763
283 345
283 597
285 389
285 1032
285 393
285 1239
285 527
285 665
285 1207
285 548
285 649
285 1066
285 1196
285 969
285 1075
285 949
285 803
285 442
285 571
285 318
285 964
285 908
285 1079
285 975
285 419
285 724
285 1111
285 1127
285 1131
285 367
285 880
285 851
285 887
285 761
285 380
285 638
286 769
286 652
286 646
286 492
286 746
286 428
286 462
286 1007
286 944
286 338
286 1078
286 696
286 1146
286 831
286 316
286 1178
287 513
287 424
287 869
287 1038
287 369
287 891
287 988
288 928
288 1159
288 363
288 846
288 924
288 1046
288 536
288 473
288 1242
288 603
288 636
289 1068
289 1036
289 720
289 693
289 560
289 568
289 608
289 474
289 540
290 546
290 335
291 1135
291 392
291 1109
291 1180
292 1120
292 644
292 1158
292 972
292 494
292 826
294 384
294 530
294 899
294 1055
294 802
294 419
294 1075
294 569
294 1034
294 452
294 329
294 463
294 721
294 983
294 860
294 477
294 1147
294 619
294 877
294 1009
294 447
294 887
294 380
294 638
294 383
296 383
296 1079
296 975
297 426
297 720
297 870
297 1115
297 733
298 328
298 817
298 725
298 1087
299 462
299 338
299 1048
299 316
300 371
300 363
301 644
301 971
301 826
301 795
302 943
302 645
305 569
306 896
306 456
306 1247
306 439
306 398
306 1071
306 561
306 718
306 1096
306 543
306 479
307 322
307 565
308 706
308 426
308 1137
308 984
308 826
308 1158
309 1109
310 1089
310 357
310 456
310 391
310 1071
310 543
311 644
311 1158
313 582
313 426
313 622
313 401
313 407
313 632
313 570
313 795
313 542
314 1056
314 645
314 1136
314 912
314 341
316 353
316 424
316 902
316 523
316 606
316 369
316 1203
316 1114
316 975
317 578
317 488
317 1226
317 1015
317 686
317 1110
318 517
318 456
318 718
318 432
320 489
320 1135
320 371
320 1109
320 1180
321 619
321 721
321 383
322 385
322 876
322 1165
322 672
322 802
322 1243
322 429
322 431
322 694
322 700
322 329
322 850
322 339
322 359
322 616
322 364
322 499
322 500
322 506
323 1089
323 1096
323 398
323 1084
324 534
324 470
326 328
327 418
327 838
327 743
327 493
327 913
328 992
328 833
328 835
328 595
328 757
329 1138
329 589
329 973
329 722
329 1011
329 629
331 626
331 1141
331 1084
331 957
333 790
334 612
334 527
334 498
334 852
334 1016
334 894
334 751
335 390
335 680
335 925
335 783
335 809
335 440
335 911
336 856
336 1048
336 669
336 426
336 1213
336 706
336 984
336 366
336 1137
336 504
336 639
337 894
338 902
338 1180
338 606
338 369
338 1203
338 790
338 1079
338 1135
338 1109
339 768
339 775
339 425
339 1228
339 813
339 978
339 565
340 750
340 582
340 958
340 823
340 622
340 1115
340 542
341 790
341 684
341 1075
341 1034
341 452
341 974
341 721
341 1126
341 874
341 619
342 965
342 967
342 535
342 498
342 413
342 466
342 371
342 1044
342 375
342 441
343 1166
343 645
344 1120
344 658
344 972
344 494
345 418
345 583
345 493
345 363
345 743
345 1019
345 375
345 413
346 584
346 1144
346 795
349 743
349 809
349 365
349 695
351 778
354 984
355 994
355 497
355 436
355 406
356 443
356 365
356 695
357 675
357 1009
357 649
357 567
357 1241
358 534
358 778
358 916
358 470
358 1048
359 547
359 1138
359 425
359 621
359 681
359 957
359 565
360 370
360 823
360 788
361 622
361 958
361 582
361 542
363 448
363 435
363 787
363 878
363 720
363 549
363 806
363 686
363 560
363 542
363 1085
363 958
363 1120
363 582
363 840
363 972
363 739
363 981
363 986
363 1115
363 1077
363 608
363 609
363 656
363 870
363 1132
363 494
363 808
363 885
363 959
363 381
364 547
364 813
365 401
365 540
365 939
365 1091
365 581
365 1095
365 840
365 1240
365 486
365 494
365 624
365 885
366 1187
366 647
366 930
366 760
366 829
366 799
368 943
368 621
369 776
369 1069
369 462
369 1021
370 893
370 745
370 1191
370 690
370 822
370 412
370 810
370 1223
370 405
371 454
371 426
371 631
371 720
371 945
371 407
371 1182
372 584
372 1144
372 795
373 1087
373 817
374 743
375 1091
375 823
375 686
375 560
375 407
375 795
375 540
377 994
377 645
377 422
377 589
377 621
377 497
377 406
377 943
378 1161
378 658
379 1223
379 405
379 412
379 810
379 1214
379 1205
380 519
380 1096
380 398
381 760
381 1019
383 386
383 601
383 650
383 655
383 870
383 543
383 801
383 422
383 561
383 825
383 584
383 678
383 718
383 1106
383 472
383 475
383 1089
383 868
383 614
383 1084
383 881
383 1144
383 1236
383 1201
384 994
384 406
385 547
385 932
385 425
385 813
386 1135
386 595
386 757
386 1180
386 1109
387 739
387 401
387 1042
387 639
388 978
388 767
389 1221
389 422
389 1057
389 458
389 589
389 973
389 722
389 1011
389 629
391 516
391 905
391 1170
391 559
391 412
391 926
391 675
391 1191
391 567
391 569
391 1214
391 447
391 822
391 966
391 714
391 588
391 976
391 1241
391 619
391 1009
391 893
392 1160
392 395
392 1050
392 541
392 433
392 1199
392 816
392 817
392 573
392 1087
392 580
392 854
392 511
393 521
393 409
393 671
393 1057
393 422
393 436
393 438
393 1215
393 451
393 458
393 1108
393 982
393 730
393 1236
394 1135
394 595
394 1109
394 1180
397 1079
397 975
397 790
398 1191
398 481
398 516
398 700
398 588
398 850
398 887
398 577
398 882
399 690
399 412
399 1214
401 453
401 936
401 938
401 460
401 1237
401 1209
401 824
401 677
405 1089
405 855
405 551
405 590
405 1107
405 750
405 950
405 823
405 1081
406 773
406 412
406 684
406 1073
406 562
406 1075
406 1083
406 711
406 1126
406 874
406 877
406 887
406 1147
407 515
407 453
407 743
407 938
407 967
407 460
407 418
407 677
408 768
408 843
408 1116
408 767
409 1191
409 874
409 955
409 412
409 1214
410 631
410 1115
410 542
412 644
412 1158
412 920
412 1122
412 551
412 560
412 436
412 437
412 826
412 707
412 840
412 971
412 589
412 973
412 1105
412 722
412 1129
412 490
412 881
412 629
412 631
413 608
413 526
413 945
413 948
413 1211
414 795
417 638
418 608
418 1026
418 426
418 1102
418 945
418 1134
419 589
419 722
419 1011
419 629
421 645
422 899
422 530
422 790
422 900
422 803
422 548
422 821
422 569
422 1094
422 1079
422 974
422 975
422 721
422 850
422 983
422 860
422 477
422 619
422 745
424 646
424 776
424 492
424 428
424 1007
424 596
424 696
425 649
425 781
425 724
425 876
425 630
425 980
426 751
426 695
426 441
426 962
426 612
426 748
426 495
427 644
427 984
428 513
428 1203
428 891
429 681
429 432
431 547
431 1138
431 565
431 957
431 1141
432 790
432 1032
432 1196
432 1101
432 1079
432 698
432 447
434 1161
434 658
434 1076
434 984
435 760
435 1019
436 544
436 1186
436 711
436 1191
436 1229
436 496
436 690
436 638
437 649
437 690
437 724
437 1214
438 1131
438 567
439 516
439 791
439 567
439 1212
439 452
439 714
439 588
439 893
441 644
441 1158
441 454
441 814
441 691
441 826
441 508
443 1091
443 581
443 486
443 1194
443 1095
443 540
447 910
447 1171
447 920
447 676
447 957
447 1215
447 1089
447 1227
447 455
447 1224
447 1122
447 730
447 490
447 1141
448 695
448 760
448 1019
449 1157
449 744
449 654
449 1041
449 502
449 857
449 1210
451 1009
451 711
451 619
451 496
451 721
451 974
451 790
451 1079
451 569
451 1241
452 1136
452 912
452 1236
453 795
455 675
455 619
455 1009
455 567
455 569
456 791
456 1066
456 698
456 700
456 577
456 711
456 969
456 1233
456 850
456 980
456 481
456 1212
456 1131
456 882
456 893
457 1024
457 673
457 1133
457 478
457 681
458 1126
458 874
458 983
458 684
458 530
458 821
458 790
458 548
458 900
458 860
459 720
461 984
461 1076
462 902
462 1114
462 606
465 544
465 496
465 1186
465 745
465 1229
465 576
465 638
466 706
466 984
466 1211
467 906
467 846
468 608
468 1076
468 984
470 807
470 523
470 1135
470 1109
470 894
471 608
471 1137
471 984
472 790
472 1079
472 569
473 546
473 644
473 1132
473 878
473 658
473 1076
473 1161
473 984
473 795
474 743
474 1145
474 764
476 875
476 532
476 556
477 643
477 1247
479 516
479 649
479 791
479 926
479 698
479 1212
479 711
479 1233
480 1210
480 654
480 502
481 490
481 626
481 1171
481 920
483 984
483 1137
485 1137
486 865
488 834
488 712
488 653
489 720
490 1090
490 882
490 985
490 698
493 560
493 608
494 865
494 1035
494 1065
494 687
494 1002
494 670
495 1161
495 590
495 945
495 658
495 1173
495 733
495 1150
496 973
496 589
496 621
496 531
496 629
496 853
496 671
497 773
497 1191
498 644
498 1158
498 584
498 1201
498 560
498 825
498 540
498 542
499 547
499 1232
499 565
499 1208
499 861
500 547
500 520
500 1138
500 579
500 565
501 644
501 1158
501 1194
501 1240
501 826
501 581
506 775
506 681
506 813
506 1138
507 1009
507 721
507 619
507 569
508 1109
511 1109
511 894
512 681
512 1141
512 1084
513 776
513 1021
514 957
514 1141
515 584
515 1201
515 1144
515 825
515 795
516 1096
516 1013
517 969
517 1066
517 1101
517 1079
518 1161
518 658
519 1034
521 1073
521 955
523 778
525 626
525 1141
525 1084
526 965
526 1044
527 1224
527 1084
527 1137
527 984
530 943
531 544
531 1186
531 1229
532 732
532 1045
533 1241
533 1009
533 569
534 1203
535 560
535 950
535 590
535 1081
535 1211
535 733
536 1137
536 826
537 1050
538 578
539 1166
540 1219
540 695
540 1181
540 1145
540 612
540 894
541 1109
542 653
542 782
542 792
542 1064
542 824
542 829
542 834
542 712
542 1209
542 962
542 612
542 871
542 751
542 884
542 633
542 1019
542 1151
543 649
543 665
543 548
543 822
543 966
543 976
543 850
543 851
543 993
543 1131
544 621
546 928
546 1046
546 1098
546 1139
546 758
546 762
546 924
547 548
547 616
547 850
547 694
547 649
547 907
548 775
548 904
548 935
548 812
548 943
548 561
548 718
548 1108
548 730
548 754
549 653
549 834
549 1009
549 564
549 569
549 1023
550 619
550 974
550 721
550 569
551 1058
551 1187
551 695
551 1214
551 799
553 645
554 1248
554 834
554 619
554 653
554 1009
554 569
557 943
559 621
560 1181
560 1019
560 894
560 751
561 966
561 850
561 976
561 611
561 851
561 926
562 994
562 943
564 570
565 709
565 700
565 876
565 616
565 698
567 896
567 629
567 1084
567 1141
567 1224
567 973
567 718
567 589
567 722
567 626
567 1011
568 743
568 764
569 643
569 1215
569 655
569 657
569 730
569 931
569 827
569 718
569 581
569 597
569 1110
569 1084
569 624
569 1108
569 634
569 1240
569 1194
570 1248
570 834
570 619
570 653
570 1009
574 864
577 957
577 1096
577 626
577 1071
578 1248
578 1142
578 975
578 712
578 810
578 653
578 790
579 630
581 1025
581 865
581 1241
581 1191
581 1009
581 771
582 1043
582 799
582 679
582 810
582 1037
582 1205
582 1079
582 824
582 828
582 834
582 1209
582 975
582 1248
582 612
582 751
582 884
582 1142
582 852
582 1019
583 706
583 644
583 1158
583 686
583 1211
583 608
584 612
584 1191
584 786
584 852
584 751
585 718
588 1096
589 684
589 664
589 665
589 802
589 690
589 1075
589 700
589 1214
589 711
589 675
589 1126
589 790
590 809
590 1205
591 695
594 984
594 1076
594 1137
595 1167
595 753
595 725
597 1191
597 695
601 721
601 619
601 974
601 1009
601 1241
602 1248
602 834
602 712
602 653
602 1205
602 1142
603 644
603 1158
603 1132
603 656
608 1117
608 1145
608 1044
608 764
608 766
612 644
612 901
612 1158
612 793
612 686
612 1201
612 1076
612 823
612 1091
612 1095
612 984
612 1144
616 768
616 864
616 843
616 1228
616 1138
616 978
619 1003
619 827
619 910
619 655
619 912
619 662
619 1057
619 929
619 685
619 904
619 671
619 1097
619 1227
619 716
619 1215
619 1106
619 1108
619 730
619 1089
619 763
619 881
619 659
619 1148
621 905
621 779
621 1170
621 1186
621 934
621 849
621 1004
621 1020
621 1149
622 824
624 1191
624 695
625 1154
626 675
626 698
626 702
628 743
629 790
629 919
629 664
629 665
629 1191
629 690
629 1075
629 711
629 675
629 737
629 1147
629 1126
629 887
631 647
631 690
631 1205
633 823
636 644
636 806
636 1132
636 878
636 656
636 1137
636 984
638 643
638 796
638 645
638 1089
638 970
638 866
638 747
639 1241
639 1162
639 1009
639 1051
640 800
640 732
641 943
641 645
642 1050
643 1094
643 850
644 771
644 1159
644 906
644 1035
644 1046
644 928
644 815
644 690
644 1206
644 1214
644 962
644 837
644 846
644 1242
644 892
644 924
644 748
645 683
645 1217
645 1054
645 1192
645 941
645 819
645 1100
645 717
645 1101
645 850
645 723
645 867
645 937
647 811
647 805
647 1000
647 715
647 719
647 879
649 718
649 932
649 1089
649 784
651 720
651 732
652 1135
652 1109
652 1180
653 1152
653 942
653 823
653 686
653 1246
653 1015
654 990
655 1009
655 974
655 721
656 1242
658 883
659 721
661 984
661 1076
662 974
662 1009
664 681
664 973
664 1011
664 722
664 1084
665 681
665 784
666 1180
666 1109
666 1135
667 1073
667 874
669 1051
670 972
671 1179
671 974
671 721
671 955
672 681
672 1084
674 943
675 1011
675 722
677 1134
678 1079
678 975
681 1032
681 919
681 1243
681 1196
681 1101
681 975
681 850
681 737
681 876
684 1136
684 994
684 1221
684 973
684 912
685 974
686 1248
686 962
686 712
686 782
686 967
686 952
687 795
687 972
689 1075
690 1158
690 1084
690 707
690 973
690 1011
690 1193
693 1219
693 743
693 1145
693 1181
694 864
694 918
694 775
694 843
694 978
694 951
694 1116
694 767
695 1076
695 826
695 1211
695 959
695 706
695 971
695 984
695 1115
695 720
695 1137
697 1009
698 718
698 1232
698 1122
698 775
698 843
698 1171
698 1208
698 861
700 973
700 1232
700 1208
700 730
700 1071
700 1084
700 861
700 1215
701 1158
701 971
701 984
701 826
702 1141
702 957
704 711
704 893
705 993
705 966
705 851
705 926
706 748
708 1141
708 1084
708 957
710 1009
711 994
711 872
711 722
711 1236
712 1184
713 1166
714 896
715 1058
715 1187
715 828
715 829
715 799
716 1241
716 974
716 1009
717 943
717 1084
718 791
718 1066
718 1033
718 1212
718 1233
718 850
718 745
718 893
719 829
720 772
720 1219
720 1019
720 1181
720 1145
721 904
721 912
721 1057
721 730
721 1247
721 1084
721 1136
722 802
722 1191
722 1075
722 1034
722 1214
722 1008
722 1147
724 932
724 1193
725 757
726 823
728 748
730 964
730 1131
730 745
731 1109
731 1135
733 1187
733 1205
736 1241
736 1009
737 1011
739 869
739 1038
739 1079
739 1019
743 1156
743 1036
743 1173
743 945
743 1086
743 1102
743 1230
743 765
743 1150
745 1057
745 904
745 1236
745 1215
748 1137
748 984
748 1076
750 1248
750 834
750 1037
750 790
750 1079
750 975
751 795
751 823
751 1201
751 1137
751 1211
751 901
751 1144
753 757
753 833
760 1185
760 823
760 981
760 959
763 799
766 1137
766 1076
766 984
770 980
771 1240
771 1194
774 823
775 907
776 869
776 1038
776 891
776 988
777 795
778 961
778 1180
778 1135
778 1203
778 1109
778 894
780 1141
780 957
781 932
782 795
784 976
784 993
784 966
784 893
784 1131
784 851
786 1144
786 1201
786 1137
787 1109
787 1019
788 810
788 1223
788 1205
789 984
789 1076
789 1137
790 1005
790 912
790 973
790 1084
790 1107
790 855
791 896
791 1071
791 1013
792 870
792 1105
792 823
792 1115
793 962
795 925
795 1177
795 924
795 1074
795 824
795 1012
795 967
795 1098
795 952
795 1209
795 1139
795 1237
797 1158
797 1137
797 984
797 826
799 1185
799 805
800 1072
802 813
803 1057
805 930
805 1187
805 1058
805 829
806 1242
806 1019
808 1019
808 894
809 1156
809 1076
809 950
809 984
809 1086
810 855
810 1129
810 823
810 958
811 829
813 1032
813 850
816 1109
816 894
817 1135
817 1183
817 1109
819 1084
821 1221
821 943
823 1189
823 962
823 1016
823 852
823 871
824 958
826 906
826 1206
826 837
826 1249
826 846
826 999
826 924
827 1009
827 1241
828 958
829 1185
829 1000
829 1105
829 879
830 993
830 966
830 976
830 851
834 1152
834 958
834 942
834 1104
834 1107
834 1226
834 1110
837 971
840 865
840 1214
842 1137
843 1062
843 907
844 1166
846 1132
846 971
846 878
847 1166
848 850
849 943
850 1047
850 1056
850 943
850 862
850 1123
851 1123
851 957
851 1141
851 1084
852 901
852 1144
852 958
853 1009
853 1241
853 893
855 1205
857 864
857 978
860 1057
860 1166
860 1221
861 1196
861 1032
862 1032
862 1196
864 995
864 933
864 1172
864 956
864 1157
865 1194
865 1240
869 1021
870 871
870 1205
870 1231
870 1191
872 1075
872 1147
872 893
873 945
874 1136
874 994
874 1221
874 912
876 932
876 1138
876 1084
877 994
878 928
878 924
878 1242
878 1019
878 925
881 974
881 1214
882 1122
882 1096
882 1171
884 958
885 1019
891 1021
892 1158
892 1137
892 984
893 896
893 1089
893 947
894 916
894 1048
894 1050
899 1057
899 943
900 1057
900 1221
901 962
902 1069
903 1089
904 974
904 964
905 1224
906 1158
906 971
909 984
909 1076
910 974
912 974
915 1141
915 957
916 997
917 1180
917 1109
917 1135
919 1011
920 1090
920 985
920 1214
924 971
925 1158
926 1123
926 957
926 943
929 974
929 1009
930 1105
931 1009
933 978
935 980
940 943
941 943
942 1248
943 1176
943 980
943 983
945 965
945 1180
945 1109
945 1135
945 1044
947 1131
948 1044
948 965
949 1247
950 1205
955 1236
955 982
956 978
957 966
957 1101
957 993
957 1175
958 1019
958 1037
958 1016
958 1209
959 1019
960 1048
960 1050
962 984
964 1108
964 1215
966 1204
967 1158
969 1071
971 1206
971 1249
972 1035
972 1019
972 1002
973 1075
973 1214
974 1247
974 1089
974 1057
974 1136
975 996
975 1235
976 1124
976 1204
978 1154
978 1157
980 1071
982 1179
982 1191
982 1073
983 1057
983 1221
984 1092
984 1098
984 1206
984 1140
984 1231
984 1190
984 1130
985 1122
985 1141
988 1021
990 1093
993 1124
994 1126
994 1073
994 1083
997 1050
999 1158
1002 1120
1003 1009
1003 1079
1003 1241
1009 1152
1009 1240
1009 1042
1009 1049
1009 1110
1009 1247
1009 1227
1011 1075
1011 1147
1011 1034
1015 1248
1019 1026
1021 1169
1025 1194
1025 1158
1030 1166
1032 1232
1032 1208
1032 1084
1035 1158
1036 1145
1037 1107
1037 1115
1042 1241
1044 1173
1044 1150
1049 1241
1051 1213
1051 1211
1053 1158
1063 1224
1063 1089
1064 1115
1066 1071
1066 1084
1068 1145
1069 1114
1071 1233
1071 1212
1071 1113
1076 1153
1076 1163
1076 1098
1076 1231
1076 1130
1076 1139
1079 1235
1084 1196
1084 1101
1087 1135
1087 1109
1089 1191
1090 1122
1090 1171
1090 1236
1090 1141
1096 1131
1098 1158
1103 1141
1104 1248
1105 1214
1107 1248
1109 1155
1109 1173
1109 1143
1109 1150
1117 1137
1126 1221
1129 1223
1131 1215
1132 1139
1135 1143
1135 1146
1135 1150
1135 1173
1137 1174
1137 1191
1137 1225
1141 1191
1151 1158
1154 1220
1158 1249
1158 1191
1158 1206
1158 1214
1158 1231
1158 1245
1162 1213
1170 1224
1173 1180
1179 1236
1184 1248
1191 1201
1191 1227
1191 1240
1196 1232
1196 1208
1226 1248
1227 1241
1240 1241
