0 1
0 258
0 3
0 645
0 7
0 9
0 525
0 274
0 787
0 943
0 35
0 50
0 687
0 178
0 438
0 905
0 60
0 1214
0 192
0 705
0 196
0 1206
0 714
0 77
0 78
0 336
0 465
0 211
0 857
0 1217
0 1117
0 1246
0 866
0 113
0 1171
0 884
0 1013
0 503
0 888
0 255
1 512
1 2
1 4
1 5
1 6
1 521
1 10
1 12
1 13
1 15
1 18
1 20
1 1045
1 550
1 42
1 555
1 1075
1 864
1 67
1 590
1 84
1 597
1 600
1 95
1 610
1 111
1 637
1 128
1 129
1 132
1 134
1 136
1 137
1 651
1 655
1 660
1 150
1 663
1 664
1 153
1 155
1 668
1 157
1 165
1 680
1 689
1 181
1 696
1 185
1 187
1 1212
1 723
1 221
1 805
1 224
1 38
1 742
1 747
1 764
1 259
1 784
1 644
1 282
1 291
1 293
1 824
1 825
1 1247
1 317
1 332
1 346
1 352
1 355
1 360
1 890
1 917
1 385
1 906
1 910
1 402
1 405
1 406
1 414
1 933
1 423
1 436
1 952
1 443
1 450
1 459
1 470
1 476
1 1008
2 1026
2 3
2 1030
2 7
2 522
2 11
2 1037
2 24
2 25
2 538
2 27
2 30
2 31
2 40
2 44
2 48
2 62
2 949
2 66
2 1097
2 596
2 1109
2 603
2 92
2 1117
2 612
2 1125
2 1127
2 107
2 623
2 624
2 113
2 122
2 133
2 364
2 147
2 1178
2 674
2 678
2 679
2 1193
2 172
2 173
2 1199
2 176
2 179
2 1205
2 184
2 705
2 196
2 199
2 200
2 1229
2 719
2 724
2 1241
2 223
2 737
2 229
2 744
2 242
2 243
2 248
2 212
2 777
2 780
2 788
2 280
2 803
2 306
2 314
2 330
2 1068
2 336
2 855
2 860
2 876
2 882
2 371
2 666
2 429
2 946
2 437
2 460
2 487
2 500
3 4
3 5
3 8
3 523
3 15
3 1047
3 676
3 300
3 45
3 1075
3 54
3 139
3 74
3 974
3 720
3 164
3 346
3 93
3 98
3 651
3 104
3 247
3 251
3 509
4 473
4 774
4 7
4 9
4 11
4 780
4 770
4 14
4 145
4 1171
4 279
4 24
4 666
4 27
4 1050
4 158
4 1184
4 33
4 35
4 679
4 40
4 1193
4 171
4 172
4 48
4 1011
4 286
4 310
4 826
4 316
4 574
4 1205
4 705
4 452
4 965
4 460
4 791
4 82
4 211
4 340
4 142
4 86
4 889
4 89
4 378
4 609
4 866
4 484
4 744
4 1130
4 807
4 364
4 113
4 371
4 500
4 1141
4 118
4 596
4 122
5 278
5 646
5 7
5 648
5 9
5 1064
5 911
5 303
5 531
5 22
5 23
5 1048
5 537
5 26
5 27
5 924
5 410
5 286
5 645
5 474
5 930
5 35
5 552
5 220
5 1066
5 647
5 44
5 301
5 47
5 176
5 328
5 178
5 53
5 1174
5 671
5 189
5 833
5 63
5 705
5 66
5 580
5 1217
5 993
5 72
5 585
5 339
5 717
5 80
5 978
5 83
5 852
5 983
5 218
5 92
5 735
5 604
5 336
5 939
5 699
5 1171
5 357
5 234
5 491
5 108
5 434
5 624
5 881
5 211
5 628
5 1058
5 503
5 120
5 997
5 1159
5 766
5 127
6 490
6 176
6 145
6 434
6 537
6 314
7 513
7 8
7 10
7 1035
7 12
7 15
7 16
7 17
7 21
7 1057
7 34
7 45
7 46
7 1032
7 1075
7 55
7 573
7 575
7 1098
7 75
7 76
7 79
7 81
7 594
7 90
7 94
7 97
7 98
7 99
7 101
7 620
7 116
7 703
7 638
7 132
7 136
7 651
7 367
7 164
7 1203
7 182
7 186
7 187
7 191
7 1224
7 721
7 221
7 230
7 209
7 237
7 245
7 758
7 247
7 262
7 267
7 281
7 287
7 289
7 293
7 806
7 49
7 300
7 814
7 308
7 313
7 834
7 841
7 333
7 335
7 346
7 347
7 879
7 370
7 374
7 393
7 407
7 409
7 436
7 952
7 960
7 482
7 1015
7 1018
7 508
8 392
8 265
8 11
8 14
8 1040
8 1170
8 276
8 278
8 23
8 152
8 299
8 1160
8 284
8 669
8 678
8 41
8 171
8 172
8 302
8 431
8 840
8 178
8 179
8 969
8 697
8 698
8 699
8 151
8 446
8 63
8 68
8 70
8 200
8 585
8 202
8 716
8 596
8 142
8 214
8 889
8 473
8 1175
8 863
8 609
8 354
8 232
8 364
8 574
8 375
8 788
8 1096
8 959
8 765
8 511
9 134
9 136
9 12
9 15
9 272
9 785
9 153
9 542
9 928
9 289
9 165
9 166
9 167
9 839
9 300
9 561
9 562
9 948
9 951
9 186
9 1083
9 317
9 447
9 194
9 583
9 201
9 75
9 76
9 974
9 79
9 720
9 81
9 84
9 986
9 975
9 221
9 549
9 736
9 98
9 294
9 493
9 1231
9 496
9 241
9 627
9 252
10 768
10 235
10 133
10 780
10 578
10 14
10 1040
10 533
10 279
10 27
10 176
10 35
10 551
10 40
10 1116
10 298
10 48
10 434
10 1076
10 823
10 57
10 314
10 66
10 451
10 199
10 714
10 460
10 1232
10 465
10 472
10 473
10 92
10 107
10 1135
10 368
10 808
10 1011
10 500
10 1193
10 889
10 122
10 253
11 513
11 643
11 16
11 657
11 900
11 282
11 539
11 32
11 166
11 1192
11 169
11 426
11 1216
11 1075
11 64
11 843
11 335
11 726
11 88
11 98
11 370
11 1014
11 124
12 256
12 107
12 133
12 648
12 911
12 145
12 1171
12 533
12 278
12 791
12 666
12 27
12 284
12 286
12 40
12 44
12 815
12 48
12 178
12 179
12 451
12 199
12 211
12 1241
12 1248
12 228
12 235
12 368
12 808
12 371
12 889
12 122
12 1020
13 160
13 66
13 131
13 1028
13 1142
13 1010
13 1084
13 434
13 1113
13 176
13 145
13 50
13 628
13 853
13 219
13 537
13 345
13 314
13 27
13 380
14 1153
14 1157
14 140
14 658
14 19
14 21
14 662
14 132
14 282
14 1056
14 809
14 1194
14 1200
14 264
14 51
14 436
14 55
14 953
14 1210
14 187
14 834
14 206
14 207
14 989
14 94
14 361
14 106
14 875
14 237
14 366
14 635
14 383
15 520
15 515
15 533
15 22
15 23
15 27
15 545
15 1059
15 40
15 41
15 519
15 47
15 48
15 1078
15 568
15 1081
15 1087
15 1089
15 580
15 586
15 1100
15 80
15 1105
15 83
15 1114
15 605
15 608
15 614
15 615
15 616
15 103
15 622
15 1135
15 113
15 1142
15 119
15 122
15 645
15 647
15 649
15 141
15 145
15 151
15 159
15 178
15 692
15 701
15 1217
15 204
15 211
15 1245
15 227
15 228
15 745
15 234
15 235
15 256
15 266
15 782
15 276
15 278
15 791
15 303
15 286
15 802
15 808
15 815
15 836
15 328
15 331
15 336
15 339
15 854
15 858
15 859
15 354
15 874
15 371
15 373
15 889
15 380
15 381
15 387
15 388
15 401
15 921
15 410
15 411
15 415
15 923
15 940
15 440
15 954
15 1183
15 451
15 931
15 997
15 489
15 503
15 1020
16 256
16 777
16 394
16 1068
16 147
16 24
16 25
16 28
16 30
16 31
16 33
16 35
16 37
16 39
16 299
16 172
16 559
16 690
16 179
16 827
16 1213
16 62
16 448
16 837
16 929
16 200
16 714
16 1229
16 719
16 212
16 599
16 89
16 611
16 487
16 232
16 235
16 623
16 240
16 753
16 882
16 371
16 340
16 1148
17 770
17 1195
17 679
17 744
17 178
17 371
17 1141
17 889
17 1205
18 258
18 519
18 776
18 905
18 525
18 145
18 534
18 160
18 804
18 428
18 176
18 433
18 50
18 438
18 823
18 314
18 60
18 77
18 1239
18 219
18 1084
18 748
18 1142
18 380
19 171
19 142
19 302
19 1076
19 214
19 473
19 57
19 698
19 1050
19 574
20 258
20 131
20 1028
20 1029
20 905
20 1239
20 656
20 899
20 1172
20 149
20 534
20 279
20 1241
20 27
20 930
20 717
20 845
20 40
20 44
20 173
20 176
20 433
20 50
20 53
20 184
20 569
20 58
20 60
20 323
20 457
20 460
20 77
20 1230
20 589
20 56
20 853
20 1081
20 344
20 1113
20 1103
20 314
20 351
20 1105
20 105
20 748
20 1136
20 497
20 1010
20 628
20 1022
20 380
20 963
21 35
21 585
21 303
21 401
21 178
21 371
21 278
21 473
21 1050
21 465
21 959
22 136
22 878
22 307
22 150
23 385
23 523
23 402
23 148
23 917
23 1047
23 414
23 164
23 165
23 45
23 136
23 1212
23 445
23 203
23 723
23 84
23 932
23 992
23 251
23 746
23 317
23 916
23 507
24 513
24 643
24 1032
24 393
24 651
24 1038
24 657
24 900
24 413
24 32
24 420
24 166
24 169
24 1075
24 182
24 573
24 64
24 455
24 843
24 335
24 1231
24 98
24 367
24 370
24 245
24 1018
24 124
24 893
25 900
25 651
25 88
25 535
25 32
25 676
25 169
25 426
25 1075
25 64
25 193
25 1163
25 710
25 455
25 216
25 606
25 480
25 657
25 367
25 124
26 150
27 134
27 386
27 132
27 153
27 282
27 539
27 29
27 288
27 36
27 38
27 295
27 1192
27 43
27 1075
27 436
27 565
27 187
27 267
27 964
27 1014
27 583
27 201
27 1226
27 971
27 334
27 470
27 477
27 225
27 1211
27 877
27 236
27 109
27 1137
27 246
27 404
27 890
27 252
27 639
28 513
28 643
28 1189
28 393
28 367
28 370
28 182
28 335
29 642
29 451
29 551
29 40
29 107
29 815
29 48
29 808
29 628
29 533
29 279
29 280
29 921
29 1020
29 1135
30 772
30 335
30 629
30 761
30 249
31 676
31 1189
31 393
31 651
31 335
31 245
31 182
31 249
32 1197
32 89
32 1180
32 33
32 803
32 39
32 1068
32 1069
32 559
32 567
32 62
32 448
32 596
32 484
32 100
32 1125
32 621
32 112
32 340
33 130
33 643
33 386
33 793
33 772
33 282
33 539
33 420
33 166
33 296
33 288
33 456
33 335
33 726
33 727
33 88
33 1231
33 98
33 1001
33 365
33 627
34 679
34 744
34 1033
34 179
34 1141
34 1205
35 513
35 683
35 1032
35 87
35 482
35 1042
35 132
35 879
35 1056
35 937
35 554
35 427
35 684
35 945
35 51
35 436
35 1079
35 313
35 187
35 138
35 190
35 191
35 960
35 327
35 75
35 205
35 207
35 215
35 90
35 335
35 94
35 97
35 98
35 493
35 711
35 367
35 370
35 372
35 1015
35 760
35 249
35 1018
35 379
35 1150
36 768
36 133
36 1004
36 522
36 983
36 578
36 915
36 280
36 921
36 474
36 624
36 1059
36 1191
36 40
36 860
36 44
36 1199
36 815
36 48
36 628
36 1116
36 1145
36 53
36 566
36 457
36 56
36 569
36 58
36 59
36 735
36 816
36 320
36 833
36 66
36 451
36 633
36 73
36 330
36 1227
36 460
36 808
36 1232
36 338
36 467
36 1109
36 471
36 344
36 218
36 987
36 92
36 223
36 870
36 743
36 107
36 108
36 368
36 168
36 114
36 1139
36 500
36 121
36 1020
36 125
37 513
37 643
37 772
37 806
37 893
37 393
37 938
37 367
37 370
37 182
37 1018
37 335
37 573
38 258
38 71
38 905
38 490
38 434
38 176
38 50
38 628
38 823
38 314
39 420
39 1032
39 367
39 335
40 897
40 1056
40 517
40 134
40 321
40 136
40 267
40 144
40 1042
40 1006
40 132
40 282
40 539
40 796
40 287
40 928
40 1075
40 291
40 294
40 43
40 432
40 945
40 51
40 773
40 565
40 948
40 1211
40 650
40 576
40 65
40 651
40 197
40 198
40 583
40 201
40 207
40 592
40 85
40 726
40 727
40 676
40 730
40 975
40 477
40 94
40 96
40 272
40 226
40 231
40 508
40 711
40 1138
40 1014
40 252
41 257
41 402
41 148
41 1057
41 165
41 45
41 54
41 55
41 317
41 702
41 1088
41 1224
41 74
41 464
41 468
41 84
41 488
41 61
41 499
41 116
41 758
41 532
41 509
42 258
42 131
42 519
42 905
42 1164
42 145
42 149
42 537
42 800
42 50
42 176
42 434
42 1081
42 314
42 1084
42 1214
42 1105
42 853
42 1113
42 219
42 490
42 1010
42 380
43 133
43 774
43 780
43 578
43 279
43 666
43 624
43 1191
43 941
43 1199
43 48
43 628
43 442
43 735
43 316
43 320
43 66
43 451
43 452
43 199
43 460
43 1232
43 82
43 1109
43 984
43 92
43 223
43 737
43 738
43 229
43 107
43 108
43 368
43 808
43 242
43 500
43 886
43 122
43 1020
43 510
43 895
44 134
44 650
44 267
44 272
44 785
44 153
44 287
44 291
44 294
44 177
44 562
44 948
44 1211
44 576
44 201
44 975
44 470
44 508
45 256
45 769
45 265
45 399
45 840
45 1048
45 1043
45 276
45 789
45 151
45 152
45 196
45 669
45 799
45 424
45 943
45 944
45 712
45 306
45 755
45 697
45 954
45 927
45 188
45 189
45 63
45 705
45 68
45 1222
45 72
45 586
45 976
45 849
45 978
45 341
45 1064
45 1209
45 1175
45 1117
45 1104
45 354
45 1124
45 997
45 572
45 235
45 238
45 113
45 371
45 1244
45 503
45 248
45 836
45 762
45 765
45 766
45 127
46 1195
46 744
46 235
46 679
46 303
46 178
46 179
46 884
46 1205
46 889
46 284
47 161
47 260
47 1126
47 673
47 136
47 979
47 150
47 695
47 217
47 1021
48 989
48 282
48 261
48 134
48 1006
48 132
48 386
48 654
48 272
48 785
48 146
48 579
48 558
48 662
48 153
48 154
48 156
48 197
48 288
48 675
48 796
48 453
48 517
48 430
48 175
48 287
48 1073
48 530
48 51
48 52
48 565
48 187
48 828
48 928
48 267
48 69
48 582
48 711
48 584
48 201
48 781
48 237
48 548
48 731
48 349
48 96
48 225
48 994
48 1211
48 868
48 975
48 233
48 109
48 110
48 879
48 1137
48 115
48 246
48 123
48 639
49 179
49 235
50 896
50 775
50 655
50 664
50 155
50 346
50 1186
50 689
50 1198
50 177
50 181
50 183
50 952
50 443
50 704
50 65
50 198
50 1226
50 971
50 332
50 592
50 352
50 1234
50 597
50 90
50 221
50 991
50 224
50 231
50 360
50 935
50 890
50 872
50 660
50 506
50 1147
51 1059
51 578
51 1159
51 551
51 1193
51 939
51 460
51 1135
51 808
51 754
51 451
51 500
51 533
51 921
51 473
51 1020
52 451
52 815
53 161
53 1186
53 231
53 968
53 907
53 878
53 592
53 307
53 150
53 695
53 548
53 1021
54 674
54 196
54 1026
54 306
54 336
54 113
54 210
54 243
54 724
54 437
54 855
54 248
54 1117
54 254
54 159
55 256
55 871
55 388
55 135
55 777
55 151
55 1050
55 1054
55 556
55 435
55 57
55 1082
55 188
55 326
55 1097
55 856
55 858
55 478
55 103
55 489
55 235
55 371
55 885
55 1129
55 889
55 381
55 254
56 65
56 1186
56 195
56 231
56 968
56 907
56 177
56 548
57 132
57 361
57 343
57 140
57 206
57 879
57 1200
57 116
57 758
57 1194
58 65
58 195
58 779
58 213
58 502
58 725
59 548
60 1027
60 902
60 321
60 904
60 269
60 920
60 1155
60 664
60 346
60 90
60 162
60 682
60 300
60 1198
60 688
60 305
60 957
60 65
60 198
60 974
60 463
60 980
60 85
60 470
60 730
60 221
60 865
60 486
60 749
60 880
60 117
61 151
61 909
61 914
61 1175
61 152
61 794
61 1052
61 1222
61 425
61 697
61 1082
61 188
61 1091
61 326
61 856
61 1244
61 481
61 227
61 1129
61 752
61 755
61 765
61 254
62 676
62 1189
62 393
62 651
62 1038
62 367
62 182
62 413
63 164
63 230
63 1162
63 203
63 878
63 563
63 307
63 150
63 217
63 988
63 1126
63 260
64 641
64 484
64 678
64 200
64 172
64 112
64 340
64 788
64 89
65 384
65 1152
65 258
65 899
65 1031
65 776
65 905
65 524
65 143
65 1172
65 534
65 279
65 285
65 804
65 297
65 1199
65 433
65 441
65 316
65 1214
65 832
65 322
65 452
65 460
65 77
65 82
65 984
65 475
65 351
65 613
65 102
65 105
65 754
65 1011
65 500
65 1193
65 376
65 126
66 161
66 651
66 295
66 878
66 109
66 879
66 307
66 877
66 150
66 132
66 187
66 673
67 428
67 176
67 145
67 434
67 537
67 345
67 314
67 219
67 1084
68 164
69 642
69 451
69 551
69 815
69 533
69 1135
69 1020
71 896
71 935
71 236
71 170
71 971
71 332
71 655
71 890
71 1085
72 251
72 507
73 968
73 548
73 907
74 1156
74 390
74 786
74 1175
74 947
74 158
74 416
74 1185
74 418
74 174
74 943
74 1201
74 819
74 437
74 310
74 188
74 672
74 713
74 674
74 336
74 593
74 1107
74 724
74 469
74 86
74 855
74 729
74 91
74 227
74 553
74 359
74 362
74 498
74 243
74 118
74 503
74 504
75 645
75 648
75 714
75 679
75 911
75 465
75 211
75 791
75 842
75 286
76 256
76 866
76 645
76 235
76 303
76 791
76 178
76 211
76 884
76 278
76 585
76 959
77 195
77 470
77 198
77 369
77 779
77 775
77 1198
77 902
77 177
77 181
77 352
77 664
77 346
77 904
77 704
77 506
77 213
78 293
78 300
78 974
78 598
78 247
78 952
78 346
78 221
79 1040
79 770
79 1195
79 1171
79 645
79 1033
79 744
79 371
79 679
79 791
79 1097
79 178
79 211
79 884
79 1205
79 278
79 777
79 889
79 286
80 136
80 746
80 468
80 818
80 402
80 148
80 150
80 217
80 84
81 866
81 1171
81 645
81 211
81 235
81 679
81 178
81 179
81 1097
81 777
81 371
82 386
82 321
82 898
82 1219
82 790
82 282
82 543
82 288
82 432
82 195
82 198
82 725
82 98
82 356
82 109
82 369
82 1138
82 502
82 1019
82 639
83 818
83 590
83 402
83 148
83 84
83 414
84 515
84 519
84 648
84 266
84 791
84 141
84 911
84 1171
84 1048
84 411
84 286
84 545
84 1058
84 647
84 1245
84 817
84 440
84 1081
84 189
84 449
84 835
84 580
84 328
84 204
84 978
84 211
84 1175
84 605
84 866
84 227
84 614
84 234
84 766
84 762
84 380
84 254
84 127
85 560
85 738
85 895
85 804
85 229
85 199
85 737
85 1168
85 107
85 941
85 368
85 776
85 242
85 534
85 1239
85 996
85 442
85 603
85 133
86 288
86 98
86 1014
86 166
86 104
86 139
86 1231
86 847
86 1192
86 627
86 726
86 1208
86 282
86 539
86 412
86 986
86 382
87 465
87 714
87 939
87 1159
88 641
88 1069
88 112
88 596
89 1189
89 193
89 1032
89 393
89 480
89 1038
89 367
89 245
89 182
89 535
89 420
89 347
89 124
89 413
90 160
90 801
90 679
90 534
90 776
90 284
90 235
90 178
90 303
90 401
90 179
90 278
90 585
90 699
90 1239
90 959
91 1208
91 139
91 412
91 382
92 1075
92 651
92 295
92 907
92 109
92 877
92 676
92 150
92 548
92 879
92 639
93 705
93 196
93 1206
93 712
93 306
93 943
93 113
93 210
93 276
93 789
93 888
93 503
93 248
93 1117
93 990
94 768
94 133
94 777
94 1040
94 279
94 1050
94 1199
94 1011
94 1193
94 939
94 1071
94 178
94 179
94 884
94 842
94 578
94 1097
94 714
94 460
94 473
94 371
94 500
94 889
95 519
95 1084
95 145
95 345
95 219
95 380
96 1232
96 451
96 199
96 107
96 460
96 815
96 808
96 1059
96 533
96 280
96 921
96 1199
96 1020
97 256
97 770
97 179
97 744
97 1033
97 235
97 679
97 371
97 1141
97 1195
98 1197
98 1040
98 401
98 1171
98 276
98 691
98 278
98 836
98 943
98 284
98 159
98 306
98 174
98 303
98 888
98 178
98 179
98 1204
98 990
98 954
98 955
98 832
98 705
98 196
98 712
98 336
98 376
98 210
98 596
98 1117
98 222
98 1122
98 100
98 465
98 999
98 113
98 371
98 503
98 248
98 889
98 126
99 256
99 1195
99 679
99 744
99 586
99 235
99 178
99 884
99 1205
99 889
99 927
101 679
101 744
101 1040
101 179
101 1141
101 889
101 1205
102 704
102 1219
102 198
102 369
103 967
103 464
103 116
103 758
104 705
104 418
104 836
104 1217
104 674
104 943
104 336
104 243
104 276
104 437
104 310
104 503
104 724
104 954
104 802
105 195
105 213
106 473
106 1050
106 142
107 1067
107 132
107 517
107 267
107 272
107 273
107 918
107 796
107 287
107 291
107 294
107 562
107 1075
107 436
107 565
107 187
107 650
107 395
107 197
107 587
107 144
107 110
107 879
107 123
108 161
108 673
108 109
108 548
108 150
108 695
108 217
108 1021
109 782
109 1051
109 168
109 691
109 316
109 961
109 458
109 479
109 1248
109 228
109 624
109 808
109 628
109 376
109 633
109 122
109 1020
109 126
110 1232
110 738
110 451
110 199
110 808
110 298
110 941
110 815
110 472
110 242
110 830
110 280
110 442
110 603
110 253
110 510
110 949
111 1009
111 519
111 1084
111 428
111 145
111 1164
111 1081
111 345
111 219
111 380
112 130
112 324
112 325
112 296
112 1001
112 365
113 389
113 1034
113 651
113 653
113 1047
113 986
113 1055
113 166
113 1075
113 523
113 581
113 454
113 397
113 591
113 527
113 847
113 627
113 247
113 251
114 548
115 642
115 451
115 551
115 815
115 1059
115 533
115 921
115 1135
115 1020
116 227
116 388
116 840
116 889
116 909
116 238
116 399
116 1040
116 466
116 179
116 745
116 341
116 151
116 152
116 765
116 254
118 1208
118 139
118 282
120 161
120 673
120 329
120 1162
120 685
120 878
120 563
120 307
120 1077
120 150
120 1017
120 217
121 968
121 548
121 907
122 134
122 136
122 267
122 273
122 153
122 282
122 539
122 288
122 291
122 295
122 132
122 187
122 444
122 395
122 201
122 727
122 783
122 1211
122 785
122 1137
122 1143
122 252
123 451
123 612
123 229
123 199
123 808
123 242
123 1059
123 949
123 280
123 921
123 1178
123 603
123 1020
123 996
124 1068
124 340
124 826
125 548
126 195
126 295
126 725
126 213
126 502
126 639
127 385
127 260
127 307
127 685
127 917
127 150
127 161
127 164
127 165
127 563
127 695
127 317
127 673
127 203
127 979
127 217
127 932
127 864
127 251
127 230
127 507
127 1021
128 519
128 490
128 176
128 145
128 434
128 1142
128 537
128 345
128 314
128 219
128 380
129 176
129 314
129 434
129 490
131 224
131 741
131 358
131 231
131 494
131 592
131 689
131 470
131 919
131 696
131 443
131 805
132 235
132 133
132 278
132 279
132 280
132 666
132 284
132 1050
132 884
132 1193
132 939
132 1199
132 815
132 178
132 179
132 1076
132 460
132 1232
132 465
132 1248
132 228
132 229
132 1020
132 1159
132 368
132 1011
132 628
132 1142
132 380
133 134
133 267
133 272
133 1041
133 928
133 291
133 1075
133 315
133 650
133 1056
133 907
133 1220
133 201
133 207
133 548
133 187
133 760
134 774
134 780
134 1036
134 145
134 1171
134 533
134 279
134 666
134 645
134 544
134 1193
134 815
134 176
134 569
134 578
134 451
134 1092
134 812
134 457
134 460
134 973
134 211
134 344
134 1241
134 866
134 1135
134 808
134 754
134 1011
134 500
135 1057
135 967
135 1224
135 464
135 758
136 1040
136 531
136 278
136 408
136 666
136 415
136 176
136 178
136 649
136 699
136 1174
136 959
136 585
136 1207
136 1171
136 339
136 1248
136 228
136 622
136 211
136 884
136 1142
136 889
136 380
137 519
137 1105
137 1142
137 1081
137 380
138 1159
138 714
138 939
138 1071
138 465
138 842
139 659
139 276
139 661
139 158
139 416
139 674
139 677
139 807
139 553
139 811
139 174
139 1117
139 437
139 310
139 1080
139 318
139 1184
139 196
139 965
139 208
139 248
139 855
139 729
139 733
139 1120
139 359
139 1002
139 1131
139 1132
139 243
139 1065
139 632
139 891
139 892
139 1130
140 1076
140 473
141 165
141 746
141 818
141 402
141 148
141 1049
141 916
141 414
142 288
142 1153
142 290
142 391
142 386
142 206
142 658
142 282
143 704
143 198
144 996
144 199
144 1193
144 460
144 1199
144 1168
144 242
144 500
144 1178
144 280
144 442
144 603
144 253
144 895
145 650
145 910
145 528
145 785
145 405
145 663
145 153
145 282
145 539
145 157
145 287
145 928
145 291
145 681
145 942
145 185
145 201
145 1198
145 975
145 675
145 726
145 727
145 610
145 805
145 1014
145 1143
146 1020
146 533
147 676
147 1189
147 1032
147 393
147 651
147 1038
147 367
147 1075
147 182
147 249
147 413
148 647
148 266
148 270
148 400
148 914
148 536
148 410
148 1181
148 1183
148 309
148 439
148 312
148 1082
148 188
148 580
148 326
148 1102
148 1245
148 1119
148 608
148 227
148 997
148 615
148 1129
148 234
148 492
148 254
149 224
149 741
149 358
149 231
149 715
149 396
149 592
149 470
149 919
149 696
149 734
150 1025
150 925
150 268
150 271
150 277
150 408
150 537
150 667
150 541
150 930
150 163
150 602
150 176
150 434
150 311
150 607
150 735
150 966
150 1225
150 717
150 1101
150 339
150 1109
150 342
150 1188
150 474
150 859
150 223
150 1123
150 357
150 873
150 490
150 239
150 624
150 626
150 467
150 766
151 257
151 507
151 758
151 251
151 702
152 507
152 164
152 203
152 251
152 988
153 1029
153 648
153 780
153 911
153 791
153 666
153 286
153 808
153 812
153 173
153 176
153 434
153 1081
153 1084
153 451
153 457
153 1230
153 1105
153 211
153 1241
153 219
153 866
153 380
155 160
155 258
155 1081
155 380
156 451
156 551
156 808
156 1135
156 533
157 1164
157 490
157 428
157 176
157 434
157 314
157 219
158 412
158 382
160 512
160 1161
160 1198
160 668
160 937
160 554
160 427
160 1070
160 181
160 183
160 824
160 319
160 1165
160 352
160 360
160 872
160 372
160 501
160 1150
161 268
161 924
161 474
161 930
161 163
161 1066
161 735
161 320
161 833
161 1225
161 717
161 1101
161 848
161 1016
161 1187
161 342
161 983
161 218
161 607
161 993
161 357
161 626
162 1136
162 433
162 1239
162 497
163 260
163 329
163 1162
163 685
163 878
163 563
163 307
163 1077
163 695
163 217
164 256
164 1026
164 1160
164 265
164 909
164 1166
164 399
164 276
164 789
164 235
164 196
164 795
164 669
164 679
164 840
164 306
164 1205
164 1033
164 697
164 189
164 712
164 336
164 849
164 341
164 1244
164 1117
164 1104
164 354
164 744
164 363
164 238
164 1000
164 244
164 1141
164 248
164 889
164 762
164 765
165 645
165 1160
165 1175
165 411
165 669
165 176
165 817
165 823
165 1081
165 314
165 188
165 449
165 204
165 866
165 1105
165 1245
165 354
165 739
165 1142
165 250
165 380
166 1171
166 999
166 648
166 174
166 911
166 211
166 596
166 791
166 286
167 1171
167 645
167 211
167 791
167 286
168 548
168 639
169 200
169 172
169 1069
171 288
171 1014
171 726
171 727
171 282
171 539
172 843
172 726
172 727
172 657
172 182
172 393
172 900
172 282
172 539
172 1189
173 225
173 358
173 231
173 904
173 715
173 1186
173 718
173 177
173 1106
173 1075
173 470
173 1243
174 1208
175 451
175 808
175 1059
175 921
175 1020
176 1062
176 919
176 563
176 878
176 663
176 283
176 785
176 928
176 1075
176 896
176 879
176 1198
176 177
176 307
176 180
176 181
176 696
176 443
176 778
176 693
176 352
176 201
176 332
176 1186
176 592
176 1234
176 597
176 470
176 904
176 634
176 734
176 224
176 741
176 358
176 231
176 890
176 494
176 512
176 1008
176 756
176 805
176 1143
176 1144
176 660
176 506
177 344
177 258
177 899
177 1241
177 748
177 457
177 184
177 438
177 823
177 722
177 314
177 687
177 525
177 862
178 650
178 267
178 1218
178 275
178 346
178 773
178 289
178 291
178 427
178 300
178 194
178 841
178 333
178 207
178 720
178 594
178 985
178 496
178 241
178 372
178 760
179 773
179 262
179 650
179 267
179 1032
179 407
179 792
179 281
179 922
179 540
179 1056
179 417
179 291
179 308
179 182
179 1211
179 1035
179 1098
179 207
179 347
179 348
179 209
179 620
179 367
179 245
179 760
180 490
180 434
180 823
180 537
180 314
181 490
181 434
181 438
181 537
181 314
181 525
182 770
182 1195
182 1030
182 777
182 394
182 1133
182 284
182 422
182 679
182 263
182 429
182 694
182 826
182 827
182 200
182 462
182 1127
182 744
182 621
182 623
182 371
182 1141
183 801
184 676
184 231
184 651
184 1186
186 256
186 770
186 679
186 744
186 235
186 866
186 371
186 1141
186 777
186 1205
187 642
187 774
187 777
187 529
187 533
187 280
187 921
187 666
187 551
187 298
187 949
187 577
187 451
187 199
187 1099
187 1232
187 465
187 1059
187 472
187 473
187 483
187 368
187 371
187 1142
187 380
187 253
188 257
188 1158
188 385
188 523
188 652
188 1047
188 412
188 1057
188 822
188 1208
188 317
188 962
188 1094
188 723
188 864
188 251
188 488
188 746
188 499
188 757
188 507
188 382
189 230
189 203
189 402
189 1212
189 414
190 714
190 842
190 1071
191 256
191 770
191 744
191 777
191 586
191 235
191 679
191 1040
191 371
191 1141
191 1033
191 939
191 889
191 1159
191 1195
191 1205
192 952
192 221
192 598
192 247
193 567
193 340
193 1069
194 866
194 1174
194 1207
194 884
194 278
194 585
194 699
195 832
195 1152
195 748
195 376
195 691
195 438
195 316
196 523
196 230
196 221
196 1075
196 247
196 1047
196 251
196 293
197 737
197 578
197 229
197 460
197 1199
197 1011
197 500
197 279
197 280
197 1232
198 1152
198 258
198 776
198 905
198 524
198 534
198 279
198 285
198 934
198 1193
198 1199
198 433
198 438
198 316
198 322
198 460
198 1239
198 613
198 748
198 497
198 1011
199 675
199 651
199 226
199 879
199 291
199 267
199 1211
199 650
199 287
200 513
200 843
200 426
200 651
200 1216
200 335
200 370
200 1075
200 249
200 573
201 768
201 774
201 782
201 912
201 1171
201 533
201 279
201 1177
201 537
201 666
201 1059
201 815
201 434
201 628
201 428
201 578
201 451
201 460
201 921
201 344
201 345
201 219
201 228
201 754
201 500
201 1020
203 354
203 1064
203 311
203 238
203 1245
203 755
203 341
203 794
204 385
204 932
204 839
204 468
204 402
204 917
204 445
204 317
205 465
205 714
205 939
206 609
206 1238
206 378
206 1050
206 574
207 768
207 578
207 1193
207 460
207 754
207 1199
207 368
207 465
207 500
207 279
207 473
207 1050
207 884
209 777
209 1040
209 371
209 889
209 284
210 509
211 386
211 650
211 267
211 272
211 785
211 402
211 404
211 282
211 539
211 414
211 261
211 288
211 300
211 948
211 952
211 287
211 1212
211 928
211 1014
211 970
211 590
211 720
211 1106
211 974
211 598
211 727
211 975
211 221
211 485
211 992
211 225
211 1211
211 294
211 493
211 1231
211 496
211 1137
211 246
211 468
211 916
211 508
212 1032
212 651
212 367
212 1075
212 1140
212 629
212 761
212 249
213 832
213 525
213 722
213 1172
213 862
213 438
213 687
213 351
214 343
215 465
215 714
216 1068
217 1043
217 410
217 541
217 1183
217 735
217 320
217 966
217 328
217 1225
217 977
217 342
217 474
217 607
217 239
217 766
218 673
219 610
219 910
219 1169
219 825
219 906
219 528
219 785
219 405
219 663
219 1198
219 476
221 256
221 258
221 645
221 648
221 1026
221 911
221 1040
221 1171
221 789
221 534
221 791
221 286
221 547
221 679
221 306
221 1205
221 1209
221 712
221 976
221 857
221 1117
221 990
221 866
221 744
221 235
221 1141
221 248
221 889
221 892
221 255
223 676
223 1075
223 651
223 907
223 878
223 307
223 548
224 1028
224 1010
224 1103
224 1113
224 853
225 323
225 808
225 815
225 628
225 1020
226 996
226 560
226 242
226 603
227 1088
227 746
227 1228
227 257
227 488
227 652
227 468
227 532
227 402
227 757
227 822
227 1208
227 412
227 382
228 291
228 650
228 295
228 583
228 267
228 675
228 1211
228 665
228 356
228 639
228 252
228 508
228 287
229 419
229 651
229 706
229 1075
229 676
229 350
230 770
230 777
230 1026
230 1058
230 679
230 1064
230 306
230 1205
230 1033
230 311
230 978
230 1117
230 990
230 744
230 235
230 371
230 248
231 258
231 1028
231 905
231 1037
231 398
231 279
231 537
231 800
231 930
231 434
231 314
231 717
231 853
231 1113
231 1010
232 367
232 1140
232 629
232 249
233 642
233 815
233 533
233 551
234 992
234 746
234 468
234 818
234 402
234 916
234 1212
234 414
235 683
235 1070
235 409
235 287
235 1057
235 291
235 554
235 427
235 952
235 313
235 960
235 967
235 1224
235 1079
235 464
235 595
235 377
235 620
235 272
235 879
235 372
235 1015
235 249
235 379
235 508
235 810
237 679
237 808
237 371
237 473
237 1020
238 389
238 397
238 251
238 988
239 260
239 1126
239 329
239 307
239 1077
240 249
240 629
240 367
241 866
241 645
241 303
241 1171
242 897
242 315
242 651
242 1041
242 530
242 1075
242 676
242 1149
242 831
243 651
243 1094
243 1063
243 757
243 509
243 382
245 1060
245 1030
245 1127
245 429
245 1133
245 340
245 694
245 826
246 451
246 911
246 648
246 815
246 808
246 628
246 286
247 770
247 744
247 1033
247 679
247 336
247 371
247 1141
247 547
247 999
247 1195
247 892
247 1117
247 1205
248 651
248 293
248 598
248 952
248 676
249 256
249 1030
249 263
249 929
249 939
249 429
249 1096
249 837
249 714
249 844
249 462
249 1127
249 882
249 1012
249 1159
250 864
250 385
250 1158
250 839
250 1179
250 317
250 1215
251 1026
251 909
251 270
251 276
251 794
251 1052
251 840
251 306
251 312
251 705
251 1166
251 852
251 341
251 1117
251 990
251 997
251 755
251 892
251 765
252 645
252 460
252 782
252 1199
252 1177
252 666
253 897
253 879
254 1057
254 257
254 488
254 967
254 652
254 818
254 509
254 464
254 402
254 702
255 293
255 300
255 720
255 952
255 346
256 1032
256 650
256 267
256 291
256 293
256 841
256 464
256 595
256 367
256 1140
256 629
256 758
256 379
256 703
256 638
257 516
257 518
257 270
257 400
257 1175
257 1190
257 425
257 439
257 312
257 1091
257 326
257 732
257 481
257 618
257 492
257 625
257 763
258 259
258 470
258 904
258 655
258 664
258 283
258 670
258 805
258 300
258 1198
258 304
258 952
258 956
258 1085
258 704
258 1219
258 974
258 720
258 598
258 1039
258 353
258 550
258 872
258 750
258 369
258 505
258 890
258 894
259 905
260 1025
260 1123
260 626
260 1043
260 342
260 311
260 636
260 766
261 551
261 808
261 815
261 533
261 1135
262 371
262 777
263 1140
263 629
263 761
267 777
267 780
267 782
267 533
267 278
267 791
267 1177
267 284
267 286
267 544
267 551
267 1193
267 679
267 815
267 1097
267 585
267 884
267 959
267 451
267 1036
267 457
267 460
267 344
267 1199
267 1004
267 1135
267 808
267 371
267 500
267 889
267 1020
268 695
268 979
268 673
269 433
269 1239
269 534
269 804
270 507
270 746
270 523
270 1047
272 642
272 648
272 791
272 912
272 1171
272 533
272 279
272 280
272 286
272 645
272 551
272 1199
272 569
272 1029
272 457
272 460
272 589
272 845
272 1232
272 1241
272 866
272 808
272 754
272 1011
272 500
272 1020
272 1022
273 1232
274 346
275 585
275 303
275 401
275 884
275 278
275 959
276 523
276 507
276 557
276 1047
277 1017
277 307
277 685
278 291
278 937
278 554
278 1211
278 985
278 496
278 372
278 887
279 1067
279 517
279 321
279 919
279 790
279 665
279 796
279 773
279 1186
279 432
279 565
279 707
279 592
279 1108
279 470
279 975
279 477
279 350
279 865
279 879
279 369
279 760
280 1075
280 651
280 477
280 530
280 707
280 436
280 565
280 796
280 350
280 517
281 770
281 1195
281 679
281 744
281 371
281 1205
281 284
282 642
282 876
282 780
282 533
282 791
282 1050
282 286
282 551
282 815
282 574
282 451
282 596
282 473
282 378
282 609
282 1130
282 364
282 1135
282 808
283 905
283 314
283 434
284 640
284 291
284 374
284 850
284 675
284 508
284 570
284 287
285 1219
285 369
286 785
286 404
286 918
286 539
286 542
286 287
286 291
286 292
286 293
286 1202
286 561
286 562
286 952
286 576
286 630
286 333
286 598
286 727
286 986
286 847
286 549
286 736
286 294
286 496
286 627
286 1236
286 508
287 768
287 648
287 777
287 911
287 921
287 1193
287 815
287 949
287 1097
287 569
287 578
287 451
287 457
287 460
287 344
287 603
287 1248
287 371
287 500
287 889
287 1020
288 533
288 791
288 921
288 1065
288 310
288 316
288 574
288 451
288 452
288 1238
288 378
288 1135
288 628
289 866
289 645
289 679
289 303
289 401
289 884
291 780
291 782
291 656
291 1044
291 1177
291 1178
291 1029
291 544
291 569
291 830
291 457
291 589
291 845
291 1232
291 1105
291 1081
291 344
291 1241
291 603
291 1248
291 867
291 1004
291 368
291 1142
291 380
292 648
292 911
293 770
293 547
293 744
293 1033
293 586
293 679
293 1040
293 306
293 371
293 990
293 1195
293 889
293 892
294 544
294 866
294 963
294 1171
294 589
294 845
294 1022
294 457
294 344
294 1004
294 1199
294 460
294 1193
295 1248
295 297
295 780
295 691
295 628
295 666
297 877
298 436
298 879
300 776
300 1040
300 401
300 1171
300 534
300 943
300 802
300 934
300 303
300 905
300 836
300 336
300 857
300 866
300 884
300 503
300 889
302 343
303 1218
303 720
303 374
303 985
303 861
304 905
304 1214
305 433
305 534
306 507
306 523
306 598
306 557
306 1075
306 1047
306 952
307 537
307 495
307 541
307 415
307 434
307 1221
307 966
307 977
307 1109
307 342
307 607
307 357
308 371
308 889
309 746
309 818
310 1137
310 1208
311 988
312 1088
312 507
312 488
312 523
312 1228
312 557
312 499
312 1047
312 532
312 702
313 679
313 1040
313 465
313 889
314 1046
314 775
314 904
314 655
314 403
314 406
314 663
314 546
314 879
314 1186
314 1075
314 564
314 991
314 1085
314 958
314 838
314 972
314 971
314 588
314 461
314 337
314 1233
314 470
314 476
314 634
314 421
314 355
314 740
314 550
314 742
314 872
314 619
314 890
314 751
314 756
314 805
314 869
314 506
314 637
315 368
315 560
316 1137
316 369
316 1219
316 502
316 356
316 704
316 639
317 354
317 739
317 866
317 1043
317 1081
317 380
317 1245
317 766
320 907
320 673
320 968
320 548
321 1136
321 804
321 934
321 497
321 1193
321 1239
321 460
321 754
321 776
321 912
321 433
321 500
321 534
322 704
322 369
323 904
323 470
325 641
326 962
326 1057
326 488
326 746
326 499
326 758
326 532
326 702
327 465
328 329
328 1077
329 626
329 636
329 541
330 907
330 676
330 968
330 651
330 1075
330 548
332 434
332 537
333 679
333 648
333 911
333 371
333 884
333 889
334 628
335 679
335 1030
335 394
335 429
335 1133
335 465
335 596
335 837
335 939
336 974
336 720
336 1075
336 1208
336 346
337 823
340 367
340 657
340 900
341 507
341 389
341 454
341 397
341 1240
341 1115
341 771
341 527
341 1055
342 1162
342 685
342 878
342 563
342 695
342 1021
342 979
343 1076
343 1173
344 576
344 928
344 975
344 675
344 948
344 1211
344 508
345 942
345 528
345 405
345 825
346 787
346 534
346 547
346 804
346 679
346 519
346 1081
346 954
346 829
346 1217
346 836
346 1239
346 857
346 1246
346 1249
346 371
346 1142
346 503
346 888
346 380
347 1195
347 679
347 744
347 371
347 889
349 808
349 815
350 1011
352 525
352 748
352 434
352 1105
352 438
352 1081
352 722
352 537
352 687
352 380
352 862
353 905
353 1214
354 1090
354 839
354 1074
354 988
356 1248
356 782
356 1177
357 695
357 979
358 800
358 1010
358 1103
358 434
358 1113
358 537
358 853
359 757
359 382
360 801
360 519
360 1142
360 1081
360 380
361 1050
362 1208
364 651
364 727
364 676
364 539
365 641
366 1050
367 1154
367 777
367 394
367 1068
367 1069
367 559
367 690
367 567
367 1213
367 448
367 1096
367 714
367 462
367 889
367 465
367 982
367 599
367 611
367 621
367 623
367 882
367 371
368 1149
368 1041
368 907
368 1220
368 548
368 831
369 384
369 1152
369 452
369 1031
369 748
369 1011
369 984
369 475
370 714
370 679
370 759
370 753
370 690
370 371
370 596
370 599
370 842
371 409
371 513
371 773
371 1032
371 393
371 407
371 721
371 1075
371 436
371 651
371 594
371 1108
371 1189
371 1211
371 496
371 758
371 760
371 1018
371 575
371 703
371 638
372 585
372 939
372 884
374 1195
374 679
374 744
374 1033
374 1141
374 889
376 502
378 1137
378 727
378 539
379 465
379 586
380 385
380 778
380 396
380 528
380 512
380 1049
380 414
380 555
380 1074
380 436
380 445
380 1090
380 839
380 590
380 1165
380 1234
380 597
380 825
380 600
380 476
380 933
380 610
380 571
380 402
380 1008
380 501
380 916
380 1061
381 1057
381 758
382 390
382 659
382 416
382 807
382 553
382 686
382 1201
382 819
382 1080
382 965
382 1095
382 846
382 504
382 724
382 729
382 1131
382 498
382 632
382 891
383 473
383 1050
385 739
385 1105
385 1142
385 1081
386 642
386 451
386 551
386 808
386 1135
386 628
386 533
386 791
386 1020
386 574
388 1057
388 967
388 464
389 795
389 399
390 1094
390 1063
390 757
390 822
390 1208
393 1030
393 394
393 788
393 803
393 678
393 429
393 826
393 1213
393 462
393 599
393 1125
393 1127
393 1133
393 623
394 643
394 772
394 1032
395 812
395 780
395 973
396 1142
396 398
397 999
397 399
397 795
398 592
398 1186
398 919
400 1088
400 488
400 746
400 1228
400 499
400 532
401 974
401 720
401 985
402 515
402 647
402 1175
402 1048
402 410
402 1181
402 1183
402 1064
402 1081
402 580
402 849
402 1245
402 608
402 997
402 614
402 1105
402 762
405 1164
406 823
407 777
409 679
410 468
410 818
410 590
410 1212
410 414
412 416
412 677
412 807
412 553
412 1131
412 846
412 819
412 1080
412 729
412 947
412 965
413 803
413 1125
413 621
413 826
414 515
414 519
414 791
414 1048
414 1183
414 647
414 440
414 1081
414 978
414 1245
414 997
414 614
414 1142
414 762
415 563
415 878
416 1094
416 1063
416 757
416 822
416 1208
418 1208
425 1088
425 488
425 1228
425 652
425 532
425 702
426 1068
428 902
428 872
428 906
428 908
428 910
428 663
428 664
428 665
429 643
430 808
430 451
430 1020
430 815
433 704
433 813
433 872
433 526
433 463
433 821
433 470
433 728
433 1146
433 798
433 865
434 972
434 910
434 655
434 785
434 660
434 878
434 663
434 670
434 1186
434 805
434 971
434 1182
434 564
434 956
434 1085
434 693
434 1226
434 715
434 592
434 597
434 476
434 869
434 550
434 619
434 494
434 879
434 890
434 894
435 758
436 1195
436 1033
436 1040
436 679
436 939
436 777
436 1081
436 577
436 1097
436 1105
436 473
436 744
436 1159
436 628
436 1141
436 889
437 1208
437 509
438 872
438 597
438 1008
438 502
438 506
438 704
439 962
439 488
439 746
439 818
439 499
439 1237
440 590
440 916
440 1045
440 1049
440 600
440 1212
443 853
444 780
444 666
444 774
445 1105
445 1081
445 1245
451 517
451 514
451 654
451 785
451 1006
451 662
451 539
451 675
451 796
451 565
451 820
451 650
451 928
451 907
451 711
451 548
451 477
451 1128
451 1137
451 508
452 1219
453 1020
455 1068
455 567
457 576
457 928
457 785
457 968
457 907
457 548
457 470
457 508
460 1067
460 918
460 928
460 675
460 945
460 562
460 704
460 651
460 548
460 975
460 1056
460 508
460 879
460 760
461 823
462 1189
462 1032
462 1140
463 1239
463 534
463 497
464 556
464 1134
464 913
464 466
464 478
464 745
465 1032
465 926
465 549
465 601
465 493
466 967
468 791
468 1181
468 1183
470 1028
470 1029
470 776
470 534
470 934
470 823
470 569
470 1092
470 1230
470 748
470 497
471 968
471 548
471 907
473 1157
473 658
473 539
473 1192
473 727
473 879
473 1014
474 695
474 1021
476 1164
476 1081
476 537
477 1059
477 1011
477 628
477 921
478 1057
478 758
479 639
480 826
480 567
481 499
481 652
481 702
482 939
484 657
485 791
486 534
487 651
488 752
488 518
488 617
488 492
488 1102
488 1121
488 700
488 914
488 856
488 1082
488 763
490 634
490 1046
490 971
490 550
490 908
490 890
490 906
490 1233
490 1226
490 506
490 1062
490 693
492 962
492 1228
492 818
492 532
492 702
493 866
493 645
493 714
493 791
494 537
494 1028
496 1171
496 645
496 648
496 777
496 1097
496 585
496 1174
496 699
497 704
497 865
497 904
498 1063
498 757
498 822
498 1208
499 1190
499 1175
499 856
499 1235
499 885
500 1067
500 773
500 665
500 928
500 676
500 945
500 651
500 865
500 1108
500 1242
500 975
500 1056
500 879
500 760
501 1081
501 1142
501 1105
502 1152
502 525
502 687
502 862
502 722
503 974
503 1208
504 1208
506 748
506 525
506 823
506 722
506 687
507 840
507 1043
507 789
507 712
507 976
507 1245
507 990
507 1104
507 997
507 763
507 765
507 766
508 770
508 648
508 1033
508 782
508 921
508 544
508 1059
508 679
508 1193
508 1195
508 1199
508 1241
508 1248
508 744
508 889
509 705
509 1175
512 801
512 519
512 1142
512 1081
513 770
513 1154
513 777
513 679
513 744
513 690
513 596
513 1097
513 599
513 1148
514 921
514 1059
515 916
515 1049
517 921
518 962
518 532
518 1237
518 702
519 902
519 778
519 1165
519 664
519 668
519 805
519 1198
519 824
519 590
519 1144
522 907
522 548
522 968
522 651
522 1075
523 769
523 1026
523 789
523 708
523 572
523 712
523 1104
523 1111
523 1117
523 990
523 997
523 999
523 763
523 892
525 775
525 872
525 779
525 597
525 1198
528 1164
528 1081
528 1084
530 808
530 1135
530 533
530 1020
532 752
532 617
532 914
532 1091
532 1129
532 1082
532 763
532 700
533 662
533 665
533 539
533 945
533 928
533 1042
533 582
533 711
533 975
533 726
533 989
533 1211
533 879
533 1137
534 902
534 664
534 952
534 974
534 598
534 730
534 865
534 767
535 567
535 1068
536 746
536 818
537 896
537 972
537 660
537 878
537 919
537 665
537 1186
537 935
537 1046
537 715
537 718
537 592
537 1233
537 1234
537 597
537 1243
537 634
538 1075
539 642
539 1238
539 551
539 1135
539 921
541 685
541 878
541 1017
542 648
542 911
544 576
544 1211
546 823
547 952
548 1004
548 816
548 1191
548 860
548 1145
548 735
548 1093
548 633
548 589
548 717
548 1109
548 870
548 743
548 936
548 1139
548 631
548 1020
549 866
549 645
549 648
549 911
549 1171
551 1042
551 662
551 711
551 726
551 727
551 989
551 1211
551 879
553 757
553 1208
554 714
555 1142
555 1081
556 1057
557 769
557 1124
557 712
557 1104
557 976
557 789
557 1111
557 572
558 815
559 1032
560 831
561 1171
562 866
562 645
562 1199
562 1171
562 1241
562 1029
563 1221
563 607
563 701
564 823
565 1232
565 815
565 808
565 921
569 975
573 679
573 1033
573 744
573 1205
574 1137
575 777
575 889
576 1036
578 1056
578 1067
578 945
578 773
578 662
578 760
578 1108
578 989
579 815
581 999
582 808
582 1135
583 645
583 1171
583 628
584 1020
584 815
585 985
585 883
585 981
586 703
586 638
587 1232
589 907
589 951
589 948
590 614
590 791
590 1081
590 1183
591 999
592 1010
592 930
592 717
592 1113
592 1011
592 853
592 1103
592 1086
594 777
594 1040
594 1097
594 889
596 643
596 651
596 1075
596 676
596 1231
596 1018
597 1142
597 1081
598 804
598 648
598 1026
598 911
598 976
598 712
598 791
598 1209
603 897
603 676
603 651
603 1075
606 1068
606 1069
607 673
607 1162
607 685
607 878
607 1017
607 1021
608 746
612 1075
614 1212
615 746
617 962
617 1237
620 889
620 1040
621 1189
621 1032
621 1038
623 1189
624 1075
626 1126
626 1021
627 645
627 1171
628 877
628 1106
628 655
628 1137
628 890
628 639
629 929
629 1096
629 882
630 648
633 968
633 907
634 823
637 823
638 777
638 889
639 1152
639 1248
639 1020
639 1227
639 1003
639 915
639 808
639 691
641 657
642 868
642 1192
642 726
642 727
642 1014
643 1133
645 928
645 952
645 847
645 975
647 746
647 818
647 916
647 1212
648 675
648 650
648 952
650 1248
650 782
650 884
650 949
650 1177
650 921
650 1241
650 1029
651 1030
651 777
651 1037
651 1069
651 912
651 674
651 803
651 659
651 679
651 754
651 946
651 949
651 1213
651 724
651 876
651 1229
651 719
651 1109
651 855
651 737
651 996
651 999
652 752
652 1235
653 999
654 808
654 1020
654 815
655 823
657 709
657 1068
658 1050
662 808
662 1135
662 921
663 1164
664 776
664 748
664 1239
665 782
665 1135
665 754
665 1177
668 801
672 1208
673 993
673 1191
673 1016
673 1225
673 735
674 676
674 1208
675 782
675 815
675 949
675 921
675 911
676 1030
676 1069
676 912
676 1178
676 946
676 705
676 1109
676 996
676 876
676 754
679 806
679 1211
682 1239
683 714
683 842
684 714
684 842
685 1101
685 977
685 1043
685 766
686 822
686 757
687 775
687 991
690 1032
691 877
695 717
695 848
695 1043
695 735
695 766
696 800
696 1028
696 1103
700 1088
700 1228
701 1162
702 1091
702 1102
702 856
702 914
702 1235
702 1082
703 777
703 927
704 1152
704 1199
704 748
704 1136
704 1193
711 714
711 939
711 815
711 808
711 1071
711 842
712 1047
713 1208
714 773
714 1032
714 926
714 950
714 1108
714 1112
714 760
714 1223
714 1023
715 800
715 1103
717 1186
717 979
719 1075
720 905
720 791
721 777
721 889
721 1097
722 779
722 725
723 1245
724 822
724 1094
724 1063
724 757
724 1208
725 832
726 1135
727 780
727 876
727 1238
727 791
729 1063
729 757
730 1239
734 800
735 907
735 979
736 1171
739 864
739 839
740 823
741 800
741 1028
741 853
743 968
743 907
744 903
744 1176
744 806
744 1196
744 861
744 1075
744 960
744 1189
744 1007
746 856
746 914
746 1245
746 1119
748 904
748 775
748 1219
749 1239
750 905
750 1214
751 823
752 962
752 1237
753 1018
754 975
754 865
755 988
757 901
757 786
757 819
757 1151
758 777
758 1175
758 914
758 1076
758 1082
758 1097
758 1102
758 856
758 858
758 1129
758 885
759 1018
760 1159
760 939
760 842
760 1011
762 916
762 1212
763 1088
763 962
763 1228
763 1047
766 979
767 776
767 804
767 934
770 1189
773 884
773 842
775 862
776 902
776 904
776 974
776 865
777 1032
777 792
777 797
777 1057
777 960
777 1098
777 995
778 1081
778 1105
779 1172
780 928
780 783
780 877
780 1211
780 975
781 808
781 1020
781 815
782 1211
782 1019
783 812
783 973
785 1029
785 1171
785 791
785 921
785 1059
785 808
785 815
785 1241
785 866
785 1004
786 1094
786 822
786 1063
789 952
790 1011
791 916
791 1211
791 1212
791 1231
791 998
791 1137
791 1143
792 1097
794 1240
796 1232
796 808
796 1059
796 921
796 1020
797 1097
800 1186
801 851
801 824
801 1147
803 1038
804 1198
804 865
805 1028
805 823
806 1033
806 1205
806 889
808 1024
808 928
808 945
808 1211
808 1042
808 975
808 879
809 1050
812 928
815 1024
815 1006
815 1042
815 1072
815 1211
815 1106
815 868
815 1128
818 1190
818 1183
819 1094
819 1208
820 921
822 1156
822 901
822 1131
822 1005
822 1151
823 1182
823 1198
823 1085
823 972
823 879
825 1164
825 1105
825 1142
825 1081
825 1084
826 1189
833 1021
834 1050
836 974
837 1140
839 866
839 1171
839 1081
841 889
841 884
842 1042
842 1018
845 948
847 999
855 1075
855 1208
856 1057
857 974
857 952
860 968
860 907
861 1033
861 1195
862 991
865 1136
865 1239
865 912
865 1011
866 903
866 918
866 1176
866 928
866 1074
866 974
871 1224
871 1057
872 1009
875 1050
876 1075
877 1204
878 966
878 1225
878 1221
878 977
878 1109
879 1040
879 1193
879 939
879 1076
879 1011
879 889
879 1020
883 959
884 1218
884 1211
884 974
884 985
884 887
885 1224
885 1057
889 1032
889 1053
889 1211
889 960
889 1035
889 974
889 1015
890 905
892 952
892 1047
894 905
894 1214
895 897
897 996
897 1178
901 1094
903 1033
903 1195
903 1205
904 934
904 1230
904 1239
905 971
905 956
905 974
905 1226
906 1164
907 1093
907 1004
907 1139
908 1009
910 1164
910 1084
911 1202
911 1236
913 967
914 1088
914 962
914 1228
916 997
916 1142
916 1245
917 997
917 1245
918 1193
918 1232
919 1028
919 1103
919 1011
919 1086
921 989
921 945
921 1006
921 1137
921 1143
924 1021
928 973
928 1193
928 1135
929 1140
932 997
933 1142
933 1081
939 960
939 1140
939 1015
939 1042
945 1193
945 1199
945 1059
946 1075
947 1208
948 1029
948 1044
948 1241
949 1075
951 1044
952 1013
957 1239
959 1211
959 985
960 1040
960 1141
960 1033
962 1121
962 1102
962 1190
968 1191
968 1004
968 1139
971 1214
973 975
973 1167
974 1040
974 1214
975 1193
975 1199
975 1092
975 1241
975 1135
975 1020
978 1212
983 1021
984 1219
989 1050
989 1020
993 1021
995 1097
997 1049
1004 1143
1006 1020
1007 1033
1007 1141
1007 1205
1010 1186
1011 1067
1011 1108
1011 1242
1012 1140
1015 1040
1015 1159
1018 1071
1020 1106
1020 1211
1021 1066
1025 1126
1027 1239
1028 1186
1029 1143
1030 1189
1030 1075
1030 1140
1031 1219
1032 1040
1032 1213
1032 1097
1033 1196
1033 1176
1033 1118
1035 1040
1036 1211
1037 1075
1038 1125
1038 1213
1040 1079
1042 1135
1042 1071
1042 1159
1043 1126
1047 1245
1047 1104
1047 1117
1049 1142
1049 1081
1050 1153
1050 1194
1050 1110
1054 1224
1054 1057
1056 1193
1057 1175
1057 1134
1057 1097
1057 1082
1061 1142
1063 1156
1063 1131
1064 1240
1065 1137
1068 1216
1068 1163
1068 1075
1069 1163
1074 1142
1075 1178
1075 1195
1075 1213
1075 1205
1075 1229
1075 1141
1077 1225
1081 1165
1081 1144
1082 1228
1083 1171
1088 1091
1097 1211
1105 1169
1106 1230
1107 1208
1113 1186
1123 1126
1126 1188
1127 1189
1127 1140
1133 1189
1137 1152
1137 1238
1140 1229
1141 1189
1142 1169
1142 1198
1142 1165
1142 1234
1155 1239
1156 1208
1171 1231
1175 1208
1176 1195
1176 1205
1177 1211
1183 1212
1185 1208
1186 1230
1189 1195
1189 1213
1196 1205
1198 1239
1199 1211
1211 1241
1212 1245
1214 1226
