0 259
0 516
0 1030
0 265
0 524
0 526
0 271
0 276
0 277
0 28
0 176
0 34
0 550
0 555
0 45
0 306
0 820
0 1078
0 55
0 825
0 832
0 833
0 67
0 69
0 585
0 77
0 598
0 599
0 1112
0 783
0 349
0 351
0 102
0 873
0 1132
0 1133
0 1140
0 119
0 788
0 645
0 903
0 395
0 908
0 835
0 405
0 665
0 412
0 157
0 162
0 167
0 796
0 938
0 1196
0 432
0 947
0 1205
0 185
0 442
0 957
0 1218
0 468
0 728
0 1248
0 994
0 999
0 745
0 1005
0 954
0 502
0 253
1 359
1 520
1 713
1 1066
1 844
1 751
1 1208
1 888
2 1067
2 8
2 140
2 17
2 20
2 790
2 1241
2 772
2 27
2 286
2 163
2 1220
2 811
2 944
2 1075
2 948
2 182
2 953
2 58
2 573
2 62
2 447
2 859
2 964
2 325
2 609
2 1228
2 202
2 842
2 77
2 1110
2 473
2 218
2 347
2 225
2 1169
2 235
2 499
2 703
3 1089
3 1186
3 1187
3 566
3 503
4 928
4 1186
4 566
4 807
4 1195
4 50
4 406
4 984
5 512
5 1089
5 962
5 566
5 1222
5 205
5 215
5 569
5 220
5 965
5 34
5 1187
5 1186
5 1212
5 822
5 252
5 917
6 130
6 675
6 772
6 1019
6 45
6 829
6 626
6 1220
6 95
6 381
6 127
7 134
7 1003
7 1232
7 183
7 409
8 1027
8 388
8 524
8 258
8 14
8 15
8 1044
8 880
8 1062
8 168
8 49
8 1205
8 955
8 316
8 269
8 84
8 526
8 143
8 224
8 102
8 1039
8 363
8 496
8 242
8 499
8 884
8 468
9 512
9 387
9 1031
9 14
9 82
9 595
9 1117
9 991
9 928
9 164
9 941
9 558
9 50
9 1082
9 510
10 1168
10 535
10 25
10 155
10 546
10 803
10 1060
10 38
10 552
10 169
10 555
10 1196
10 301
10 175
10 306
10 1082
10 706
10 327
10 584
10 503
10 972
10 79
10 1234
10 596
10 343
10 216
10 1117
10 997
10 362
10 1134
10 369
10 627
10 375
10 889
10 508
11 1216
11 229
11 493
11 782
11 749
11 21
11 378
11 222
11 437
12 137
12 151
12 1119
13 484
13 1061
13 41
13 304
13 51
13 244
13 181
13 371
13 89
13 378
13 575
14 520
14 526
14 16
14 18
14 534
14 536
14 25
14 27
14 33
14 547
14 548
14 50
14 54
14 521
14 59
14 572
14 1086
14 66
14 67
14 71
14 588
14 1105
14 82
14 83
14 1113
14 602
14 604
14 93
14 1121
14 101
14 107
14 111
14 1095
14 123
14 637
14 129
14 644
14 1158
14 792
14 1173
14 662
14 1178
14 164
14 681
14 170
14 171
14 692
14 1208
14 1214
14 712
14 713
14 714
14 1235
14 974
14 217
14 1146
14 734
14 735
14 236
14 980
14 246
14 761
14 252
14 897
14 266
14 729
14 657
14 794
14 285
14 560
14 295
14 305
14 821
14 312
14 313
14 315
14 324
14 566
14 843
14 850
14 349
14 867
14 359
14 876
14 1001
14 379
14 385
14 907
14 912
14 914
14 404
14 928
14 427
14 941
14 446
14 968
14 462
14 595
14 468
14 470
14 473
14 991
14 487
14 488
14 489
14 1008
14 1014
14 1194
14 510
15 64
15 1027
15 388
15 263
15 1113
15 665
15 153
15 159
15 33
15 349
15 1205
15 694
15 55
15 832
15 545
15 82
15 468
15 469
15 599
15 473
15 221
15 351
15 233
15 623
15 496
15 114
15 499
15 119
15 1236
15 380
15 511
16 928
16 1089
16 1186
16 977
16 50
16 404
16 566
16 729
16 26
16 762
17 964
17 906
17 43
17 626
17 529
17 114
17 373
17 1241
17 799
17 732
17 95
18 897
18 1178
18 1214
19 265
19 906
19 787
19 20
19 25
19 796
19 163
19 676
19 487
19 431
19 176
19 177
19 53
19 521
19 833
19 70
19 71
19 72
19 975
19 728
19 90
19 1118
19 1120
19 465
19 1148
19 235
19 1005
19 110
19 111
19 114
19 117
19 764
19 510
20 667
20 327
20 140
20 589
20 465
20 27
20 607
20 929
20 163
20 103
20 40
20 681
20 618
20 45
20 622
20 1148
20 948
20 182
20 632
20 249
20 188
22 1218
22 269
22 45
22 144
22 849
22 82
22 597
22 604
22 797
22 1246
22 592
22 781
22 487
22 1135
22 1234
22 431
22 114
22 1140
22 117
22 375
22 825
22 316
23 795
24 1153
24 517
24 962
24 195
24 533
24 793
24 922
24 539
24 413
24 928
24 34
24 547
24 548
24 295
24 936
24 813
24 569
24 1089
24 66
24 67
24 886
24 582
24 923
24 418
24 1187
24 1081
24 472
24 1186
24 220
24 734
24 224
24 488
24 1191
24 1006
24 115
24 245
24 246
24 1146
24 1173
25 706
25 926
25 418
25 803
25 301
25 584
25 1204
25 571
25 650
25 322
25 1183
25 889
25 605
25 611
25 489
25 107
25 1010
25 377
25 1148
26 1157
26 1050
26 288
26 36
26 839
26 688
26 435
26 1080
26 838
26 199
26 845
26 729
26 348
26 223
26 866
26 113
26 1011
26 892
26 1023
27 259
27 904
27 395
27 269
27 1039
27 144
27 531
27 1046
27 797
27 163
27 39
27 425
27 43
27 431
27 816
27 948
27 309
27 694
27 570
27 573
27 386
27 592
27 1233
27 82
27 270
27 480
27 487
27 616
27 999
27 1234
27 624
27 1000
27 787
27 375
27 1144
27 506
28 67
28 133
28 1030
28 1120
28 333
28 975
28 1134
28 150
28 819
28 1115
28 928
28 1186
28 676
28 806
28 169
28 555
28 50
28 750
28 47
28 755
28 566
28 442
28 187
28 638
29 98
29 211
29 317
30 97
30 581
30 583
30 1001
30 874
30 337
30 824
31 109
32 256
32 1025
32 1067
32 517
32 1031
32 523
32 269
32 271
32 785
32 787
32 533
32 797
32 286
32 548
32 1062
32 295
32 647
32 1068
32 946
32 562
32 53
32 313
32 62
32 66
32 330
32 342
32 602
32 93
32 863
32 360
32 366
32 624
32 626
32 372
32 117
32 807
32 631
32 1173
32 896
32 135
32 144
32 90
32 405
32 156
32 884
32 880
32 1191
32 937
32 941
32 431
32 433
32 178
32 1206
32 185
32 195
32 886
32 1233
32 472
32 231
32 1000
32 551
32 249
32 622
32 254
33 1165
33 143
33 159
33 545
33 802
33 293
33 242
33 174
33 349
33 694
33 55
33 526
33 189
33 192
33 835
33 80
33 468
33 270
33 732
33 221
33 612
33 869
33 1126
33 364
33 496
33 758
33 375
33 380
33 383
34 1034
34 651
34 271
34 272
34 405
34 670
34 923
34 813
34 302
34 305
34 307
34 825
34 956
34 576
34 65
34 395
34 1121
34 82
34 350
34 609
34 1133
34 1135
34 253
34 917
35 877
36 841
36 435
36 348
36 762
36 223
37 327
37 268
37 269
37 144
37 597
37 343
37 1060
37 535
37 43
37 175
37 1031
37 445
38 270
38 915
38 917
38 411
38 261
38 934
38 170
38 1084
38 191
38 579
38 71
38 595
38 601
38 1248
38 657
38 489
38 880
39 226
39 869
39 40
39 681
39 332
39 1234
39 531
39 948
39 375
39 632
39 1209
39 1053
40 259
40 900
40 904
40 332
40 268
40 655
40 592
40 82
40 615
40 410
40 730
40 870
40 431
40 816
40 787
40 1144
40 1209
40 316
40 1053
41 1061
41 371
41 244
41 1142
42 1216
42 437
42 88
42 653
43 648
43 978
43 790
43 226
43 568
43 681
43 172
43 110
43 136
43 948
43 632
44 1079
44 397
44 497
44 151
44 56
44 1180
45 1218
45 72
45 144
45 209
45 275
45 597
45 732
45 163
45 804
45 114
45 1140
45 570
45 1019
45 381
46 234
47 585
47 142
47 97
47 422
47 231
47 937
47 807
47 108
47 686
47 755
48 662
49 161
49 177
49 1217
49 235
49 168
49 218
49 955
49 733
50 513
50 558
50 560
50 54
50 1095
50 82
50 595
50 86
50 600
50 604
50 1121
50 128
50 644
50 1160
50 145
50 674
50 180
50 696
50 191
50 705
50 712
50 729
50 734
50 746
50 763
50 260
50 778
50 305
50 307
50 861
50 350
50 657
50 379
50 917
50 919
50 416
50 936
50 960
50 457
50 463
50 470
50 984
50 476
50 487
50 1013
51 89
51 987
51 181
52 482
52 1090
52 294
52 1199
53 387
53 1031
53 1035
53 164
53 172
53 941
53 1075
53 182
53 953
53 991
53 188
53 706
53 581
53 1228
53 77
53 337
53 347
53 607
53 225
53 103
53 362
53 1148
53 618
54 928
54 566
55 1027
55 263
55 266
55 659
55 157
55 168
55 306
55 947
55 119
55 590
55 1234
55 468
55 599
55 1112
55 869
55 102
55 233
55 885
55 502
55 375
55 765
56 930
56 646
56 905
56 779
56 397
56 81
56 724
56 376
56 121
56 890
56 1180
56 1114
56 852
57 438
57 998
57 649
57 685
57 718
57 719
57 497
57 278
57 1033
57 1240
57 121
57 911
57 1020
57 1149
58 128
58 270
58 450
58 82
58 350
58 609
58 622
58 943
58 178
58 307
58 62
58 374
58 249
58 1018
58 720
58 703
59 315
59 1066
59 740
59 123
60 327
60 1228
60 77
60 525
60 976
60 953
60 706
60 1184
60 225
60 226
60 103
60 362
60 1068
60 946
60 632
60 889
60 316
60 618
61 928
61 1186
61 1187
62 769
62 387
62 1031
62 271
62 272
62 405
62 931
62 551
62 811
62 941
62 943
62 823
62 703
62 576
62 961
62 323
62 205
62 720
62 466
62 220
62 350
62 609
62 745
62 622
62 1010
62 115
62 374
62 249
62 1018
62 253
62 254
63 402
63 921
63 665
63 165
63 430
63 119
64 1165
64 590
64 1044
64 152
64 473
64 496
64 818
64 499
64 311
65 1153
65 901
65 1034
65 922
65 871
65 813
65 956
66 1026
66 519
66 402
66 430
66 261
66 552
66 1084
66 602
66 734
66 101
66 936
67 619
67 1161
67 906
67 1169
67 532
67 406
67 925
67 807
67 936
67 169
67 555
67 1196
67 370
67 305
67 585
67 185
67 1224
67 71
67 712
67 329
67 842
67 313
67 601
67 92
67 93
67 1118
67 1248
67 1121
67 99
67 732
67 101
67 107
67 1134
67 755
67 373
67 379
68 512
68 876
68 916
68 452
68 794
68 413
68 547
68 678
68 302
68 177
68 1074
68 193
68 70
68 71
68 503
68 716
68 82
68 601
68 604
68 1118
68 1125
68 353
68 230
68 487
68 748
68 210
68 754
68 1139
68 759
69 582
69 906
69 396
69 215
69 474
69 732
69 602
69 97
69 547
69 101
69 114
69 306
69 372
69 825
69 1226
70 512
70 1026
70 1030
70 392
70 1035
70 1055
70 929
70 546
70 806
70 552
70 430
70 175
70 584
70 824
70 442
70 187
70 188
70 1213
70 193
70 583
70 328
70 1129
70 1192
70 1118
70 1120
70 97
70 997
70 103
70 745
70 748
70 744
70 579
70 245
70 1001
70 1148
71 642
71 899
71 521
71 1239
71 396
71 1026
71 400
71 472
71 413
71 546
71 677
71 1191
71 552
71 1068
71 175
71 946
71 694
71 706
71 327
71 716
71 1105
71 82
71 270
71 342
71 343
71 216
71 915
71 1117
71 230
71 103
71 362
71 367
71 1192
71 403
71 894
71 886
71 889
71 1148
71 510
71 1109
72 929
72 425
72 1035
72 1230
72 1136
72 570
72 188
73 543
74 354
74 998
74 649
74 685
74 718
74 911
74 278
75 236
75 623
75 593
75 311
75 152
76 486
77 906
77 1039
77 269
77 682
77 944
77 562
77 953
77 869
77 624
77 884
78 928
78 960
78 770
78 1162
78 656
78 476
78 606
79 869
79 92
79 375
79 1234
79 1134
79 306
79 220
79 788
79 169
79 601
79 585
80 102
80 349
81 1114
81 852
81 879
82 1026
82 811
82 1110
82 263
82 522
82 267
82 524
82 784
82 530
82 532
82 277
82 796
82 517
82 1058
82 810
82 560
82 306
82 566
82 1084
82 833
82 579
82 840
82 396
82 586
82 848
82 595
82 853
82 598
82 271
82 609
82 102
82 745
82 364
82 1069
82 114
82 915
82 1140
82 885
82 886
82 489
82 1089
82 652
82 1133
82 400
82 405
82 918
82 411
82 1181
82 928
82 1186
82 1187
82 934
82 167
82 680
82 1052
82 938
82 948
82 187
82 1218
82 195
82 1226
82 1227
82 205
82 973
82 1115
82 1236
82 1239
82 728
82 226
82 487
82 233
82 1191
82 748
82 1010
82 1107
82 1012
82 247
82 760
82 1018
82 508
82 253
82 1109
83 974
83 534
83 727
84 448
84 266
84 971
84 526
84 499
84 468
84 1113
84 349
84 159
85 160
85 1221
85 298
85 122
85 94
86 928
87 320
87 262
87 440
87 122
88 229
88 331
88 653
88 749
88 1045
88 567
88 1047
89 736
89 800
89 1024
89 945
89 1142
89 987
90 129
90 516
90 265
90 529
90 535
90 161
90 292
90 170
90 177
90 178
90 188
90 706
90 964
90 976
90 607
90 103
90 236
90 111
90 889
91 227
91 1092
91 453
91 561
91 116
91 983
91 1172
92 512
92 643
92 1055
92 546
92 803
92 676
92 937
92 301
92 686
92 175
92 584
92 1183
92 188
92 706
92 328
92 586
92 216
92 858
92 219
92 997
92 975
92 103
92 1129
92 362
92 108
92 366
92 1007
92 369
92 245
92 503
92 889
92 508
92 618
93 619
93 532
93 150
93 1175
93 306
93 950
93 961
93 323
93 712
93 329
93 611
93 107
93 370
93 1043
94 640
94 1124
94 453
94 401
94 753
94 559
94 464
94 344
94 214
94 687
95 387
95 648
95 140
95 275
95 622
95 790
95 1062
95 178
95 182
95 325
95 201
95 225
95 110
95 880
95 374
95 1019
95 381
95 127
96 497
96 121
96 565
97 387
97 774
97 1031
97 1168
97 652
97 301
97 784
97 914
97 934
97 536
97 452
97 1062
97 1183
97 801
97 290
97 803
97 678
97 1071
97 810
97 941
97 178
97 692
97 1118
97 694
97 584
97 1107
97 601
97 604
97 657
97 353
97 485
97 487
97 489
97 1069
97 880
97 369
97 759
97 637
98 704
98 371
98 109
98 211
98 987
99 164
99 1062
99 370
99 880
99 178
99 991
100 1154
100 148
100 666
100 672
100 1066
100 179
100 446
100 844
100 204
100 365
100 1137
101 899
101 517
101 914
101 276
101 1173
101 536
101 452
101 413
101 1056
101 290
101 602
101 678
101 1191
101 1074
101 1071
101 690
101 822
101 324
101 1094
101 711
101 1099
101 716
101 1101
101 594
101 215
101 472
101 346
101 1115
101 488
101 876
101 372
101 886
101 759
101 252
101 638
101 895
102 192
102 132
102 848
102 263
102 395
102 1165
102 143
102 659
102 1044
102 277
102 853
102 388
102 157
102 415
102 545
102 802
102 1059
102 1063
102 554
102 174
102 1032
102 947
102 949
102 825
102 954
102 189
102 1219
102 469
102 598
102 1113
102 783
102 737
102 738
102 612
102 357
102 1126
102 487
102 999
102 1135
102 881
102 758
102 765
102 511
103 1036
103 400
103 407
103 163
103 327
103 858
103 431
103 946
103 694
103 312
103 957
103 706
103 968
103 588
103 462
103 1233
103 978
103 342
103 912
103 867
103 210
103 631
103 618
104 544
104 417
104 771
104 204
104 273
104 981
104 1016
104 281
105 534
105 974
105 723
105 836
106 909
106 137
106 1098
106 565
106 1138
106 1119
106 149
106 697
106 283
106 668
106 287
107 1031
107 387
107 596
107 915
107 1122
107 1202
107 1117
107 579
107 147
107 249
107 1082
108 517
108 601
108 474
108 111
108 413
108 1055
108 1248
108 801
108 582
108 1062
108 1191
108 488
108 295
108 941
108 366
108 178
108 755
108 372
108 245
108 185
109 704
109 257
109 683
109 304
109 786
109 211
109 501
109 575
109 540
109 317
110 706
110 387
110 135
110 1136
110 1035
110 268
110 717
110 1230
110 941
110 849
110 275
110 1246
110 929
110 226
110 995
110 781
110 870
110 1041
110 1148
110 626
110 880
110 616
110 178
110 632
110 188
110 445
110 1215
111 265
111 266
111 530
111 279
111 797
111 289
111 1058
111 292
111 1068
111 1035
111 327
111 328
111 592
111 593
111 1106
111 1108
111 865
111 618
111 366
111 1136
111 787
111 117
111 889
111 362
111 129
111 642
111 389
111 392
111 665
111 929
111 422
111 937
111 170
111 431
111 946
111 693
111 188
111 708
111 1230
111 1233
111 468
111 475
111 505
112 795
113 963
113 762
114 790
114 1030
114 266
114 524
114 270
114 276
114 1241
114 665
114 796
114 799
114 526
114 676
114 168
114 412
114 938
114 555
114 1196
114 948
114 949
114 694
114 439
114 442
114 863
114 192
114 201
114 202
114 247
114 468
114 301
114 169
114 220
114 607
114 604
114 1124
114 732
114 614
114 487
114 681
114 728
114 119
114 1148
115 576
115 1025
115 578
115 1067
115 581
115 521
115 461
115 272
115 337
115 414
115 858
115 986
115 286
115 416
115 720
115 487
115 1001
115 874
115 875
115 302
115 305
115 307
115 350
115 447
116 640
116 580
116 453
116 1042
116 1172
116 345
116 538
116 296
116 942
116 687
116 827
117 129
117 642
117 140
117 400
117 797
117 1057
117 164
117 1068
117 814
117 944
117 177
117 1075
117 182
117 991
117 1213
117 1218
117 1228
117 592
117 1233
117 347
117 607
117 226
117 360
117 787
117 1148
117 127
118 430
118 402
118 824
118 318
119 132
119 1093
119 947
119 395
119 1236
119 1113
119 921
119 665
119 218
119 783
119 221
119 545
119 999
119 873
119 235
119 1135
119 157
119 499
119 758
119 825
120 388
120 545
120 840
120 266
120 524
120 270
120 590
120 612
120 938
120 557
120 240
120 883
120 1205
120 694
121 238
121 1138
121 500
121 149
121 982
121 1114
121 283
121 287
122 549
122 134
122 464
122 401
122 183
122 409
122 382
123 481
123 603
123 251
123 1028
123 739
123 148
123 1014
123 125
124 1219
124 783
124 848
124 853
124 1112
124 604
124 487
124 873
124 299
124 364
124 496
124 885
124 502
125 1028
125 520
125 297
125 203
125 1137
125 148
125 436
125 826
125 446
126 388
126 673
126 395
126 270
126 1234
126 277
126 221
126 351
126 545
126 490
126 375
126 825
127 386
127 259
127 645
127 275
127 407
127 667
127 156
127 158
127 163
127 804
127 550
127 1075
127 570
127 863
127 316
127 994
127 347
127 226
127 465
127 381
128 1025
128 899
128 517
128 396
128 403
128 918
128 413
128 286
128 928
128 164
128 1062
128 295
128 1067
128 1073
128 178
128 821
128 569
128 447
128 965
128 1222
128 1226
128 205
128 337
128 466
128 1110
128 215
128 472
128 220
128 1117
128 609
128 1122
128 230
128 745
128 874
128 850
128 880
128 504
128 703
128 253
128 510
128 1109
129 832
129 193
129 797
129 327
129 599
129 535
129 524
129 592
129 1048
129 402
129 787
129 216
129 431
129 546
129 1060
129 1233
129 168
129 938
129 939
129 210
129 177
129 955
129 1205
130 1218
130 900
130 870
130 616
130 268
130 880
130 178
130 275
130 1140
130 506
130 1062
130 829
131 273
131 826
132 832
132 1027
132 775
132 1032
132 266
132 468
132 277
132 598
132 599
132 665
132 738
132 168
132 554
132 363
132 189
133 819
133 555
133 1196
134 160
134 1232
134 464
134 401
134 952
135 327
135 458
135 535
135 622
135 343
135 1246
135 1060
135 1062
135 880
135 433
135 178
135 884
135 249
135 254
136 706
136 1031
136 1036
136 144
136 978
136 991
136 164
136 362
136 175
136 433
137 1098
137 909
139 1232
139 559
140 270
140 1046
140 407
140 797
140 163
140 431
140 694
140 710
140 592
140 1233
140 855
140 604
140 480
140 487
140 626
141 933
141 778
141 429
141 368
141 467
141 180
141 341
141 791
141 154
141 635
142 708
142 328
142 1106
142 1235
142 218
142 679
142 426
142 235
142 743
142 1225
142 1086
143 1027
143 388
143 263
143 266
143 524
143 526
143 274
143 1113
143 167
143 168
143 938
143 221
143 820
143 1205
143 832
143 1219
143 545
143 590
143 1236
143 598
143 599
143 473
143 349
143 737
143 363
144 961
144 323
144 1031
144 1036
144 717
144 941
144 978
144 387
144 1179
144 597
144 282
144 995
144 164
144 423
144 1000
144 681
144 682
144 615
144 624
144 178
144 374
144 568
144 445
145 928
145 657
145 270
145 694
145 604
146 265
146 270
146 220
146 292
146 1131
146 432
146 177
147 962
147 195
147 246
147 193
147 968
147 398
147 1170
147 867
147 462
147 569
147 218
147 285
147 478
147 517
147 611
147 1125
147 488
147 170
147 236
147 658
147 434
147 950
147 1145
147 1146
147 394
147 533
148 297
148 1066
148 1197
148 1028
148 446
149 1138
150 1161
150 906
150 270
150 788
150 925
150 1055
150 732
150 555
150 1196
150 694
150 185
150 582
150 585
150 474
150 604
150 864
150 487
150 245
151 646
151 649
151 779
151 1037
151 911
151 278
151 685
151 905
151 970
151 1079
151 591
151 471
151 719
151 741
151 752
151 1020
152 1152
152 389
152 266
152 1048
152 285
152 427
152 308
152 462
152 593
152 210
152 1125
152 236
152 1145
153 1219
153 263
153 906
153 1163
153 526
153 659
153 1038
153 473
153 732
153 349
153 351
153 737
153 167
153 613
153 240
153 883
153 765
154 368
155 327
155 270
155 337
155 601
155 418
155 874
155 301
155 1010
156 961
156 450
156 323
156 455
156 387
156 1175
156 859
156 732
156 607
156 1075
156 347
156 1043
156 374
156 249
156 991
157 599
157 1112
157 665
157 873
157 947
157 954
158 323
158 1062
158 306
158 812
158 178
158 880
158 1043
158 607
158 732
159 448
159 1058
159 267
159 389
159 973
159 971
159 530
159 242
159 473
159 380
159 1181
160 320
160 834
160 549
160 1003
160 237
160 1245
160 464
160 401
160 439
160 952
160 409
160 443
160 250
160 382
161 375
161 1060
161 869
161 535
161 1002
161 1234
161 343
161 220
161 958
162 512
162 516
162 395
162 908
162 999
162 686
162 432
162 375
163 387
163 1035
163 941
163 400
163 929
163 706
163 327
163 1230
163 991
163 362
163 1136
163 889
163 1148
164 769
164 875
164 675
164 962
164 1169
164 286
164 787
164 670
164 421
164 1062
164 272
164 937
164 1067
164 300
164 1202
164 558
164 1224
164 931
164 307
164 823
164 445
164 447
164 576
164 708
164 328
164 466
164 215
164 350
164 863
164 720
164 423
164 1007
164 880
164 851
164 631
165 1093
165 455
165 864
165 231
165 551
165 556
165 622
165 177
165 178
165 245
165 937
165 809
165 254
166 408
166 762
166 1166
167 1044
167 277
167 590
167 869
167 598
167 604
167 351
167 357
167 487
167 233
167 1135
167 502
168 270
168 694
168 825
168 955
168 835
168 733
168 487
168 1135
168 502
169 910
169 928
169 1186
169 1187
169 1196
169 1201
169 306
169 566
169 906
169 1089
169 333
169 1234
169 858
169 732
169 358
169 373
170 512
170 193
170 643
170 968
170 588
170 524
170 912
170 402
170 596
170 236
170 430
170 308
170 312
170 686
172 906
172 626
172 275
173 1201
173 669
173 318
174 1126
174 266
174 526
174 881
174 468
175 1036
175 525
175 1062
175 301
175 178
175 445
175 978
175 1118
175 316
175 236
175 880
176 1102
176 1247
177 1026
177 797
177 261
177 265
177 528
177 218
177 289
177 292
177 556
177 431
177 1084
177 1233
177 1239
177 915
177 864
177 1131
177 787
177 1148
177 893
178 1068
178 568
178 571
178 576
178 578
178 1110
178 609
178 611
178 614
178 615
178 618
178 624
178 626
178 1215
178 1130
178 1179
178 675
178 686
178 695
178 703
178 706
178 708
178 720
178 249
178 256
178 272
178 785
178 282
178 807
178 307
178 313
178 318
178 328
178 329
178 849
178 342
178 863
178 362
178 875
178 370
178 889
178 421
178 423
178 670
178 950
178 951
178 976
178 1000
178 1007
178 499
178 1018
179 251
179 520
179 844
179 739
179 537
179 603
180 1089
180 1187
180 336
180 808
180 566
181 800
181 1142
181 987
182 604
182 631
182 270
182 431
182 592
182 626
182 275
182 694
182 407
183 320
183 491
183 559
183 1232
183 630
183 184
183 409
183 634
184 264
184 477
184 1249
184 1188
184 491
184 940
184 1198
184 636
185 1159
185 395
185 654
185 276
185 411
185 420
185 551
185 936
185 1135
185 302
185 306
185 825
185 1212
185 1086
185 708
185 328
185 375
185 1235
185 340
185 1239
185 869
185 679
185 1007
185 937
185 638
186 795
187 585
187 270
187 1196
187 788
187 398
187 601
187 413
187 346
187 1123
187 604
187 555
187 236
187 750
188 1152
188 776
188 265
188 855
188 528
188 667
188 797
188 927
188 289
188 1189
188 425
188 939
188 431
188 584
188 694
188 521
188 1183
188 373
188 1035
188 581
188 1105
188 291
188 804
188 605
188 480
188 732
188 1125
188 1001
188 1131
188 236
188 369
188 631
188 508
189 266
189 758
189 349
189 415
190 193
191 512
191 1089
191 928
191 418
191 677
191 1186
191 1192
191 686
191 566
191 193
191 546
191 216
191 474
191 1248
191 1010
191 503
191 894
192 1165
192 526
192 1044
192 373
192 732
192 349
193 579
193 1160
193 777
193 1100
193 402
193 596
193 919
193 601
193 861
193 1190
193 1192
193 426
193 430
193 625
193 915
193 503
193 379
194 336
195 276
195 1175
195 1191
195 809
195 430
195 323
195 374
195 231
195 488
195 1043
195 886
195 937
196 727
196 847
196 878
196 207
197 671
197 310
197 828
197 773
197 471
197 697
197 283
197 668
197 479
198 1009
199 762
200 341
201 225
201 325
201 1039
201 906
201 732
202 626
202 275
202 1220
202 804
202 381
202 799
203 844
203 1066
203 204
203 621
203 1147
203 542
204 1194
204 684
204 981
204 281
204 542
205 270
205 670
205 928
205 694
205 1212
205 1118
205 609
205 869
205 745
205 1234
205 1135
206 386
207 979
207 726
207 868
208 232
208 747
208 399
208 1128
208 498
208 495
209 772
209 581
209 425
209 874
209 1220
209 337
209 1229
209 790
209 1001
209 804
209 605
209 927
210 642
210 1057
210 776
210 1068
210 1035
210 976
210 1239
210 411
210 929
210 677
210 814
210 915
211 257
211 1171
211 317
211 371
212 576
212 769
212 455
212 720
212 466
212 220
212 350
212 421
212 551
212 809
212 374
212 823
213 390
213 711
213 420
213 594
213 916
213 215
213 966
213 794
213 353
213 290
213 548
213 485
213 914
213 1086
213 895
214 640
214 580
214 453
214 298
214 459
214 296
214 439
214 1124
214 1244
214 1221
215 578
215 899
215 1094
215 962
215 272
215 276
215 932
215 414
215 1222
215 720
215 421
215 691
215 875
215 302
215 1073
215 307
215 372
215 569
215 965
215 991
215 725
216 1152
216 915
216 1048
216 601
216 411
216 291
216 552
216 939
217 898
217 572
218 265
218 665
218 289
218 1115
218 422
218 693
218 1106
218 596
218 475
218 744
218 505
218 1148
218 638
219 395
219 1234
219 343
219 601
219 858
219 604
219 1118
219 997
219 1060
219 869
219 220
219 1135
219 306
219 375
219 825
220 1025
220 265
220 663
220 1187
220 292
220 302
220 307
220 670
220 521
220 1082
220 447
220 578
220 584
220 823
220 1105
220 473
220 858
220 732
220 1117
220 997
220 1131
220 958
220 510
221 835
221 545
221 848
221 665
221 233
222 1216
222 653
222 437
222 1047
222 378
222 862
223 841
223 1103
223 702
223 1023
224 1153
224 578
224 923
224 421
224 302
224 936
224 307
224 473
224 922
224 539
224 734
225 906
225 523
225 525
225 1179
225 732
225 1184
225 682
225 433
225 626
225 631
226 1036
226 525
226 270
226 410
226 1184
226 1075
226 309
226 694
226 568
226 445
226 332
226 730
226 604
226 607
226 487
226 616
226 978
227 580
227 453
227 296
227 298
227 459
227 1072
227 538
227 1221
229 749
229 1047
229 378
230 396
230 272
230 276
230 918
230 421
230 302
230 307
230 670
230 578
230 1226
230 720
230 472
230 366
230 372
231 323
231 622
231 943
231 801
231 937
231 812
231 961
231 708
231 328
231 601
231 1118
231 366
231 1007
231 245
232 498
232 747
232 495
232 1128
232 255
232 399
233 545
233 388
233 869
233 306
233 270
233 487
233 694
233 1112
233 604
235 279
235 665
235 1055
235 292
235 422
235 556
235 1211
235 1106
235 864
235 245
235 1148
236 385
236 706
236 968
236 1227
236 588
236 912
236 593
236 596
236 1145
236 462
236 623
236 427
236 760
236 750
236 312
236 441
236 362
237 834
238 1088
238 646
238 1064
238 492
238 779
238 1070
238 591
238 1079
238 376
238 319
239 418
239 457
239 1010
240 848
240 835
240 612
240 364
240 496
240 1044
240 853
241 1024
241 945
241 1142
242 266
242 526
242 499
242 1113
242 380
243 576
243 290
243 421
243 307
243 578
243 720
243 850
243 821
244 1061
244 304
244 1142
245 708
245 328
245 582
245 601
245 734
245 1121
245 755
245 379
246 962
246 720
246 387
246 596
246 488
246 875
246 430
246 552
246 886
246 701
247 512
247 643
247 270
247 474
247 487
247 686
247 755
247 694
248 394
248 292
248 1148
249 1062
249 556
249 950
249 951
249 571
249 1215
249 849
249 851
249 864
249 880
249 1018
249 766
251 603
251 359
251 297
251 1197
251 1208
251 739
251 888
251 1177
252 750
252 387
252 941
252 302
252 822
253 875
253 395
253 272
253 811
253 825
253 576
253 720
253 1110
253 604
253 350
253 609
253 487
253 999
253 1135
253 1018
254 812
254 1041
254 323
254 1175
254 282
254 1179
254 931
254 295
254 809
254 556
254 433
254 562
254 823
254 313
254 447
254 450
254 582
254 458
254 849
254 466
254 474
254 864
254 488
254 551
254 366
254 624
254 1043
254 1215
256 994
256 614
256 550
256 732
256 300
256 695
256 412
256 645
257 501
258 961
258 323
258 1175
258 1228
258 781
258 1041
258 1113
258 473
258 995
258 1031
258 812
258 941
258 433
258 562
258 1215
259 515
259 681
259 395
259 303
259 1234
259 632
259 825
260 280
260 928
260 566
261 452
261 1239
261 533
261 793
261 411
261 548
261 1084
262 451
262 1200
262 1237
262 440
262 891
263 388
263 270
263 1234
263 869
263 306
263 694
264 906
264 798
264 296
264 1193
264 940
264 559
264 439
264 580
264 846
264 732
264 1249
264 491
264 628
264 630
265 1035
265 921
265 1135
265 289
265 292
265 306
265 1230
265 338
265 478
265 869
265 1234
265 1136
265 1148
266 906
266 270
266 274
266 388
266 1135
266 545
266 802
266 1063
266 306
266 820
266 694
266 835
266 971
266 848
266 473
266 783
266 732
266 612
266 1126
266 873
266 364
266 373
266 758
267 867
267 968
267 973
267 270
267 308
267 462
267 1181
268 1036
268 781
268 1041
268 675
268 423
268 816
268 1215
268 849
268 978
268 473
268 1246
268 615
268 632
268 506
269 523
269 1039
269 978
269 1113
269 473
269 1000
269 682
269 948
269 700
269 445
270 526
270 530
270 532
270 1060
270 558
270 1104
270 595
270 598
270 599
270 1115
270 869
270 1123
270 1133
270 654
270 659
270 676
270 1217
270 1219
270 1223
270 1228
270 1234
270 1236
270 1239
270 732
270 733
270 737
270 750
270 765
270 784
270 274
270 277
270 289
270 299
270 306
270 820
270 327
270 848
270 343
270 357
270 657
270 745
270 373
270 375
270 377
270 906
270 411
270 418
270 442
270 955
270 975
270 490
270 1010
270 1018
270 511
271 999
271 745
271 1135
271 405
271 566
272 1010
272 521
272 387
272 414
272 928
272 421
272 1073
272 815
272 689
272 307
272 670
272 569
272 576
272 1089
272 581
272 418
272 337
272 466
272 1186
272 350
272 991
272 609
272 1001
272 875
272 1133
272 882
272 830
272 504
272 1018
273 417
273 365
273 399
273 872
273 981
273 857
273 826
274 395
274 999
274 1135
274 1236
274 694
274 825
275 790
275 675
275 423
275 944
275 953
275 829
275 1218
275 1220
275 1228
275 615
275 626
276 517
276 522
276 395
276 533
276 1086
276 413
276 295
276 306
276 602
276 906
276 318
276 583
276 716
276 472
276 548
276 474
276 732
276 869
276 1248
276 488
276 1191
276 1135
276 372
276 373
276 886
276 375
276 379
276 1173
277 395
277 783
277 1049
277 388
277 673
277 306
277 947
277 694
277 840
277 598
277 351
277 613
277 487
277 361
277 490
277 999
277 1135
277 496
278 911
278 500
278 283
278 1149
279 865
279 422
279 1106
279 755
279 1108
280 463
281 544
281 365
281 1016
281 1147
282 450
282 809
282 978
282 1140
282 325
283 773
283 649
283 1176
283 668
283 685
283 310
283 287
283 970
283 719
283 471
283 1240
283 479
283 352
283 1083
283 996
283 741
283 752
283 500
283 1149
283 639
284 1092
284 453
284 983
284 563
284 439
285 427
285 389
285 638
286 1025
286 1067
286 943
286 447
287 352
287 996
287 1138
287 500
287 982
287 697
288 1011
288 408
288 892
289 292
289 1002
289 1035
289 1136
289 432
289 1230
289 516
290 390
290 793
290 669
290 1185
290 547
290 932
290 988
290 691
290 698
290 318
290 583
290 594
290 602
290 732
290 990
290 619
290 1116
290 373
290 379
291 618
291 1230
291 400
291 946
292 1131
292 394
292 395
292 908
292 528
292 921
292 432
292 434
292 825
292 1211
292 957
292 1035
293 1044
294 1090
295 522
295 402
295 323
295 421
295 936
295 307
295 734
295 961
295 578
295 328
295 350
295 1121
295 487
295 1043
296 640
296 538
296 298
296 942
296 561
296 1207
296 451
296 580
296 453
296 1244
296 753
296 382
297 739
297 1028
297 1137
298 640
298 580
298 935
298 940
298 559
298 464
298 1042
298 345
298 444
298 491
299 1236
299 613
299 1049
299 487
299 840
299 820
299 885
299 694
299 665
299 557
300 330
300 647
301 784
301 803
301 810
301 306
301 824
301 1082
301 318
301 327
301 584
301 1104
301 1107
301 601
301 1117
301 1122
301 869
301 362
301 1136
301 369
301 627
301 373
301 375
301 390
301 906
301 1168
301 1183
301 929
301 1202
301 706
301 972
301 1230
301 1234
301 510
302 396
302 403
302 533
302 918
302 346
302 1056
302 548
302 1094
302 813
302 413
302 1074
302 566
302 822
302 962
302 579
302 569
302 582
302 711
302 1226
302 716
302 418
302 1109
302 472
302 745
302 1133
302 1010
302 372
302 895
303 1234
303 386
303 869
303 375
304 1061
304 987
305 899
305 517
305 1055
305 928
305 547
305 548
305 1121
305 367
305 1010
305 886
306 1027
306 784
306 1112
306 406
306 1053
306 807
306 810
306 1195
306 432
306 694
306 586
306 332
306 848
306 1107
306 468
306 853
306 599
306 344
306 1209
306 858
306 351
306 1248
306 869
306 487
306 1002
306 745
306 1134
306 375
306 1144
306 377
306 997
306 508
307 1153
307 1031
307 941
307 813
307 1173
307 922
307 539
307 928
307 923
307 566
307 576
307 578
307 1186
307 1105
307 850
307 350
307 745
307 1133
307 1018
308 1227
308 973
308 623
308 530
308 311
308 604
308 1181
309 632
309 473
310 828
310 668
310 565
311 1152
311 385
311 427
311 389
311 1158
311 398
311 912
311 1044
311 1048
311 1052
311 1189
311 939
311 441
311 1227
311 968
311 593
311 867
311 1125
311 760
311 1145
312 976
312 535
312 912
312 530
312 430
312 1115
312 618
313 521
313 402
313 387
313 596
313 406
313 925
313 991
313 807
313 430
313 374
313 1161
313 579
313 1151
314 449
314 859
314 732
314 607
314 550
314 412
315 1051
315 359
315 751
315 1137
315 1014
316 706
316 1218
316 535
316 525
316 343
316 473
316 347
316 607
316 1184
316 859
316 1075
316 1140
316 889
317 987
318 387
318 1031
318 910
318 536
318 324
318 794
318 1062
318 669
318 1185
318 678
318 1159
318 1201
318 692
318 452
318 583
318 333
318 340
318 601
318 485
318 941
318 754
318 755
318 532
318 916
319 1070
320 699
320 549
320 1193
320 940
320 1231
320 1232
320 817
320 628
320 630
320 409
320 443
320 444
320 382
321 418
321 566
321 986
322 1122
322 1012
322 1082
323 517
323 582
323 811
323 1173
323 474
323 863
323 609
323 488
323 551
323 366
323 925
323 1191
323 886
323 937
323 522
324 485
324 876
324 754
324 1139
324 916
324 1239
324 794
325 624
325 1000
325 682
325 1233
325 626
325 787
325 597
325 1179
325 700
325 797
326 497
326 591
327 663
327 1036
327 525
327 407
327 1048
327 810
327 568
327 573
327 958
327 667
327 972
327 589
327 781
327 976
327 978
327 855
327 1246
327 1104
327 764
327 618
327 627
327 377
327 508
328 1031
328 899
328 601
328 367
328 1055
328 1056
328 966
328 1062
328 937
328 679
328 693
328 1086
328 831
328 708
328 712
328 716
328 1108
328 1007
328 420
328 475
328 1118
328 865
328 488
328 619
328 880
328 372
328 379
329 1122
329 521
329 874
329 951
329 1202
329 1105
329 1082
329 571
329 991
330 387
330 647
330 1031
330 941
331 1216
331 437
331 567
332 681
332 632
332 730
333 1185
333 390
333 788
333 585
333 669
334 866
334 839
334 841
334 587
334 1103
334 1080
334 1210
334 348
334 762
334 1023
335 653
336 368
337 670
337 421
337 560
337 627
337 692
337 951
337 571
337 972
337 601
337 874
337 1008
337 377
337 637
338 864
338 1093
338 430
338 665
339 1011
339 408
340 1248
340 487
340 583
340 532
340 824
340 474
340 604
341 928
341 620
341 368
341 808
341 791
342 1152
342 939
342 1189
342 431
343 1036
343 784
343 1041
343 1068
343 1215
343 462
343 568
343 978
343 1107
343 997
343 849
344 640
344 559
344 687
345 1249
345 1221
345 617
345 1042
345 983
345 827
345 1244
346 932
346 720
346 691
346 414
346 895
347 1155
347 645
347 787
347 550
347 1078
347 1096
347 994
347 863
347 373
348 866
348 841
348 1103
348 1080
348 702
349 448
349 802
349 1063
349 577
349 971
349 1038
349 1113
349 732
349 1126
349 881
349 499
349 373
349 468
349 380
349 383
350 769
350 1031
350 813
350 1173
350 539
350 928
350 923
350 1062
350 576
350 578
350 466
350 931
350 991
350 609
350 941
350 875
350 880
350 1018
351 673
351 694
351 825
351 590
351 598
351 604
351 869
351 487
351 490
351 1135
351 496
352 996
352 639
352 500
352 828
353 579
353 452
353 1139
353 691
353 1239
353 932
353 698
354 610
354 998
354 719
354 629
354 1098
354 1119
355 419
357 840
357 1038
357 694
358 1182
358 1134
358 959
359 672
359 1154
359 888
359 666
360 642
360 592
360 787
360 535
360 487
360 939
360 1068
361 835
361 1236
361 1049
362 781
362 400
362 535
362 1183
362 1060
362 1062
362 814
362 1168
362 568
362 1213
362 589
362 976
362 1117
362 1118
362 784
362 618
362 880
362 1107
362 508
362 510
363 1027
363 906
363 694
363 835
363 758
363 1112
363 1113
363 732
363 612
363 487
363 373
363 502
364 733
364 825
364 955
364 1217
364 840
364 848
364 999
364 1135
365 417
365 844
365 399
365 542
366 387
366 1031
366 392
366 396
366 403
366 1062
366 551
366 809
366 941
366 450
366 582
366 458
366 472
366 622
366 880
366 372
366 374
367 579
367 396
367 402
367 750
367 1007
367 915
368 1186
369 584
369 1035
369 1230
369 1234
369 601
369 869
369 604
369 375
369 510
370 1224
370 1161
370 925
370 880
370 387
370 1151
371 704
371 1142
372 396
372 918
372 413
372 670
372 421
372 708
372 1226
372 472
373 1035
373 915
373 929
373 859
373 648
373 906
373 1089
373 863
373 1186
373 1230
373 526
373 599
373 607
373 1249
373 1134
373 1136
374 1195
374 522
374 406
374 807
374 811
374 556
374 863
374 447
374 582
374 458
374 1110
374 474
374 864
374 488
374 1191
374 626
374 886
374 1018
374 703
375 386
375 516
375 944
375 405
375 663
375 461
375 863
375 958
375 1218
375 586
375 1228
375 848
375 953
375 803
375 598
375 599
375 1248
375 997
375 1132
375 1140
375 1144
375 508
375 765
376 1088
376 1064
376 1114
377 1202
377 694
377 825
377 1082
377 1104
377 601
377 1122
377 999
377 1135
377 627
378 486
378 393
378 567
379 1055
379 420
379 582
379 566
379 708
379 966
379 474
379 1007
380 526
380 468
380 473
381 799
381 1218
381 1019
381 1041
381 790
381 423
381 781
381 849
381 626
381 1140
381 1241
382 580
382 440
382 891
383 526
383 468
384 1202
384 570
384 1243
384 926
385 623
385 402
385 430
386 1075
386 869
386 681
386 859
386 1234
386 515
386 948
386 632
387 1067
387 962
387 1169
387 1170
387 1046
387 1007
387 1062
387 423
387 937
387 615
387 562
387 433
387 822
387 521
387 1082
387 445
387 447
387 578
387 708
387 581
387 842
387 717
387 720
387 995
387 855
387 1117
387 611
387 766
387 421
387 573
387 880
387 1001
387 884
387 631
387 510
388 673
388 835
388 612
388 848
388 659
388 853
388 490
388 469
389 1158
389 487
389 398
389 694
389 1145
389 623
390 914
390 532
390 1116
390 990
390 691
392 744
392 601
392 1118
394 430
394 434
394 596
394 1211
395 516
395 659
395 665
395 461
395 938
395 948
395 835
395 975
395 848
395 853
395 598
395 825
395 858
395 1120
395 997
395 999
395 745
395 1133
395 1135
395 627
396 899
396 1101
396 1074
396 472
396 1094
396 1109
397 930
397 646
397 724
397 890
397 1180
398 1115
398 623
398 1123
399 544
399 740
399 417
399 747
399 495
399 498
399 633
399 826
399 1022
399 1128
400 1152
400 642
400 776
400 407
400 667
400 1068
400 573
400 706
400 710
400 968
400 588
400 589
400 462
400 976
400 465
400 604
400 480
400 867
400 764
401 935
401 940
401 846
401 628
401 439
401 952
401 699
401 444
401 1245
402 517
402 522
402 533
402 1174
402 793
402 1093
402 1056
402 547
402 1074
402 430
402 815
402 689
402 690
402 886
402 1094
402 1099
402 716
402 1101
402 1081
402 602
402 478
402 1073
402 488
402 1191
402 882
402 503
403 899
403 1094
403 918
403 604
403 670
403 421
403 487
403 1074
404 729
405 928
405 1186
405 1089
405 1234
405 1133
405 1187
405 566
405 604
405 1018
406 961
406 950
406 801
406 1170
406 755
406 766
407 976
407 941
407 855
407 573
408 1166
408 892
408 1011
409 559
409 1232
410 730
411 512
411 1152
411 1026
411 643
411 914
411 1174
411 1048
411 452
411 546
411 689
411 1192
411 694
411 569
411 1084
411 962
411 604
411 1125
411 678
411 754
412 994
412 859
412 645
412 1155
412 1078
412 607
413 899
413 936
413 576
413 734
413 1121
413 748
413 750
414 769
414 521
414 418
414 962
414 1105
414 850
414 1010
414 895
415 1126
415 881
416 1010
416 418
416 960
416 428
416 674
416 928
416 660
417 771
417 520
417 1194
417 684
417 981
417 446
418 770
418 664
418 660
418 806
418 1202
418 972
418 986
418 1117
418 734
418 1120
418 656
418 1122
418 487
418 1129
418 1010
418 763
418 510
419 1186
419 428
419 721
419 566
419 986
419 606
420 708
420 932
420 426
420 1013
420 566
420 503
420 698
421 1031
421 1173
421 670
421 821
421 823
421 850
421 1109
421 472
421 991
421 488
421 874
421 1133
422 801
422 1106
422 755
422 505
423 870
423 1062
423 616
423 655
423 675
423 1019
423 991
424 738
424 775
424 1032
424 1164
424 887
425 929
425 1035
425 1136
425 570
425 510
426 966
426 1235
426 693
426 1086
426 831
427 1158
428 768
428 674
428 960
428 715
428 656
428 660
428 920
428 986
429 992
429 933
429 635
429 791
430 899
430 962
430 912
430 921
430 1093
430 547
430 548
430 1074
430 434
430 1118
430 522
430 716
430 462
430 601
430 478
430 503
431 896
431 642
431 946
431 948
431 976
431 618
431 1140
431 1148
432 869
432 1234
432 663
432 516
432 957
432 958
433 1041
433 551
433 809
433 1031
433 941
433 943
433 944
433 445
433 455
433 717
433 849
433 995
433 884
434 596
435 839
435 1210
435 1023
436 713
436 1028
436 751
437 1216
437 749
437 1045
437 567
437 987
438 998
438 1033
438 497
438 479
439 453
439 732
439 906
439 491
439 563
439 628
439 477
439 798
440 549
440 891
441 1158
441 1227
441 694
441 760
442 825
442 999
442 1196
442 1135
442 788
442 694
442 585
442 601
442 604
443 580
444 1221
444 617
444 1244
444 630
444 634
444 636
444 477
445 1036
445 562
445 568
445 706
445 976
445 884
445 889
446 771
446 520
446 844
446 1066
446 1194
446 537
446 603
446 1028
447 1025
447 1031
447 458
447 551
447 941
447 943
447 1067
447 991
448 454
448 971
448 526
448 468
449 1155
449 1096
449 859
449 607
450 522
450 785
450 1179
450 562
450 1206
450 1248
450 466
450 597
450 474
450 864
450 609
450 1000
451 969
452 1026
452 915
452 932
452 678
452 552
452 691
452 698
452 1084
452 1239
452 485
452 748
452 1139
452 893
453 580
453 1207
453 753
453 563
454 468
454 473
454 971
455 523
455 785
455 937
455 811
455 943
455 823
455 582
455 466
455 597
455 1110
455 474
455 1018
455 703
456 993
456 1203
456 1111
456 723
456 1077
456 727
456 731
456 924
457 928
457 709
457 476
458 1206
458 523
458 785
458 466
458 864
458 551
458 682
458 556
458 624
459 580
459 630
459 1198
459 559
459 1042
459 827
461 869
461 999
461 535
461 1135
461 1234
461 858
462 530
462 1181
462 1058
462 973
462 976
462 618
462 638
463 928
464 617
464 952
464 1244
465 706
465 589
465 667
465 1148
466 576
466 551
466 720
466 943
466 670
466 991
467 928
467 1089
467 1186
467 1187
467 620
467 566
468 1113
468 802
468 694
468 577
468 971
468 1112
468 473
468 783
468 732
468 873
468 499
468 758
469 694
470 928
470 712
470 619
470 980
470 735
471 610
471 1020
471 970
471 685
471 668
471 741
472 1226
473 1153
473 922
473 539
473 655
473 1038
473 599
473 496
473 884
474 532
474 654
474 809
474 619
474 943
474 937
474 1159
475 518
475 1160
475 777
475 919
475 1190
475 693
475 1085
475 705
475 1100
475 1106
475 860
475 861
475 625
475 1141
476 928
476 709
476 1162
477 935
477 940
477 1198
477 634
477 798
478 665
479 718
479 668
480 1046
481 902
481 1208
481 1238
481 888
481 1177
481 1021
483 761
484 987
484 1142
485 678
485 748
485 876
485 1071
485 754
485 915
485 916
485 536
485 794
485 780
487 1057
487 803
487 552
487 814
487 833
487 579
487 840
487 1109
487 598
487 599
487 1113
487 1115
487 1123
487 1213
487 915
487 1140
487 1148
487 632
487 893
487 896
487 1159
487 1173
487 1183
487 928
487 680
487 681
487 584
487 948
487 955
487 701
487 1218
487 1236
487 997
487 488
487 750
487 1010
487 499
487 760
488 962
488 670
488 569
488 961
488 578
488 596
488 1121
488 1146
489 512
489 1187
489 581
489 1089
489 521
489 1186
489 694
489 1202
489 1105
489 566
489 1001
489 1082
489 1117
489 510
490 673
490 1135
490 694
490 825
491 1249
491 1188
491 1198
491 559
491 634
491 636
492 905
494 913
494 1004
495 747
495 498
495 564
496 526
496 659
496 1044
496 1113
496 1049
496 840
496 590
496 732
496 883
497 718
497 1033
497 646
497 591
497 629
497 1079
497 1180
497 998
497 1119
498 1128
498 564
499 832
499 1044
499 665
499 880
499 1062
499 1205
499 884
500 982
500 649
500 911
500 1138
500 1240
500 1149
502 832
502 599
502 526
502 840
502 885
502 598
502 1112
502 665
502 733
502 1205
503 1013
503 601
503 894
504 596
506 675
506 681
506 615
506 816
506 948
507 653
508 929
508 1035
508 586
508 869
508 1230
508 1060
509 758
509 967
510 1031
510 941
510 658
510 928
510 803
510 810
510 558
510 560
510 1204
510 566
510 706
510 1104
510 595
510 889
510 991
510 611
510 1010
510 1107
510 1148
510 766
511 694
512 643
512 516
512 915
512 917
512 934
512 558
512 694
512 579
512 1132
512 601
512 1118
512 748
512 755
513 928
513 1186
513 756
513 566
514 1082
515 608
515 553
516 869
516 1132
516 1002
516 663
516 999
516 958
517 936
517 812
517 961
517 965
517 725
517 604
517 734
517 1121
517 1043
518 566
519 677
519 1192
519 988
519 1006
519 1081
519 793
519 604
519 893
519 894
520 1066
520 684
520 1028
520 740
520 603
521 1031
521 1035
521 929
521 941
521 560
521 670
521 951
521 1230
521 851
521 1105
522 937
522 886
522 1191
522 812
522 596
522 622
522 1175
522 1173
523 1039
523 880
523 785
523 1206
523 943
523 700
524 835
524 848
524 853
524 825
524 1135
525 1184
525 976
525 618
525 1230
525 889
526 906
526 1063
526 577
526 1038
526 732
527 722
527 989
528 1131
528 694
529 772
529 804
530 867
530 968
530 1227
530 588
530 912
530 694
531 869
531 1144
531 632
532 1185
532 582
532 1159
532 583
532 555
532 1196
532 669
532 694
532 824
532 604
533 1026
533 932
533 734
533 1121
533 548
533 936
533 552
533 698
533 701
534 727
534 993
535 896
535 1036
535 781
535 912
535 663
535 1060
535 1062
535 694
535 958
535 1215
535 586
535 849
535 978
535 1246
536 1185
536 794
536 583
536 780
536 754
536 1139
536 916
536 759
536 669
537 603
538 1092
538 1221
538 942
538 561
538 563
538 983
539 1153
539 871
539 936
539 1034
539 651
539 578
539 813
539 734
539 1133
539 922
539 923
542 621
542 1016
544 771
544 844
544 684
544 981
545 765
545 612
545 659
545 665
546 1192
546 893
546 1239
546 601
546 701
547 1121
547 579
547 748
547 1026
547 915
548 1026
548 932
548 552
548 698
548 701
548 734
548 991
548 1121
548 936
549 1237
550 994
550 1155
550 645
550 1096
550 1075
551 769
551 781
551 931
551 823
551 961
551 1248
551 1000
551 624
552 962
552 793
552 677
552 678
552 1081
552 701
552 601
552 604
552 1006
552 1146
552 893
552 894
553 608
553 1167
554 1032
555 1030
555 1134
555 928
555 676
555 1223
555 1123
555 755
556 705
556 601
556 864
556 679
556 809
556 625
556 1086
557 612
557 1236
558 928
558 1186
558 1187
558 583
558 566
558 1117
559 1198
559 1072
559 1244
559 636
560 928
560 1186
560 1105
560 874
560 566
560 1117
561 640
561 580
561 563
562 944
562 809
562 1228
562 717
562 953
563 640
563 753
563 983
563 687
563 1207
564 1128
564 747
565 828
565 697
565 668
566 770
566 777
566 778
566 791
566 1069
566 1086
566 831
566 585
566 1100
566 604
566 1117
566 606
566 1141
566 641
566 906
566 652
566 660
566 674
566 934
566 679
566 966
566 715
566 721
566 980
566 984
566 729
566 732
566 735
566 1190
566 1235
566 1013
567 1216
567 653
567 1047
568 785
568 1062
568 682
568 700
568 706
568 717
568 976
568 1000
568 618
568 624
569 1121
569 1239
569 596
569 917
569 1212
570 1243
570 772
570 1229
570 948
570 927
570 681
570 1204
570 605
570 1054
571 1122
571 1062
571 1105
571 874
571 1202
571 1082
572 985
572 1214
573 941
574 707
575 987
576 1153
576 923
576 1031
576 813
576 821
576 823
576 578
576 991
576 1133
577 1165
578 928
578 1186
578 923
578 821
578 703
578 850
578 1110
578 991
578 880
579 678
579 915
579 686
579 794
579 601
579 604
579 1118
579 754
580 1249
580 1092
580 983
581 1035
581 652
581 929
581 804
581 934
581 1069
581 1001
581 1015
581 972
581 1230
581 851
581 784
581 1107
581 1130
581 875
581 631
582 1175
582 1055
582 809
582 812
582 1225
582 831
582 961
582 1097
582 743
582 750
583 1159
583 907
583 654
583 601
583 669
583 1185
583 1008
583 692
584 1035
584 1183
584 803
584 1082
584 1234
584 604
585 1120
585 676
585 806
585 1030
585 750
585 1115
585 755
585 638
586 1060
586 1234
587 1080
588 1060
588 618
589 706
589 710
589 764
590 612
590 1038
590 1044
590 661
590 598
592 896
592 642
592 787
592 991
592 681
592 1068
594 711
594 720
594 670
595 928
595 694
595 1082
595 1117
595 991
596 658
596 815
596 1073
596 950
596 830
596 962
596 611
596 882
597 880
597 1062
597 809
597 1036
597 943
597 1140
598 947
598 694
598 604
598 869
598 999
598 758
599 906
599 1113
599 947
599 694
599 954
599 1234
599 1112
599 604
599 758
600 808
601 1030
601 748
601 1168
601 1120
601 784
601 814
601 1213
601 708
601 1183
601 929
601 803
601 676
601 937
601 1104
601 1223
601 824
601 1084
601 701
601 1192
601 972
601 744
601 1230
601 976
601 1107
601 1129
601 889
601 915
601 864
601 1123
601 975
601 1001
601 750
601 1007
601 1136
601 627
601 1148
602 936
602 915
603 1194
603 684
604 1030
604 748
604 1052
604 1186
604 1115
604 659
604 806
604 680
604 1148
604 840
604 701
604 1217
604 1227
604 728
604 1113
604 915
604 733
604 1120
604 955
604 893
604 869
604 657
604 765
604 885
604 1129
604 632
604 835
604 997
604 638
605 804
605 1148
605 1229
605 1117
605 1204
605 1082
605 927
606 1089
606 1162
606 715
606 1187
606 920
606 986
606 1186
607 1155
607 863
607 631
609 1062
609 809
609 745
609 1133
609 880
609 1018
610 1037
610 719
610 752
610 668
611 1122
611 1202
611 807
611 1031
611 941
611 622
611 925
611 1082
612 1027
612 1163
612 661
612 938
612 818
612 1205
612 694
612 955
612 832
612 1217
612 848
612 733
612 613
612 883
613 1038
613 1236
614 1062
614 695
615 816
615 870
615 1031
615 941
615 655
615 616
615 1019
616 675
616 632
616 829
617 1072
618 1152
618 642
618 776
618 1068
618 1048
618 797
618 1184
618 1189
618 1062
618 1233
618 939
618 858
618 694
618 1213
618 968
618 912
618 867
618 1125
618 880
619 928
619 980
619 735
620 778
621 1016
621 1147
622 937
622 811
622 703
622 849
622 864
622 626
622 1215
623 1227
623 760
623 1052
624 1000
624 809
625 864
625 928
625 861
626 648
626 790
626 799
626 941
626 1241
627 825
627 1105
627 972
627 1104
627 874
627 810
629 1098
629 1119
630 1072
630 798
631 991
631 1001
631 1031
631 941
631 976
631 859
631 1075
631 874
632 655
632 694
632 870
632 1144
634 636
634 940
634 798
635 992
636 1188
636 935
636 940
636 1198
636 798
637 874
637 1082
638 1158
638 912
638 788
638 1056
638 1223
638 1074
638 711
638 968
638 1123
638 1115
638 1118
638 1248
638 867
639 996
639 668
640 1124
640 983
641 1089
641 1186
641 1187
641 715
641 721
642 896
642 776
642 787
642 1057
642 1060
642 939
642 1068
642 814
642 1125
642 880
643 1062
643 748
643 686
643 915
644 928
645 903
645 1075
645 1078
646 724
646 890
646 1114
648 732
650 1122
650 681
650 1202
650 1054
651 1153
651 923
651 871
651 1034
651 813
651 1133
651 922
652 928
652 934
652 1001
652 1069
652 1187
652 1015
653 749
653 1045
654 1248
654 1185
654 694
655 870
655 948
655 829
656 960
656 1089
656 1187
656 1186
656 1010
657 928
657 694
658 950
658 807
658 1195
658 941
658 1082
658 1117
659 999
659 1135
659 1112
659 1038
659 694
659 825
660 1089
660 1187
660 1186
660 1010
660 986
661 848
661 818
661 1044
661 853
662 898
662 1029
662 714
663 869
663 1002
663 1234
664 1089
664 709
664 1186
664 674
664 1010
664 770
665 783
665 921
665 802
665 947
665 1236
665 1113
665 999
665 873
666 1154
666 1066
666 684
666 751
667 706
667 710
667 764
668 741
668 773
668 697
668 789
668 970
669 1185
669 932
669 876
669 1201
669 698
670 1133
670 1173
670 1109
670 1105
670 745
670 874
670 880
670 895
672 684
672 1066
672 844
672 1208
672 1177
672 1194
673 999
673 1135
673 694
673 825
674 928
674 1187
674 1010
674 1089
674 770
674 986
675 870
675 816
675 900
675 1019
675 991
676 788
676 806
676 694
676 975
676 1118
676 1120
676 999
676 1129
676 1135
677 1125
677 893
678 780
678 1239
678 748
678 1139
678 759
678 701
679 1248
679 693
679 1235
679 698
680 1148
681 900
681 1039
681 1046
681 797
681 1054
681 948
681 1209
681 1233
681 869
681 999
682 880
682 948
682 953
682 1039
684 844
684 1066
685 741
685 718
685 1037
686 801
686 1132
686 915
686 694
686 957
687 1124
688 1011
688 892
689 965
689 1174
689 830
691 932
691 759
691 780
691 1071
691 698
691 1086
692 824
693 1235
693 755
693 1086
694 825
694 1027
694 1030
694 1104
694 1052
694 934
694 810
694 760
694 1131
694 1133
694 1219
694 1227
694 975
694 848
694 1135
694 745
694 765
694 737
694 784
695 880
695 1062
696 928
697 982
698 966
698 1185
698 711
698 759
698 914
698 1071
698 1086
699 1249
699 1193
699 846
699 817
700 809
700 943
700 1039
701 962
701 1192
701 793
702 841
702 1103
702 1210
702 1023
703 1175
703 812
703 961
703 1110
703 745
703 880
703 1018
706 1183
706 710
706 1062
706 803
706 1117
706 1118
706 995
706 880
706 764
708 831
708 1108
708 1118
708 1248
709 928
709 770
709 960
709 986
710 1136
711 1115
711 895
712 928
712 1089
712 1186
712 1187
712 735
713 1154
713 1051
713 1066
715 928
716 1094
716 918
716 1115
716 1056
716 1123
716 1223
716 748
717 995
717 884
717 991
719 741
719 970
719 1037
719 752
719 1020
720 769
720 1031
720 931
720 1062
720 941
720 823
720 850
720 962
720 1146
720 1001
720 880
720 1018
721 768
721 1186
721 1089
721 1248
721 928
721 1187
721 920
723 1203
723 1077
723 854
723 1017
723 731
723 924
724 890
724 1114
725 1222
725 830
726 836
726 868
726 757
727 836
727 1017
727 856
728 833
728 1148
729 928
729 977
729 762
730 1209
731 1203
731 854
732 832
732 1027
732 790
732 1035
732 1155
732 944
732 1205
732 953
732 906
732 1089
732 929
732 1096
732 1038
732 1228
732 1186
732 1230
732 863
732 1134
732 1136
732 915
732 1148
733 835
733 758
733 955
733 853
734 793
734 922
734 1055
734 928
734 813
734 1248
734 988
734 1173
735 928
735 1186
737 1038
737 885
738 1164
738 758
739 1197
740 1066
740 844
740 1014
741 970
742 1029
743 928
743 865
743 1097
743 1108
743 1225
743 1086
744 1118
745 811
745 1118
745 999
745 1234
746 928
748 1056
748 1094
748 1074
748 1139
748 1118
748 1125
749 1047
750 899
750 788
750 1196
750 1101
750 1115
750 1145
752 970
753 942
753 1172
753 1207
754 876
754 824
754 914
754 915
754 916
754 1139
754 1239
755 1195
755 1161
755 788
755 925
755 801
755 937
755 1196
755 1106
755 1108
755 1151
757 836
757 878
757 847
758 1032
758 1205
758 832
758 967
758 1126
758 881
758 887
759 914
760 1158
761 792
761 1091
762 963
762 841
762 1050
762 892
762 1023
763 928
765 869
765 999
765 1234
765 1038
765 1112
766 807
766 1195
766 1117
766 1151
767 1047
768 920
768 986
769 809
769 823
769 991
770 960
770 1187
770 1186
770 1162
770 1010
771 1194
771 981
772 804
772 1019
772 799
774 1082
774 1122
774 1202
775 1164
775 887
776 1068
776 1213
778 928
778 1186
778 791
779 905
779 1114
780 1139
780 932
781 1218
781 884
781 1246
782 862
783 947
783 954
783 885
784 1001
784 1107
784 1082
784 1117
784 1060
785 1062
785 809
785 943
785 880
785 1206
787 1057
787 859
787 1068
787 1075
787 991
787 1148
788 1089
788 1186
788 1115
788 1120
788 1123
788 1030
788 975
789 1083
790 1220
790 1241
790 804
791 928
791 992
791 1186
791 1187
792 1091
793 1084
793 1026
793 1006
793 988
794 876
794 1139
794 914
794 915
794 1239
796 1102
796 1005
796 1148
797 1057
797 948
797 1218
797 1140
798 1188
798 1198
799 906
801 1195
801 937
801 807
801 1055
803 869
803 1234
803 1082
804 1001
804 1035
804 1230
804 1220
804 964
804 927
805 1156
806 1120
806 1196
806 1010
806 1129
806 1148
807 1161
807 1169
807 925
807 1062
807 812
807 961
807 842
807 984
807 1170
809 811
809 823
809 1248
809 864
809 1018
810 1135
810 825
811 1175
811 812
812 1195
812 1173
812 937
812 961
812 1110
813 1121
813 1153
813 1133
813 922
814 896
814 1068
814 976
814 1118
815 882
816 900
817 846
818 835
818 1044
818 853
819 1134
820 1236
820 825
820 1135
821 875
822 1031
822 1223
822 941
822 1123
823 931
823 943
823 991
824 914
824 876
824 1118
825 1030
825 972
825 938
825 848
825 853
825 858
825 1248
825 1104
825 997
825 999
825 1133
825 1135
825 1140
825 975
827 1221
827 1072
827 1042
828 996
829 870
829 1019
829 991
830 1174
831 928
831 1089
831 1007
832 906
832 1205
832 1113
832 869
833 1148
835 1027
835 1049
835 938
835 955
835 840
835 1234
835 999
836 868
836 856
837 1082
837 1012
838 1076
838 1157
839 1210
839 1023
840 848
840 1236
840 885
842 1089
842 1186
842 1031
842 941
842 1187
842 991
843 928
843 1087
844 1154
844 1147
844 1066
844 1014
844 1194
846 1231
847 979
848 938
848 853
848 999
848 1234
848 1135
848 885
849 1140
849 1218
849 1041
849 1246
849 884
849 1215
849 1060
850 875
851 1062
851 1130
851 880
852 1114
852 879
853 938
853 955
853 1217
853 869
853 999
853 885
854 1077
855 929
855 941
856 868
857 872
858 997
858 1134
858 1135
859 1155
859 994
859 1075
859 1078
860 919
861 928
861 1160
861 919
863 961
863 869
863 1062
863 906
863 1075
864 1093
865 1097
865 1106
865 1108
865 1225
865 1007
867 1115
868 979
869 1027
869 908
869 1168
869 1183
869 948
869 957
869 958
869 944
869 1228
869 1124
869 997
869 1002
869 1132
871 923
871 901
871 1034
873 947
873 885
873 954
874 1104
874 951
874 972
875 962
875 1062
875 1001
875 1018
875 1146
875 991
876 1139
878 979
880 976
880 1110
880 1036
880 937
880 1068
880 978
880 889
880 1113
880 951
880 1062
880 1000
880 1130
880 1007
880 1215
881 1126
883 1038
884 1041
884 941
884 1228
884 944
884 1113
884 1246
885 1219
885 1236
886 962
886 1121
886 1146
888 1051
888 1238
888 1021
889 1062
889 1082
889 1117
890 930
890 1114
891 969
891 1200
891 1237
892 1011
893 962
893 894
896 1233
896 1068
896 1213
897 985
897 1214
899 1121
899 1123
899 1223
899 1109
900 948
901 956
902 1021
902 1238
903 994
903 1078
905 1114
906 1186
906 944
906 1075
906 1205
906 953
906 1249
906 1038
906 1228
906 1241
906 1134
906 1148
907 1008
908 1002
908 958
911 1149
912 976
912 1115
913 1004
914 1185
914 1239
914 916
914 1116
914 990
915 916
915 1048
915 1101
915 1125
915 1139
916 1239
916 1139
917 962
917 1248
917 1212
918 1226
918 1074
918 1109
919 928
919 1160
920 986
922 1153
922 936
923 1153
923 1034
923 1133
924 1017
924 1203
925 961
926 1122
926 1202
926 1082
926 1243
926 1054
927 1122
927 1229
927 1117
927 1202
927 1204
928 1121
928 1162
928 936
928 1196
928 1097
928 1225
928 966
928 1095
928 980
928 984
928 986
928 1150
928 1134
928 1085
928 1013
929 1048
929 939
929 1118
929 1136
930 1114
932 1235
932 966
932 1185
932 1071
932 1086
933 992
934 1186
934 1089
934 1001
935 1249
935 940
935 1198
936 1010
936 1248
936 1173
937 1031
937 943
937 1007
937 941
937 961
937 991
937 1043
937 1248
938 999
938 1135
939 1125
939 946
939 1230
939 976
939 1213
940 1249
940 1188
940 1221
940 1198
941 1025
941 1031
941 1169
941 1067
941 1105
941 1117
942 1207
942 1172
944 1228
944 1234
944 953
946 1152
946 1189
946 1068
946 1048
947 1112
948 1054
948 1233
948 999
949 1065
950 1195
951 1062
951 1105
951 1001
951 1082
952 1245
953 1234
954 1112
955 1217
956 1133
958 1002
958 1234
959 1182
960 1162
960 986
961 1161
961 1043
961 1175
961 1110
962 1239
962 1191
962 991
962 1146
963 1050
965 1174
965 1212
966 1186
968 976
968 1058
968 973
968 1181
968 1115
969 1200
972 1001
972 1105
972 1135
972 1010
973 1058
974 993
975 999
975 1196
975 1035
975 1230
976 1152
976 1048
976 1184
976 1062
976 1125
976 1233
976 1213
978 1060
978 1062
978 1179
980 1186
980 1187
981 1016
984 1089
984 1186
984 1187
985 1178
985 1214
986 1010
987 1216
987 1061
987 1142
988 1006
991 1169
991 1202
991 1082
991 1224
991 1122
993 1017
994 1075
997 1060
997 999
997 1118
999 1030
999 1135
999 1248
999 1129
999 1120
999 1104
999 1133
1000 1062
1000 1228
1000 1039
1001 1035
1001 1069
1001 1107
1001 1118
1002 1234
1003 1127
1004 1040
1005 1148
1006 1026
1007 1248
1007 1062
1007 1108
1010 1082
1010 1121
1010 1117
1010 1122
1010 1129
1011 1166
1013 1186
1013 1235
1014 1051
1015 1089
1015 1186
1015 1187
1018 1110
1019 1220
1021 1208
1021 1177
1023 1210
1025 1031
1025 1067
1026 1118
1027 1234
1027 1112
1028 1197
1028 1137
1030 1196
1030 1135
1030 1148
1030 1118
1031 1067
1031 1105
1031 1117
1032 1164
1034 1133
1035 1168
1035 1184
1035 1204
1035 1229
1035 1105
1035 1118
1035 1125
1036 1060
1036 1062
1036 1039
1038 1219
1038 1163
1039 1218
1041 1060
1041 1062
1042 1221
1042 1072
1042 1244
1043 1173
1043 1110
1044 1165
1045 1047
1048 1057
1048 1136
1048 1230
1048 1213
1049 1236
1051 1208
1053 1209
1054 1202
1054 1243
1054 1082
1055 1248
1055 1121
1055 1118
1056 1115
1057 1125
1057 1068
1057 1233
1058 1181
1059 1065
1060 1068
1060 1215
1060 1107
1062 1130
1062 1179
1062 1068
1062 1224
1062 1215
1064 1088
1064 1114
1066 1154
1066 1147
1072 1221
1074 1226
1074 1115
1074 1109
1075 1078
1076 1166
1076 1157
1077 1203
1077 1111
1079 1114
1079 1180
1081 1084
1082 1183
1082 1104
1082 1107
1084 1239
1086 1248
1086 1186
1086 1187
1087 1095
1089 1187
1094 1109
1095 1150
1098 1119
1100 1187
1101 1109
1104 1202
1104 1117
1105 1230
1105 1136
1106 1108
1107 1122
1107 1202
1107 1117
1110 1175
1113 1205
1114 1180
1115 1145
1116 1185
1117 1183
1117 1229
1118 1120
1118 1148
1120 1196
1120 1148
1120 1129
1121 1173
1122 1243
1122 1148
1123 1145
1124 1234
1125 1136
1125 1239
1129 1196
1129 1148
1133 1135
1134 1234
1135 1218
1135 1248
1135 1140
1136 1152
1136 1189
1140 1179
1140 1233
1140 1234
1141 1186
1145 1158
1145 1223
1147 1194
1148 1211
1149 1240
1151 1161
1151 1170
1152 1239
1152 1230
1154 1194
1158 1227
1159 1248
1161 1170
1170 1195
1174 1239
1176 1242
1177 1238
1183 1202
1184 1228
1186 1187
1187 1190
1188 1249
1189 1230
1192 1239
1193 1249
1193 1231
1196 1223
1200 1237
1202 1204
1202 1229
1208 1238
1212 1248
1218 1234
1218 1246
1220 1241
1231 1249
1235 1248
1239 1248
