0 257
0 1139
0 901
0 1096
0 268
0 339
0 858
0 988
0 958
1 1191
1 1096
1 746
1 17
1 18
1 1236
1 568
1 1176
1 94
2 896
2 4
2 7
2 300
2 11
2 27
2 556
2 560
2 52
2 568
2 991
2 737
2 851
2 855
2 351
2 608
2 107
2 379
2 128
2 903
2 141
2 667
2 164
2 1198
2 435
2 180
2 696
2 195
2 968
2 468
2 470
2 473
2 735
2 481
2 231
2 232
2 1003
2 750
2 241
2 249
3 387
3 837
3 140
3 466
3 724
3 414
3 1183
3 609
3 611
3 1190
3 167
3 360
3 42
3 1074
3 303
3 1128
3 882
3 567
3 1148
3 1021
3 831
4 320
4 643
4 389
4 1033
4 714
4 271
4 848
4 469
4 94
4 735
4 737
4 241
4 435
4 56
4 444
4 510
5 394
5 941
5 726
5 687
5 860
5 477
5 613
5 237
5 669
5 505
5 636
5 574
6 643
6 900
6 69
6 331
6 335
6 912
6 18
6 469
6 214
6 1176
6 679
6 1010
6 380
7 257
7 394
7 1044
7 283
7 926
7 160
7 289
7 667
7 298
7 775
7 301
7 434
7 1207
7 312
7 957
7 1218
7 195
7 1185
7 568
7 594
7 99
7 347
7 741
7 737
7 100
7 613
7 744
7 110
7 426
8 1158
8 407
8 861
8 799
8 545
8 679
8 111
8 881
8 247
8 953
9 901
9 911
9 760
9 404
9 958
9 120
9 1012
9 858
9 126
9 1144
10 763
10 911
10 19
10 533
10 541
10 798
10 422
10 561
10 938
10 428
10 946
10 50
10 822
10 55
10 184
10 244
10 959
10 706
10 202
10 951
10 341
10 90
10 221
10 483
10 359
10 106
10 498
10 403
10 1012
10 120
10 123
10 764
10 126
11 128
11 320
11 389
11 271
11 848
11 17
11 612
11 1179
11 285
11 32
11 100
11 1197
11 60
12 790
12 280
12 537
12 550
12 299
12 301
12 564
12 1081
12 577
12 327
12 842
12 81
12 340
12 1116
12 1132
12 365
12 632
12 123
12 895
12 128
12 132
12 652
12 1166
12 655
12 1189
12 168
12 944
12 1208
12 187
12 444
12 199
12 969
12 718
12 471
12 230
12 489
12 490
12 236
12 238
12 1192
12 245
12 761
12 510
13 295
13 738
13 999
13 330
13 267
13 47
13 1031
13 1178
13 348
14 1158
14 1047
14 781
14 1168
14 274
14 20
14 1006
14 407
14 25
14 26
14 801
14 162
14 1245
14 956
14 138
14 712
14 73
14 331
14 723
14 981
14 92
14 733
14 607
14 101
14 358
14 404
14 494
14 881
14 374
14 251
15 400
15 738
15 33
15 904
15 167
15 80
15 26
15 1178
15 511
16 162
16 1014
16 478
16 78
16 686
17 527
17 273
17 24
17 640
17 802
17 560
17 53
17 338
17 600
17 345
17 94
17 608
17 612
17 616
17 110
17 1139
17 958
17 381
17 128
17 643
17 903
17 1168
17 657
17 664
17 794
17 926
17 1184
17 420
17 165
17 935
17 1197
17 543
17 957
17 1218
17 195
17 197
17 714
17 971
17 1236
17 213
17 471
17 984
17 222
17 991
17 998
17 744
17 746
17 755
17 506
17 1019
18 641
18 1033
18 1168
18 20
18 1047
18 793
18 928
18 38
18 939
18 47
18 53
18 695
18 1218
18 1099
18 79
18 338
18 469
18 1158
18 1121
18 101
18 746
18 491
18 111
18 373
18 510
18 1237
19 225
19 603
19 519
19 363
19 938
19 404
19 760
19 123
19 801
19 575
20 491
20 132
20 1168
20 1176
20 667
20 541
20 35
20 1191
20 1069
20 46
20 222
20 822
20 331
20 714
20 587
20 460
20 1230
20 469
20 1238
20 377
20 1116
20 733
20 94
20 1003
20 749
20 111
20 115
20 889
20 509
20 510
21 451
21 133
21 74
21 1015
21 204
21 141
21 210
21 1235
21 218
21 27
21 92
21 517
21 1057
21 1009
21 166
21 231
21 1244
21 747
21 684
21 1006
21 625
21 694
21 759
21 696
21 57
21 607
21 460
21 1162
22 707
22 71
22 520
22 1100
22 84
22 856
22 135
22 550
22 43
22 944
22 253
23 592
24 1096
24 922
24 221
24 304
24 925
24 1078
25 192
25 645
25 200
25 1228
25 1102
25 78
25 784
25 274
25 795
25 1181
25 1057
25 293
25 272
25 879
25 686
26 992
26 840
26 1230
26 852
26 526
26 794
26 91
26 732
26 926
26 1119
26 96
26 35
26 744
26 426
26 1003
26 1069
26 174
26 957
26 755
26 310
26 1207
26 312
26 1019
26 509
27 1161
27 138
27 780
27 663
27 380
27 162
27 100
27 869
27 166
27 425
27 1068
27 494
27 1073
27 53
27 382
27 565
28 899
28 647
28 226
28 976
28 478
28 325
28 1124
28 326
28 425
28 436
28 631
28 696
28 827
29 769
29 343
29 532
29 538
29 794
29 928
29 1210
29 322
29 338
29 470
29 87
29 1240
29 1134
30 898
30 644
30 518
30 135
30 1160
30 267
30 277
30 982
30 1220
30 1115
30 1054
30 417
30 108
30 47
30 1008
30 890
30 189
30 1045
31 258
31 520
31 587
31 1038
31 1040
31 529
31 981
31 1048
31 990
31 1119
31 35
31 101
31 550
31 168
31 1130
31 1069
31 238
31 559
31 884
31 183
31 504
31 313
32 386
32 261
32 782
32 153
32 1050
32 1059
32 420
32 1189
32 552
32 924
32 68
32 213
32 471
32 991
32 998
33 1025
33 773
33 961
33 910
33 400
33 150
33 283
33 709
33 416
33 161
33 291
33 817
33 555
33 1117
33 433
33 1209
33 1029
33 906
33 64
33 65
33 1218
33 67
33 197
33 966
33 967
33 841
33 76
33 974
33 80
33 593
33 1107
33 86
33 292
33 219
33 476
33 349
33 592
33 354
33 746
33 748
33 624
33 113
33 499
33 762
34 290
34 141
34 525
34 980
35 536
35 1069
35 53
35 56
35 320
35 840
35 587
35 1101
35 848
35 338
35 91
35 96
35 355
35 111
35 368
35 634
35 640
35 1168
35 405
35 1050
35 1194
35 174
35 714
35 205
35 1230
35 473
35 732
35 227
35 1002
35 594
35 496
35 509
36 709
36 966
36 557
36 846
36 445
36 349
37 389
37 968
37 1161
37 333
37 271
37 848
37 981
37 663
37 408
37 94
37 612
37 101
37 942
37 368
37 1073
37 56
37 1096
37 60
38 448
38 576
38 132
38 1157
38 72
38 266
38 718
38 338
38 787
38 982
38 216
38 1116
38 1054
38 417
38 549
38 807
38 1192
38 714
38 1008
38 689
38 500
38 701
38 469
39 642
39 963
39 1030
39 1159
39 586
39 311
39 783
39 824
39 1112
39 869
39 503
39 1080
39 122
39 255
40 128
40 329
40 462
40 468
40 735
40 100
41 235
41 745
41 522
41 171
41 1203
41 59
42 416
42 1025
42 738
42 167
42 648
42 80
42 209
42 904
42 1209
42 1178
42 511
43 326
43 330
43 525
43 401
43 739
43 89
43 217
43 589
43 478
43 517
43 928
43 162
43 419
43 676
43 424
43 619
43 494
43 112
43 436
43 1182
43 1014
43 827
43 573
43 254
44 1206
44 392
44 1041
44 566
44 574
45 1026
45 677
45 844
45 717
45 977
45 407
45 857
45 1149
46 519
46 578
46 1168
46 925
46 741
46 559
46 176
46 884
46 822
46 764
47 640
47 770
47 643
47 1157
47 776
47 1033
47 266
47 651
47 787
47 149
47 1176
47 666
47 1180
47 541
47 417
47 804
47 807
47 809
47 170
47 683
47 428
47 304
47 1088
47 580
47 583
47 72
47 1097
47 714
47 718
47 525
47 338
47 469
47 1110
47 216
47 221
47 222
47 863
47 865
47 739
47 360
47 1001
47 491
47 111
47 1011
47 116
47 1129
47 1147
47 765
47 254
48 968
48 654
48 271
48 435
48 468
48 1020
49 1120
49 711
49 201
49 1175
49 465
49 713
49 125
50 1153
50 389
50 271
50 848
50 1236
50 1238
50 1116
50 925
50 368
50 741
50 1191
50 938
50 301
50 304
50 434
50 1078
50 404
50 442
51 519
51 464
51 952
51 1012
51 533
51 126
52 1003
52 524
52 749
52 471
52 1052
52 737
52 230
52 299
52 556
52 493
52 176
52 1197
52 308
52 568
52 506
52 59
53 1152
53 576
53 643
53 519
53 1033
53 526
53 1069
53 404
53 663
53 1096
53 793
53 801
53 549
53 813
53 432
53 689
53 690
53 694
53 60
53 138
53 62
53 448
53 587
53 199
53 714
53 202
53 75
53 460
53 210
53 1235
53 343
53 1244
53 1245
53 1119
53 1249
53 740
53 231
53 444
53 236
53 338
53 1133
53 880
53 118
53 510
54 392
54 713
55 801
55 464
55 244
55 118
55 760
55 404
55 938
56 128
56 389
56 775
56 908
56 273
56 1185
56 1058
56 420
56 680
56 190
56 160
56 708
56 197
56 583
56 458
56 587
56 588
56 333
56 848
56 675
56 1236
56 853
56 345
56 932
56 221
56 94
56 863
56 485
56 368
56 886
57 785
57 278
57 538
57 294
57 827
57 325
57 75
57 332
57 589
57 851
57 341
57 87
57 867
57 100
57 621
57 119
57 383
57 388
57 1167
57 401
57 152
57 419
57 685
57 1198
57 951
57 720
57 722
57 980
57 1240
57 478
57 1248
57 994
57 739
57 750
57 756
58 128
58 1230
58 468
58 794
58 540
58 788
59 128
59 1154
59 646
59 903
59 400
59 541
59 241
59 556
59 941
59 435
59 316
59 450
59 718
59 1168
59 743
59 1003
59 1004
59 110
59 531
59 502
59 1193
59 381
60 641
60 1161
60 780
60 783
60 963
60 366
60 918
60 663
60 1052
60 411
60 625
60 1068
60 807
60 696
60 570
60 266
60 331
60 965
60 460
60 632
60 342
60 343
60 602
60 1243
60 990
60 991
60 483
60 869
60 359
60 1073
60 107
60 238
60 880
60 504
60 123
60 382
61 578
61 969
61 979
61 868
61 553
61 1214
61 176
61 954
61 830
62 294
62 900
62 1030
62 138
62 907
62 142
62 912
62 402
62 899
62 288
62 547
62 676
62 326
62 166
62 311
62 824
62 955
62 1090
62 835
62 69
62 70
62 586
62 1100
62 589
62 717
62 84
62 856
62 1188
62 92
62 1245
62 487
62 233
62 109
62 112
62 1009
62 503
62 122
63 320
63 448
63 587
63 260
63 199
63 72
63 202
63 75
63 77
63 271
63 785
63 1171
63 1236
63 341
63 1238
63 343
63 1240
63 1167
63 634
63 94
63 1119
63 485
63 807
63 1152
63 363
63 236
63 1069
63 880
63 246
63 951
63 570
63 1191
64 292
64 833
64 841
64 555
64 114
64 499
64 437
64 86
64 873
64 762
64 476
65 129
65 150
65 910
65 281
65 1178
65 416
65 167
65 940
65 817
65 190
65 579
65 453
65 929
65 590
65 80
65 209
65 596
65 345
65 1242
65 604
65 609
65 354
65 611
65 748
66 134
66 1164
66 302
66 927
66 812
66 173
66 814
66 1200
66 1079
66 188
66 629
66 711
66 1239
66 224
66 1005
66 501
66 375
66 125
67 448
67 197
67 1096
67 271
67 633
67 537
67 1117
67 679
67 808
67 248
67 953
68 949
68 502
68 1179
68 1245
68 734
69 1026
69 900
69 335
69 912
69 728
69 605
69 454
69 1010
69 1080
69 380
70 803
70 742
70 295
70 649
70 620
70 525
70 1100
70 178
70 963
70 1204
70 1080
70 565
71 898
71 139
71 396
71 1038
71 1048
71 162
71 419
71 326
71 1062
71 295
71 559
71 176
71 439
71 313
71 570
71 829
71 577
71 944
71 859
71 973
71 340
71 343
71 220
71 478
71 1248
71 1249
71 230
71 401
71 1131
71 493
71 628
71 758
71 119
71 253
71 1023
72 230
72 513
72 777
72 138
72 395
72 1036
72 601
72 920
72 1065
72 1195
72 729
72 189
72 190
72 578
72 197
72 838
72 967
72 663
72 462
72 463
72 849
72 345
72 1245
72 1125
72 99
72 934
72 102
72 103
72 489
73 384
73 452
73 939
73 542
73 373
74 162
74 451
74 326
74 874
74 759
74 1162
74 478
75 519
75 141
75 89
75 928
75 481
75 938
75 756
75 570
75 573
75 319
76 773
76 870
76 423
76 476
76 1029
77 268
77 530
77 1171
77 174
77 957
77 848
77 992
77 744
77 1133
77 368
77 1019
77 127
78 789
78 668
78 1053
78 293
78 937
78 686
78 821
78 956
78 181
78 1098
78 653
78 986
78 752
78 374
78 124
78 767
79 521
79 1176
79 166
79 297
79 861
79 947
79 444
79 1099
79 844
79 977
79 214
79 733
79 606
79 491
79 402
79 1012
79 373
79 120
79 1149
79 126
80 768
80 129
80 267
80 398
80 656
80 658
80 659
80 149
80 534
80 1220
80 666
80 414
80 837
80 731
80 804
80 683
80 1183
80 445
80 702
80 437
80 580
80 709
80 1222
80 1095
80 1225
80 974
80 209
80 596
80 219
80 349
80 865
80 354
80 873
80 495
80 1147
80 765
81 262
81 969
81 778
81 706
81 721
81 979
81 404
81 981
81 1081
81 483
81 498
81 245
81 761
81 317
82 711
82 1079
82 1164
82 206
82 270
82 375
82 1239
83 544
83 578
83 519
83 1036
83 1208
83 760
83 404
83 727
83 920
83 463
83 101
83 422
83 1065
83 1140
83 118
83 440
83 1081
83 123
83 766
83 575
84 1024
84 517
84 138
84 963
84 663
84 1051
84 1182
84 419
84 166
84 295
84 1196
84 1245
84 439
84 1080
84 1063
84 955
84 650
84 446
84 835
84 330
84 854
84 92
84 605
84 226
84 1124
84 486
84 380
84 619
84 364
84 1009
84 1023
85 576
85 644
85 136
85 266
85 139
85 658
85 660
85 549
85 557
85 944
85 689
85 445
85 448
85 1089
85 199
85 846
85 890
85 484
85 495
85 112
85 122
85 635
85 253
86 961
86 291
86 773
86 161
86 1035
86 1229
86 592
86 114
86 499
86 474
87 202
87 141
87 1198
87 851
87 1134
87 343
87 570
87 750
87 119
87 634
87 379
87 383
88 726
88 305
88 392
88 745
88 235
88 687
88 566
88 860
88 477
88 574
89 1152
89 491
89 388
89 332
89 141
89 1230
89 1133
89 145
89 722
89 851
89 1198
89 1123
89 280
89 538
89 685
89 750
89 111
89 573
89 756
89 319
89 1240
89 509
89 510
90 578
90 707
90 519
90 718
90 721
90 1038
90 313
90 1116
90 222
90 230
90 1127
90 1131
90 564
90 94
90 340
90 959
91 132
91 587
91 1230
91 400
91 913
91 931
91 110
91 790
91 883
91 1119
91 928
91 673
91 104
91 797
91 813
91 1134
91 573
91 432
91 115
92 1024
92 139
92 783
92 671
92 166
92 733
92 181
92 694
92 827
92 565
92 963
92 325
92 712
92 210
92 730
92 605
92 481
92 1083
92 231
92 872
92 105
92 252
92 747
92 364
92 722
92 623
92 756
92 758
92 1015
92 1014
92 1087
93 706
93 548
93 262
93 498
93 245
93 118
93 183
93 888
93 250
93 123
93 410
94 271
94 283
94 1052
94 285
94 298
94 301
94 825
94 1085
94 320
94 1096
94 1113
94 602
94 527
94 350
94 95
94 1133
94 878
94 368
94 113
94 116
94 393
94 1168
94 408
94 110
94 664
94 675
94 165
94 1197
94 942
94 1224
94 434
94 442
94 959
94 1218
94 967
94 968
94 467
94 1236
94 471
94 729
94 741
94 744
94 1003
94 748
94 240
95 230
95 1191
95 1003
95 301
95 271
95 1236
95 118
95 287
96 386
96 1093
96 1224
96 556
96 587
96 1165
96 334
96 985
96 1059
96 537
96 1050
96 312
96 160
96 1185
96 568
96 616
96 300
96 1106
96 808
96 479
96 1207
96 633
96 378
96 187
96 638
97 1155
97 188
97 172
97 309
97 927
97 661
98 837
98 1222
98 140
98 398
98 1170
98 995
98 724
98 239
98 414
98 609
98 611
98 1061
98 1190
98 940
98 303
98 372
98 376
98 831
99 462
99 849
99 408
99 282
99 667
99 682
99 1003
99 300
99 942
99 968
99 180
99 905
99 568
100 448
100 576
100 300
100 266
100 141
100 462
100 657
100 921
100 153
100 991
100 391
100 549
100 998
100 1201
100 1003
100 236
100 942
100 1072
100 689
100 180
100 187
101 262
101 215
101 525
101 783
101 807
101 808
101 299
101 301
101 733
101 565
101 313
101 1089
101 583
101 331
101 853
101 740
101 863
101 355
101 813
101 359
101 104
101 366
101 111
101 112
101 883
101 632
101 122
101 123
101 382
101 128
101 139
101 1176
101 665
101 155
101 928
101 432
101 691
101 287
101 1219
101 708
101 969
101 460
101 979
101 981
101 471
101 985
101 1243
101 221
101 734
101 491
101 236
101 990
101 240
101 758
101 869
102 448
102 576
102 199
102 333
102 462
102 408
102 601
102 420
102 549
102 942
102 968
102 180
102 378
102 187
103 484
103 236
103 300
103 777
103 537
104 1219
104 528
104 663
104 794
104 839
104 115
104 123
105 619
105 650
105 747
105 364
105 1009
105 671
106 404
106 118
106 1012
106 938
106 126
107 517
107 1161
107 138
107 780
107 783
107 737
107 226
107 1124
107 619
107 1068
107 494
107 435
107 565
107 650
108 576
108 769
108 266
108 689
108 311
108 829
108 319
108 448
108 199
108 344
108 220
108 865
108 1126
108 871
108 112
108 122
109 983
109 912
109 147
109 438
109 151
110 1153
110 1168
110 794
110 1191
110 556
110 1096
110 1230
110 1236
110 1238
110 222
110 1003
110 115
110 764
110 509
111 1168
111 728
111 1176
111 553
111 1069
111 444
111 578
111 458
111 675
111 981
111 727
111 600
111 1119
111 786
112 512
112 130
112 642
112 144
112 412
112 1188
112 565
112 189
112 963
112 586
112 211
112 869
112 487
112 492
112 622
112 503
112 122
112 507
113 667
113 1153
113 1224
113 1003
113 568
114 579
114 292
114 773
114 936
114 1035
114 590
114 433
114 499
114 596
115 132
115 903
115 655
115 400
115 1134
115 790
115 794
115 928
115 560
115 164
115 1192
115 813
115 797
115 432
115 573
115 1219
115 1249
115 1096
115 718
115 213
115 473
115 1116
115 608
115 1168
115 880
115 883
115 764
115 509
116 464
116 404
116 221
116 863
116 801
116 1191
116 118
116 760
117 196
117 394
117 406
117 1092
117 669
118 641
118 514
118 1166
118 877
118 409
118 157
118 798
118 1187
118 862
118 691
118 822
118 440
118 244
118 315
118 693
118 331
118 839
118 969
118 716
118 591
118 208
118 858
118 603
118 222
118 1211
118 615
118 617
118 363
118 365
118 238
118 880
118 246
118 126
119 139
119 141
119 685
119 944
119 1083
119 829
119 319
119 1089
119 198
119 457
119 332
119 855
119 980
119 470
119 346
119 220
119 351
119 750
119 758
119 253
120 259
120 1158
120 519
120 533
120 798
120 799
120 938
120 464
120 858
120 1012
120 760
120 763
121 353
121 770
121 580
121 170
121 267
121 461
121 846
121 149
121 1220
121 557
122 981
122 644
122 1030
122 605
122 1080
122 1112
122 824
122 890
122 783
122 189
122 255
123 519
123 920
123 553
123 938
123 1245
123 183
123 138
123 575
123 578
123 1219
123 1036
123 463
123 464
123 480
123 225
123 230
123 489
123 883
123 766
124 1163
124 1233
124 1174
124 986
124 668
124 162
124 876
124 494
124 1135
124 1016
124 955
124 446
124 1087
125 705
125 814
125 566
125 582
125 201
125 523
125 1164
125 270
125 1120
125 146
125 725
125 902
125 472
125 774
125 421
125 672
125 996
125 229
125 681
125 1005
125 302
125 1200
125 820
125 629
125 927
125 188
125 1221
125 917
126 514
126 519
126 404
126 533
126 799
126 801
126 946
126 952
126 464
126 184
126 858
126 1118
126 760
127 485
127 1171
128 1153
128 389
128 271
128 411
128 540
128 673
128 942
128 176
128 1096
128 180
128 313
128 168
128 968
128 329
128 848
128 468
128 213
128 608
128 737
128 230
128 657
128 489
128 362
128 493
128 887
128 396
128 981
129 135
129 360
129 466
129 909
129 1011
130 163
130 484
130 300
130 236
130 1103
130 537
130 378
131 843
131 1205
131 642
131 1188
131 535
131 819
131 182
131 503
131 698
131 796
131 318
131 1109
132 655
132 403
132 287
132 935
132 1192
132 304
132 583
132 1096
132 718
132 1230
132 221
132 749
132 1141
132 509
133 162
133 486
133 358
133 872
133 252
133 747
133 204
133 494
133 595
133 854
134 1164
134 146
134 915
134 158
134 812
134 814
134 175
134 1084
134 711
134 1104
134 1108
134 1241
134 224
134 276
134 501
134 375
134 1017
135 136
135 267
135 525
135 659
135 660
135 149
135 534
135 1220
135 929
135 546
135 419
135 294
135 1067
135 579
135 580
135 1095
135 1225
135 330
135 589
135 846
135 978
135 596
135 216
135 865
135 866
135 779
135 1011
135 277
136 768
136 144
136 978
136 656
136 1067
136 557
137 1026
137 964
137 869
137 382
137 214
137 631
138 665
138 1132
138 266
138 524
138 1197
138 657
138 153
138 924
138 880
138 163
138 807
138 1052
138 299
138 411
138 432
138 689
138 690
138 1161
138 308
138 1085
138 780
138 460
138 1103
138 210
138 467
138 526
138 342
138 953
138 985
138 991
138 1072
138 240
138 625
138 1235
138 248
138 378
138 382
139 842
139 973
139 145
139 532
139 343
139 280
139 1051
139 364
139 944
139 1009
139 758
139 570
139 253
139 981
140 909
140 609
140 433
141 790
141 343
141 278
141 152
141 797
141 931
141 1137
141 813
141 435
141 570
141 573
141 468
141 1240
141 737
141 994
141 362
141 621
141 241
142 1090
142 547
142 963
143 1231
144 580
144 461
144 658
144 660
144 537
144 665
144 985
144 546
144 679
144 1067
144 236
144 978
144 378
144 635
144 702
145 577
145 260
145 532
145 944
145 1210
145 253
146 1104
146 1241
146 1084
147 438
148 264
148 1104
148 725
148 902
148 811
148 392
148 820
148 566
148 1017
149 768
149 1220
149 417
149 546
149 557
149 580
149 846
149 982
149 865
149 866
149 1008
149 1011
149 500
149 635
150 909
151 438
151 983
152 538
152 980
153 1072
153 663
153 1179
153 1245
154 485
155 1191
155 169
155 1236
155 981
155 1238
155 1245
156 814
156 1155
156 774
156 465
156 713
156 172
156 1005
156 270
156 1200
156 1027
156 629
156 1175
157 1211
157 363
157 591
157 497
157 1172
157 603
157 895
159 513
159 642
159 859
159 516
159 819
159 535
159 698
160 389
160 1037
160 1171
160 1044
160 1185
160 174
160 431
160 310
160 320
160 1165
160 848
160 227
160 1002
160 1003
160 368
160 1019
162 521
162 1163
162 1169
162 789
162 986
162 645
162 684
162 696
162 571
162 828
162 703
162 704
162 200
162 972
162 204
162 1233
162 377
162 218
162 733
162 272
162 231
162 232
162 380
162 874
162 747
162 494
162 1135
162 625
162 759
162 889
163 513
163 259
163 729
163 537
163 679
163 310
163 1103
163 728
163 345
163 227
163 489
163 633
163 1019
164 1224
164 213
164 408
164 608
164 737
164 556
164 174
164 435
164 180
164 568
164 186
164 1019
165 1184
165 1191
165 1096
165 393
165 746
165 1236
165 1176
166 899
166 1028
166 1158
166 647
166 1032
166 912
166 402
166 963
166 407
166 325
166 454
166 1063
166 297
166 436
166 1080
166 799
166 1217
166 964
166 326
166 723
166 214
166 217
166 827
166 231
166 494
166 625
166 370
166 1014
167 194
167 904
167 909
167 387
167 770
167 738
167 1138
167 372
167 572
168 576
168 578
168 1131
168 710
168 525
168 1038
168 463
168 340
168 920
168 543
168 221
168 222
168 355
168 549
168 230
168 689
168 489
168 199
168 497
168 990
168 287
169 320
169 240
169 667
169 968
169 329
169 682
169 391
169 271
169 180
169 568
169 1020
170 518
170 1097
170 267
170 525
170 720
170 787
170 1110
170 1180
170 739
170 360
170 1129
170 1074
170 500
170 372
170 701
170 254
171 562
171 948
171 743
172 1027
172 188
172 465
172 1155
172 629
172 1175
172 927
173 814
173 1155
173 711
173 523
173 1164
173 206
173 1200
173 1027
173 309
173 699
173 661
174 587
174 1103
174 560
174 1171
174 568
174 473
174 1019
175 455
175 302
175 465
176 778
176 908
176 525
176 403
176 532
176 1062
176 1182
176 287
176 1058
176 419
176 294
176 295
176 424
176 327
176 428
176 690
176 177
176 442
176 317
176 1214
176 706
176 708
176 330
176 331
176 460
176 720
176 739
176 853
176 221
176 222
176 355
176 740
176 741
176 583
176 1086
176 620
176 493
176 498
176 1235
176 245
176 1210
177 706
177 969
177 493
177 238
177 938
178 1100
178 525
178 856
179 212
180 271
180 473
180 560
180 942
180 320
180 838
180 333
180 462
180 594
180 468
180 1238
180 735
180 737
180 368
181 517
181 650
181 460
181 1174
181 218
181 730
181 606
181 937
181 364
181 686
182 507
182 255
183 868
183 262
183 969
183 317
183 359
183 365
183 238
183 691
183 245
183 215
183 504
183 990
184 464
184 404
184 1118
184 760
185 408
185 1060
185 1194
185 556
185 942
185 1207
185 568
185 195
185 1224
185 205
185 312
185 594
185 1002
185 1003
185 749
185 971
185 1150
186 587
186 205
186 560
186 594
186 473
186 381
187 256
187 259
187 1121
187 1161
187 663
187 985
187 405
187 407
187 920
187 665
187 542
187 808
187 939
187 1068
187 1073
187 947
187 310
187 1208
187 1081
187 321
187 737
187 840
187 1099
187 1101
187 1106
187 728
187 601
187 732
187 606
187 272
187 230
187 489
187 373
187 633
188 811
188 1155
188 264
188 1027
188 472
188 927
189 1089
189 199
189 361
189 871
190 389
190 967
190 236
190 266
190 909
190 910
190 1103
190 848
190 729
190 935
190 300
190 749
190 368
190 1096
191 261
191 782
191 757
192 795
192 228
192 293
192 876
192 1174
192 217
192 478
192 447
192 668
192 446
192 686
193 739
193 525
193 815
193 254
194 609
194 738
194 611
194 1222
194 904
194 940
194 398
194 303
194 1170
194 376
194 1178
194 572
195 1034
195 1060
195 935
195 552
195 568
195 1096
195 594
195 468
195 608
195 1137
195 362
195 749
195 241
195 381
196 385
196 298
196 941
196 669
196 406
196 792
196 1177
196 347
196 636
197 389
197 266
197 664
197 679
197 817
197 1191
197 320
197 848
197 1236
197 1238
197 350
197 484
197 807
197 748
197 368
197 248
198 1062
198 1167
198 785
198 532
198 346
198 1210
199 513
199 644
199 641
199 748
199 527
199 664
199 1044
199 663
199 576
199 282
199 412
199 549
199 934
199 1073
199 689
199 1161
199 312
199 313
199 448
199 838
199 587
199 462
199 601
199 1245
199 350
199 1125
199 489
199 1133
199 890
200 795
200 228
200 585
200 204
200 876
200 879
200 784
200 881
200 1228
200 1174
200 251
200 1053
202 641
202 769
202 855
202 464
202 404
202 470
202 351
202 481
202 1126
202 938
202 1133
202 880
202 1083
202 383
203 528
204 899
204 265
204 671
204 676
204 1063
204 1006
204 694
204 955
204 835
204 1102
204 210
204 1235
204 1244
204 478
204 607
204 747
204 364
204 494
205 352
205 587
205 971
205 369
205 594
206 1027
206 711
206 523
206 309
206 1079
206 699
206 1239
207 575
208 225
208 519
208 839
208 1043
208 404
208 603
209 1025
209 648
209 398
209 1173
209 414
209 940
209 688
209 437
209 1209
209 328
209 995
209 1246
209 609
209 611
209 873
209 1148
210 641
210 526
210 274
210 1181
210 690
210 325
210 1235
210 981
210 478
210 618
210 619
210 364
210 880
210 1009
210 1014
211 642
211 1091
211 933
211 234
213 903
213 1039
213 587
213 943
213 468
213 1096
213 612
213 923
213 381
214 1028
214 1047
214 397
214 914
214 407
214 964
214 799
214 1158
214 1064
214 425
214 836
214 728
214 371
215 483
215 868
215 969
215 365
215 238
215 464
215 691
215 981
216 267
216 525
216 546
216 295
216 557
216 580
216 330
216 461
216 720
216 731
216 866
216 1011
217 325
217 326
217 332
217 532
217 1057
217 1062
217 685
217 494
217 1009
217 1014
217 759
217 827
217 703
218 897
218 712
218 1006
218 781
218 272
218 537
218 730
218 1181
218 607
218 358
218 618
218 494
218 881
218 251
219 738
219 906
219 974
219 539
220 388
220 532
220 790
220 931
220 553
220 432
220 578
220 721
220 600
220 1249
220 230
220 634
221 389
221 519
221 396
221 655
221 529
221 403
221 404
221 922
221 543
221 550
221 809
221 428
221 313
221 1088
221 710
221 718
221 464
221 853
221 1116
221 222
221 863
221 993
221 614
221 1127
221 1001
221 368
221 981
222 1153
222 519
222 520
222 396
222 1038
222 655
222 1168
222 920
222 925
222 434
222 959
222 718
222 463
222 1116
222 741
222 230
222 529
222 489
222 493
222 509
223 842
224 1164
224 814
224 302
225 603
225 839
225 1043
225 950
225 575
226 517
226 653
226 783
226 899
226 380
226 1181
226 671
226 676
226 293
226 1198
226 436
226 565
226 319
226 1217
226 460
226 976
226 470
226 855
226 869
226 750
226 767
227 400
227 1044
227 1185
227 549
227 556
227 689
227 1207
227 568
227 576
227 971
227 587
227 1103
227 312
227 594
227 484
227 1003
227 496
228 585
228 1102
228 847
228 1174
228 599
228 986
228 1053
228 1247
228 1057
228 1202
228 686
228 821
228 767
229 774
229 811
229 270
229 820
229 472
230 520
230 1038
230 920
230 532
230 280
230 928
230 550
230 807
230 553
230 559
230 304
230 990
230 1208
230 564
230 442
230 444
230 829
230 959
230 577
230 707
230 842
230 721
230 340
230 741
230 1127
230 491
230 502
230 504
230 510
231 896
231 641
231 650
231 1009
231 435
231 326
231 232
231 619
231 494
231 241
231 380
232 896
232 517
232 1026
232 663
232 676
232 435
232 650
232 1217
232 397
232 1245
232 619
232 241
232 249
232 380
233 963
233 869
233 382
234 642
234 963
234 516
234 933
234 487
234 586
234 875
234 1091
234 1188
234 1080
234 819
234 698
234 475
234 605
235 613
235 745
235 347
235 636
235 574
236 256
236 513
236 644
236 395
236 1037
236 272
236 985
236 1044
236 405
236 665
236 920
236 537
236 1207
236 880
236 679
236 300
236 1245
236 1165
236 310
236 777
236 312
236 953
236 452
236 840
236 1036
236 1099
236 972
236 463
236 1208
236 1106
236 981
236 1081
236 484
236 1117
236 606
236 489
236 1133
236 622
236 496
236 1143
236 248
237 584
237 745
237 687
237 305
237 1203
237 1076
237 726
237 860
237 477
238 1161
238 778
238 727
238 1036
238 663
238 920
238 1073
238 1065
238 1068
238 1208
238 1081
238 954
238 721
238 1234
238 981
238 355
238 868
238 365
238 366
239 324
239 805
239 882
240 612
240 1191
240 1039
240 943
240 1236
240 981
240 1238
240 923
240 1245
241 1153
241 391
241 905
241 408
241 560
241 1186
241 935
241 903
241 942
241 435
241 458
241 473
241 737
241 749
241 502
241 1020
241 381
242 1221
242 902
242 810
242 1005
242 629
242 1241
243 930
243 883
243 597
243 440
244 801
244 519
244 615
244 464
244 404
244 760
244 315
244 938
245 578
245 489
245 727
245 463
245 969
245 981
245 1065
245 1081
246 1133
247 545
247 1122
247 806
247 662
247 508
247 861
248 384
248 259
248 513
248 521
248 527
248 1044
248 407
248 679
248 1245
248 817
248 1207
248 312
248 953
248 1099
248 463
248 723
248 1103
248 1117
248 350
248 622
249 737
250 548
250 581
250 488
250 493
250 888
250 410
251 517
251 1196
251 650
251 399
251 272
251 1051
251 545
251 684
251 690
251 694
251 446
251 1216
251 331
251 460
251 1102
251 1235
251 854
251 740
251 377
252 783
252 1196
252 700
252 382
253 644
253 525
253 532
253 1182
253 928
253 294
253 295
253 797
253 944
253 1208
253 1081
253 1210
253 1089
253 578
253 330
253 973
253 721
253 727
253 999
253 758
253 890
254 258
254 267
254 525
254 1040
254 1048
254 559
254 815
254 803
254 960
254 842
254 466
254 856
254 739
255 644
255 1159
255 344
255 1188
255 563
255 311
255 824
255 1213
255 318
255 323
255 586
255 1111
255 1112
255 871
255 361
255 503
255 637
256 643
256 1158
256 1033
256 665
256 793
256 542
256 799
256 679
256 808
256 939
256 953
256 338
256 985
256 607
256 358
256 1006
256 633
257 1139
257 858
257 958
258 266
258 525
258 1048
258 559
258 444
258 714
258 588
258 720
258 469
258 990
258 355
258 491
258 497
258 504
258 764
259 964
259 335
259 402
259 1028
259 444
259 297
259 1103
259 491
259 300
259 786
259 1012
259 953
259 380
260 388
260 519
260 842
260 973
260 464
260 1198
260 280
260 1123
260 1133
260 750
260 880
260 314
260 379
261 612
261 1039
261 943
261 757
261 923
262 519
262 920
262 415
262 553
262 691
262 954
262 578
262 969
262 979
262 981
262 727
262 1243
262 721
262 366
262 1065
262 632
263 1153
263 891
263 935
263 745
263 749
263 941
263 687
263 305
263 726
263 568
263 1092
263 860
264 774
264 1104
264 885
264 1241
264 927
265 326
265 364
265 486
265 1196
265 494
265 854
265 1051
265 446
266 513
266 644
266 395
266 780
266 910
266 1040
266 1048
266 282
266 553
266 684
266 729
266 697
266 960
266 967
266 462
266 463
266 721
266 345
266 1245
266 1212
266 1133
266 884
267 770
267 525
267 660
267 666
267 1180
267 546
267 683
267 445
267 702
267 865
267 461
267 466
267 1110
267 348
267 353
267 739
267 495
267 635
268 485
268 1224
268 1003
268 1139
269 544
269 1056
269 610
269 1071
269 754
269 883
269 823
270 811
270 1005
270 465
270 1079
270 276
270 1239
270 661
271 391
271 925
271 654
271 1197
271 1171
271 664
271 923
271 285
271 543
271 1185
271 802
271 1179
271 427
271 301
271 942
271 304
271 817
271 350
271 943
271 588
271 1186
271 1117
271 612
271 357
271 998
271 657
271 1133
271 887
272 1158
272 521
272 1174
272 537
272 665
272 668
272 799
272 679
272 684
272 447
272 876
272 595
272 985
272 358
272 618
272 807
272 881
272 378
273 389
273 1096
273 568
273 1003
273 368
273 1224
273 886
273 638
274 517
274 521
274 730
274 542
274 545
274 1063
274 939
274 947
274 956
274 446
274 835
274 452
274 972
274 460
274 526
274 889
274 733
274 619
274 364
274 373
274 374
275 646
275 935
275 413
275 825
275 394
276 774
276 711
276 1079
276 302
276 375
277 353
277 683
277 461
277 348
277 865
278 685
278 980
278 538
278 621
279 833
279 292
279 936
279 554
279 894
280 512
280 525
280 920
280 644
280 692
280 573
280 577
280 1223
280 1036
280 890
280 739
280 489
280 1134
280 634
282 448
282 838
282 1224
282 1195
282 556
282 568
282 942
283 1218
283 1224
283 393
283 1003
283 556
283 1238
283 667
283 1191
284 336
284 630
284 1018
285 612
285 998
285 368
285 1245
286 592
286 367
287 396
287 1038
287 655
287 1048
287 925
287 550
287 428
287 301
287 304
287 1078
287 863
287 583
287 1096
287 908
287 718
287 981
287 1116
287 493
287 1192
287 1141
288 963
288 1080
288 605
289 320
289 368
289 1003
289 775
289 667
290 620
290 525
290 720
291 292
291 936
291 437
291 1246
292 834
292 773
292 936
292 1025
292 648
292 554
292 1035
292 367
292 433
292 627
292 1209
293 1057
293 835
293 1124
293 1174
293 1063
293 937
293 374
293 795
293 447
294 963
294 605
294 382
294 1080
294 783
294 565
295 770
295 1031
295 907
295 532
295 803
295 559
295 1210
295 443
295 353
295 999
295 1011
297 1158
297 1047
297 407
298 1092
298 1003
298 825
298 477
299 489
299 1081
299 1245
299 981
299 502
299 471
299 1208
299 308
299 490
299 1189
300 513
300 521
300 395
300 780
300 786
300 405
300 407
300 537
300 1068
300 1165
300 1073
300 777
300 1161
300 1093
300 334
300 1103
300 462
300 728
300 479
300 737
300 981
301 1088
301 541
301 809
301 568
301 1081
301 320
301 1208
301 850
301 981
301 993
301 614
301 1001
302 455
302 711
302 1005
302 1104
302 465
302 375
302 1108
302 1084
302 1079
303 433
303 499
303 376
303 572
303 414
303 831
304 775
304 922
304 541
304 543
304 427
304 710
304 588
304 464
304 1116
304 993
304 614
304 764
305 584
305 860
305 941
305 825
305 636
305 613
306 736
306 699
308 612
308 1132
308 524
308 1245
308 471
308 490
309 736
309 1027
309 523
309 1155
309 699
310 1224
310 1103
310 400
310 1119
310 1185
310 484
310 1003
310 1069
310 886
310 378
311 382
312 400
312 1044
312 556
312 431
312 568
312 570
312 1106
312 1002
312 1003
312 496
312 1150
313 403
313 925
313 1182
313 549
313 428
313 733
313 689
313 1078
313 543
313 959
313 576
313 710
313 331
313 853
313 990
313 863
313 355
313 497
313 504
313 377
314 769
314 388
314 346
314 634
315 519
315 464
315 404
316 1153
316 749
317 483
317 868
317 359
317 969
317 979
318 1007
319 388
319 1167
319 785
319 532
319 1156
319 928
319 1062
319 813
319 432
319 951
319 1210
319 573
319 1217
319 1094
319 341
319 1240
319 1249
319 867
319 1134
320 775
320 657
320 1171
320 411
320 1052
320 543
320 816
320 817
320 991
320 710
320 1185
320 968
320 458
320 588
320 675
320 612
320 1117
320 350
320 485
320 356
320 357
320 616
320 664
320 1133
320 368
320 506
321 1121
321 679
321 665
321 1099
321 799
322 928
322 1249
322 931
322 1126
322 1062
322 913
322 1134
322 797
322 432
322 532
322 790
322 951
322 1210
322 1167
323 1111
323 1213
324 805
324 372
324 1061
325 1026
325 647
325 526
325 425
325 690
325 694
325 704
325 326
325 332
325 976
325 1235
325 980
325 740
325 494
325 1009
325 370
325 1244
325 1015
325 460
326 647
326 526
326 783
326 1062
326 425
326 436
326 565
326 1210
326 460
326 976
326 478
326 869
326 874
326 364
326 370
326 1014
326 380
326 382
327 578
327 969
327 463
327 632
327 721
327 1243
327 801
327 483
327 359
327 365
327 691
327 1208
327 1081
328 1148
328 940
328 995
328 372
328 572
329 482
329 1201
329 362
329 462
329 1137
329 1042
329 435
329 468
329 921
330 944
330 443
330 348
331 836
331 374
331 780
331 970
331 396
331 723
331 981
331 663
331 795
331 1073
331 404
331 493
331 1006
331 881
331 1098
332 931
332 432
332 570
332 827
332 573
332 343
332 600
332 478
332 1248
332 1249
332 621
332 370
332 1014
333 420
333 389
333 368
333 968
333 981
333 601
333 1179
334 1185
334 816
334 1044
334 537
335 912
335 786
335 723
335 382
335 1047
335 728
335 900
335 783
336 456
336 630
336 604
337 1092
337 1004
337 1177
337 1151
338 641
338 407
338 1048
338 813
338 432
338 1096
338 606
338 1119
338 1249
338 880
339 901
339 751
339 988
340 1182
340 549
340 1062
340 1210
340 355
340 489
340 424
341 388
341 457
341 470
341 351
341 481
341 1126
341 938
341 1133
341 750
341 634
341 1083
342 1191
342 1161
342 780
342 1238
342 602
342 1245
343 1152
343 641
343 813
343 1240
343 530
343 1044
343 790
343 928
343 931
343 685
343 600
343 744
343 1133
343 1134
343 880
343 758
343 383
344 871
344 361
344 916
345 1153
345 389
345 909
345 910
345 985
345 665
345 679
345 808
345 1096
345 935
345 1103
345 848
345 729
345 807
345 749
345 368
345 633
346 785
346 457
346 1123
346 1146
347 687
347 1236
347 726
347 568
347 1092
347 667
347 636
347 477
348 770
348 779
348 417
348 525
348 500
348 569
349 354
349 709
349 966
349 909
349 1115
350 576
350 1096
350 845
350 985
350 953
350 665
350 389
350 368
350 817
350 633
351 785
351 750
351 432
352 749
353 738
353 779
353 1110
353 1129
353 1008
353 787
353 982
353 569
353 1180
354 709
354 966
354 909
354 1115
355 520
355 1040
355 529
355 1048
355 550
355 430
355 559
355 564
355 697
355 707
355 981
355 1119
355 1127
355 1130
355 1131
355 493
355 497
355 884
356 932
356 1224
356 1003
356 848
358 684
358 460
358 1015
358 373
358 521
358 972
358 1237
359 969
359 979
359 404
359 981
359 483
359 868
359 938
359 519
359 498
359 691
359 760
359 761
360 611
360 659
360 518
360 417
360 1138
360 1074
360 596
360 534
360 609
360 1061
361 563
362 903
362 905
362 654
362 1042
362 408
362 921
362 1050
362 1059
362 1201
362 458
362 552
362 502
363 578
363 950
363 1065
363 463
363 721
363 727
363 480
363 422
363 489
363 1133
363 430
363 553
363 954
363 1211
364 963
364 647
364 781
364 1181
364 1057
364 740
364 747
364 370
364 758
365 578
365 1161
365 780
365 663
365 727
365 1208
365 981
365 410
365 1243
365 868
365 1081
365 691
365 761
366 578
366 483
366 489
366 727
366 981
366 663
366 1065
366 761
367 936
368 389
368 775
368 910
368 527
368 1171
368 664
368 411
368 543
368 802
368 420
368 680
368 1197
368 943
368 817
368 968
368 587
368 923
368 848
368 1236
368 1039
368 612
368 485
368 657
368 886
368 887
368 506
369 450
370 650
370 685
370 1009
370 1014
370 425
370 380
370 827
370 517
370 478
371 964
371 1028
371 565
372 387
372 882
372 466
372 1138
373 799
373 452
373 1158
373 618
373 595
373 1176
373 378
373 1181
373 607
374 653
374 1169
374 1135
374 678
374 686
374 821
374 571
374 1087
374 1098
374 972
374 847
374 1233
374 956
374 623
374 752
374 1016
374 889
375 1027
375 392
375 523
375 1079
375 1239
376 837
376 1173
376 567
376 572
376 1021
376 414
376 831
377 1168
377 981
377 1181
377 799
377 494
378 513
378 521
378 395
378 405
378 407
378 947
378 452
378 838
378 1101
378 462
378 1237
378 601
378 732
378 1125
378 489
378 622
379 1152
379 650
379 785
379 1198
379 735
379 573
379 851
379 468
379 470
379 1124
379 756
379 634
380 647
380 650
380 1047
380 912
380 402
380 899
380 407
380 676
380 677
380 1105
380 844
380 977
380 723
380 728
380 857
380 619
380 786
380 494
380 631
381 1153
381 386
381 903
381 1034
381 1050
381 1059
381 1060
381 552
381 556
381 435
381 568
381 1224
381 594
381 608
381 1003
381 1150
382 780
382 1161
382 717
382 676
382 1094
382 1196
382 1073
382 565
382 696
382 1217
382 631
382 589
382 824
382 981
382 854
382 1124
382 486
382 487
382 872
382 1010
382 503
383 931
383 573
383 1009
383 722
383 756
383 600
384 1158
384 633
384 469
384 665
384 985
384 606
384 799
384 808
384 1006
384 542
384 953
385 1092
385 505
386 612
386 587
386 1069
386 1230
386 509
386 1137
386 1119
386 735
387 1128
387 904
387 882
387 1178
388 769
388 519
388 1167
388 785
388 404
388 801
388 938
388 951
388 464
388 851
388 1123
388 750
388 634
389 908
389 403
389 541
389 1185
389 1058
389 420
389 817
389 708
389 587
389 588
389 845
389 991
389 998
389 616
389 1141
390 975
390 815
391 468
392 672
392 996
392 1206
392 711
392 566
392 661
392 1079
392 1241
392 574
393 746
394 1092
394 646
394 1004
394 531
394 406
394 505
394 891
394 669
394 1151
395 484
395 679
395 683
395 1103
395 807
395 953
395 1147
395 765
396 1031
396 778
396 532
396 1182
396 424
396 428
396 581
396 1234
396 853
396 863
396 999
396 488
397 1026
397 454
397 647
397 912
397 1032
397 436
397 631
397 827
397 478
398 837
398 1035
398 724
398 567
398 572
398 1021
399 881
399 508
400 1153
400 526
400 1044
400 690
400 1207
400 459
400 587
400 460
400 852
400 1119
400 1133
400 509
401 1062
401 685
401 628
401 532
401 1210
401 980
401 538
402 1158
402 1032
402 1047
402 677
402 429
402 605
402 1080
402 963
402 836
402 970
402 976
402 723
402 728
403 908
403 938
403 981
403 1116
403 1141
404 641
404 519
404 801
404 946
404 822
404 839
404 969
404 591
404 858
404 483
404 615
404 880
404 498
404 1043
404 760
404 761
404 763
404 764
405 587
405 816
405 1106
405 537
406 505
406 669
407 900
407 545
407 679
407 808
407 1032
407 953
407 964
407 454
407 714
407 469
407 861
407 484
407 633
408 1137
408 942
408 560
408 838
408 968
408 971
408 462
408 849
408 594
408 468
408 1238
408 601
408 735
408 1125
408 1236
409 1036
409 463
409 727
409 603
410 463
410 691
410 489
410 493
411 502
411 1096
411 663
411 612
411 1245
412 512
412 865
412 898
412 492
413 646
413 1004
413 531
413 1151
414 609
414 837
414 1170
414 724
414 567
414 1183
416 1242
417 865
417 765
417 580
417 683
417 1220
417 461
417 1136
417 466
417 1074
417 804
417 1147
417 445
419 532
419 628
420 848
420 1096
420 968
420 943
420 1179
420 601
420 838
420 923
420 1125
421 1120
421 996
421 1239
421 629
421 566
421 1079
421 661
422 603
422 464
422 938
422 575
423 593
423 771
423 1029
423 841
423 762
424 1127
424 532
424 564
424 1038
424 1048
425 827
425 647
425 976
425 625
425 436
425 696
426 1096
426 568
426 926
427 1224
427 588
427 556
427 568
427 1078
427 1048
428 655
428 550
428 1192
428 938
428 848
428 853
428 464
428 764
429 1032
429 836
429 454
429 900
429 970
430 716
430 617
430 497
430 1227
430 1208
430 1081
430 603
431 1185
431 1002
431 587
431 1069
431 971
431 1044
431 537
431 1207
431 1119
432 640
432 813
432 913
432 793
432 538
432 685
432 1083
432 444
432 980
432 855
432 1249
432 489
432 880
433 611
433 1190
433 609
433 940
433 499
433 995
434 1224
434 718
434 655
434 667
434 541
434 741
434 1003
434 556
434 564
435 896
435 903
435 1186
435 675
435 682
435 942
435 560
435 458
435 473
435 737
435 552
436 704
436 1217
436 1124
436 1094
436 1026
436 976
436 517
436 478
437 1025
437 753
437 648
437 611
437 1209
437 572
437 1246
437 995
438 983
439 1062
439 532
440 610
440 598
440 930
440 528
440 597
440 575
441 517
441 945
441 662
442 1238
442 550
442 520
442 1003
442 556
442 1224
442 822
442 667
442 764
443 739
443 620
443 525
443 720
443 1080
443 963
443 1031
443 605
444 1033
444 1168
444 728
444 643
444 469
444 790
444 1048
444 793
444 799
444 928
444 1249
444 813
444 913
444 797
444 786
444 559
444 884
445 580
445 658
445 982
445 1220
445 1115
445 1054
445 546
445 683
445 622
445 495
445 635
445 702
446 653
446 783
446 1051
446 818
446 821
446 1087
446 1089
446 460
446 847
446 986
446 623
446 752
446 881
447 645
447 781
447 795
447 1053
447 1057
447 571
447 1102
447 847
447 752
447 767
448 644
448 1036
448 527
448 1044
448 664
448 1065
448 1195
448 954
448 578
448 838
448 462
448 463
448 849
448 727
448 601
448 1117
448 1125
448 482
448 934
448 890
449 545
450 1153
450 1154
450 935
450 1194
450 749
450 536
451 494
451 759
451 703
452 897
452 618
452 595
452 1176
452 537
452 799
452 1181
452 607
453 909
454 1026
454 963
454 912
455 1005
455 1104
455 465
455 629
455 1084
456 630
457 785
458 1191
458 468
458 1238
458 1236
458 735
459 539
460 899
460 1161
460 780
460 781
460 526
460 663
460 1068
460 1073
460 827
460 835
460 712
460 595
460 981
460 730
460 478
460 1168
460 1124
460 880
460 1014
461 644
461 1157
461 651
461 787
461 1180
461 1054
461 779
461 1097
461 1232
461 1110
461 997
461 1129
461 622
461 1008
461 500
461 1045
462 556
462 1224
462 549
462 934
462 807
462 682
462 1195
462 942
462 968
462 568
462 849
462 601
462 482
462 1125
462 1003
463 576
463 491
463 1132
463 524
463 665
463 550
463 679
463 953
463 575
463 842
463 632
463 471
463 985
463 721
463 761
463 764
464 785
464 533
464 946
464 822
464 1012
464 583
464 952
464 853
464 1118
464 863
464 868
464 614
464 615
464 766
465 705
465 1221
465 713
465 1175
465 472
465 681
465 810
465 885
466 590
466 720
467 1068
467 1073
467 1236
467 1238
467 663
467 1161
468 896
468 905
468 1042
468 1198
468 1186
468 1059
468 682
468 903
468 942
468 1201
468 968
468 851
468 608
468 737
468 750
469 1040
469 1048
469 813
469 960
469 836
469 714
469 587
469 675
469 606
469 1168
469 510
470 1152
470 899
470 1167
470 785
470 1134
470 928
470 1063
470 951
470 955
470 1217
470 481
470 1083
470 1124
470 619
470 750
471 1039
471 1179
471 1065
471 943
471 1208
471 1081
471 524
471 981
471 727
471 612
471 489
471 1132
471 502
472 774
472 811
472 820
472 927
473 608
473 968
473 587
473 530
473 1096
473 1019
475 1188
475 487
475 532
476 771
476 841
476 1035
476 593
477 891
477 860
477 687
477 726
477 825
477 636
477 574
477 613
478 1026
478 526
478 1057
478 685
478 1210
478 1235
478 980
478 1244
478 874
478 494
479 1185
479 1165
479 1044
479 1207
480 839
480 591
480 575
481 1217
481 899
481 676
481 1009
481 1167
481 785
481 951
481 1240
481 1083
482 934
482 942
483 1214
483 706
483 969
483 979
483 830
483 868
483 498
483 1086
484 513
484 644
484 665
484 777
484 1036
484 920
484 537
484 808
484 553
484 578
484 840
484 721
484 727
484 985
484 489
484 633
484 890
484 981
485 515
485 1133
486 1089
486 869
487 859
487 516
487 783
487 819
487 698
488 578
488 581
488 1065
488 727
488 888
488 954
489 1132
489 1038
489 813
489 1131
489 564
489 1208
489 1081
489 706
489 1103
489 1243
489 1249
489 490
489 632
490 1179
490 981
490 524
490 1081
490 1039
491 1036
491 1176
491 786
491 920
491 559
491 799
491 721
491 981
491 728
491 884
492 512
492 898
493 1031
493 525
493 1182
493 543
493 548
493 1062
493 1199
493 1210
493 581
493 710
493 999
493 497
493 502
493 888
494 896
494 747
494 1162
494 653
494 532
494 986
494 684
494 521
494 696
494 1210
494 827
494 700
494 703
494 704
494 972
494 889
494 1233
494 733
494 752
494 625
494 1014
494 759
494 1087
495 779
495 622
495 890
495 702
496 587
496 1037
496 1003
496 1069
496 1044
496 537
497 520
497 1040
497 529
497 550
497 564
497 693
497 1211
497 960
497 981
497 1130
497 884
498 706
498 969
498 938
498 979
498 760
499 961
499 592
500 770
500 580
500 997
500 1232
500 701
500 1157
501 915
501 1108
502 1153
502 524
502 657
502 918
502 802
502 1137
502 682
502 1197
502 949
502 734
502 735
502 506
503 869
503 1030
503 586
503 783
503 859
503 963
503 1080
503 1007
503 605
504 960
504 707
504 1127
504 1068
504 564
504 529
504 981
505 669
506 1096
506 1236
506 1052
508 864
508 1122
508 517
508 619
508 945
508 1142
508 826
509 1069
509 790
509 540
509 794
509 673
509 552
509 813
509 1050
509 883
509 573
509 1219
509 587
509 600
509 1168
509 788
510 640
510 641
510 643
510 1168
510 600
510 790
510 1176
510 793
510 928
510 931
510 1208
510 1081
510 728
510 1249
510 913
510 786
510 1134
510 880
511 738
511 904
511 1178
512 898
512 1062
513 807
513 665
513 1103
513 985
513 953
513 537
514 801
514 519
514 911
514 760
514 1012
514 798
516 875
516 1030
516 783
516 565
516 535
516 819
516 698
517 769
517 619
517 647
517 781
517 899
517 1049
517 1063
517 1181
517 955
517 1000
517 730
517 1124
517 881
518 865
518 580
518 683
518 557
518 846
518 1074
518 1220
519 1152
519 641
519 776
519 778
519 1199
519 858
519 798
519 801
519 1088
519 809
519 1118
519 733
519 946
519 959
519 832
519 952
519 850
519 993
519 614
519 1001
519 615
519 880
519 761
519 634
519 764
520 525
520 549
520 550
520 689
520 1208
520 1081
520 576
520 853
520 1062
521 1158
521 537
521 665
521 1181
521 799
521 956
521 1098
521 595
521 985
523 927
523 1175
523 699
524 1189
524 1132
524 1036
524 721
524 1245
524 981
524 553
525 1040
525 529
525 1045
525 559
525 815
525 550
525 685
525 1160
525 697
525 1212
525 960
525 779
525 1008
525 842
525 1100
525 975
525 944
525 981
525 982
525 739
525 1130
525 907
525 856
525 1048
526 1244
526 1181
526 740
526 1245
526 881
526 694
526 827
527 1236
527 664
527 1191
527 953
527 817
527 549
528 1219
528 883
528 575
529 576
529 741
529 549
529 689
529 1038
529 707
529 564
530 1185
530 560
531 1153
531 935
531 1004
531 749
531 825
532 898
532 1031
532 1038
532 1048
532 692
532 827
532 1223
532 859
532 973
532 931
532 600
532 1248
532 1126
532 1131
532 884
532 1023
533 911
533 952
533 1012
533 938
534 929
534 579
534 1074
534 596
536 1034
536 594
536 1119
537 641
537 1117
537 1065
537 954
537 578
537 1103
537 684
537 981
537 777
537 606
537 1002
537 1133
537 622
537 1237
538 790
538 797
538 928
538 813
538 827
538 573
538 980
538 1248
538 1249
538 994
538 621
538 1134
538 628
539 738
539 906
539 1107
539 852
540 1179
540 612
540 673
540 1096
540 943
540 788
540 923
541 1153
541 1191
541 1238
541 1236
541 1168
542 1158
542 897
542 985
542 640
542 1181
542 606
542 808
542 939
543 925
543 1003
543 1078
543 568
543 1096
543 667
543 1224
544 1056
544 674
544 1071
544 597
544 575
545 1158
545 806
545 945
545 1181
545 881
545 1142
545 826
545 861
545 799
546 683
546 580
546 622
546 1011
546 660
546 1220
546 644
546 890
546 635
547 1080
547 963
547 605
548 581
548 553
548 721
548 691
549 641
549 1038
549 1044
549 664
549 1195
549 817
549 564
549 707
549 838
549 845
549 849
549 601
549 1125
549 934
549 1127
549 1131
549 748
549 880
550 920
550 689
550 1208
550 1081
550 576
550 578
550 1036
550 863
552 612
552 943
552 1230
552 1137
552 923
552 735
553 1065
553 944
553 691
553 954
553 830
553 959
553 578
553 829
553 969
553 727
553 603
553 1132
553 1086
553 761
554 833
554 936
554 1066
554 627
554 894
555 1229
556 1153
556 1195
556 901
556 1037
556 1044
556 878
556 849
556 935
556 680
556 988
556 941
556 816
556 775
556 1218
556 594
556 1236
556 1238
556 1060
556 932
556 732
556 613
556 1191
556 749
556 1150
557 768
557 1220
557 1225
557 656
557 658
557 787
557 660
557 1115
557 997
557 866
557 966
557 1067
557 978
557 1011
557 701
557 702
559 1031
559 1040
559 1048
559 793
559 714
559 588
559 999
559 620
559 764
560 992
560 737
560 755
560 1019
561 829
563 871
563 1080
564 959
564 576
564 707
564 990
564 741
565 1024
565 1112
565 717
565 1188
565 1063
565 824
565 955
565 586
565 631
565 1100
565 856
565 869
565 1124
566 996
566 1104
566 1041
566 1206
566 1241
566 1084
568 1195
568 941
568 1044
568 816
568 1207
568 840
568 588
568 744
568 612
568 732
568 741
568 613
568 616
568 932
568 878
568 751
568 903
568 1019
568 636
569 770
569 651
569 997
569 1097
569 1232
569 1129
569 1157
570 1152
570 1161
570 780
570 913
570 1044
570 790
570 663
570 797
570 1068
570 685
570 1073
570 1207
570 722
570 1240
570 744
570 1133
571 678
571 956
571 1098
571 876
571 668
572 609
572 1222
572 873
572 904
572 1178
573 1152
573 769
573 685
573 1198
573 842
573 722
573 851
573 980
573 855
573 1240
573 1133
573 750
574 1041
574 1203
574 891
575 801
575 1036
575 920
575 719
575 1140
575 950
575 760
576 748
576 1036
576 1044
576 920
576 817
576 689
576 1207
576 845
576 1127
577 620
577 973
577 1036
577 720
577 920
577 1081
577 890
577 1208
578 652
578 1166
578 877
578 1086
578 1243
578 944
578 691
578 830
578 959
578 581
578 969
578 603
578 862
578 761
578 764
579 929
579 596
580 787
580 666
580 683
580 1220
580 966
580 804
580 1115
580 622
580 701
580 1011
580 635
581 1065
581 727
581 888
582 629
583 848
583 981
583 822
583 764
583 938
584 860
585 1216
585 784
585 795
585 1228
585 1202
585 1102
585 879
585 752
585 818
585 767
585 1053
586 859
586 1188
586 869
586 1007
586 605
587 1034
587 1037
587 794
587 1050
587 1060
587 1194
587 840
587 971
587 1101
587 1059
587 732
587 990
587 1168
587 1133
587 1143
587 1150
588 848
588 884
589 869
589 783
589 1080
589 605
590 1074
590 909
590 659
590 596
591 801
591 1187
591 617
591 716
591 1219
591 760
591 603
592 627
592 1025
592 1082
593 841
593 762
594 1034
594 667
594 1060
594 903
594 1069
594 1224
594 968
594 971
594 1002
594 1003
595 1099
595 695
595 947
595 740
596 929
596 909
596 1074
597 930
597 1219
597 823
597 883
598 1056
598 674
598 1071
598 823
599 1216
599 876
599 1174
599 1247
600 641
600 790
600 794
600 797
600 931
600 1062
600 685
600 944
600 1210
600 1096
600 722
600 880
600 756
601 968
601 942
602 1191
602 1236
602 663
603 1036
603 1133
603 920
603 1187
603 954
603 1211
603 839
603 716
603 721
603 727
603 862
603 617
603 877
603 766
603 895
604 909
604 630
605 896
605 1030
605 1032
605 907
605 912
605 916
605 1188
605 1080
605 1217
605 1090
605 1094
605 1100
605 717
605 803
605 856
605 914
606 640
606 643
606 793
606 781
606 665
606 1181
606 679
606 808
606 939
606 712
606 714
606 985
606 730
607 747
608 903
608 1096
609 1190
609 940
609 611
609 995
610 754
611 940
611 1074
611 995
611 1148
612 782
612 918
612 1197
612 943
612 1224
612 1096
612 1039
612 734
612 657
612 887
613 1003
613 1203
613 745
613 1076
613 1236
613 891
613 1224
614 776
614 893
614 853
615 801
615 760
615 938
615 799
616 1096
616 1003
616 816
616 1106
616 1224
616 638
617 1187
617 1211
617 1172
618 684
618 700
619 781
619 1049
619 1181
619 1083
619 712
619 855
619 1244
619 1000
619 1015
620 742
620 649
620 842
620 1100
620 884
620 856
620 1204
621 685
621 980
622 658
622 660
622 665
622 666
622 1136
622 804
622 679
622 683
622 1147
622 635
622 765
623 1098
623 847
623 1051
623 800
623 872
623 937
623 686
623 752
623 956
623 1087
624 1107
624 852
625 1068
625 780
625 1073
625 1161
625 1245
626 1145
627 833
627 936
627 1066
628 1248
628 685
628 980
629 705
629 713
629 902
629 1175
629 810
630 1070
631 1028
631 783
632 1081
632 1036
632 1208
632 727
632 920
632 761
632 954
632 1243
633 947
633 695
633 1099
633 1103
633 1117
634 1167
634 785
634 951
634 829
634 842
634 973
634 722
634 851
634 1133
635 1136
635 1220
635 804
635 666
636 891
636 745
636 1203
636 1076
636 726
636 1092
637 963
637 871
637 1080
640 643
640 836
640 1249
640 1096
640 1033
640 1047
640 939
640 813
640 880
641 643
641 1161
641 780
641 663
641 1176
641 801
641 931
641 1068
641 1073
641 793
641 714
641 880
641 760
642 1091
642 933
642 875
642 783
642 824
642 1007
643 1096
643 970
643 939
643 813
643 880
643 723
643 1047
643 836
643 1176
644 658
644 660
644 807
644 1067
644 944
644 842
644 978
646 935
646 749
647 704
647 1217
647 1026
647 976
648 1025
648 936
648 1246
649 1100
649 720
649 856
650 899
650 671
650 1217
650 1094
650 851
650 855
650 730
650 750
651 770
651 997
651 1232
652 1166
653 835
653 1124
653 1063
653 937
653 1098
653 955
653 847
653 1051
653 899
653 795
653 1053
653 686
654 1186
654 1020
655 925
655 1192
655 1208
655 1096
655 908
655 853
655 1116
656 866
656 1067
656 978
657 1096
657 1068
657 663
657 1052
658 1095
658 846
658 1011
658 804
658 890
658 1147
659 1074
660 846
660 890
661 1027
661 774
661 713
661 1155
662 806
662 1000
662 826
662 1022
663 1152
663 918
663 802
663 1072
663 691
663 1219
663 965
663 1113
663 990
663 880
663 887
664 1096
664 1191
664 909
664 1238
664 1236
665 1047
665 1036
665 985
665 729
665 920
665 1121
665 939
665 947
665 748
665 967
665 723
665 1245
666 779
666 804
666 765
666 702
667 775
667 825
667 1218
667 737
667 741
667 744
668 1216
668 795
668 712
668 1247
668 972
668 781
668 1102
668 986
668 1053
668 686
670 1205
670 1007
671 1217
671 835
671 676
671 747
671 899
671 1124
673 1230
673 788
673 794
674 754
674 823
675 1191
675 714
675 848
675 1236
675 1238
676 694
676 1080
676 1217
676 963
676 1094
676 851
676 855
676 752
676 1015
676 767
677 1105
677 844
677 977
677 857
677 989
677 799
679 1036
679 1044
679 920
679 1207
679 836
679 1121
679 1099
679 723
679 1047
679 1103
679 861
680 848
680 816
680 840
680 1003
680 1101
681 774
681 917
681 927
682 905
682 1137
683 1008
683 1160
683 1054
683 982
683 702
683 1045
684 807
684 712
684 881
685 913
685 790
685 797
685 813
685 994
686 1163
686 789
686 1135
686 1053
686 1057
686 937
686 818
686 828
686 1233
686 730
686 1016
687 891
688 873
689 920
689 817
689 845
689 1245
689 748
690 1235
690 1245
690 740
690 747
690 881
690 1014
690 827
691 727
691 954
691 721
691 981
691 1065
691 761
691 868
692 1062
692 842
692 1210
693 1211
694 881
694 827
695 808
695 1237
695 985
695 1181
695 799
696 869
696 976
697 1212
697 714
697 739
697 1130
697 884
698 1007
700 800
700 1024
700 872
700 854
700 1051
701 1157
701 1097
701 1232
701 1110
701 1129
702 1160
702 846
703 704
703 1162
703 759
704 1014
704 759
704 874
705 1005
706 778
706 969
706 979
707 1127
708 981
709 966
709 1115
711 1200
711 1239
712 876
712 1009
712 937
712 730
713 996
713 1005
714 1047
714 1168
714 960
714 1119
714 1249
714 723
714 884
715 843
716 1187
716 839
716 1227
716 1043
716 895
717 963
717 869
717 783
718 908
718 935
718 1208
718 1081
718 959
718 741
718 749
718 1141
718 764
720 1040
720 856
720 1048
720 803
720 1204
720 1212
720 960
720 842
720 742
720 1130
720 1011
720 884
721 920
721 953
721 829
721 1036
721 1132
721 761
722 1009
722 813
722 797
722 913
723 1033
723 1047
723 953
724 1222
724 1170
725 1221
725 902
725 1005
725 1104
725 1241
725 1084
725 1055
726 891
726 860
727 1243
727 954
727 969
727 829
727 764
728 1010
728 900
728 985
728 964
728 912
728 1028
729 909
729 910
729 1103
729 953
729 985
730 876
730 781
730 1009
730 1174
730 937
730 1181
731 1067
731 1011
732 1003
733 1158
733 1169
733 1168
733 1009
733 1181
733 981
734 1039
734 981
734 923
735 896
735 1042
735 921
735 1050
735 1059
735 942
735 1201
735 737
735 750
735 1020
737 896
737 991
737 968
738 1061
738 974
738 1215
738 1138
739 1040
739 1048
739 815
739 1212
739 960
739 842
739 1130
740 827
740 1009
740 1015
741 1191
741 1192
741 822
741 1236
741 1003
741 764
742 1100
742 1204
743 1153
743 1193
743 749
745 1203
746 1184
746 1096
746 984
746 1176
747 1235
747 1124
747 1006
747 827
748 909
748 1236
749 776
749 1168
749 1060
749 935
749 903
749 1224
749 1116
749 1003
749 1004
749 1150
749 1151
750 1152
750 899
750 1167
750 785
750 1063
750 1083
750 951
750 1217
750 835
750 1094
750 855
750 955
750 1124
752 899
752 1163
752 1051
752 1053
752 795
752 937
752 1135
752 1202
752 818
752 821
752 1087
752 1217
752 1098
752 1233
752 828
752 1016
753 1209
753 1246
754 1071
755 992
755 1096
756 931
756 1240
756 851
756 790
758 1051
758 981
759 1162
759 874
760 776
760 911
760 809
760 946
760 1088
760 969
760 850
760 1118
760 761
760 764
760 893
761 778
761 1036
761 920
761 1081
761 832
761 969
761 1234
761 1243
762 1035
763 911
763 1012
763 938
764 1040
764 1048
764 925
764 822
764 960
764 1078
764 884
765 779
766 938
767 835
767 876
767 955
767 795
768 866
768 1220
768 1067
768 846
768 978
769 1152
769 899
769 1167
769 785
769 1063
769 813
769 951
769 955
769 835
769 1240
769 1249
769 1123
769 1134
770 999
770 904
770 1097
770 1232
770 787
770 1129
770 1031
770 1178
771 1029
771 870
772 1077
773 870
773 841
774 811
774 1175
774 1079
774 820
774 1239
774 917
775 848
775 1224
775 1003
776 1088
776 801
776 925
776 993
776 893
778 832
778 969
778 979
778 938
779 804
779 1136
780 807
780 963
780 1113
780 1245
780 990
780 1085
781 1098
781 1181
781 937
782 1179
782 943
782 1039
782 923
783 1024
783 1030
783 1159
783 1112
783 914
783 1051
783 1064
783 1063
783 955
783 981
783 856
783 1124
783 1009
784 795
784 1228
784 881
785 1198
785 1083
785 829
785 851
785 855
785 1126
785 1133
786 911
786 1103
786 1010
787 846
788 1230
789 937
789 1014
789 827
790 1152
790 794
790 931
790 829
790 1230
790 1126
791 1226
792 1092
792 1177
792 1004
793 1249
793 1096
793 939
793 1134
793 1176
793 1048
794 931
794 797
794 1219
794 913
794 813
794 1096
794 1230
794 1134
795 1057
795 876
795 1102
795 1216
796 1007
797 944
797 931
797 980
797 1249
797 1126
797 880
798 911
798 1012
798 938
799 911
799 1176
799 1099
799 972
799 1012
800 1163
800 828
800 1135
800 1233
800 1016
800 1087
800 869
801 809
801 946
801 1088
801 850
801 1118
801 1001
801 880
801 893
802 918
802 887
803 963
803 1100
803 856
806 864
806 826
807 1068
807 910
807 1048
807 920
807 1073
807 1036
807 1245
807 890
808 939
808 1103
808 1044
808 981
810 902
810 1005
811 1084
811 1104
811 820
812 1164
813 1033
813 855
813 829
813 980
813 1249
813 1126
813 981
814 1175
814 1084
814 927
816 1224
816 886
816 1096
817 953
818 1024
818 1202
818 937
818 1051
818 1053
818 821
819 1007
820 1104
820 1241
820 1084
821 937
821 1098
821 1202
821 1051
821 1053
822 960
822 1040
822 1168
822 938
824 1112
825 1004
825 1236
825 1238
825 860
825 1151
826 864
826 1122
826 1022
827 1026
827 976
827 980
827 1244
827 1014
827 1015
828 937
828 1098
828 847
828 1016
828 986
829 1156
829 928
829 931
829 954
829 1134
830 1036
830 1065
830 920
830 954
832 979
832 1199
833 936
833 1035
833 894
834 1066
834 1082
835 1181
835 1063
835 847
835 986
835 869
836 1010
836 1033
836 970
837 1222
837 1170
838 1195
838 849
838 942
839 1043
839 1187
839 883
840 1003
840 1224
841 1035
842 928
842 890
843 1007
844 1158
844 1105
844 977
844 989
845 909
845 1236
845 985
846 966
846 1225
846 1110
846 890
846 1115
847 899
847 1163
847 1051
847 955
847 956
847 1087
847 876
847 1135
847 1016
848 1171
848 1185
848 932
848 863
848 886
849 1003
849 1224
849 942
849 934
849 1195
850 935
850 925
851 899
851 1198
851 1217
851 1240
852 1107
853 993
853 1192
853 938
853 981
854 1024
854 1196
854 869
855 1249
855 1124
855 1167
856 907
856 999
856 1080
857 1105
858 911
858 1139
858 958
858 1012
859 1188
860 941
860 891
861 1122
861 1158
861 881
861 1181
862 877
863 1192
863 938
863 981
864 1122
864 1000
864 1022
865 898
865 982
865 890
865 1054
866 1220
866 1225
866 1011
868 969
869 899
869 1030
869 1159
869 1094
869 1196
869 1075
869 955
869 1217
869 1112
869 872
869 1063
869 1009
869 1010
870 1029
871 916
872 1009
873 1035
874 1162
876 1057
876 1216
876 1247
876 879
876 986
876 1053
878 1236
879 1228
880 1033
880 913
880 1176
880 1073
880 1249
881 1051
881 1228
881 1015
882 1128
882 1215
883 930
883 1230
883 1073
883 981
884 1040
884 1062
884 960
884 981
884 990
885 1104
885 927
886 1224
886 1003
889 1168
889 1169
889 981
890 1067
890 978
892 1153
892 948
893 935
895 1187
895 1208
895 1081
896 963
896 1080
897 939
898 1223
898 1013
899 963
899 976
899 1124
899 1015
900 1026
900 963
900 912
900 1010
901 1139
901 1224
901 1003
901 1144
902 1221
902 1005
902 1104
902 1241
902 1055
902 1084
903 1153
903 1137
903 1096
903 935
904 1061
904 909
904 1215
905 1236
905 1137
905 1201
905 1191
905 1042
905 1238
905 921
907 963
907 999
907 1080
907 1031
908 1192
908 1116
909 910
909 940
909 967
909 1242
911 1158
912 1026
912 963
912 1010
913 944
913 1126
913 1249
914 963
915 1108
916 1080
916 963
920 1243
920 973
920 1214
920 1086
921 1137
922 1096
922 925
922 1078
923 924
923 1039
923 1050
923 943
923 949
924 1179
924 943
924 1039
924 1245
925 1192
925 938
926 1096
926 1171
927 1027
927 1200
927 1164
928 1152
928 944
928 1210
928 980
929 1074
931 1152
931 1126
932 1224
932 1003
933 1091
934 1195
934 942
934 1125
935 1154
935 1034
935 1060
935 1193
935 941
935 948
935 1224
935 971
935 1116
935 1150
935 1151
936 1025
936 1209
936 1066
937 1135
937 986
937 1202
937 1016
937 1087
938 1012
938 1234
938 1240
939 1158
939 1033
939 1176
939 1181
940 1074
941 1003
941 1224
941 1092
942 1195
942 968
944 1031
944 1062
944 1208
944 1081
944 999
945 1000
947 1158
947 1099
947 1176
947 1181
948 1153
951 1133
951 1167
953 967
953 1047
953 1103
954 1214
954 1065
955 1063
956 972
956 1202
956 1135
956 1181
956 1169
956 1098
956 1087
957 1096
957 1171
958 1096
958 1003
959 1038
959 1127
959 1116
960 1040
960 981
963 1030
963 1032
963 1161
963 1068
963 1217
963 1090
963 1100
963 1094
963 1009
964 1064
965 1068
965 1073
967 1191
967 985
968 1186
968 1125
968 1236
969 1199
969 1208
969 1081
969 1065
970 1010
971 1096
971 1002
972 1174
972 1098
972 1181
973 1089
973 1036
976 1124
976 1014
977 1158
978 1225
978 1067
980 994
980 1248
981 1189
981 1244
981 1132
981 1040
981 1169
981 1176
981 1116
981 990
981 1089
981 985
981 1243
981 1015
982 1220
984 1184
985 1047
985 1099
985 1237
986 1063
986 1233
986 1135
986 1163
986 1016
986 1051
986 1053
987 1171
988 1003
988 1144
990 1068
990 1130
990 1040
990 1073
990 1161
991 1096
991 1197
991 1179
991 1245
992 1171
995 1173
996 1120
997 1157
997 1110
997 1097
997 1180
998 1039
998 1197
998 1245
998 1096
999 1048
1001 1088
1002 1185
1002 1069
1002 1044
1002 1207
1002 1119
1003 1153
1003 1034
1003 1037
1003 1168
1003 1096
1003 1218
1003 1101
1003 1060
1003 1144
1003 1044
1003 1019
1004 1153
1004 1177
1005 1221
1005 1175
1005 1017
1007 1205
1007 1109
1008 1220
1008 1160
1009 1196
1009 1244
1009 1015
1010 1158
1011 1220
1011 1095
1012 1158
1014 1244
1014 1210
1014 1235
1014 1062
1015 1244
1015 1235
1016 1098
1016 1233
1019 1185
1019 1103
1020 1186
1020 1137
1021 1222
1021 1170
1022 1122
1024 1196
1024 1202
1025 1246
1027 1175
1028 1064
1030 1112
1030 1080
1031 1062
1031 1048
1031 1210
1032 1080
1034 1224
1034 1207
1035 1222
1035 1170
1036 1132
1036 1243
1036 1214
1036 1086
1037 1224
1038 1062
1038 1182
1039 1189
1041 1206
1042 1137
1044 1152
1044 1185
1044 1207
1044 1224
1045 1160
1047 1176
1048 1182
1048 1062
1048 1210
1050 1179
1050 1230
1050 1137
1050 1119
1051 1089
1051 1087
1052 1096
1053 1202
1053 1102
1056 1071
1057 1174
1058 1192
1059 1137
1060 1224
1060 1207
1060 1150
1061 1128
1061 1178
1062 1223
1062 1210
1062 1212
1062 1248
1062 1127
1065 1214
1065 1086
1066 1082
1067 1225
1067 1095
1068 1073
1068 1085
1068 1113
1069 1168
1069 1119
1072 1245
1073 1085
1073 1113
1074 1138
1076 1203
1077 1114
1078 1192
1079 1239
1079 1200
1080 1094
1080 1217
1080 1100
1080 1188
1081 1132
1081 1166
1081 1189
1081 1192
1081 1208
1081 1243
1081 1116
1083 1249
1084 1200
1084 1164
1084 1104
1085 1236
1085 1161
1086 1214
1087 1098
1092 1177
1094 1217
1094 1244
1094 1124
1095 1220
1096 1184
1096 1139
1096 1192
1096 1197
1097 1129
1098 1163
1098 1233
1098 1169
1099 1176
1100 1204
1101 1143
1102 1174
1104 1241
1106 1207
1109 1205
1110 1180
1111 1213
1112 1188
1113 1191
1113 1236
1113 1238
1113 1161
1116 1168
1116 1208
1116 1230
1116 1141
1119 1194
1119 1230
1119 1133
1121 1158
1121 1176
1124 1181
1124 1217
1125 1195
1126 1249
1126 1134
1126 1210
1127 1210
1127 1182
1128 1215
1130 1212
1131 1210
1132 1245
1133 1171
1134 1152
1135 1233
1137 1201
1139 1144
1141 1192
1144 1224
1146 1156
1148 1173
1150 1224
1150 1207
1151 1153
1152 1198
1152 1240
1153 1154
1153 1193
1153 1224
1155 1175
1163 1233
1164 1175
1164 1241
1165 1185
1166 1208
1168 1176
1168 1230
1168 1236
1169 1181
1170 1183
1171 1185
1172 1187
1172 1227
1174 1216
1174 1247
1175 1200
1178 1215
1179 1189
1181 1237
1182 1210
1185 1207
1185 1224
1187 1227
1189 1191
1189 1238
1189 1208
1191 1224
1191 1238
1192 1208
1195 1224
1196 1202
1197 1245
1207 1224
1208 1243
1209 1246
1210 1212
1210 1223
1210 1248
1211 1227
1216 1247
1217 1244
1218 1236
1220 1225
1224 1236
1224 1238
1235 1244
