0 4
0 5
0 262
0 556
0 267
0 269
0 528
0 19
0 20
0 22
0 536
0 1028
0 1051
0 1109
0 389
0 547
0 292
0 296
0 811
0 300
0 311
0 1082
0 60
0 831
0 1096
0 567
0 1037
0 1107
0 85
0 1114
0 350
0 95
0 869
0 102
0 106
0 121
0 378
0 790
0 384
0 130
0 278
0 823
0 659
0 149
0 919
0 1176
0 157
0 1188
0 1193
0 939
0 174
0 1200
0 178
0 694
0 442
0 191
0 451
0 968
0 714
0 971
0 208
0 465
0 722
0 726
0 1064
0 473
0 731
0 229
0 236
0 753
0 508
0 341
1 481
1 977
1 443
1 231
1 396
1 13
1 468
1 25
2 449
2 777
2 778
2 131
2 1114
2 1122
2 35
2 38
2 103
2 170
2 1005
2 1012
2 55
2 568
3 1152
3 262
3 268
3 20
3 279
3 537
3 29
3 289
3 548
3 561
3 565
3 824
3 826
3 573
3 830
3 833
3 322
3 1091
3 1093
3 585
3 332
3 1103
3 80
3 1106
3 339
3 340
3 855
3 88
3 89
3 346
3 363
3 109
3 110
3 625
3 117
3 886
3 1112
3 122
3 128
3 1154
3 900
3 648
3 877
3 1172
3 1049
3 153
3 667
3 928
3 674
3 419
3 165
3 936
3 1195
3 690
3 201
3 954
3 445
3 702
3 451
3 966
3 713
3 518
3 203
3 207
3 37
3 1249
3 227
3 1000
3 241
3 243
3 500
3 255
4 5
4 1034
4 268
4 1037
4 29
4 1054
4 289
4 296
4 811
4 833
4 1096
4 73
4 567
4 350
4 351
4 866
4 616
4 620
4 872
4 119
4 121
4 378
4 894
4 137
4 910
4 146
4 194
4 457
4 760
4 981
4 122
4 490
4 504
4 766
5 6
5 279
5 908
5 655
5 403
5 661
5 34
5 291
5 1060
5 933
5 297
5 691
5 55
5 65
5 1219
5 583
5 73
5 591
5 186
5 96
5 1121
5 866
5 637
6 960
6 1154
6 625
6 297
6 661
6 599
6 889
6 954
6 573
7 897
7 268
7 141
7 15
7 1063
7 441
7 1085
7 194
7 202
7 717
7 1241
7 741
7 231
7 1005
7 879
7 1012
7 630
7 505
7 254
9 1222
9 1030
9 827
9 46
10 619
10 964
10 73
10 11
10 435
10 116
11 962
11 964
11 855
11 435
11 148
11 597
11 674
11 344
11 153
11 1246
11 1249
11 619
11 47
11 307
11 116
11 565
11 596
11 892
12 197
12 42
12 174
12 926
13 260
13 133
13 977
13 42
13 878
13 212
13 246
13 91
13 926
14 1216
14 770
14 73
14 1038
14 523
14 974
14 1039
14 336
14 19
14 981
14 983
14 151
14 1242
14 415
14 865
14 231
14 809
14 915
14 952
14 185
14 1085
14 62
15 1028
15 518
15 520
15 267
15 527
15 1155
15 20
15 1046
15 539
15 811
15 49
15 311
15 824
15 1088
15 1091
15 331
15 76
15 848
15 93
15 351
15 869
15 110
15 116
15 119
15 122
15 363
15 648
15 137
15 1175
15 1168
15 1051
15 149
15 919
15 920
15 1079
15 675
15 936
15 170
15 175
15 948
15 445
15 451
15 709
15 976
15 465
15 981
15 470
15 216
15 1104
15 228
15 488
15 1003
15 236
15 499
15 500
15 366
15 1015
15 504
15 766
16 544
16 699
16 86
16 663
16 474
16 219
16 1052
17 528
17 694
17 1112
17 313
17 573
18 388
18 70
18 777
18 469
18 37
18 41
18 55
18 509
19 262
19 137
19 524
19 435
19 25
19 667
19 926
19 166
19 1192
19 42
19 1037
19 174
19 307
19 694
19 824
19 317
19 451
19 580
19 330
19 207
19 597
19 101
19 116
19 246
19 148
19 634
19 981
20 257
20 654
20 1172
20 406
20 920
20 1060
20 47
20 433
20 692
20 565
20 694
20 316
20 1085
20 1088
20 834
20 323
20 709
20 73
20 75
20 76
20 717
20 470
20 855
20 109
20 110
20 1099
20 116
20 958
20 1015
20 1018
21 1206
22 694
22 559
22 212
22 246
22 986
23 644
23 1158
23 971
23 269
23 973
23 465
23 536
23 1113
23 416
23 675
23 1066
23 753
23 1215
24 388
24 295
24 540
25 982
25 782
25 912
25 729
25 792
25 160
25 1075
25 551
25 688
25 49
25 562
25 179
25 309
25 310
25 574
25 319
25 843
25 1098
25 459
25 847
25 1233
25 595
25 84
25 725
25 342
25 1239
25 1240
25 217
25 1171
25 237
25 1214
25 755
25 372
25 1086
25 502
25 120
25 468
25 506
25 1147
25 1020
25 767
26 1088
26 73
26 76
26 406
26 415
26 234
26 44
26 112
26 1015
26 1018
26 316
27 772
27 495
27 189
28 783
28 123
28 425
28 813
28 371
28 1047
28 602
28 59
28 61
29 128
29 641
29 522
29 1028
29 1051
29 713
29 1076
29 949
29 311
29 60
29 573
29 448
29 73
29 866
29 94
29 351
29 738
29 870
29 743
29 616
29 499
29 119
29 378
29 1066
29 766
30 471
30 1032
31 283
32 34
32 1220
32 358
32 519
32 850
32 61
33 1090
33 518
33 200
33 841
33 907
33 1046
33 799
33 936
33 828
33 111
33 368
33 113
34 514
34 393
34 522
34 919
34 536
34 816
34 1076
34 823
34 1082
34 1220
34 327
34 1226
34 204
34 718
34 209
34 215
34 220
34 358
34 593
34 999
34 366
34 753
34 508
35 576
35 387
35 202
35 77
35 335
35 81
35 791
35 350
35 867
35 1001
35 60
35 458
36 1111
36 328
36 154
37 300
37 400
37 131
37 149
37 966
37 935
37 1066
37 44
37 943
37 1076
37 201
37 826
37 60
37 573
37 70
37 73
37 202
37 760
37 1109
37 1145
37 216
37 863
37 610
37 869
37 230
37 743
37 146
37 894
37 268
37 119
37 504
37 121
37 122
37 766
38 387
38 137
38 778
38 537
38 411
38 167
38 811
38 1078
38 55
38 213
38 1244
38 867
38 997
38 879
38 639
38 254
38 981
39 358
39 332
40 577
40 323
40 709
40 650
40 1207
40 207
40 787
40 1241
40 690
40 692
40 758
40 1015
40 1018
40 316
40 958
41 290
41 966
41 1004
41 610
41 789
41 503
41 282
42 384
42 529
42 788
42 1118
42 994
42 100
42 875
42 560
42 125
43 964
43 1191
43 307
43 344
43 601
44 770
44 260
44 1026
44 401
44 659
44 900
44 166
44 809
44 556
44 1197
44 947
44 1085
44 575
44 192
44 966
44 204
44 77
44 974
44 336
44 1242
44 231
44 500
45 577
45 259
45 516
45 650
45 203
45 1103
45 535
45 280
45 207
45 587
45 1190
45 715
45 1193
45 108
45 174
45 1213
45 1077
45 758
45 700
45 106
46 1222
46 235
46 622
46 152
46 350
47 1172
47 148
47 1049
47 923
47 1185
47 552
47 553
47 717
47 597
47 344
47 96
47 1125
47 104
47 110
47 116
47 892
48 354
48 1202
48 388
48 901
48 70
48 295
48 777
48 503
48 498
48 50
48 137
48 509
48 1223
49 1153
49 902
49 904
49 523
49 524
49 275
49 148
49 1173
49 1174
49 151
49 408
49 153
49 539
49 154
49 161
49 923
49 166
49 1069
49 942
49 822
49 1227
49 717
49 974
49 207
49 953
49 855
49 596
49 727
49 932
49 1242
49 1039
49 915
49 221
49 478
49 991
49 226
49 104
49 107
49 621
49 111
49 624
49 787
49 1023
50 944
50 1059
50 325
50 295
50 427
50 940
50 242
50 210
50 724
50 538
50 1138
51 239
51 154
51 381
52 522
52 717
52 271
52 919
52 1117
52 1066
52 499
52 1076
52 504
52 121
52 122
52 957
53 353
53 197
53 838
53 941
53 939
53 557
53 174
53 694
53 246
54 883
54 134
54 299
54 252
54 493
55 131
55 388
55 522
55 267
55 269
55 149
55 919
55 409
55 282
55 1057
55 289
55 290
55 1059
55 676
55 326
55 1065
55 1067
55 429
55 797
55 944
55 311
55 63
55 67
55 70
55 967
55 971
55 973
55 334
55 79
55 81
55 210
55 1238
55 215
55 335
55 354
55 1072
55 228
55 422
55 465
55 1134
55 1142
55 869
55 504
55 1145
55 122
55 895
55 508
55 789
56 325
56 70
56 242
56 724
57 456
57 1006
57 459
57 782
57 847
57 912
57 82
57 309
57 888
57 377
57 506
57 253
57 990
57 319
58 64
58 1124
58 677
58 321
58 522
58 919
58 655
58 273
58 149
58 869
58 825
58 938
58 693
59 371
59 1047
59 172
59 813
60 576
60 387
60 556
60 268
60 141
60 406
60 791
60 1054
60 415
60 300
60 305
60 448
60 1099
60 966
60 201
60 714
60 75
60 77
60 79
60 1109
60 350
60 866
60 230
60 121
61 1026
61 611
61 900
61 204
61 171
61 172
61 681
61 783
61 240
61 425
61 1220
61 1083
62 1173
62 770
62 75
62 336
62 1038
62 983
62 952
62 1023
62 415
63 448
63 326
63 967
63 460
63 141
63 86
63 230
63 487
63 743
63 1074
63 824
63 378
64 971
64 267
64 973
64 655
64 848
64 465
64 1042
64 1231
64 797
64 863
64 227
64 1201
64 766
64 119
64 1145
64 507
64 508
64 702
65 971
65 267
65 269
65 753
65 823
65 536
65 508
66 774
66 385
66 1034
66 903
66 1106
66 504
67 895
67 645
67 879
67 213
68 497
68 1044
68 582
69 898
69 515
69 260
69 129
69 651
69 1211
69 158
69 159
69 1189
69 1191
69 1205
69 443
69 446
69 1088
69 864
69 709
69 839
69 330
69 1101
69 720
69 82
69 344
69 263
69 483
69 232
69 364
69 881
69 958
69 377
69 250
69 1148
70 1160
70 1068
70 944
70 1059
70 295
70 168
70 940
70 1202
70 183
70 325
70 966
70 210
70 724
70 469
70 498
70 379
71 803
71 790
71 174
71 726
71 831
71 298
71 926
71 511
72 748
72 391
72 588
72 270
72 1129
72 793
72 479
73 527
73 530
73 537
73 1051
73 649
73 556
73 223
73 1079
73 575
73 779
73 585
73 77
73 80
73 596
73 597
73 697
73 1113
73 1119
73 1122
73 619
73 620
73 109
73 1142
73 1146
73 644
73 1168
73 146
73 659
73 148
73 149
73 1179
73 668
73 1028
73 675
73 170
73 175
73 1225
73 185
73 1216
73 710
73 713
73 1227
73 1231
73 214
73 727
73 738
73 228
73 241
73 760
73 768
73 260
73 267
73 268
73 269
73 817
73 296
73 815
73 305
73 311
73 315
73 833
73 322
73 842
73 331
73 844
73 846
73 848
73 346
73 348
73 861
73 355
73 869
73 366
73 886
73 894
73 1053
73 401
73 1091
73 923
73 416
73 935
73 426
73 947
73 962
73 966
73 1038
73 971
73 975
73 465
73 981
73 984
73 985
73 1104
73 1020
73 490
73 500
73 1108
73 1019
73 508
75 770
75 1155
75 137
75 396
75 1037
75 1039
75 915
75 811
75 1070
75 952
75 1079
75 824
75 445
75 194
75 1091
75 1104
75 337
75 981
75 350
75 998
75 112
75 632
75 378
75 1020
75 1109
76 257
76 1153
76 651
76 142
76 915
76 947
76 1205
76 822
76 717
76 109
77 512
77 1025
77 1028
77 1030
77 265
77 522
77 267
77 1051
77 1054
77 289
77 1063
77 817
77 818
77 311
77 568
77 315
77 576
77 331
77 846
77 852
77 1109
77 350
77 355
77 615
77 1128
77 620
77 366
77 1136
77 630
77 122
77 897
77 642
77 644
77 567
77 1165
77 401
77 146
77 919
77 1178
77 415
77 416
77 675
77 174
77 943
77 1183
77 1215
77 1099
77 1142
77 710
77 712
77 973
77 976
77 465
77 216
77 985
77 222
77 1001
77 504
77 507
77 508
78 449
78 86
78 79
78 1169
78 984
78 1244
78 868
79 1217
79 868
79 966
79 1225
79 876
79 1109
79 214
79 1019
80 390
80 307
80 778
80 398
80 791
80 157
80 288
80 1191
80 170
80 946
80 435
80 573
80 717
80 81
80 722
80 1238
80 344
80 1244
80 867
80 633
80 634
81 527
81 787
81 789
81 1058
81 548
81 305
81 1078
81 568
81 576
81 322
81 585
81 610
81 335
81 354
81 1123
81 868
81 103
81 876
81 111
81 624
81 969
81 1150
81 639
81 1163
81 140
81 1169
81 879
81 167
81 690
81 439
81 441
81 201
81 715
81 984
81 219
81 476
81 997
81 1001
81 490
81 1005
81 1012
81 503
81 254
82 651
82 524
82 377
82 154
82 1143
82 924
82 1007
82 1073
82 755
82 436
82 1205
82 247
82 763
83 752
83 132
83 853
83 1236
84 237
85 694
86 643
86 141
86 472
86 786
86 544
86 824
86 449
86 710
86 202
86 981
86 214
86 600
86 219
86 103
86 1128
86 487
86 876
86 1014
87 592
87 1232
87 386
87 546
87 1237
87 525
88 1221
88 279
88 340
88 661
88 89
88 573
89 169
89 625
89 599
90 673
90 1223
90 427
90 466
90 312
90 543
91 899
91 481
91 396
91 468
91 406
91 1118
91 417
91 998
91 560
91 443
91 1148
92 1080
92 329
92 798
93 170
93 451
93 948
93 667
94 322
94 201
94 268
94 1122
94 1050
94 218
94 1150
95 1193
95 106
95 1213
95 694
95 1194
96 522
96 267
96 269
96 146
96 149
96 1049
96 666
96 175
96 289
96 549
96 296
96 429
96 1203
96 565
96 823
96 316
96 445
96 830
96 1013
96 1091
96 1142
96 971
96 846
96 1231
96 1106
96 215
96 216
96 1146
96 869
96 872
96 620
96 110
96 958
96 886
96 504
96 122
98 130
98 631
98 174
98 208
98 878
98 694
98 926
99 1140
99 757
100 212
100 246
100 926
101 384
101 115
101 885
101 374
101 471
101 344
101 634
102 608
102 178
102 212
102 694
103 576
103 867
103 778
103 1005
103 335
103 500
103 791
103 600
103 441
103 1244
103 1012
104 834
104 964
104 520
104 344
104 815
104 1246
104 1249
104 234
104 1191
104 109
104 433
104 1013
104 886
104 1146
104 892
104 383
105 134
106 365
107 522
107 402
107 494
107 919
107 921
107 922
107 943
107 717
107 291
107 683
107 431
107 957
107 583
107 333
107 589
107 271
107 215
107 216
107 347
107 607
107 976
107 116
107 121
108 577
108 563
108 951
108 1241
108 1011
109 962
109 1207
109 1101
109 526
109 148
109 597
109 815
109 674
109 174
109 573
109 596
109 692
109 958
109 1015
109 1018
109 316
109 445
109 190
110 1060
110 175
110 1246
110 892
110 445
110 830
111 715
111 964
111 650
111 587
111 435
111 207
111 787
111 535
111 730
111 1123
111 1190
111 1191
111 690
111 307
111 1077
111 438
111 573
112 1099
112 520
112 406
112 415
113 520
113 617
113 1003
113 571
114 612
114 517
114 806
114 1095
114 306
114 950
114 471
115 640
115 806
115 1095
115 950
115 374
115 471
115 444
116 257
116 1049
116 539
116 1191
116 175
116 307
116 565
116 445
116 964
116 1104
116 1246
116 892
117 747
117 340
117 599
117 124
117 573
118 359
119 401
119 1042
119 1050
119 1179
119 346
119 289
119 556
119 966
119 201
119 717
119 975
119 218
119 655
119 351
119 1122
119 616
119 499
119 1150
119 121
119 766
119 255
120 237
120 1233
120 342
121 1042
121 291
121 1066
121 300
121 561
121 819
121 564
121 1076
121 321
121 322
121 835
121 327
121 333
121 849
121 1109
121 347
121 352
121 1122
121 367
121 380
121 1150
121 128
121 393
121 655
121 400
121 402
121 935
121 583
121 174
121 180
121 694
121 186
121 194
121 714
121 589
121 218
121 993
121 1105
121 496
121 241
121 759
121 766
122 128
122 385
122 144
122 146
122 403
122 666
122 866
122 717
122 1060
122 1024
122 1066
122 171
122 556
122 429
122 1201
122 1203
122 1076
122 702
122 1219
122 452
122 966
122 591
122 1106
122 467
122 985
122 293
122 784
122 738
122 227
122 657
122 659
122 933
122 637
123 522
123 267
123 973
123 718
123 1231
123 848
123 465
123 846
123 536
123 216
123 976
123 228
123 753
123 296
123 172
123 177
123 691
123 1142
123 1082
123 508
124 747
124 625
124 340
124 599
124 954
124 573
125 994
125 926
126 832
126 147
127 672
127 161
127 421
127 231
127 520
127 1197
127 991
128 512
128 513
128 265
128 522
128 919
128 908
128 284
128 1183
128 289
128 922
128 431
128 350
128 573
128 835
128 966
128 327
128 457
128 759
128 717
128 1106
128 215
128 216
128 985
128 222
128 677
128 993
128 616
128 508
128 494
128 367
128 496
128 872
128 499
128 504
128 380
128 766
129 1036
129 435
129 534
129 1205
129 182
129 964
129 344
129 217
129 481
129 739
129 998
129 871
129 754
129 763
130 740
130 694
131 387
131 966
131 791
131 140
131 1238
131 282
132 706
132 963
132 1033
132 139
132 1133
132 752
132 1137
132 856
133 174
133 694
134 644
134 1142
134 712
134 465
134 1170
134 1048
134 1113
134 416
134 675
134 228
134 493
134 817
134 882
134 1215
135 996
135 773
135 1166
136 1132
136 688
136 1240
136 978
136 728
136 1147
136 1214
136 767
137 384
137 400
137 1050
137 1122
137 300
137 561
137 573
137 448
137 577
137 322
137 964
137 714
137 202
137 717
137 760
137 981
137 344
137 866
137 230
137 487
137 743
137 1005
137 1012
137 1150
137 1014
137 894
138 418
138 1100
138 399
139 434
139 856
139 796
140 290
140 789
141 643
141 786
141 1155
141 544
141 194
141 710
141 981
141 214
141 487
141 1128
141 876
141 378
141 765
141 1109
142 1088
142 965
142 730
142 234
142 628
142 692
142 1207
142 244
143 154
143 1211
143 159
144 1028
144 457
144 1034
144 910
144 1134
144 1051
144 863
144 227
144 869
144 872
144 366
144 1201
144 1203
144 504
144 1145
144 702
145 992
145 356
145 174
145 430
145 150
145 248
145 345
146 385
146 1226
146 784
146 209
146 659
146 866
146 1024
146 401
146 1066
146 816
146 1076
146 504
146 318
147 187
148 257
148 520
148 1182
148 174
148 445
148 473
148 1246
148 231
148 885
148 886
149 896
149 393
149 532
149 918
149 201
149 797
149 938
149 432
149 561
149 734
149 694
149 1083
149 1087
149 322
149 835
149 710
149 327
149 723
149 214
149 215
149 966
149 218
149 987
149 314
149 350
149 400
149 869
149 743
149 496
149 241
149 378
149 1019
149 764
149 1150
151 406
151 520
151 1039
151 1038
151 408
151 415
151 231
151 1085
152 1030
152 1165
152 1198
152 558
152 1046
152 535
152 1054
152 1058
152 548
152 1061
152 1190
152 818
152 1077
152 438
152 439
152 827
152 700
152 715
152 1093
152 587
152 476
152 1123
152 1003
152 238
152 686
153 257
153 855
153 573
154 384
154 260
154 396
154 1045
154 662
154 424
154 302
154 181
154 316
154 1086
154 193
154 839
154 1234
154 459
154 972
154 1101
154 337
154 217
154 862
154 481
154 739
154 484
154 998
154 1233
154 234
154 237
154 369
154 377
154 1018
154 1020
154 381
155 266
156 389
156 298
156 174
156 694
156 212
156 726
156 407
156 1199
156 511
157 162
157 398
157 527
157 174
157 633
158 651
158 397
158 881
158 1205
159 1237
160 840
160 237
160 502
161 437
161 761
161 185
161 1085
162 174
162 880
162 722
162 633
163 907
163 841
163 571
164 878
164 212
164 246
164 410
165 900
165 231
165 393
165 327
165 573
165 611
165 1195
166 384
166 897
166 520
166 654
166 433
166 435
166 1063
166 573
166 344
166 224
166 231
166 1000
166 234
166 1085
166 505
166 383
167 213
167 422
167 970
167 1078
168 295
169 1221
169 340
169 573
170 387
170 791
170 667
170 948
170 577
170 717
170 1238
170 1114
170 867
170 236
170 880
170 633
171 644
171 522
171 919
171 289
171 681
171 172
171 943
171 1201
171 1083
171 1087
171 929
171 973
171 846
171 465
171 1113
171 348
171 734
171 227
171 228
171 882
171 1142
172 929
172 196
172 1157
172 327
172 681
172 1102
172 477
172 1083
172 691
172 1047
172 602
172 734
173 744
173 821
173 695
174 522
174 1037
174 526
174 529
174 1050
174 556
174 596
174 597
174 1114
174 1122
174 633
174 634
174 1150
174 648
174 659
174 1182
174 694
174 189
174 190
174 197
174 201
174 722
174 727
174 1241
174 218
174 236
174 215
174 275
174 790
174 797
174 292
174 298
174 811
174 815
174 307
174 824
174 565
174 353
174 866
174 880
174 884
174 885
174 831
174 384
174 390
174 919
174 932
174 435
174 962
174 964
174 981
175 384
175 1085
175 406
175 932
175 433
175 565
175 654
175 884
175 445
175 224
175 962
175 1099
175 597
175 1018
175 383
176 270
177 999
177 1226
177 514
177 1230
177 222
178 1188
178 694
178 1164
179 898
179 839
179 456
179 459
179 782
179 729
179 682
179 309
179 247
179 377
179 319
180 513
180 564
180 797
181 193
182 1184
182 308
182 1189
182 755
182 436
182 1143
182 217
183 295
184 312
185 1038
185 1063
185 672
185 421
185 231
185 234
185 615
185 1197
185 1136
185 437
185 630
185 505
185 991
186 522
186 919
186 333
186 910
186 976
186 465
186 215
186 216
186 539
186 797
186 863
186 289
186 943
186 1145
186 1034
188 376
188 195
189 1248
189 801
189 772
189 807
189 233
189 495
189 430
189 1245
190 257
190 1101
190 590
190 344
190 1125
190 549
190 231
190 552
190 553
190 1085
190 884
190 1013
190 886
190 1146
190 573
191 389
191 694
191 246
192 231
192 426
192 1085
193 484
193 862
193 1036
193 301
193 911
193 424
193 662
193 381
193 542
194 1155
194 400
194 537
194 409
194 797
194 415
194 561
194 1076
194 1079
194 448
194 1099
194 967
194 335
194 966
194 743
194 241
194 500
194 895
195 931
195 364
195 720
195 1209
196 1025
196 1176
196 547
196 567
196 1083
196 1087
196 334
196 227
197 785
197 264
197 939
197 529
198 418
198 423
198 1130
198 1100
198 706
198 399
198 752
198 434
198 1208
198 249
199 592
199 525
199 1237
200 520
200 781
200 628
200 730
201 448
201 1089
201 1028
201 714
201 366
201 334
201 387
201 869
201 215
201 1051
201 797
201 351
201 230
201 743
201 300
201 749
201 776
201 350
201 573
201 766
202 544
202 576
202 487
202 1155
202 1079
202 568
202 537
202 765
202 1014
203 577
203 323
203 709
203 316
203 573
204 893
204 1094
204 358
204 615
204 1085
204 573
204 1136
204 850
204 852
204 327
204 1063
205 651
206 976
206 216
206 943
207 384
207 307
207 920
207 1058
207 548
207 1190
207 1191
207 692
207 1077
207 438
207 316
207 573
207 1088
207 715
207 964
207 709
207 587
207 1101
207 470
207 344
207 476
207 700
207 234
207 758
207 1015
209 327
209 393
210 673
210 427
210 521
210 940
211 1210
212 707
212 964
212 726
212 838
212 529
212 344
212 410
212 731
212 986
212 608
212 353
212 1191
212 941
212 559
212 560
212 307
212 570
213 741
213 997
213 335
213 895
213 1078
214 1028
214 1238
214 401
214 659
214 409
214 1051
214 544
214 422
214 966
214 984
214 335
214 869
214 378
214 895
215 1024
215 683
215 1156
215 1089
215 393
215 274
215 1043
215 448
215 922
215 284
215 859
215 1060
215 1066
215 583
215 431
215 1076
215 693
215 694
215 825
215 314
215 447
215 321
215 710
215 327
215 714
215 333
215 334
215 845
215 352
215 723
215 599
215 655
215 607
215 737
215 1124
215 869
215 230
215 1105
215 1128
215 366
215 494
216 261
216 641
216 267
216 539
216 291
216 1060
216 296
216 1066
216 303
216 819
216 1076
216 327
216 1096
216 591
216 849
216 583
216 385
216 1156
216 655
216 400
216 657
216 402
216 403
216 416
216 694
216 447
216 713
216 971
216 547
216 1105
216 241
217 854
217 754
217 308
217 601
217 701
217 1189
218 387
218 1037
218 1050
218 811
218 311
218 716
218 1109
218 351
218 1122
218 1150
218 766
219 474
219 699
220 999
220 265
220 514
220 816
220 1235
220 375
220 925
221 630
222 641
222 833
222 784
222 660
222 346
222 1179
222 738
222 1024
222 999
222 810
222 556
222 1076
222 713
222 255
223 768
223 426
223 530
223 1139
223 1108
223 405
223 697
223 668
223 286
224 834
224 552
224 553
224 234
224 1085
224 1104
224 520
224 445
225 990
225 1204
225 309
225 729
225 253
225 574
225 319
226 1185
226 964
226 520
226 1191
226 307
226 234
226 435
226 316
226 573
227 385
227 1157
227 392
227 265
227 1042
227 532
227 929
227 1060
227 1083
227 573
227 1087
227 723
227 347
227 314
227 734
227 616
227 492
228 655
228 644
228 919
228 908
228 401
228 1042
228 659
228 661
228 284
228 416
228 957
228 279
228 973
228 717
228 723
228 271
228 348
228 1117
228 355
228 494
229 528
229 1107
229 694
229 313
229 891
230 643
230 1043
230 797
230 300
230 561
230 966
230 714
230 322
230 335
230 981
230 350
230 869
230 366
230 1109
231 260
231 266
231 779
231 537
231 804
231 549
231 815
231 1085
231 575
231 834
231 1091
231 1104
231 1038
231 865
231 611
231 621
231 317
231 884
231 1146
231 1148
231 897
231 900
231 406
231 915
231 404
231 1174
231 408
231 413
231 415
231 1185
231 674
231 1195
231 443
231 445
231 966
231 417
231 974
231 721
231 468
231 983
231 1242
231 478
231 500
231 1013
231 1021
232 651
232 524
232 1205
233 992
233 394
233 1245
233 248
233 794
234 1174
234 518
234 904
234 962
234 1198
234 915
234 942
234 1046
234 539
234 799
234 368
234 923
234 689
234 552
234 553
234 686
234 628
234 690
234 438
234 965
234 317
234 834
234 822
234 1185
234 717
234 590
234 594
234 596
234 974
234 953
234 476
234 478
234 1249
234 1123
234 1125
234 742
234 617
234 238
234 624
234 936
234 1010
234 244
234 373
234 404
235 1009
235 1035
236 384
236 387
236 964
236 717
236 451
236 278
236 1114
236 667
236 435
236 316
236 958
237 1086
238 1090
238 1093
238 518
238 1159
238 936
238 1084
238 363
238 338
238 276
238 373
238 1046
238 828
239 456
239 972
239 651
239 524
239 912
239 658
239 534
239 729
239 412
239 1184
239 483
239 680
239 1006
239 436
239 1143
239 888
239 319
240 358
240 519
240 393
240 332
240 681
241 1028
241 648
241 522
241 322
241 1043
241 811
241 300
241 943
241 561
241 311
241 824
241 1089
241 714
241 716
241 334
241 976
241 366
242 673
242 388
242 325
242 1223
242 1160
242 940
242 312
246 899
246 454
246 726
246 344
246 986
246 1118
246 608
246 838
246 939
246 941
246 560
246 570
247 898
247 934
247 839
247 682
247 1204
247 990
247 377
247 506
247 253
247 319
248 992
249 418
249 1100
249 399
249 752
249 569
250 524
250 685
250 1205
250 1209
251 327
251 265
252 914
252 324
252 541
253 1184
253 456
253 729
253 1007
253 436
253 888
254 1155
254 645
254 997
254 1163
254 741
254 500
254 1078
254 1079
254 537
254 411
254 639
255 641
255 844
255 1037
255 975
255 981
255 985
255 861
255 351
255 870
255 616
255 713
255 499
255 949
255 824
255 315
255 1183
256 965
257 855
257 654
257 275
257 923
257 674
257 932
257 433
257 565
257 597
257 1000
257 619
257 892
257 383
259 829
260 899
260 651
260 560
260 337
260 1118
260 1020
260 1085
260 524
260 1205
261 976
261 678
261 943
262 1191
262 307
262 694
262 344
262 473
262 634
262 891
262 1182
263 651
263 524
264 353
264 838
264 489
264 941
264 785
264 926
265 512
265 268
265 784
265 657
265 660
265 1179
265 930
265 1024
265 808
265 810
265 1201
265 1076
265 826
265 572
265 702
265 450
265 1230
265 591
265 593
265 346
265 975
265 733
265 736
265 1121
265 360
265 375
265 1066
266 1085
266 927
267 896
267 1157
267 321
267 522
267 908
267 1168
267 273
267 918
267 919
267 416
267 677
267 845
267 938
267 943
267 817
267 691
267 694
267 1087
267 331
267 717
267 465
267 723
267 314
267 655
267 734
267 355
267 493
267 367
268 966
268 1079
268 716
268 1122
268 1155
268 537
268 826
268 866
268 616
268 1050
268 499
268 500
268 311
268 378
268 573
268 1150
269 1158
269 655
269 284
269 929
269 1060
269 943
269 314
269 971
269 845
269 976
269 339
269 851
270 455
270 1229
270 370
270 1212
270 605
270 959
271 522
271 922
271 539
271 284
271 1066
271 1076
271 314
271 845
271 973
271 1231
271 863
271 1145
272 698
272 1110
272 687
273 1089
273 1156
273 334
273 465
273 677
273 938
273 366
273 825
274 644
274 522
274 1183
274 675
274 817
274 315
274 581
274 331
274 985
274 738
275 1091
275 1227
275 596
275 526
275 727
275 1119
276 1090
276 486
276 1135
276 628
276 822
276 696
276 730
277 1162
277 440
277 735
277 1055
278 387
278 435
278 451
278 791
278 667
278 307
278 694
278 323
278 1101
278 1018
279 644
279 416
279 419
279 954
279 573
279 1215
279 712
279 846
279 1231
279 339
279 599
279 1113
279 482
279 508
280 1207
280 1101
280 692
280 1015
280 920
280 1018
280 316
280 573
280 958
281 1226
281 1230
282 354
282 610
283 736
283 774
283 775
283 903
283 450
284 644
284 1134
284 1176
284 1028
284 1051
284 797
284 547
284 1201
284 1066
284 817
284 1203
284 1076
284 311
284 314
284 957
284 1215
284 1089
284 971
284 712
284 331
284 973
284 334
284 465
284 675
284 1117
284 863
284 620
284 494
284 851
284 508
285 1177
285 623
286 1108
287 995
287 945
288 527
289 385
289 402
289 512
289 291
289 1060
289 1066
289 428
289 303
289 1076
289 1083
289 957
289 1087
289 583
289 591
289 1243
289 351
289 866
289 504
289 1017
289 766
290 354
290 1004
290 610
291 1028
291 583
291 522
291 823
291 334
291 976
291 919
291 539
291 311
292 304
292 694
292 1080
293 429
293 334
293 1134
295 610
295 427
295 325
295 1127
295 1068
295 498
295 724
295 1202
295 379
295 540
295 1181
296 896
296 522
296 655
296 1042
296 1060
296 694
296 314
296 321
296 845
296 976
296 723
297 583
297 321
297 402
297 661
297 347
298 790
298 694
298 831
298 511
299 465
299 883
300 400
300 981
300 350
300 1076
300 378
300 1109
301 1036
301 308
302 800
302 899
302 871
302 560
302 1118
303 512
303 774
303 457
303 522
303 909
303 591
303 784
303 1106
303 403
303 919
303 872
303 903
303 429
303 1134
303 504
303 1017
305 866
305 500
305 350
305 537
305 378
305 1109
306 769
306 517
306 1032
306 979
307 1189
307 524
307 526
307 527
307 404
307 558
307 923
307 1185
307 1058
307 548
307 1061
307 649
307 1196
307 689
307 1205
307 701
307 962
307 779
307 580
307 1198
307 594
307 981
307 854
307 727
307 601
307 476
307 1119
307 1192
307 1010
307 596
307 686
308 647
308 911
308 534
308 319
308 320
308 459
308 729
308 483
308 754
308 755
308 1143
308 888
308 763
308 636
309 755
309 782
309 658
309 1143
309 763
309 506
309 574
310 386
310 688
310 595
310 820
310 725
310 982
310 414
311 1028
311 393
311 918
311 1050
311 677
311 583
311 428
311 561
311 322
311 327
311 717
311 1105
311 1243
311 987
311 1122
311 492
311 494
311 1019
311 1150
312 673
312 1223
312 745
312 427
312 751
312 724
312 1081
312 916
313 384
313 1008
313 435
313 634
314 666
314 957
314 702
314 1215
314 1089
314 712
314 971
314 334
314 465
314 1106
314 1117
314 869
315 641
315 784
315 401
315 659
315 925
315 1024
315 1066
315 1076
315 717
315 718
315 975
315 504
316 904
316 649
316 651
316 915
316 1060
316 947
316 317
316 1101
316 594
316 1103
316 1249
316 1192
316 1010
316 1013
316 758
317 323
317 520
317 1192
317 1085
318 327
318 393
319 782
319 912
319 665
319 1007
319 934
319 1073
319 574
319 1120
319 506
319 763
319 636
320 483
320 701
321 1028
321 1025
321 522
321 1168
321 1176
321 797
321 547
321 677
321 817
321 1145
321 567
321 1089
321 971
321 1096
321 331
321 334
321 465
321 1106
321 675
321 863
321 872
321 620
321 851
321 507
322 1028
322 1037
322 1051
322 1066
322 811
322 561
322 1076
322 1089
322 716
322 334
322 981
322 869
322 378
323 1153
323 649
323 779
323 920
323 549
323 815
323 822
323 953
323 1013
323 651
323 709
323 1103
323 336
323 470
323 1192
323 886
323 758
323 1015
323 1146
325 388
325 777
325 538
325 543
325 1056
325 1059
325 940
325 469
325 509
325 1149
326 1057
326 643
326 1065
326 460
326 1072
326 378
326 1116
327 1026
327 900
327 519
327 812
327 522
327 919
327 797
327 810
327 1195
327 816
327 572
327 1220
327 823
327 930
327 858
327 611
327 358
328 1029
328 424
328 1045
329 1080
330 580
330 1205
330 473
330 634
330 964
330 1182
331 644
331 659
331 712
331 717
331 465
331 339
331 482
331 355
332 358
332 393
332 519
333 1172
333 583
333 919
333 589
333 1049
333 921
333 539
333 797
333 737
333 431
333 759
333 380
333 830
334 896
334 1089
334 393
334 400
334 918
334 1050
334 929
334 825
334 1083
334 704
334 583
334 717
334 845
334 734
334 1122
334 367
335 576
335 387
335 778
335 1163
335 791
335 409
335 411
335 422
335 568
335 448
335 600
335 741
335 743
335 879
335 1012
335 895
336 1216
336 897
336 630
336 1070
336 692
336 1207
336 1085
337 651
337 524
337 560
337 1099
337 899
337 406
337 1020
337 1118
337 415
338 1090
338 1093
338 518
338 617
338 1003
338 368
338 1016
338 1084
339 416
339 482
339 971
339 817
339 675
339 508
339 573
340 747
340 461
340 625
340 599
340 573
341 1126
343 840
344 579
344 407
344 1199
344 884
344 1189
344 1196
344 565
344 438
344 445
344 451
344 580
344 597
344 601
344 1114
344 1246
344 651
344 878
345 356
346 448
346 512
346 616
346 766
347 1145
347 823
347 536
347 1082
347 539
347 863
348 644
348 1158
348 908
348 973
348 1231
348 1105
348 1113
348 482
348 355
348 1156
348 882
348 447
349 1048
350 387
350 1030
350 556
350 778
350 1035
350 1165
350 401
350 659
350 406
350 791
350 1054
350 818
350 694
350 585
350 1161
350 827
350 448
350 1099
350 714
350 844
350 1109
350 861
350 869
350 866
350 614
350 873
350 490
350 1043
350 1001
350 378
351 1034
351 910
351 401
351 659
351 666
351 1179
351 1122
351 713
351 1050
351 833
351 717
351 866
351 616
351 872
351 499
351 1150
351 894
352 1066
352 683
352 1076
352 539
352 797
353 878
353 939
353 557
353 941
353 407
353 1199
354 1004
354 1202
354 789
355 712
355 846
355 845
355 784
355 401
355 465
355 973
355 1113
355 848
355 1124
355 938
355 882
355 693
355 1215
357 890
357 708
357 550
358 900
358 1186
358 1094
358 519
358 1026
358 393
358 1220
360 870
360 718
360 925
360 949
360 733
361 927
362 678
362 522
362 1040
362 756
362 919
363 781
363 617
363 1003
363 877
363 696
363 828
364 1205
364 376
365 1194
365 694
366 1156
366 1157
366 400
366 1050
366 929
366 561
366 447
366 448
366 835
366 993
366 717
366 1105
366 743
366 492
366 378
366 1150
367 1089
367 522
367 918
367 416
367 1124
367 869
367 938
367 1076
367 693
368 486
368 1159
368 520
368 1135
368 1016
368 730
369 800
369 721
369 977
369 1234
369 739
369 468
369 1148
369 415
371 1047
371 477
373 518
373 617
373 1003
373 781
373 520
373 1046
373 1175
373 571
373 573
373 799
374 471
375 393
375 1226
376 524
376 651
376 720
376 1205
377 898
377 934
377 651
377 524
377 653
377 1073
377 1205
378 643
378 406
378 537
378 1179
378 676
378 710
378 561
378 1065
378 797
378 694
378 826
378 833
378 1099
378 967
378 585
378 460
378 1109
378 1116
378 866
378 869
378 614
378 490
378 500
379 485
379 777
379 1068
380 1076
381 483
381 484
381 972
381 862
382 491
382 629
383 1104
383 573
383 445
384 648
384 535
384 527
384 407
384 1199
384 926
384 1190
384 438
384 824
384 700
384 1091
384 1104
384 981
384 476
384 1123
384 878
384 1008
385 512
385 1024
385 903
385 522
385 909
385 784
385 666
385 1183
385 943
385 452
385 591
385 976
385 1106
385 467
385 504
386 688
386 595
387 527
387 1050
387 1114
387 948
387 568
387 576
387 449
387 451
387 710
387 1109
387 984
387 1122
387 1001
387 1019
388 673
388 1202
388 1160
388 427
388 724
388 469
388 540
388 1181
389 694
389 726
389 442
390 694
390 527
391 479
392 492
393 900
393 783
393 919
393 1028
393 797
393 425
393 691
393 823
393 618
394 992
396 739
396 1189
396 560
396 1099
396 899
396 701
396 1118
396 415
397 836
397 1098
397 843
397 881
397 792
397 635
397 860
398 722
398 527
399 752
399 988
400 1089
400 1028
400 966
400 714
400 1043
400 981
400 935
401 522
401 406
401 1183
401 1063
401 710
401 1096
401 1099
401 973
401 848
401 465
401 1109
401 615
401 504
401 766
402 943
402 976
402 823
402 539
403 1219
403 452
403 780
403 976
403 1017
403 637
403 638
404 1249
404 674
404 590
405 1085
406 659
406 415
406 445
406 1109
406 998
407 1191
407 1199
407 557
407 726
407 410
407 731
408 1039
408 1174
408 952
409 1019
409 1078
409 422
409 970
409 895
409 639
410 1199
411 422
411 970
411 1163
411 741
411 1078
411 645
412 483
412 680
412 658
412 1143
413 1139
413 697
413 668
413 1085
414 688
414 728
414 603
414 1214
415 1174
415 1039
415 915
415 537
415 811
415 1070
415 947
415 1216
415 1038
415 1099
415 981
415 481
415 998
415 871
415 500
415 632
415 1109
416 896
416 976
416 908
416 846
416 973
416 848
416 919
416 943
416 784
416 1158
416 1231
416 723
416 1142
417 739
417 651
417 1234
417 871
417 1148
418 545
418 706
418 752
418 569
418 554
419 817
419 573
421 814
421 437
421 761
421 732
422 1019
422 741
422 710
422 1128
422 895
423 569
424 1180
424 1111
426 768
426 805
426 575
426 668
427 1059
427 944
428 1243
428 429
428 1203
428 987
428 863
429 896
429 909
429 913
429 1243
429 1203
429 957
429 966
429 759
429 845
429 723
429 987
429 655
429 866
429 1134
429 504
429 766
431 797
432 869
432 522
432 943
432 764
433 1104
433 573
433 445
434 1130
434 719
434 569
435 904
435 527
435 667
435 923
435 1061
435 553
435 948
435 565
435 438
435 701
435 451
435 964
435 1227
435 590
435 981
435 601
435 1114
435 1189
435 1249
435 1123
435 1008
435 579
436 534
436 456
436 1006
436 729
436 847
436 754
437 1224
437 1197
437 814
437 1242
437 732
437 991
438 520
438 1058
438 548
438 1191
438 904
438 439
438 573
438 964
438 1123
438 624
439 715
439 548
439 1190
439 1123
439 535
439 700
439 573
440 906
440 493
440 1144
440 1162
441 648
441 824
441 1001
441 791
443 524
443 721
443 468
443 1205
443 1085
444 471
445 1049
445 815
445 923
445 1060
445 1191
445 694
445 573
445 830
445 834
445 1091
445 717
445 1104
445 597
445 727
445 1085
445 1099
445 958
445 1227
445 1172
446 515
446 651
446 524
446 1071
446 1205
447 1124
447 919
447 938
447 496
447 693
447 1156
448 833
448 648
448 1037
448 1043
448 1179
448 797
448 561
448 824
448 449
448 966
448 981
448 869
448 743
448 1109
449 487
449 743
449 791
449 984
449 765
450 512
450 736
450 909
450 1201
450 1106
450 1017
450 702
451 964
451 694
451 573
451 948
451 1018
451 667
452 512
452 1121
452 522
452 780
452 1017
452 591
452 638
454 694
455 1031
455 748
456 1184
456 934
456 990
457 774
457 913
457 1066
457 702
457 909
457 866
457 872
457 492
457 1017
458 905
458 1228
458 663
458 568
458 474
458 699
459 665
460 1057
460 676
460 1065
460 1074
460 1116
461 928
461 573
462 584
463 837
464 1098
464 881
464 792
464 635
465 704
465 522
465 1168
465 1042
465 659
465 896
465 675
465 677
465 938
465 556
465 943
465 817
465 691
465 694
465 825
465 1083
465 846
465 717
465 848
465 655
465 734
465 976
465 493
465 1231
465 883
465 1142
466 1202
466 1223
466 498
466 751
466 626
467 522
467 591
467 976
467 919
467 943
468 998
468 871
468 524
468 1234
468 481
468 1085
470 689
470 947
470 1207
470 983
470 779
470 758
470 1015
471 640
471 769
471 612
471 1095
471 1032
471 979
471 950
471 517
472 786
473 634
473 527
474 699
474 786
474 663
474 1052
474 765
475 752
475 1236
475 569
476 577
476 1123
476 686
476 1198
476 1241
476 573
477 1047
478 642
478 520
478 1085
478 852
478 630
478 893
479 1129
479 588
480 578
481 800
481 977
481 1189
481 701
482 644
482 1168
482 817
483 651
483 524
483 911
483 729
483 1167
483 989
483 1211
483 680
483 754
483 1205
483 763
484 647
484 1036
484 911
484 1111
484 1180
484 542
486 628
487 643
487 1217
487 648
487 1169
487 786
487 544
487 811
487 905
487 824
487 981
487 1115
487 868
487 1131
487 1014
488 1090
488 1159
488 717
488 1046
488 730
488 936
488 1003
488 1084
489 838
489 557
489 941
489 785
490 641
490 866
490 975
490 500
490 713
490 537
491 622
491 629
492 1201
492 872
492 532
492 1145
492 702
492 863
493 943
493 919
494 522
494 973
494 1066
494 1076
494 922
494 1051
494 797
495 772
496 704
496 835
496 1028
496 712
496 1156
496 1051
496 993
496 869
496 1066
496 817
496 1215
498 811
498 1037
498 751
498 1202
498 981
499 641
499 1076
499 826
499 717
499 975
499 616
499 760
499 766
500 897
500 1161
500 537
500 937
500 615
500 826
500 573
500 585
500 717
500 852
500 600
500 1085
500 1136
500 630
502 1075
502 840
503 610
504 774
504 903
504 556
504 780
504 909
504 659
504 512
504 666
504 866
504 1060
504 1024
504 1201
504 1203
504 1076
504 702
504 581
504 966
504 1247
504 591
504 1106
504 1145
504 985
504 1243
504 863
504 784
504 738
504 870
504 872
504 1134
504 1017
504 638
505 897
505 1155
505 974
505 1069
505 980
505 1242
505 865
505 575
506 924
506 1007
506 912
506 847
506 636
506 574
507 1096
507 522
507 971
507 1042
507 659
507 734
507 929
507 547
507 556
507 851
507 1083
507 508
507 1087
508 1158
508 522
508 908
508 655
508 929
508 547
508 691
508 694
508 567
508 1083
508 1087
508 1096
508 734
508 866
508 851
509 867
509 777
509 778
509 1238
509 791
510 1085
511 803
511 726
512 514
512 775
512 784
512 1179
512 858
512 1066
512 812
512 1076
512 833
512 713
512 1226
512 1230
512 591
512 593
512 736
512 1121
512 637
512 894
513 564
513 797
514 999
514 1226
514 718
514 1230
514 925
515 1071
515 1205
516 577
517 1032
518 1159
518 617
518 696
518 1003
518 717
518 1175
518 730
519 1026
519 900
519 1094
519 1186
519 850
519 1220
520 771
520 649
520 535
520 524
520 799
520 932
520 553
520 779
520 947
520 628
520 700
520 651
520 965
520 717
520 594
520 596
520 1249
520 1123
520 742
520 1010
520 915
520 1016
520 761
521 724
521 538
522 1156
522 1025
522 909
522 659
522 921
522 1178
522 1060
522 678
522 679
522 556
522 691
522 935
522 1076
522 957
522 1105
522 539
522 1231
522 567
522 846
522 589
522 655
522 849
522 764
522 620
522 1042
522 851
522 760
522 784
523 1216
523 709
523 902
523 1063
523 809
523 615
523 1038
523 1015
523 920
524 898
524 1167
524 1211
524 800
524 1189
524 1191
524 682
524 839
524 670
524 1209
524 580
524 709
524 711
524 864
524 881
524 958
524 1020
525 725
525 982
526 962
526 932
526 1227
526 596
526 727
526 923
526 1119
527 778
527 791
527 964
527 722
527 1244
527 867
527 885
527 634
529 785
529 926
530 642
530 615
530 1063
530 893
531 555
532 1203
533 1002
533 627
533 887
535 577
535 587
535 715
535 1058
535 573
536 960
536 1158
536 908
536 691
536 661
536 694
537 642
537 1163
537 1085
537 1063
537 585
537 826
537 573
537 717
537 852
537 741
537 615
537 879
537 1136
537 893
538 1138
539 1172
539 919
539 1049
539 797
539 943
539 957
539 830
539 583
539 717
539 976
539 1117
540 1181
543 901
543 751
544 868
544 1128
544 1169
545 569
545 609
546 1232
546 688
547 1157
547 659
547 929
547 976
548 1061
548 1123
548 558
548 573
549 674
549 1060
549 815
549 565
549 709
549 596
549 1146
549 958
549 1018
550 890
551 1240
551 767
551 1214
551 725
552 1185
552 1125
552 590
552 565
552 1085
553 674
553 1246
553 884
553 565
553 892
555 793
555 748
556 642
556 1178
556 1063
556 568
556 576
556 581
556 1099
556 973
556 846
556 1231
556 848
556 851
556 1109
556 1247
556 738
556 615
556 616
556 1001
556 620
556 1136
556 630
556 1142
556 766
557 878
557 1199
558 715
558 587
558 1077
559 986
559 926
560 977
560 1118
560 926
561 1043
561 1066
561 573
561 1089
561 714
561 981
561 869
562 1147
562 1171
562 1240
562 603
562 1214
563 1011
565 815
565 1191
565 694
565 573
565 1091
565 964
565 1104
565 1125
565 1013
566 1188
567 929
567 866
567 1157
567 655
567 659
568 576
568 1005
568 1238
568 600
569 1130
569 1100
569 706
569 1236
569 853
569 609
570 740
570 878
570 1199
571 877
571 828
572 718
572 691
572 985
573 1037
573 1058
573 1066
573 1076
573 585
573 1106
573 1123
573 597
573 599
573 611
573 624
573 1112
573 703
573 648
573 654
573 666
573 1179
573 686
573 1201
573 715
573 1249
573 747
573 787
573 799
573 811
573 826
573 1077
573 855
573 884
573 900
573 936
573 942
573 954
573 981
573 1104
573 1190
573 1000
574 847
574 912
574 763
575 897
575 642
575 805
575 615
575 1136
575 1085
576 1244
576 1109
576 1014
577 1155
577 686
577 1190
577 1077
577 1079
577 700
577 981
577 758
578 762
579 964
579 1191
579 755
580 1191
580 651
580 885
580 634
580 1182
580 1205
581 718
581 784
581 660
581 925
581 1247
581 738
581 999
581 949
581 760
582 1044
582 857
583 1028
583 1089
583 823
584 1009
584 818
584 827
584 1054
585 641
585 866
585 844
585 861
585 713
585 975
587 1058
587 1190
587 700
588 1129
589 679
589 797
590 1185
590 674
590 964
590 1125
590 1246
590 884
591 919
594 1101
594 1010
595 1232
595 688
595 725
596 962
596 932
596 815
596 886
596 1146
596 923
596 1013
597 1091
597 815
597 1104
597 892
597 1246
598 663
599 747
599 661
600 867
600 1238
600 966
600 778
600 1244
601 1191
601 1196
603 1240
603 1147
604 698
604 750
605 1229
606 901
606 751
607 797
609 706
609 1033
609 752
610 966
610 777
610 789
611 1195
611 1085
612 640
612 806
612 1032
613 821
614 844
614 716
615 1026
615 900
615 902
615 804
615 980
615 983
615 1242
615 621
615 1136
616 659
616 1066
616 1076
616 833
616 866
616 872
617 1003
617 717
617 936
617 799
619 964
620 929
620 1096
620 655
620 1083
620 1087
621 1069
621 1136
621 630
622 1035
622 1165
622 818
622 629
622 827
622 1054
623 1177
624 1123
624 1190
624 904
624 942
625 747
625 954
626 1092
627 1002
627 728
627 1147
627 1214
628 1153
628 1090
628 1159
628 781
628 1135
628 822
628 696
628 953
628 1084
629 818
629 1054
630 1069
630 1085
630 1155
630 1079
630 980
631 740
632 865
632 809
632 952
633 880
633 722
634 1104
634 1091
634 694
635 843
636 782
636 912
636 729
638 1121
638 780
638 657
639 970
639 1078
639 895
640 950
641 919
641 1183
641 713
641 985
641 760
642 852
642 893
643 967
644 896
644 908
644 1158
644 712
644 973
644 723
644 1113
644 882
645 970
645 1163
645 879
645 1155
647 1189
647 911
647 701
648 1037
648 1043
648 1050
648 811
648 714
648 717
648 1241
648 1122
648 1012
648 1150
648 894
649 779
649 1101
649 692
649 1207
649 958
650 920
650 758
651 898
651 1167
651 669
651 670
651 1209
651 1205
651 711
651 1101
651 1148
651 881
651 1020
653 839
653 847
654 1091
654 1104
655 1042
655 677
655 943
655 1201
655 1203
655 1145
655 702
655 973
655 976
655 1134
655 766
657 1121
657 780
658 1184
658 1006
658 782
658 680
658 729
658 888
659 1168
659 919
659 1176
659 1178
659 1183
659 943
659 694
659 710
659 973
659 846
659 1231
659 848
659 1109
659 1128
659 1142
660 1247
661 960
661 1154
661 823
661 973
661 1231
661 848
661 1142
663 905
663 1131
663 1228
663 699
664 684
665 1006
665 847
666 1060
666 1066
666 1201
666 1076
666 702
666 845
666 909
666 1106
666 736
666 872
667 964
667 948
667 1114
669 864
669 685
669 1205
671 802
672 1224
672 814
672 732
673 1223
673 940
674 1185
674 1060
674 815
674 1085
674 958
674 1101
674 1125
674 1018
675 1024
675 1158
675 908
675 1215
675 835
675 717
677 1124
677 1066
677 1042
677 1076
677 693
677 918
677 825
677 704
678 1040
679 976
679 737
679 849
679 921
680 1143
680 989
681 1220
681 734
682 839
682 1205
683 797
684 1027
684 1206
685 864
686 1123
686 1241
688 978
688 982
688 1132
688 1232
688 725
689 1191
689 1207
689 920
689 692
689 1015
689 1018
689 1085
689 958
690 787
691 753
691 976
691 810
691 1082
692 1153
692 779
692 920
692 804
692 822
692 1207
692 703
692 709
692 717
692 983
692 865
692 758
692 1015
692 1023
693 1156
693 1105
694 831
694 1028
694 1037
694 919
694 1051
694 866
694 811
694 943
694 1114
694 722
694 986
694 1126
694 891
694 1041
694 1213
694 869
694 1112
694 790
695 821
696 1090
696 1093
696 936
696 781
696 877
696 1046
696 1084
696 799
698 1110
698 750
699 786
699 1052
700 1077
700 1241
701 1036
701 911
701 1191
701 964
701 972
701 1234
701 739
701 998
701 754
701 755
702 736
703 1101
703 1207
703 920
703 1018
703 958
704 993
704 835
704 1089
704 938
704 918
704 797
706 1033
706 746
706 752
706 853
706 988
706 917
707 875
707 788
707 926
708 890
708 798
709 902
709 1173
709 920
709 804
709 815
709 1205
709 1207
709 717
709 983
709 1103
709 865
709 1192
709 1013
709 1023
710 778
710 786
710 791
710 895
711 1209
712 835
712 1231
712 1168
712 1215
713 1037
713 919
713 1183
713 811
713 943
713 949
713 866
713 975
713 976
713 985
713 738
713 870
713 760
713 894
714 743
714 1043
714 1109
714 824
714 797
715 1058
715 1061
715 1190
716 844
716 1122
716 937
716 873
716 1161
716 1050
717 1003
717 1028
717 1168
717 1155
717 1046
717 1175
717 1093
717 817
717 936
717 811
717 1101
717 822
717 824
717 1076
717 1088
717 1089
717 1091
717 828
717 973
717 1037
717 981
717 953
717 1018
717 1104
717 877
717 1146
717 886
717 892
717 1066
717 1183
717 1079
718 1226
718 925
718 985
718 733
718 1247
719 1130
719 746
720 931
720 1205
721 977
721 899
721 998
721 871
721 739
721 1085
722 880
723 896
723 797
723 1203
723 957
723 1089
723 1117
723 869
723 872
723 882
724 940
724 944
726 803
726 878
726 1199
727 962
727 932
727 892
728 961
728 820
728 982
729 1184
729 934
729 924
729 1143
729 763
729 990
730 1153
730 1090
730 1046
730 877
730 822
730 1016
730 953
730 1084
730 1093
730 799
731 878
732 1197
732 814
733 738
734 1157
734 929
734 971
734 869
735 1144
736 872
736 909
736 1201
737 797
738 1024
738 999
738 784
738 985
738 1247
739 977
739 899
739 1189
739 871
739 1234
741 1155
741 970
741 1078
742 1153
743 833
743 1037
743 1043
743 1179
743 797
743 966
743 981
743 869
743 876
744 821
745 1081
746 752
746 956
747 954
748 1031
748 1129
749 776
750 1110
752 1100
752 1137
752 1236
752 853
752 988
753 1158
753 1082
754 1184
754 1189
755 854
755 1196
756 919
757 1140
758 1207
758 787
758 1015
758 920
758 958
759 1066
759 819
759 1076
759 1145
759 863
760 1037
760 811
760 949
760 966
760 981
760 861
760 1247
760 866
760 870
761 991
762 1210
763 1189
763 782
763 847
763 1204
764 869
764 919
765 1014
765 1169
765 1019
766 1042
766 1066
766 1203
766 833
766 966
766 975
766 1134
766 1150
767 961
767 1171
767 1214
769 979
773 996
773 1166
774 872
774 909
774 1017
775 909
775 1201
777 1238
778 984
778 1169
778 1225
778 1238
778 1244
778 867
778 1001
778 876
779 1191
779 1101
779 1018
779 1207
779 958
780 1121
781 877
781 799
782 924
782 1007
782 912
782 1204
782 1143
784 919
784 817
784 949
784 846
784 1231
784 985
784 870
784 1017
786 1128
786 1052
788 994
788 926
789 966
791 1217
791 1169
791 1238
791 984
791 1114
791 868
791 1128
791 1005
791 1012
792 1218
792 836
792 860
793 1129
794 992
794 1245
795 1086
796 856
797 896
797 1042
797 1043
797 921
797 1060
797 938
797 957
797 1105
797 859
797 866
797 869
799 1093
799 1159
799 936
800 998
800 871
800 1148
801 1248
801 807
803 926
804 1216
804 1207
804 1038
804 983
804 1063
804 1085
805 1085
806 1095
806 1032
806 950
809 1039
809 952
809 915
810 985
811 1037
811 1050
811 1122
811 1202
811 824
811 1216
811 1038
811 1241
811 866
811 1005
811 1012
811 1150
812 858
813 1047
814 1242
814 991
815 1060
815 1085
815 886
815 1146
816 1226
816 1230
817 1024
817 1154
817 1168
817 835
817 889
818 866
818 1109
819 1066
819 943
819 1076
819 919
820 1132
820 1240
820 978
820 1171
820 1147
822 1090
822 1207
822 953
822 1084
824 1043
824 1005
824 1012
825 1089
825 938
825 918
826 966
826 1109
827 1222
827 1030
827 955
830 892
830 1246
833 985
833 1179
834 1185
834 1085
835 1156
835 869
835 1105
835 993
835 1066
835 1076
838 878
839 898
839 1205
840 1187
840 1075
842 1053
843 1098
843 860
844 873
844 937
844 1161
844 861
845 1203
845 957
845 1089
845 971
845 869
845 1134
845 1145
846 896
846 1042
846 922
846 1060
846 957
846 848
847 1184
847 1204
847 934
847 1143
847 912
848 1042
848 919
848 1060
849 943
849 921
849 919
850 1026
850 900
850 1186
850 1220
851 1157
851 929
851 1042
851 1025
851 1178
852 900
852 1026
853 1236
854 1191
860 1098
861 937
861 894
861 1161
862 1111
862 1180
863 1060
863 957
863 966
863 987
863 1243
863 1145
864 1205
865 1216
865 897
865 902
865 1136
865 1038
865 1085
865 1063
866 1034
866 1037
866 910
866 1028
866 1051
866 1203
866 1096
866 981
866 869
866 1134
866 872
866 894
866 1109
867 1217
867 1238
867 984
867 1244
867 868
867 1001
868 1217
868 1225
869 896
869 1157
869 1050
869 929
869 1060
869 1083
869 1087
869 966
869 993
869 1128
869 1019
871 977
872 896
872 903
872 1034
872 910
872 1060
872 1066
872 1076
872 1106
872 1017
873 937
873 1161
874 1151
875 926
878 1191
878 941
879 970
879 1163
881 1218
881 1205
882 908
882 973
882 1231
882 1113
884 1091
884 958
884 1125
884 1101
884 1146
884 1085
884 1104
884 1191
884 886
884 1018
886 1060
886 1146
886 958
886 1018
886 1085
887 961
887 1002
888 990
889 1154
892 1049
892 1060
892 1191
893 900
893 1026
894 1037
894 975
894 949
894 981
895 1078
895 970
895 1019
895 997
896 1089
896 1201
896 1231
897 974
897 1242
897 1085
899 977
899 1234
899 1118
900 1136
900 1085
900 1063
900 1186
900 1094
902 1136
902 1015
902 920
902 1063
903 1017
904 942
904 1018
905 1131
908 973
908 1113
908 1082
909 910
909 1134
909 1203
909 1017
910 1076
910 1106
911 1189
912 1007
913 1145
915 1088
915 1216
915 1101
915 1039
915 1038
915 1174
915 1018
917 1137
917 988
918 1089
918 1156
918 1051
918 1028
918 1124
918 938
918 1105
919 1156
919 1060
919 1024
919 973
919 943
919 966
919 1096
919 976
919 975
919 1142
920 1023
920 1173
920 983
920 1207
922 1117
922 1231
922 957
923 962
923 1091
923 964
923 1227
923 1104
923 1119
925 1226
925 1230
925 985
925 1247
926 994
926 1118
929 1176
929 1178
929 1083
929 1089
929 971
931 1209
932 962
932 1227
932 1104
932 1119
934 1006
935 976
935 1028
935 966
935 1089
935 981
935 1051
936 1003
936 1175
938 1156
938 1124
938 1105
940 1059
940 1067
940 944
942 1123
942 1101
942 1018
942 958
943 1096
943 976
944 1059
945 1239
947 1088
947 1099
947 1015
947 958
948 964
949 1247
950 1032
952 1038
952 1070
953 1088
953 1090
953 1207
953 1084
955 1222
955 1030
955 1165
957 973
957 1117
957 1134
957 1142
957 1145
958 1060
958 1205
958 1091
958 1114
958 1010
958 1013
958 1018
960 1076
961 1002
961 1240
961 1171
961 1214
962 1091
962 1104
962 1227
962 1119
963 1130
963 1133
964 1058
964 981
964 1114
964 1123
965 1153
966 1066
966 1076
966 1085
966 1109
966 1014
966 1145
966 1019
969 1004
969 1202
970 997
970 1163
971 1042
971 1060
971 1083
971 1087
973 1042
974 991
974 1085
975 1183
975 985
976 1096
976 1105
977 998
977 1234
977 1085
980 1136
981 1241
981 1005
982 1171
983 1173
983 1216
983 1207
983 1063
983 1085
983 1023
984 1217
984 1225
984 1019
984 1244
985 1179
985 1024
985 1076
985 999
987 1028
987 1145
987 1051
988 1100
988 1133
988 1137
988 1236
990 1120
990 1184
990 1006
990 1073
991 1242
991 1085
992 1245
993 1066
993 1105
993 1076
995 1239
996 1166
998 1189
999 1226
999 1230
1000 1091
1001 1005
1001 1014
1003 1090
1003 1093
1003 1046
1003 1175
1003 1084
1005 1155
1005 1037
1005 1238
1005 1079
1006 1184
1006 1143
1010 1191
1010 1101
1010 1018
1012 1155
1012 1037
1012 1238
1012 1079
1013 1101
1013 1060
1015 1207
1018 1091
1018 1060
1018 1103
1018 1114
1018 1146
1019 1028
1021 1085
1023 1207
1023 1085
1023 1173
1024 1168
1024 1183
1025 1096
1025 1042
1025 1176
1025 1178
1026 1186
1026 1094
1026 1136
1026 1063
1028 1051
1028 1122
1029 1180
1029 1111
1030 1222
1032 1095
1035 1222
1035 1165
1037 1216
1037 1202
1037 1038
1037 1150
1038 1039
1038 1174
1038 1085
1038 1216
1039 1216
1039 1174
1039 1070
1042 1231
1042 1142
1043 1109
1046 1159
1046 1175
1049 1060
1049 1246
1050 1089
1050 1109
1050 1238
1050 1122
1050 1150
1051 1150
1055 1144
1058 1123
1058 1061
1060 1172
1060 1096
1060 1101
1060 1106
1060 1246
1060 1145
1063 1079
1064 1200
1066 1158
1066 1183
1066 1106
1070 1174
1071 1205
1073 1204
1076 1183
1076 1117
1077 1190
1077 1241
1079 1155
1079 1241
1083 1089
1083 1096
1083 1178
1083 1157
1084 1090
1084 1159
1084 1175
1085 1155
1085 1104
1085 1174
1085 1216
1085 1091
1085 1242
1085 1139
1085 1146
1085 1148
1087 1157
1088 1153
1088 1103
1088 1205
1089 1243
1089 1122
1090 1159
1091 1099
1093 1159
1096 1157
1096 1176
1096 1178
1098 1218
1099 1174
1099 1104
1099 1109
1101 1205
1101 1114
1105 1124
1107 1112
1109 1150
1111 1180
1113 1158
1113 1231
1114 1238
1117 1203
1117 1134
1119 1227
1122 1238
1123 1198
1125 1185
1130 1133
1131 1228
1134 1203
1136 1242
1142 1231
1142 1215
1145 1243
1147 1171
1147 1240
1147 1214
1148 1234
1148 1205
1153 1207
1155 1163
1155 1241
1157 1176
1157 1178
1159 1175
1164 1188
1165 1222
1167 1205
1168 1215
1169 1225
1171 1240
1171 1214
1173 1207
1174 1216
1176 1178
1189 1191
1189 1205
1190 1241
1191 1196
1191 1205
1191 1246
1191 1249
1193 1213
1197 1224
1198 1241
1214 1240
1215 1231
1217 1225
1217 1244
1226 1235
1226 1230
