0 641
0 388
0 1158
0 135
0 776
0 14
0 528
0 274
0 20
0 800
0 1222
0 806
0 167
0 775
0 941
0 945
0 57
0 570
0 578
0 451
0 710
0 72
0 1136
0 203
0 207
0 339
0 852
0 344
0 90
0 1210
0 94
0 1122
0 1123
0 235
0 786
0 624
0 754
0 1236
0 635
1 833
1 12
1 977
1 1235
1 725
1 220
1 161
1 741
1 299
1 567
1 184
1 507
2 710
2 720
2 979
2 407
2 158
2 1122
2 1124
2 47
2 691
2 310
2 696
2 635
3 163
3 101
3 6
3 891
3 1094
3 702
3 607
4 240
4 247
4 542
5 6
5 585
5 465
5 340
5 280
5 985
5 990
5 181
5 828
6 268
6 16
6 787
6 280
6 281
6 794
6 27
6 543
6 33
6 803
6 550
6 39
6 54
6 1084
6 71
6 74
6 591
6 82
6 84
6 855
6 91
6 1125
6 358
6 359
6 617
6 363
6 369
6 1141
6 129
6 130
6 387
6 644
6 321
6 396
6 1176
6 659
6 916
6 917
6 920
6 1050
6 673
6 930
6 1194
6 428
6 430
6 714
6 1186
6 1243
6 472
6 729
6 219
6 477
6 742
6 1003
6 495
6 755
6 248
6 510
7 161
7 514
7 99
7 1188
7 805
7 554
7 893
7 977
7 208
7 1007
7 189
8 517
8 18
8 1172
8 919
8 669
8 936
8 566
8 698
8 957
8 832
8 972
8 1238
8 186
8 489
8 493
8 626
9 132
9 391
9 1102
9 81
9 88
9 1181
9 994
9 806
9 934
9 173
9 752
9 817
9 756
10 230
10 471
10 1243
11 1094
11 651
11 530
11 163
11 188
12 642
12 772
12 645
12 1114
12 1025
12 1160
12 1040
12 404
12 1028
12 924
12 730
12 34
12 1059
12 1202
12 1191
12 1088
12 1195
12 301
12 925
12 49
12 946
12 692
12 949
12 311
12 315
12 629
12 704
12 833
12 66
12 707
12 580
12 455
12 187
12 331
12 716
12 205
12 99
12 468
12 469
12 86
12 633
12 602
12 1247
12 483
12 614
12 488
12 874
12 1150
12 881
12 1235
12 373
12 1016
12 596
12 378
12 382
13 1096
13 969
13 226
13 80
13 760
13 98
13 952
13 316
14 852
14 988
14 800
14 54
14 1236
15 320
15 704
15 642
15 707
15 262
15 199
15 812
15 205
15 272
15 1155
15 982
15 541
15 1192
15 455
15 556
15 686
15 413
15 309
15 187
15 508
15 190
16 769
16 1154
16 1027
16 388
16 135
16 776
16 729
16 267
16 143
16 785
16 146
16 1045
16 1174
16 23
16 281
16 411
16 156
16 157
16 158
16 1058
16 1030
16 423
16 681
16 42
16 775
16 1156
16 45
16 561
16 53
16 1209
16 786
16 955
16 956
16 64
16 864
16 1042
16 196
16 310
16 978
16 203
16 1230
16 591
16 696
16 338
16 1017
16 341
16 855
16 218
16 604
16 858
16 1125
16 480
16 98
16 813
16 358
16 617
16 109
16 498
16 979
16 885
16 788
16 1194
18 128
18 517
18 663
18 657
18 23
18 24
18 669
18 802
18 420
18 811
18 304
18 818
18 954
18 699
18 1216
18 324
18 714
18 972
18 1229
18 1230
18 1231
18 721
18 84
18 729
18 734
18 1125
18 617
18 369
18 888
18 510
19 1136
19 1123
19 808
19 1225
19 570
20 225
20 1122
20 667
20 934
20 806
20 1181
20 945
20 50
20 771
20 1146
20 218
20 90
20 635
20 74
21 902
21 168
21 43
21 118
21 505
21 220
21 413
22 261
22 1033
22 1170
22 407
22 153
22 926
22 544
22 427
22 176
22 1074
22 308
22 696
22 1184
22 68
22 437
22 589
22 675
22 599
22 96
22 740
22 999
22 873
22 491
22 1132
22 880
22 502
23 641
23 517
23 134
23 263
23 1039
23 401
23 1066
23 149
23 150
23 1194
23 408
23 667
23 936
23 289
23 162
23 923
23 424
23 1071
23 534
23 683
23 1198
23 431
23 53
23 54
23 313
23 442
23 705
23 579
23 182
23 712
23 1227
23 973
23 79
23 1234
23 339
23 852
23 953
23 732
23 349
23 869
23 480
23 528
23 354
23 484
23 229
23 536
23 743
23 744
23 1002
23 107
23 877
23 775
23 808
23 115
23 244
23 253
23 255
24 631
24 972
24 1101
24 273
24 661
24 983
24 105
24 811
24 492
24 1141
24 888
24 698
24 1021
25 577
25 742
25 359
25 1138
25 980
25 922
25 414
26 256
26 551
26 200
26 649
26 647
26 558
26 370
26 1055
26 445
26 383
27 171
27 265
27 1046
27 33
27 548
27 552
27 42
27 48
27 1086
27 609
27 1096
27 79
27 340
27 343
27 1115
27 1119
27 608
27 353
27 870
27 828
27 892
27 640
27 644
27 652
27 148
27 667
27 412
27 926
27 930
27 676
27 969
27 952
27 697
27 443
27 965
27 457
27 715
27 204
27 462
27 467
27 218
27 234
27 501
27 1015
27 1108
27 762
27 509
28 1056
28 130
28 646
28 1217
28 905
28 891
28 1101
28 1102
28 213
28 598
28 983
28 1244
28 293
28 160
28 801
28 803
28 101
28 817
28 177
28 52
28 1173
29 416
29 1072
29 1222
29 621
29 823
30 547
30 136
30 393
30 1131
30 910
30 592
30 552
30 148
30 501
30 1052
30 830
31 898
31 993
31 519
31 840
31 1006
31 971
31 204
31 930
31 1068
31 85
31 87
31 792
31 155
31 33
31 290
31 164
31 37
31 486
31 40
31 1193
31 171
31 300
31 942
31 815
31 48
31 882
31 1077
31 694
31 543
31 317
32 1008
32 1087
32 1099
32 1041
32 1170
32 675
32 409
32 1115
32 353
32 379
32 549
32 999
32 169
32 682
32 176
32 113
32 437
32 319
32 191
33 129
33 644
33 1035
33 1038
33 664
33 1243
33 39
33 40
33 1193
33 300
33 67
33 715
33 79
33 467
33 340
33 219
33 358
33 873
33 491
33 1147
33 254
34 515
34 1028
34 266
34 288
34 46
34 315
34 834
34 838
34 331
34 614
34 106
34 881
34 114
34 629
34 377
34 1150
34 384
34 1160
34 144
34 668
34 178
34 449
34 214
34 222
34 232
34 746
34 242
34 554
35 224
35 358
35 39
35 141
35 696
35 158
35 407
35 312
35 59
35 126
36 772
36 232
36 221
36 214
36 730
36 93
37 1193
37 1068
38 771
38 650
38 652
38 529
38 281
38 158
38 39
38 839
38 47
38 944
38 819
38 52
38 697
38 1085
38 992
38 715
38 79
38 340
38 88
38 608
38 866
38 358
38 103
38 234
38 1141
38 1020
38 637
39 387
39 644
39 133
39 1161
39 652
39 529
39 787
39 280
39 1220
39 412
39 1178
39 1186
39 432
39 564
39 1079
39 1211
39 324
39 198
39 327
39 330
39 463
39 213
39 219
39 609
39 234
39 109
39 755
39 248
40 129
40 261
40 652
40 1046
40 792
40 926
40 543
40 930
40 1193
40 427
40 300
40 430
40 185
40 965
40 673
40 457
40 74
40 600
40 1115
40 1119
40 96
40 353
40 870
40 1132
40 762
40 892
41 1004
41 83
41 204
42 839
42 1085
42 207
42 218
42 92
42 666
42 227
42 618
42 167
42 620
42 302
42 47
42 1146
42 54
42 122
42 381
42 637
43 897
43 554
43 481
43 329
43 1036
43 590
43 527
43 144
43 337
43 468
43 793
43 345
43 1061
43 161
43 483
43 114
43 168
43 553
43 106
43 583
43 829
43 872
43 242
43 1188
43 745
43 596
43 378
43 763
43 784
43 63
44 196
44 585
44 465
44 984
44 1117
45 1157
45 321
45 778
45 268
45 280
45 659
45 535
45 281
45 1178
45 1186
45 1194
45 813
45 432
45 433
45 1079
45 451
45 324
45 198
45 213
45 471
45 344
45 91
45 868
45 230
45 109
45 623
45 369
45 1141
45 639
46 730
47 650
47 652
47 399
47 529
47 1046
47 667
47 1186
47 681
47 814
47 969
47 952
47 697
47 1210
47 316
47 578
47 67
47 198
47 457
47 715
47 720
47 985
47 218
47 783
47 1146
47 990
47 103
47 828
47 234
47 496
47 503
47 122
48 1193
49 106
50 74
50 846
50 1122
50 806
50 624
50 635
51 258
51 452
51 581
51 134
51 202
51 140
51 781
51 398
51 400
51 209
51 526
51 1240
51 799
51 1105
51 1169
51 238
51 627
51 565
51 566
51 186
51 1021
51 959
52 895
52 1161
52 1101
52 206
52 1232
52 983
52 667
52 1127
52 1206
52 185
52 123
52 1023
54 1157
54 392
54 729
54 268
54 411
54 159
54 803
54 681
54 811
54 1201
54 568
54 956
54 67
54 74
54 978
54 84
54 91
54 350
54 1125
54 664
54 369
54 498
54 859
54 1236
54 1147
55 193
55 514
55 772
55 966
55 782
55 1171
55 725
55 790
55 151
55 474
55 348
55 741
55 872
55 476
55 114
55 1200
55 242
55 1205
55 567
56 130
56 656
56 658
56 1174
56 1049
56 665
56 1053
56 798
56 803
56 582
56 807
56 306
56 434
56 948
56 695
56 884
56 60
56 836
56 326
56 202
56 1228
56 470
56 1239
56 1112
56 736
56 357
56 362
56 748
56 111
56 498
56 372
56 757
57 129
57 1108
57 67
57 965
57 1222
57 391
57 652
57 1038
57 724
57 598
57 343
57 410
57 350
57 608
57 673
57 892
57 234
57 173
57 430
57 697
57 1046
57 443
57 252
57 509
58 128
58 258
58 584
58 202
58 972
58 1019
58 209
58 915
58 919
58 1240
58 665
58 669
58 517
58 699
58 871
58 626
58 566
58 695
58 59
58 766
59 128
59 901
59 141
59 398
59 146
59 915
59 434
59 565
59 695
59 312
59 699
59 60
59 703
59 450
59 328
59 202
59 1240
59 954
59 871
59 364
59 109
59 238
59 1010
59 116
59 766
59 119
59 126
60 389
60 139
60 695
60 661
60 665
60 224
60 105
60 238
60 434
60 119
61 387
61 779
61 916
61 407
61 1176
61 794
61 1199
61 1050
61 158
61 430
61 303
61 944
61 690
61 697
61 443
61 65
61 1220
61 965
61 1081
61 868
61 987
61 350
61 608
61 228
61 234
61 1005
61 1015
61 248
61 892
61 509
62 438
63 250
63 731
63 285
64 885
65 321
65 387
65 568
65 185
65 920
65 1081
66 1088
66 692
66 438
67 644
67 650
67 471
67 268
67 525
67 1117
67 143
67 659
67 276
67 1070
67 154
67 666
67 158
67 927
67 930
67 423
67 167
67 1064
67 1194
67 1196
67 302
67 304
67 1079
67 906
67 1216
67 196
67 396
67 330
67 78
67 336
67 1230
67 215
67 346
67 605
67 227
67 612
67 617
67 235
67 109
67 765
67 381
68 960
68 1033
68 397
68 599
68 792
68 286
68 487
68 169
68 815
68 1074
68 308
68 1082
68 125
69 1027
69 403
69 276
69 664
69 411
69 158
69 162
69 423
69 681
69 310
69 1079
69 568
69 698
69 585
69 546
69 78
69 973
69 342
69 983
69 985
69 97
69 1147
69 105
69 107
69 1042
69 489
69 123
70 994
70 100
70 934
70 806
70 173
70 752
70 499
70 1181
71 74
71 664
71 281
71 667
71 1141
71 1147
72 139
72 655
72 273
72 146
72 721
72 802
72 546
72 165
72 679
72 492
72 750
72 116
72 631
73 1029
73 524
73 1037
73 240
73 853
73 1111
73 632
73 282
74 387
74 391
74 904
74 909
74 280
74 152
74 281
74 1050
74 1181
74 624
74 419
74 806
74 1194
74 690
74 302
74 303
74 1210
74 574
74 709
74 1222
74 970
74 92
74 866
74 868
74 934
74 873
74 235
74 496
74 754
74 122
74 637
74 254
75 288
75 117
76 672
76 290
76 485
76 971
76 882
76 1077
77 706
77 994
77 499
78 1216
78 196
78 143
78 336
78 213
78 324
78 1051
78 733
78 1124
78 363
78 940
78 109
79 519
79 343
79 268
79 930
79 667
79 185
79 840
79 715
79 83
79 1108
79 85
79 87
79 472
79 806
79 486
79 234
80 291
80 1126
80 520
80 841
80 856
80 760
81 651
81 1226
81 530
81 188
81 598
81 279
82 387
82 778
82 979
82 916
82 407
82 411
82 813
82 755
82 564
82 1081
82 572
83 1108
83 664
83 667
83 1003
83 1004
83 1147
83 828
84 1157
84 411
84 1194
84 181
84 832
84 196
84 91
85 353
85 549
85 870
85 999
85 715
85 176
85 467
85 340
85 1115
85 125
85 1086
86 259
86 260
86 475
86 1059
86 285
86 315
87 516
87 840
87 586
87 600
87 926
87 549
87 999
87 1006
87 176
87 305
87 762
88 129
88 225
88 173
88 846
88 559
88 457
88 1161
88 673
88 667
88 1119
89 1058
89 705
89 139
89 989
89 403
90 771
90 637
91 1157
91 411
91 412
91 1194
91 185
91 1211
91 463
91 608
91 1125
91 369
91 509
92 206
92 783
92 1232
92 724
92 1038
92 343
92 664
92 608
92 673
92 1147
92 676
92 1108
92 1146
92 443
92 252
92 509
93 838
93 298
93 461
93 881
93 563
93 214
93 506
93 986
93 1022
94 1122
94 1066
95 196
95 550
95 1085
95 819
95 310
95 1124
95 765
96 898
96 708
96 261
96 1185
96 586
96 600
96 792
96 926
96 543
96 353
96 873
96 1132
96 815
96 305
96 762
96 317
96 254
97 344
97 451
97 109
97 433
97 181
97 984
97 369
98 192
98 961
98 235
98 520
98 969
98 650
98 227
98 407
98 1096
98 218
98 158
98 226
98 103
98 167
98 108
98 904
98 754
98 979
98 696
99 704
99 707
99 964
99 262
99 205
99 270
99 966
99 348
99 481
99 187
99 805
99 455
99 1192
99 299
99 556
99 1018
99 315
99 189
99 1150
100 227
100 104
100 173
100 752
100 532
101 104
101 905
101 1101
101 206
101 1232
101 499
101 1206
101 983
101 123
102 777
102 542
103 896
103 1161
103 650
103 451
103 152
103 667
103 1186
103 710
103 691
103 1210
103 443
103 828
103 906
103 198
103 1015
103 340
103 344
103 463
103 496
103 759
103 122
103 511
104 227
104 559
104 752
104 702
104 607
105 1145
105 140
105 398
105 1174
105 1179
105 159
105 800
105 1137
105 685
105 304
105 1212
105 565
105 955
105 703
105 1216
105 322
105 588
105 1230
105 591
105 209
105 851
105 855
105 859
105 224
105 233
105 363
105 238
105 498
105 1010
105 1017
105 447
106 386
106 299
106 266
106 523
106 654
106 660
106 494
106 1182
106 288
106 932
106 881
106 168
106 1197
106 175
106 1204
106 331
106 837
106 454
106 329
106 332
106 761
106 345
106 602
106 611
106 488
106 1191
106 366
106 296
106 120
106 121
106 460
106 183
107 1216
107 802
107 138
107 1164
107 674
107 539
107 546
107 1169
107 372
107 1145
107 180
107 954
108 520
108 201
108 241
108 952
108 218
108 351
109 134
109 585
109 973
109 399
109 1027
109 276
109 342
109 1175
109 985
109 162
109 1124
109 165
109 358
109 681
109 1144
109 423
110 1130
110 847
111 128
111 141
111 398
111 804
111 703
111 450
111 328
111 631
111 224
111 492
111 1010
111 119
111 766
112 524
112 1037
112 975
112 562
112 376
113 323
113 1032
113 393
113 1098
113 717
113 682
113 1131
113 630
113 636
113 1162
114 772
114 645
114 266
114 567
114 1165
114 590
114 784
114 468
114 278
114 1028
114 474
114 348
114 413
114 288
114 614
114 730
114 476
114 711
114 1200
114 872
114 1202
114 243
114 373
114 120
114 596
114 763
115 705
115 978
115 470
116 804
116 140
116 141
116 685
116 244
116 277
116 126
117 642
117 311
117 833
117 266
117 269
117 1167
117 404
117 278
117 602
117 288
117 161
117 1059
117 937
117 1195
117 1205
117 438
117 440
117 193
117 454
117 455
117 332
117 205
117 1235
117 469
117 1110
117 223
117 352
117 611
117 239
117 382
117 127
118 514
118 964
118 527
118 337
118 1028
118 553
118 554
118 242
118 1018
119 799
119 195
119 326
119 328
119 140
119 398
119 911
119 1240
119 1048
119 603
119 287
119 518
119 679
119 444
119 362
119 238
119 1224
119 948
119 757
119 887
119 824
119 656
119 701
120 449
120 834
120 1249
120 872
120 439
120 479
120 222
120 415
121 1233
121 183
121 671
121 223
122 650
122 152
122 411
122 167
122 813
122 302
122 568
122 1210
122 1085
122 839
122 235
122 496
122 754
122 503
123 130
123 1177
123 1201
123 1206
123 1079
123 1216
123 983
123 1127
123 367
124 909
124 350
124 543
124 930
124 1211
124 865
125 960
125 815
125 308
125 1207
126 901
126 263
126 138
126 1164
126 526
126 911
126 824
126 287
126 545
126 1060
126 1063
126 1198
126 431
126 182
126 312
126 372
126 954
126 444
126 195
126 581
126 1223
126 328
126 333
126 1229
126 1234
126 603
126 991
126 996
126 869
126 1105
126 364
126 238
126 887
126 253
127 161
127 386
127 611
127 937
127 1197
127 977
127 660
127 183
128 1010
128 517
128 134
128 1044
128 546
128 804
128 165
128 306
128 726
128 434
128 566
128 450
128 202
128 1228
128 464
128 995
128 342
128 1240
128 699
128 871
128 238
128 626
129 387
129 644
129 650
129 1050
129 930
129 678
129 430
129 944
129 1085
129 715
129 839
129 970
129 587
129 340
129 219
129 350
129 225
129 868
129 873
129 491
129 248
129 254
130 905
130 1101
130 273
130 661
130 470
130 801
130 613
130 750
130 631
131 1026
131 262
131 912
131 538
131 168
131 810
131 1067
131 1078
131 569
131 1213
131 455
131 329
131 211
131 345
131 1192
131 483
131 231
131 365
131 625
132 801
132 293
132 646
132 817
132 173
132 905
133 899
133 457
133 330
133 1038
133 623
133 1140
133 1243
133 471
133 185
133 571
133 639
134 903
134 1164
134 802
134 539
134 954
134 991
134 1248
134 162
134 936
134 1159
134 1134
134 1076
134 951
134 186
135 1122
135 776
135 635
136 547
136 516
136 1190
136 265
136 830
136 792
136 446
137 329
137 622
137 1242
137 894
138 546
138 244
138 342
139 1153
139 1156
139 1230
139 464
139 785
139 146
139 989
139 1058
139 493
139 238
139 304
139 1137
139 434
140 1154
140 1156
140 1196
140 951
140 398
140 1201
140 785
140 146
140 403
140 1230
140 1240
140 915
140 989
140 991
140 224
140 1058
140 617
140 363
140 1107
140 238
140 392
140 1209
140 766
141 398
141 146
141 915
141 878
141 539
141 284
141 565
141 312
141 954
141 703
141 328
141 202
141 333
141 209
141 210
141 1240
141 991
141 721
141 364
141 238
141 1010
141 764
142 849
142 981
143 1027
143 907
143 1038
143 276
143 663
143 664
143 281
143 196
143 453
143 588
143 1231
143 1230
143 363
143 492
143 750
143 631
143 1147
143 1021
144 1152
144 1089
144 966
144 329
144 208
144 413
144 670
144 805
144 168
144 299
144 360
144 1016
144 315
144 1150
145 1139
145 947
145 307
145 950
145 967
145 335
145 749
145 221
146 1153
146 655
146 277
146 1048
146 1179
146 685
146 698
146 444
146 701
146 832
146 195
146 911
146 750
146 631
146 1145
147 1245
148 393
148 1131
148 630
148 1052
149 844
150 579
151 193
151 1090
151 741
151 1110
151 725
152 676
152 302
152 819
152 1085
152 1092
152 839
152 724
152 218
152 252
152 511
153 544
153 487
153 1033
153 1207
154 411
154 612
154 294
154 230
154 681
154 697
155 942
156 769
157 480
157 195
157 712
157 604
157 911
157 1011
157 628
157 444
157 701
158 321
158 535
158 1038
158 1176
158 1046
158 280
158 1178
158 623
158 412
158 696
158 1081
158 571
158 1216
158 710
158 865
158 1096
158 336
158 952
158 218
158 605
158 609
158 230
158 495
158 248
158 639
158 511
159 1174
159 978
159 1017
159 1212
160 347
160 820
160 1127
160 1244
160 234
160 697
160 185
160 1015
160 895
161 642
161 1155
161 1219
161 924
161 805
161 168
161 937
161 1195
161 440
161 707
161 455
161 460
161 205
161 977
161 1235
161 469
161 860
161 257
161 1016
161 382
162 1216
162 324
162 718
162 398
162 406
162 936
162 943
162 1076
163 194
163 530
163 188
164 1185
164 708
164 261
164 1193
164 300
165 1216
165 398
165 721
165 213
165 342
165 1051
165 733
165 804
165 233
165 940
165 685
165 1137
166 677
166 522
166 593
166 441
166 1034
166 1183
167 1038
167 783
167 664
167 944
167 819
167 952
167 828
167 1085
167 1086
167 839
167 1122
167 467
167 340
167 1146
167 350
167 1062
167 1005
167 1147
168 514
168 976
168 645
168 490
168 1160
168 375
168 1026
168 337
168 850
168 211
168 468
168 569
168 538
168 285
168 231
168 680
168 301
168 1213
168 1067
168 629
168 329
168 184
168 505
168 554
169 929
169 521
169 459
169 914
169 913
169 355
169 1207
169 792
169 700
169 478
170 1120
170 1187
170 1111
170 876
170 974
170 595
170 376
170 282
172 1045
172 267
173 646
173 391
173 651
173 532
173 279
173 1056
173 293
173 559
173 817
173 188
173 587
173 994
173 846
173 992
173 866
173 756
173 1020
174 202
174 209
174 1240
174 217
174 233
174 1133
174 238
174 1137
174 617
175 386
175 523
176 1131
176 900
176 909
176 792
176 926
176 292
176 815
176 960
176 586
176 334
176 592
176 353
176 999
176 491
176 630
177 194
177 1075
177 598
177 279
178 772
178 881
178 730
180 328
180 973
180 238
180 911
180 627
180 244
180 701
181 399
181 1042
181 276
181 1175
181 280
181 550
181 433
181 310
181 1079
181 196
181 585
181 336
181 729
181 990
181 1124
181 369
181 1144
183 774
183 1233
183 460
183 977
183 223
183 1182
184 375
184 1235
184 469
184 833
184 826
184 220
184 382
184 821
185 387
185 321
185 268
185 525
185 659
185 1046
185 407
185 920
185 1050
185 1199
185 1157
185 417
185 987
185 294
185 1070
185 303
185 560
185 828
185 970
185 1086
185 779
185 1220
185 457
185 330
185 715
185 467
185 1243
185 471
185 612
185 1244
185 1119
185 868
185 979
185 1151
186 513
186 1238
186 903
186 718
186 210
186 1172
186 406
186 943
186 863
186 1159
186 364
186 878
186 879
186 328
186 951
187 259
187 912
187 435
187 707
187 205
187 208
187 211
187 475
187 1040
187 360
188 1102
188 817
188 662
188 279
188 1118
189 1152
189 1089
189 580
189 902
189 822
189 730
190 704
190 260
190 522
190 272
190 283
190 541
190 475
190 455
190 556
190 1034
190 199
190 1097
190 982
190 731
190 508
191 592
191 504
192 1147
192 207
192 664
192 218
192 783
192 1146
193 1110
194 1217
194 1094
194 1102
194 530
194 756
194 817
195 712
195 911
195 534
195 864
195 1073
195 1002
195 561
195 1011
195 628
195 313
195 701
196 1027
196 940
196 906
196 267
196 664
196 1042
196 276
196 663
196 280
196 1051
196 550
196 423
196 1117
196 310
196 324
196 591
196 336
196 851
196 213
196 855
196 984
196 729
196 1231
196 733
196 1125
196 1137
196 1147
197 323
197 368
197 504
197 636
198 1186
198 1243
198 411
199 260
199 262
199 455
199 1192
199 541
199 365
199 475
199 508
199 285
200 738
200 1009
200 212
200 383
201 429
201 241
201 218
201 351
202 804
202 951
202 328
202 470
202 1240
202 217
202 364
202 750
202 244
203 528
203 388
204 300
204 1004
204 1193
204 638
205 259
205 270
205 272
205 541
205 731
205 925
205 435
205 949
205 704
205 707
205 1103
205 475
205 360
205 1007
205 633
205 250
205 508
206 225
206 891
206 806
206 618
206 1181
206 1232
206 934
206 666
206 709
206 381
206 574
207 610
207 227
207 709
207 961
207 904
207 620
207 637
207 752
207 771
207 381
207 574
208 704
208 707
208 580
208 805
208 299
208 556
208 860
208 413
208 670
209 398
209 915
209 936
209 951
209 699
209 224
209 613
209 871
209 492
209 750
209 631
209 766
210 995
210 1095
210 489
210 306
210 464
210 626
210 1180
210 698
211 704
211 1026
211 262
211 556
211 1192
211 538
212 256
212 738
212 422
212 875
212 921
212 1116
213 643
213 517
213 905
213 1038
213 399
213 1043
213 276
213 669
213 801
213 804
213 681
213 1079
213 568
213 972
213 1101
213 696
213 597
213 985
213 1243
213 734
213 224
213 813
213 233
213 423
213 1137
213 244
213 1147
214 232
214 881
214 772
214 730
215 673
215 1038
215 724
215 1046
216 1204
217 613
217 1240
218 520
218 783
218 302
218 819
218 1210
218 344
218 358
218 235
218 496
218 754
218 1146
218 637
219 930
219 644
219 1096
219 1003
219 358
219 1243
219 350
220 833
220 375
220 976
220 1235
220 404
220 311
220 826
220 382
220 821
221 747
221 749
221 307
221 563
221 1113
221 947
222 449
222 772
222 746
222 834
222 271
222 881
222 1241
222 730
222 479
222 415
223 386
223 611
223 239
223 1233
223 1182
224 901
224 398
224 658
224 403
224 665
224 420
224 679
224 1010
224 565
224 695
224 312
224 703
224 582
224 1079
224 591
224 855
224 1240
224 859
224 995
224 238
224 1137
224 498
224 233
224 1017
224 959
225 866
225 771
225 1038
225 1232
225 752
225 430
225 340
225 410
225 1147
226 969
226 241
226 316
226 351
227 713
227 791
227 994
227 532
227 667
227 620
227 752
227 945
227 499
227 1161
227 952
227 1108
227 381
228 681
228 495
228 432
228 1140
228 696
228 571
229 1189
229 968
229 1001
229 1104
229 1013
229 732
230 387
230 407
230 899
230 916
230 535
230 419
230 681
230 303
230 696
230 571
230 321
230 979
230 605
230 623
230 1140
230 639
231 569
231 1213
232 384
232 515
232 918
232 390
232 298
232 461
232 1208
232 506
232 947
233 1027
233 273
233 1042
233 276
233 661
233 546
233 804
233 310
233 698
233 983
233 655
233 613
233 1137
234 608
234 965
234 1161
234 715
234 303
234 1173
234 1244
234 605
234 1243
234 358
234 1127
234 892
234 1023
235 952
235 1096
235 969
235 1122
235 302
235 344
235 451
235 1038
235 664
235 1147
235 316
237 390
237 335
237 1139
237 854
238 1153
238 878
238 903
238 492
238 655
238 656
238 951
238 533
238 1049
238 284
238 679
238 818
238 943
238 434
238 695
238 1080
238 948
238 701
238 1248
238 450
238 1134
238 326
238 328
238 631
238 470
238 1239
238 863
238 613
238 364
238 750
238 757
240 773
240 562
240 789
240 542
241 291
241 520
241 429
241 405
241 760
241 351
242 897
242 580
242 822
242 902
242 482
242 527
242 772
242 745
242 345
242 670
242 483
242 553
242 426
242 299
242 881
242 1016
242 377
243 1200
243 583
243 361
243 711
243 780
243 1165
243 784
243 763
244 1164
244 781
244 400
244 1169
244 1049
244 795
244 802
244 539
244 1079
244 824
244 581
244 326
244 336
244 1105
244 1240
244 991
244 656
244 627
244 372
244 757
245 325
245 534
245 314
245 1002
246 1218
246 835
246 1060
246 933
246 1063
246 827
246 1166
246 431
247 1120
247 1187
247 908
247 789
247 573
247 542
248 648
248 268
248 396
248 909
248 472
248 1121
248 1081
249 1100
249 622
249 469
249 311
249 345
250 642
250 483
250 455
250 1036
250 731
251 473
252 666
252 1065
252 555
252 696
252 624
252 578
252 1222
252 330
252 1246
252 612
252 358
252 618
252 496
252 503
253 1223
253 911
253 444
253 701
254 960
254 1057
254 457
254 1035
254 909
254 340
254 1046
254 792
254 930
254 678
254 1128
254 828
254 491
254 300
254 815
254 944
254 873
255 683
256 1009
256 370
256 383
257 360
257 270
257 475
257 924
258 951
258 493
258 943
258 726
258 919
258 1019
259 1025
259 642
259 1155
259 982
259 262
259 556
259 1059
259 1192
259 812
259 686
259 704
259 455
259 716
259 593
259 365
260 768
260 1025
260 642
260 1059
260 997
260 716
260 686
260 946
260 309
260 508
260 693
261 694
261 873
261 427
261 1132
261 1006
261 815
261 305
261 762
261 926
262 982
262 538
262 1192
262 365
262 436
262 309
262 508
262 1150
264 274
264 1012
264 758
264 606
265 323
265 548
265 394
265 552
265 501
265 830
266 1028
266 583
266 458
266 784
266 1114
266 614
266 881
266 296
266 1202
266 872
266 378
267 338
268 813
268 568
268 340
268 681
268 1194
268 715
268 369
268 281
268 411
268 412
269 454
269 1195
269 1167
269 977
269 440
270 704
270 1192
270 924
270 556
270 365
270 707
270 436
270 1007
270 860
271 449
271 881
271 730
272 997
272 455
272 309
272 982
272 365
272 1103
272 541
272 693
273 392
273 785
273 277
273 1179
273 1058
273 803
273 1064
273 685
273 304
273 566
273 695
273 322
273 582
273 1230
273 464
273 978
273 1237
273 1137
273 626
273 617
273 888
273 661
274 1122
274 743
274 371
276 907
276 1042
276 664
276 1216
276 591
276 465
276 851
276 855
276 1117
276 1124
276 363
276 1137
276 1147
277 674
277 333
277 661
277 802
277 991
278 296
278 782
278 1171
278 468
278 790
278 377
278 378
278 725
278 476
278 1114
278 629
279 651
279 1226
279 1102
279 1101
279 756
279 662
279 983
279 817
279 1118
280 467
280 407
280 984
280 985
280 979
280 696
281 855
281 529
281 659
281 667
281 681
281 811
281 304
281 433
281 443
281 907
281 453
281 652
281 591
281 851
281 343
281 729
281 1125
281 608
281 550
281 363
281 369
281 1141
281 1015
281 888
281 1108
281 509
282 1187
282 773
282 1000
282 908
282 975
282 632
283 768
283 731
283 1097
283 522
283 594
283 475
283 1034
283 285
285 1025
285 642
285 1155
285 1036
285 793
285 1059
285 455
285 686
285 329
285 716
285 345
285 483
286 355
286 616
286 521
286 913
286 722
286 308
286 1207
286 861
287 326
287 903
287 364
287 943
287 1076
287 533
288 331
288 763
288 645
288 583
288 872
288 301
288 881
288 730
288 735
288 668
288 458
288 373
290 672
290 485
291 1126
291 1096
291 969
291 952
291 316
292 549
292 870
292 999
292 340
293 1056
293 646
293 391
293 598
293 983
294 673
294 899
294 525
294 1038
294 623
294 1140
294 1046
294 664
294 605
294 927
295 521
296 963
296 790
296 966
296 299
296 1205
296 474
296 476
297 931
298 653
298 461
299 897
299 554
299 1069
299 474
299 476
299 745
300 396
300 930
300 873
300 1068
300 942
300 694
300 638
301 1090
301 645
301 711
301 1160
301 784
301 1200
301 881
301 377
301 763
302 783
302 496
302 344
302 451
302 1210
302 1146
303 321
303 779
303 652
303 1081
303 343
303 1199
303 350
303 419
303 681
303 813
303 690
303 892
303 509
304 1153
304 1038
304 403
304 664
304 907
304 447
304 453
304 588
304 1101
304 1230
304 591
304 983
304 655
304 657
304 363
304 492
304 750
304 1141
304 1147
304 1021
305 1006
305 467
305 340
305 1086
306 1228
306 919
306 995
306 364
306 493
306 878
306 626
307 967
307 749
307 335
307 563
307 950
307 1022
308 1184
308 599
309 1192
309 455
309 365
309 541
310 1027
310 710
310 720
310 1092
310 1124
310 1137
310 765
310 511
311 1100
311 622
311 826
312 403
312 696
312 979
313 1048
314 1048
314 444
314 701
315 642
315 790
315 925
315 1059
315 1192
315 949
315 704
315 966
315 455
315 725
315 730
315 365
315 1150
316 644
316 520
316 650
316 405
316 696
316 760
317 1185
317 708
317 427
317 1132
317 694
317 762
317 926
318 801
318 905
319 1168
319 770
319 323
319 1131
319 592
319 889
320 768
320 1097
320 541
321 387
321 779
321 787
321 794
321 1199
321 1050
321 678
321 681
321 428
321 564
321 568
321 970
321 696
321 979
321 1108
321 343
321 868
321 1062
321 1005
322 955
322 403
322 1133
322 661
322 796
323 1170
323 409
323 368
323 675
323 740
323 998
323 552
323 682
323 687
323 1008
323 446
324 832
324 813
324 407
324 411
324 1243
324 936
324 489
324 423
324 681
324 696
324 698
325 497
325 444
325 701
326 328
326 887
326 364
326 372
326 603
327 901
327 358
327 1243
328 389
328 518
328 398
328 911
328 400
328 665
328 879
328 1180
328 582
328 824
328 444
328 701
328 450
328 452
328 1095
328 1224
328 887
328 526
328 1239
328 1240
328 603
328 656
328 357
328 364
328 1237
329 583
329 1160
329 468
329 345
329 1114
329 731
329 483
329 629
329 378
329 821
330 358
330 457
330 1038
330 1243
330 664
330 1147
331 881
331 668
331 735
333 832
333 584
333 1229
333 721
333 342
333 669
333 802
333 489
333 954
333 698
334 353
334 340
335 918
335 967
335 749
335 1022
336 423
336 936
336 940
336 813
336 696
336 342
336 568
336 804
337 772
337 790
337 902
337 554
337 482
337 782
337 1171
337 822
337 730
337 413
338 496
338 451
338 344
338 1210
339 1122
339 635
340 898
340 900
340 519
340 1161
340 650
340 529
340 930
340 667
340 430
340 944
340 819
340 1210
340 1085
340 451
340 839
340 1108
340 343
340 350
340 678
340 486
340 873
340 1005
340 496
340 892
340 509
342 539
342 674
342 1051
342 940
342 685
342 954
342 703
342 1216
342 1229
342 721
342 733
342 991
342 1010
342 1145
343 899
343 961
343 904
343 779
343 666
343 1178
343 432
343 819
343 828
343 709
343 715
343 472
343 868
343 358
343 623
343 1108
343 381
344 650
344 1038
344 399
344 664
344 681
344 819
344 1210
344 1085
344 578
344 451
344 839
344 585
344 985
344 1122
344 496
344 754
344 1144
344 635
345 897
345 514
345 928
345 553
345 426
345 1069
345 569
345 1100
345 731
345 483
345 622
345 625
346 1038
346 1147
347 1023
348 897
348 514
348 963
348 833
348 404
348 469
348 474
348 476
348 553
348 426
348 1205
348 382
349 835
350 387
350 644
350 650
350 1035
350 909
350 1057
350 419
350 1194
350 944
350 970
350 868
350 873
350 491
351 421
351 520
351 841
351 856
352 741
352 614
352 476
352 1202
352 590
352 725
352 468
352 567
352 966
352 596
352 1114
352 373
353 960
353 900
353 519
353 600
353 792
353 926
353 543
353 549
353 870
353 1132
353 815
354 497
354 534
354 923
354 1071
355 1041
355 459
355 397
355 913
355 914
355 409
355 1082
356 1203
357 1248
357 903
357 1159
357 364
358 901
358 652
358 1046
358 539
358 930
358 1079
358 697
358 1164
358 1186
358 1108
359 1084
360 704
360 707
360 455
360 924
360 556
360 1155
360 860
360 413
361 780
361 1165
361 958
362 1239
363 855
363 851
363 750
363 631
363 591
364 389
364 750
364 665
364 582
364 1224
364 434
364 695
364 452
364 887
364 1228
364 1240
364 603
364 619
364 492
364 879
364 372
364 631
364 1021
365 1192
365 1103
365 1067
365 1007
365 982
365 1150
367 1024
367 1101
367 983
367 380
368 1098
368 717
368 589
368 504
368 636
369 517
369 1038
369 411
369 669
369 681
369 1194
369 568
369 698
369 1206
369 585
369 972
369 983
369 888
369 765
370 551
370 649
370 647
370 558
370 537
370 1055
370 383
371 1123
371 684
372 973
372 943
372 533
373 1028
373 902
373 1114
373 476
373 507
373 741
373 614
373 1202
373 567
374 881
374 730
375 385
375 1031
375 490
375 976
375 404
375 826
376 1187
376 773
376 1000
376 975
376 853
376 632
377 772
377 645
377 833
377 1160
377 629
377 730
378 1028
378 711
378 1165
378 1114
379 1032
379 1098
379 867
379 636
379 1162
379 1087
380 1024
380 418
381 1038
381 664
381 666
381 673
381 574
381 961
381 1232
381 1108
381 618
381 620
381 1147
382 741
382 976
382 977
382 567
382 469
383 647
383 649
383 1116
383 445
384 772
384 506
385 576
385 1031
385 976
385 505
385 826
386 460
387 778
387 787
387 916
387 920
387 794
387 1178
387 428
387 1081
387 1243
388 528
388 1122
388 775
388 842
388 786
390 854
390 967
390 1139
391 1056
391 962
391 646
391 1072
391 410
391 416
391 673
391 1222
391 624
391 500
391 823
392 517
392 661
392 664
392 679
392 832
392 1206
392 1107
392 983
392 1147
392 492
392 750
392 631
393 592
393 770
393 516
393 1190
393 682
393 687
393 437
393 889
394 1190
394 998
394 552
394 462
394 501
395 1214
395 1014
396 1193
396 472
396 1108
396 1147
397 521
397 1170
397 1041
397 1074
397 740
397 409
397 700
398 903
398 403
398 1134
398 679
398 943
398 1076
398 951
398 703
398 1248
398 750
398 1010
398 915
398 631
398 766
399 451
399 650
399 433
399 1079
399 985
400 545
400 1159
400 781
400 1134
400 943
400 824
400 1076
400 795
400 799
401 1104
401 732
402 612
402 525
402 471
403 1156
403 748
403 785
403 1053
403 798
403 1058
403 679
403 1010
403 565
403 956
403 703
403 1230
403 591
403 978
403 851
403 601
403 859
403 989
403 807
403 492
403 750
403 498
403 631
403 1017
403 959
403 1021
404 490
404 567
404 976
404 1100
404 826
405 969
406 818
406 464
406 936
406 626
406 863
407 778
407 916
407 412
407 1054
407 676
407 940
407 814
407 691
407 710
407 463
407 696
407 979
407 724
407 1081
407 733
407 720
407 495
408 641
408 470
408 705
408 1194
408 631
408 978
408 852
408 1221
409 1032
409 521
409 1162
409 717
409 914
409 636
409 689
409 504
409 700
410 1222
410 934
410 806
411 1157
411 659
411 916
411 1051
411 794
411 419
411 1194
411 940
411 813
411 733
411 433
411 568
411 1216
411 729
411 605
411 868
411 1125
412 1157
412 778
412 979
412 1243
412 1178
412 491
412 432
412 696
413 645
413 1040
413 1160
413 925
413 1188
413 1061
413 554
413 1200
413 949
413 829
413 964
413 583
413 458
413 481
413 874
413 872
413 629
413 633
413 1018
413 763
414 922
414 1084
415 449
415 1249
415 439
415 479
416 1072
417 673
417 676
417 1070
417 560
417 1046
417 664
417 1147
417 1119
419 813
419 430
419 690
419 724
419 1119
419 868
420 832
420 714
420 657
420 597
420 510
421 1126
421 841
421 856
422 445
423 1216
423 1038
423 1137
423 1079
423 1147
423 453
425 435
425 925
426 741
426 483
427 898
427 549
427 792
427 815
427 600
427 762
427 543
428 457
428 970
428 755
428 1046
428 1050
428 1119
429 520
429 760
430 650
430 992
430 866
430 944
430 778
431 835
431 1048
431 827
432 1178
432 1243
432 681
432 696
433 906
433 568
433 729
433 985
433 990
433 1125
433 681
433 1144
433 765
434 1153
435 707
435 925
436 704
436 1089
436 707
436 805
436 1192
436 455
436 1007
436 881
436 1219
437 630
437 815
437 592
437 792
437 543
438 692
439 449
439 834
439 746
439 1241
439 479
440 454
440 1167
440 977
440 602
442 1156
442 1221
442 989
442 800
442 1122
442 635
443 1161
443 650
443 529
443 1047
443 1177
443 667
443 820
443 466
443 608
443 615
444 701
444 1198
444 712
444 1048
445 647
445 1116
446 640
446 910
446 1098
446 462
446 867
446 501
446 636
446 830
447 517
447 1230
448 881
448 772
448 730
449 1249
449 730
449 479
450 832
450 726
450 1010
450 493
450 464
450 626
450 915
450 566
450 698
450 766
451 814
451 1054
451 681
451 691
451 1092
451 585
451 990
451 1122
451 754
451 759
451 635
451 511
452 1248
452 903
452 526
452 943
452 533
452 951
453 1027
453 907
453 492
453 679
453 1042
453 851
453 1021
453 959
454 1167
454 602
455 768
455 693
455 982
455 731
455 1007
455 633
455 508
457 1046
457 666
457 564
457 828
457 578
457 709
457 1119
457 992
457 503
457 1020
459 675
459 700
460 937
460 1197
460 977
460 660
461 838
461 986
462 1190
462 998
462 547
462 548
463 1157
463 865
463 1121
463 648
463 650
463 909
463 472
463 839
463 979
463 696
463 1243
463 1085
463 491
464 1238
464 718
464 1172
464 661
464 1053
464 748
464 878
464 818
464 566
464 764
464 957
465 1027
465 1147
465 1117
466 1015
466 1163
467 898
467 650
467 930
467 806
467 697
467 1085
467 1086
468 614
468 711
468 872
468 763
468 476
469 1100
469 490
469 622
469 977
469 567
470 800
470 705
470 803
470 1221
470 1079
470 1240
471 681
471 1038
471 495
471 696
471 664
471 1147
472 865
472 1147
472 644
472 1121
472 715
472 1038
472 664
472 1108
473 831
474 963
474 966
474 567
474 590
474 1171
474 596
475 642
475 1155
475 982
475 1025
475 812
475 704
475 541
475 924
475 556
475 686
475 707
475 1097
475 716
475 1103
475 860
475 508
476 790
476 590
476 1200
476 872
477 917
478 929
478 914
478 521
479 1241
479 1249
479 746
479 834
479 881
479 857
479 730
480 604
481 822
482 964
482 614
482 554
482 1018
483 928
483 514
483 569
483 680
483 622
483 625
483 1067
483 731
484 1158
484 1066
484 939
484 941
485 672
486 870
486 715
486 1115
486 828
487 544
487 960
487 1033
487 815
487 722
487 792
487 543
489 1216
489 802
489 550
489 1196
489 818
489 954
489 832
489 1229
489 721
489 1107
489 729
489 863
489 878
489 888
490 1031
490 505
490 826
490 821
491 648
491 792
491 543
491 930
491 549
491 944
491 960
491 1121
491 999
491 1005
492 907
492 750
492 565
492 951
492 1107
492 855
492 915
492 1021
493 1153
493 995
493 726
493 871
493 818
493 1228
493 661
493 566
493 699
493 863
494 654
495 1176
495 979
495 696
495 1178
496 650
496 673
496 676
496 1085
496 1092
496 710
496 1122
496 754
496 635
497 744
497 1071
497 534
497 536
497 923
498 800
498 1194
498 988
499 607
500 624
500 1222
501 640
501 998
501 552
502 544
502 960
502 792
502 815
503 673
503 650
503 1046
503 1119
504 960
504 548
504 552
504 843
504 1041
504 687
505 576
505 1031
505 976
507 514
507 1028
507 645
507 833
507 1090
507 1235
508 1103
508 541
509 667
509 697
509 652
509 659
509 1081
510 584
510 1043
510 1044
510 734
511 720
511 1124
511 650
511 759
511 814
511 839
511 819
511 1085
512 1122
512 808
512 1225
512 1066
512 1136
512 635
512 1148
513 736
513 995
513 1095
513 1224
513 938
513 748
513 879
513 1143
513 601
513 818
513 798
514 580
514 741
514 567
514 822
514 670
515 881
516 640
516 548
516 998
516 1131
516 592
516 840
516 910
516 630
517 588
517 663
517 617
517 1196
517 1079
518 1224
519 999
520 1126
520 1096
520 969
520 952
521 675
521 740
521 616
521 1074
521 914
521 1082
521 797
522 1091
522 677
522 1034
522 1183
522 593
522 693
522 997
523 611
523 723
523 761
524 1029
524 1000
524 1037
524 975
524 562
525 1140
525 676
525 1038
525 1147
525 724
525 664
525 571
526 903
526 1159
526 1134
526 943
526 1076
526 533
526 1080
527 741
527 822
527 567
528 775
528 842
528 858
529 1161
529 667
529 819
529 697
529 1085
529 839
529 1003
529 1015
530 1217
530 1094
530 1226
530 1102
530 662
530 1118
531 626
531 818
533 781
533 750
533 795
533 679
533 936
533 943
533 1076
533 566
533 887
533 603
533 736
533 656
533 996
534 1002
534 1048
535 681
535 623
535 639
536 923
537 647
537 649
537 558
537 1055
538 642
538 1155
538 812
538 1026
538 686
538 912
538 1192
539 1164
539 973
540 1083
540 890
540 739
541 642
541 924
541 1059
541 1192
541 686
541 946
541 1097
541 716
541 1103
541 982
541 860
542 688
542 1029
542 777
542 1037
542 876
542 595
542 789
542 1215
542 1093
542 853
543 909
543 544
543 549
543 999
543 696
543 870
543 1128
543 880
543 762
544 1033
544 815
544 880
544 599
544 792
545 1248
545 996
545 1159
546 1216
546 1137
546 973
546 1229
546 721
547 640
547 960
547 898
547 548
547 630
547 1190
547 1131
547 845
547 592
548 1190
548 1032
548 1098
548 589
548 717
548 867
548 636
548 1162
549 792
549 815
549 960
549 840
549 592
549 1115
549 630
549 762
550 832
550 801
550 1157
550 659
550 905
550 698
550 765
552 640
552 589
552 910
552 845
553 580
553 741
553 822
553 567
553 1016
553 805
554 966
554 902
554 730
554 881
555 612
555 1065
555 1246
556 768
556 1026
556 912
556 693
556 569
556 977
556 1247
556 625
557 875
557 558
557 1055
558 875
559 992
559 866
559 1222
559 934
559 624
559 1075
559 756
559 1020
559 1181
561 1048
562 1037
562 1111
562 632
563 967
563 947
564 755
564 916
564 1046
564 1081
564 673
564 1243
564 572
565 1010
565 699
565 959
565 679
565 1021
565 951
566 919
566 943
566 1076
566 951
566 1080
566 699
566 726
566 863
566 871
566 626
566 661
567 772
567 730
567 928
567 1200
567 1202
567 833
567 1235
567 1110
567 741
567 872
567 745
567 763
568 779
568 916
568 920
568 794
568 927
568 681
568 1194
568 940
568 1199
568 690
568 1216
568 729
568 605
568 623
568 1140
569 810
569 625
569 1213
570 1122
570 1123
570 758
570 825
570 635
570 1148
571 813
571 1140
572 970
572 787
572 916
572 1050
573 1120
573 974
574 961
574 904
574 620
574 1232
574 1046
574 666
575 1203
577 922
577 1084
578 673
578 1122
578 676
578 724
578 1119
580 1188
580 1061
580 670
581 1248
581 903
581 1169
581 1159
582 661
583 872
583 784
584 657
584 699
584 972
584 714
584 588
584 863
584 871
585 1216
585 984
586 999
586 815
586 840
586 600
587 992
587 1075
587 1046
587 1020
588 643
588 855
588 972
588 851
588 1044
588 663
588 1231
588 669
588 734
589 867
589 1098
589 717
589 815
589 636
590 1200
590 963
590 872
590 784
590 596
590 1205
590 763
591 1230
591 855
591 631
591 1021
591 959
592 770
592 1168
592 1041
592 1190
592 687
592 843
592 845
592 675
592 1115
592 740
592 999
592 1131
592 1008
592 630
592 1087
593 594
594 1034
595 1187
595 908
595 876
595 688
595 1215
596 1200
596 963
596 872
596 784
597 643
597 753
597 714
597 657
597 1079
597 669
598 1217
598 1222
598 905
598 1102
598 624
598 983
598 817
599 1184
600 898
600 960
600 1132
600 1006
600 815
600 840
600 792
600 762
600 926
601 807
601 938
601 626
601 658
601 1143
603 1134
603 1080
604 1048
605 612
605 652
605 813
605 1038
605 1147
605 697
606 1012
606 758
607 801
607 994
607 905
607 891
607 1101
607 1232
608 1157
608 779
608 659
608 690
608 697
608 965
608 1081
608 615
609 1057
609 1243
609 1121
609 1035
609 1128
609 659
610 1147
610 1038
611 932
611 837
611 1197
611 660
611 761
612 1140
612 676
612 1065
612 724
612 1046
612 1147
612 1246
613 1240
613 658
613 915
613 796
613 800
613 803
613 836
613 1112
613 748
613 1133
613 1137
613 884
613 1143
613 766
614 772
614 902
614 1028
614 1205
614 822
614 1090
614 741
614 881
615 816
616 722
616 1207
616 1082
617 1038
617 1101
617 661
617 1206
617 698
617 1194
618 673
618 709
618 961
618 904
618 1232
618 1046
620 961
620 904
620 1232
620 1108
620 666
620 783
621 1222
622 1242
622 894
622 821
623 899
623 681
623 813
623 1108
623 639
624 1181
624 673
624 676
624 1222
624 848
624 1122
624 806
624 635
625 680
626 1172
626 661
626 1053
626 807
626 938
626 699
626 957
626 718
626 1238
626 1112
626 863
626 878
626 764
627 951
628 1048
628 1073
629 645
629 711
630 1190
630 682
630 1099
630 845
630 1074
630 675
630 740
630 1052
631 750
631 903
631 811
631 1196
631 1201
631 1221
631 1230
631 851
631 855
631 1248
631 1107
631 915
631 888
631 1159
631 766
632 1029
632 853
632 1093
633 704
633 1247
635 1030
635 1154
635 785
635 1181
635 896
635 806
635 939
635 1209
635 1058
635 720
635 852
635 934
635 637
636 960
636 675
636 1041
636 682
636 815
636 1170
636 867
636 1098
637 783
637 1122
637 667
637 934
637 945
637 1161
637 1181
637 1146
638 1193
639 899
639 681
641 1058
641 1221
641 1122
641 785
641 1236
641 1209
641 989
642 731
642 977
643 657
643 721
643 1043
643 1079
643 954
644 930
644 969
644 1243
644 1005
644 678
644 944
644 952
645 1090
645 763
646 983
648 1035
648 1211
649 1055
650 896
650 1175
650 1038
650 814
650 1015
650 819
650 667
650 1054
650 944
650 691
650 990
650 1210
650 1086
650 710
650 839
650 969
650 759
650 985
650 1005
650 1144
651 1217
651 817
651 1226
651 1102
652 1157
652 779
652 659
652 697
652 828
652 965
652 1081
652 1243
654 751
655 800
655 1153
655 995
655 1230
655 1137
655 695
656 903
656 943
656 1080
656 1076
657 972
657 1230
657 1043
657 1044
657 734
658 995
658 938
658 748
658 1112
658 798
659 664
659 681
659 1194
659 1211
659 965
659 1015
660 1233
660 977
660 671
661 1154
661 665
661 1179
661 674
661 811
661 685
661 1201
661 1212
661 1209
661 1230
661 1107
661 956
661 989
661 1137
661 888
661 1145
662 1217
662 1094
662 817
662 1102
662 1118
663 753
663 714
663 698
664 1027
664 1216
664 1038
664 1042
664 930
664 1194
664 1003
664 1201
664 819
664 1085
664 1117
664 1230
664 1141
664 888
664 1147
666 904
666 783
666 1046
666 673
666 961
666 1232
666 724
666 1119
666 1108
666 1147
667 771
667 839
667 819
667 697
667 1085
667 715
667 866
667 1003
667 1015
667 892
668 881
669 802
669 863
669 871
669 1044
669 1079
669 699
669 954
670 1069
670 977
671 1233
671 977
671 1197
671 1182
673 904
673 1050
673 1065
673 1070
673 1210
673 709
673 1222
673 979
673 1246
673 866
674 1229
674 685
674 721
674 1145
674 1179
675 929
675 740
675 689
675 867
675 960
676 1222
676 1070
676 696
676 979
676 724
676 868
676 1210
677 1091
677 1034
677 1183
678 873
678 944
679 1134
679 1159
679 943
679 951
679 1080
679 705
679 1230
679 1240
679 1248
679 915
679 766
680 810
681 1157
681 778
681 779
681 1178
681 927
681 1186
681 1194
681 1079
681 1216
682 1032
682 1162
682 1131
682 717
682 867
684 758
684 743
685 1179
686 812
686 1059
686 1155
687 1131
688 773
688 777
688 876
688 727
688 1215
689 1041
689 913
689 1074
689 700
690 965
690 779
690 813
690 1199
690 892
691 814
691 819
691 979
692 1088
693 704
693 997
693 1097
693 982
693 1034
693 768
694 1185
694 1132
694 926
695 871
696 1216
696 778
696 792
696 1092
696 1178
696 814
696 1079
696 1081
696 960
696 952
696 979
696 720
696 1140
696 1176
697 927
697 828
697 965
697 1243
697 1127
697 892
697 1023
698 802
698 1201
698 811
698 954
698 721
698 1107
698 888
698 764
699 871
699 972
699 919
699 1240
700 929
700 1074
700 740
700 1170
700 1041
700 914
700 1082
701 1223
701 712
701 1048
701 911
701 901
703 804
703 1010
704 768
704 949
704 1007
704 1150
705 1221
705 1212
706 994
707 912
707 1040
707 1007
707 874
707 977
708 1132
709 961
709 904
709 1232
709 1046
709 1119
710 720
710 1122
710 979
711 872
711 1160
711 763
711 1114
712 1048
713 791
714 972
714 1231
714 1044
715 806
715 930
715 873
716 1025
716 946
717 960
717 1041
717 1032
717 843
717 1170
718 818
718 1172
721 973
721 802
721 954
721 734
722 1207
722 1033
722 1082
723 774
723 935
724 1222
724 1070
724 979
725 833
725 1235
725 730
725 881
725 1150
726 1248
726 903
726 943
726 1076
726 951
727 777
727 1215
729 832
729 906
729 813
730 772
730 1241
730 1208
730 857
730 746
730 1007
730 883
730 893
730 1150
731 1036
731 793
733 979
733 804
734 1229
734 1079
734 954
736 1248
736 836
740 960
741 772
741 1028
741 928
741 1200
741 833
741 1235
741 1110
741 745
741 763
742 1084
742 917
743 1123
745 966
746 1241
746 834
746 881
746 857
747 749
748 1143
749 967
749 1139
749 950
749 1113
750 1134
750 803
750 1064
750 943
750 1201
750 1076
750 1080
750 1230
750 1107
750 1240
750 766
753 1044
753 1231
754 1038
755 1243
756 905
756 1075
757 1049
757 1159
757 948
758 1123
759 1092
759 819
760 1126
760 969
760 952
762 870
762 792
763 1165
763 1200
764 832
764 995
764 1228
765 1124
765 819
766 951
766 871
768 997
768 1097
768 982
770 1168
771 806
771 945
771 1161
772 1028
772 784
772 1061
772 1208
772 1007
772 883
772 893
773 1093
773 777
773 876
773 1111
773 1215
774 1149
774 935
775 842
777 1135
777 1215
778 916
778 920
778 794
778 1081
778 1220
778 970
778 1108
778 987
778 1151
779 1199
780 1165
780 958
781 996
781 1134
781 943
781 1080
781 824
781 795
782 1171
783 839
783 819
783 1146
784 829
785 1058
785 1156
785 1194
785 956
786 858
787 970
787 1046
787 1050
787 1243
788 1045
789 1129
789 974
790 1171
790 1205
792 910
792 999
792 830
792 880
794 813
794 970
794 1243
794 1178
795 1248
795 996
795 903
795 1159
795 1134
795 943
795 1080
795 824
795 1076
796 955
796 1240
796 1017
796 1212
798 943
798 1112
798 1143
799 1248
799 951
799 1159
800 1153
800 852
800 988
800 1221
801 891
801 905
801 1101
801 1206
801 983
801 1079
802 832
802 973
802 1179
803 1064
803 1101
803 983
803 1206
804 1051
804 940
804 1137
804 1010
804 1240
804 954
804 991
805 1061
805 1089
805 977
805 1007
806 1122
806 1222
806 1086
807 938
807 1159
807 1134
807 1080
807 1053
808 1158
808 941
808 1136
808 825
811 832
811 1194
811 972
811 888
812 1155
813 987
813 916
813 920
813 1186
813 1220
813 1194
813 1199
813 1140
813 1079
813 1151
814 1122
814 1092
814 839
814 1054
814 1085
814 979
815 1162
815 909
815 1190
815 1098
815 960
815 1184
815 1115
815 867
815 870
815 880
817 1226
817 1118
818 832
818 1224
818 1172
818 863
819 896
819 1161
819 1038
819 1054
819 906
819 1086
819 1092
819 839
819 1108
819 1146
820 1015
820 1101
820 983
820 895
821 976
821 894
822 1028
822 1061
822 893
822 1188
823 1222
824 996
824 1159
825 1123
825 1148
826 976
827 1218
828 898
828 1046
828 930
828 1085
828 839
828 1108
828 1119
828 873
828 1003
829 872
832 1201
832 1196
832 1107
832 1125
833 976
833 977
833 1235
834 881
835 933
835 1166
838 881
838 986
839 1038
839 906
839 1086
841 856
841 1126
843 1008
843 1162
843 1087
845 1190
845 1052
846 934
846 1075
847 1130
848 962
848 1222
851 1027
851 907
851 1042
852 1122
852 1154
852 1236
852 989
853 1093
853 1000
854 918
855 1027
855 1042
855 959
857 1241
859 978
859 1017
859 955
860 977
861 1082
863 1238
863 972
863 879
863 919
863 1180
864 1048
865 1057
865 1121
865 1128
865 909
865 1243
866 1075
867 1008
867 1098
868 1108
868 1046
869 1048
869 1234
870 1115
870 960
871 919
871 972
871 915
871 1240
873 909
873 930
873 1193
873 944
873 960
873 1057
873 1128
875 1009
875 1055
876 1187
876 908
878 995
878 1095
878 1228
878 879
878 1180
879 1095
879 1180
881 1028
881 1208
881 1241
881 1007
881 883
882 1077
886 1130
887 943
887 1076
887 1080
888 972
888 1147
888 1194
889 1131
890 1083
890 1203
891 994
891 1232
891 983
892 1199
892 1081
893 1152
893 902
894 1242
895 1023
896 1054
896 979
897 1152
897 1089
897 966
897 1069
897 1219
898 1190
898 1086
900 999
901 911
902 1028
902 1061
902 1202
903 1134
903 1053
903 948
905 1056
905 983
906 1085
907 1230
908 1187
908 1111
908 974
909 960
909 1057
909 930
909 1128
909 1035
911 1223
911 1048
912 1026
914 929
914 1041
914 1074
915 936
915 951
916 970
916 1178
916 1081
916 1050
918 950
919 1019
919 1228
920 1220
920 1243
920 1050
920 987
921 1116
921 1009
922 1138
922 980
922 1084
924 977
925 1150
930 1035
930 1086
930 1147
933 1166
934 1232
934 1122
934 1181
936 1238
936 951
936 1134
936 943
936 1076
936 1080
936 1172
938 1248
938 1143
938 1053
939 1066
939 941
941 1122
941 1066
942 1193
943 1053
943 1159
943 1076
943 1080
943 1112
943 1019
944 1081
944 1062
946 1025
947 967
947 950
947 1113
947 1022
948 1248
950 1139
950 967
950 1022
951 1169
951 1240
951 1105
951 1019
953 968
954 973
954 1043
955 978
955 1212
956 1058
956 1194
956 989
958 1165
959 1107
959 1201
959 1196
959 1230
959 1221
960 1033
960 1162
960 1190
960 1074
960 1098
960 1115
961 1046
963 1028
964 1018
965 1199
966 1069
966 1150
967 1139
967 1022
970 987
970 1151
971 1077
972 1079
973 1216
973 1229
974 1120
974 1187
974 1129
975 1029
975 1037
975 1093
976 1031
976 1235
977 1152
977 1155
977 1167
977 1219
977 1195
977 1197
977 1089
977 1233
977 1016
978 1221
978 1133
978 1017
978 1194
979 1046
979 1051
979 1054
979 1092
980 1084
982 1192
983 1047
983 1177
983 1056
983 1137
983 1064
983 1196
983 1201
983 1079
983 1216
983 1101
983 1107
983 1127
985 1216
985 1079
985 990
987 1081
987 1151
988 1221
988 1236
989 1122
989 1154
989 1209
990 1137
991 1179
992 1046
992 1020
992 1119
995 1248
995 1159
995 1143
999 1131
1000 1029
1000 1037
1000 1093
1002 1048
1003 1161
1003 1038
1003 1108
1005 1081
1006 1190
1006 1086
1008 1098
1008 1087
1009 1116
1009 1055
1014 1214
1015 1161
1015 1081
1015 1243
1015 1047
1017 1174
1017 1194
1019 1248
1019 1159
1020 1119
1021 1230
1022 1139
1023 1244
1027 1216
1027 1124
1027 1147
1027 1117
1028 1202
1028 1114
1028 1205
1029 1037
1030 1122
1032 1170
1032 1162
1032 1087
1033 1207
1034 1091
1034 1183
1035 1121
1035 1211
1038 1196
1038 1070
1038 1117
1038 1079
1038 1230
1038 1107
1041 1170
1042 1216
1042 1137
1042 1124
1042 1147
1042 1117
1043 1079
1046 1119
1047 1101
1047 1109
1047 1206
1048 1073
1048 1234
1053 1248
1053 1159
1054 1122
1056 1101
1057 1211
1058 1122
1058 1194
1059 1155
1060 1063
1061 1152
1061 1219
1064 1101
1064 1206
1065 1246
1066 1158
1068 1193
1076 1159
1076 1248
1078 1213
1079 1175
1079 1206
1079 1101
1079 1144
1080 1159
1081 1243
1081 1108
1081 1151
1082 1207
1084 1138
1085 1210
1085 1086
1085 1092
1087 1162
1090 1160
1090 1235
1092 1124
1092 1210
1093 1187
1094 1226
1094 1118
1095 1180
1101 1177
1101 1230
1101 1107
1101 1244
1101 1127
1102 1226
1103 1192
1105 1169
1106 1213
1107 1201
1107 1196
1108 1178
1109 1177
1111 1187
1112 1143
1115 1131
1117 1147
1118 1217
1118 1226
1120 1187
1120 1129
1121 1128
1121 1211
1122 1181
1122 1225
1122 1209
1122 1136
1122 1123
1124 1216
1125 1157
1125 1194
1127 1244
1128 1211
1131 1190
1133 1240
1133 1212
1134 1248
1137 1153
1137 1206
1141 1230
1141 1147
1145 1179
1147 1216
1147 1194
1148 1225
1150 1192
1151 1243
1152 1188
1153 1236
1154 1209
1157 1194
1157 1211
1159 1248
1160 1165
1161 1243
1162 1170
1165 1200
1167 1195
1173 1244
1173 1206
1176 1178
1177 1206
1181 1222
1181 1232
1182 1197
1182 1233
1194 1221
1196 1201
1201 1206
1206 1244
1211 1243
1220 1243
1228 1248
