0 588
0 452
0 492
0 10
0 595
0 341
0 223
0 97
0 802
0 295
0 615
0 510
0 632
0 249
0 318
0 1013
1 825
1 20
1 655
2 64
2 68
2 750
3 291
3 892
3 499
4 13
4 655
4 412
4 542
4 800
4 418
4 35
4 936
4 41
4 426
4 556
4 435
4 1076
4 952
4 185
4 1086
4 1087
4 836
4 197
4 1095
4 460
4 332
4 825
4 334
4 163
4 213
4 505
4 165
4 225
4 100
4 232
4 617
4 618
4 365
4 147
4 1013
4 121
4 508
5 96
5 801
5 580
5 741
5 678
5 568
6 450
6 291
6 1060
6 709
6 74
6 887
6 1175
6 51
6 148
6 629
6 790
6 151
6 788
6 122
6 28
6 415
7 1024
7 262
7 492
7 1162
7 1100
7 973
7 537
7 153
7 1161
7 411
7 543
7 1059
7 550
7 305
7 360
7 236
7 200
7 1139
7 1033
7 376
7 314
7 126
8 968
8 1162
8 13
8 1101
8 722
8 505
8 537
8 591
8 286
8 993
8 738
8 411
8 933
8 1198
8 317
8 305
8 434
8 253
9 592
9 217
9 442
10 519
10 520
10 522
10 1041
10 23
10 25
10 1050
10 541
10 44
10 47
10 49
10 50
10 58
10 572
10 61
10 63
10 64
10 68
10 588
10 589
10 591
10 1110
10 92
10 611
10 105
10 113
10 114
10 117
10 118
10 633
10 1147
10 128
10 131
10 650
10 139
10 652
10 666
10 161
10 162
10 1187
10 164
10 166
10 1193
10 181
10 1210
10 703
10 1216
10 193
10 1218
10 715
10 205
10 208
10 729
10 733
10 734
10 738
10 739
10 229
10 231
10 234
10 237
10 241
10 245
10 247
10 760
10 772
10 263
10 781
10 1155
10 794
10 283
10 1186
10 814
10 818
10 820
10 315
10 317
10 327
10 847
10 336
10 693
10 850
10 341
10 858
10 911
10 356
10 874
10 369
10 374
10 383
10 387
10 906
10 749
10 406
10 559
10 413
10 940
10 946
10 971
10 461
10 464
10 465
10 982
10 476
10 1008
10 498
10 1015
10 1017
10 1018
11 25
11 814
12 516
12 668
12 908
12 348
13 398
13 598
13 1180
13 607
13 870
13 171
13 431
13 434
13 1011
13 1082
13 1020
13 253
14 394
14 497
14 1142
14 185
15 1057
15 663
15 169
15 815
16 368
16 340
16 862
17 1159
17 1105
17 82
17 526
17 1112
17 173
17 687
17 1075
17 436
18 1099
18 678
18 395
18 568
18 741
19 260
19 1222
19 171
19 877
19 731
19 1148
20 1095
20 394
20 147
20 856
20 921
20 232
20 41
20 825
20 125
21 1120
21 1117
22 421
22 808
22 74
22 1035
22 985
22 28
22 927
23 520
23 237
23 911
24 416
24 808
24 892
24 1035
25 514
25 572
26 1248
26 849
26 73
26 111
26 1235
26 762
26 862
27 517
27 1000
27 522
27 140
27 242
27 880
27 114
27 245
27 383
27 850
27 61
28 769
28 258
28 1159
28 392
28 778
28 279
28 786
28 148
28 405
28 151
28 922
28 416
28 688
28 291
28 1060
28 421
28 552
28 681
28 428
28 173
28 48
28 689
28 883
28 180
28 57
28 443
28 957
28 963
28 841
28 1119
28 1103
28 82
28 83
28 986
28 863
28 864
28 226
28 486
28 102
28 489
28 1004
28 109
28 1136
28 1035
28 1009
28 755
28 372
28 892
30 931
30 645
30 616
30 207
30 1106
30 211
30 440
30 367
31 640
31 225
31 546
31 422
31 257
31 617
31 468
31 55
31 475
31 605
32 925
32 653
33 64
33 128
33 387
33 971
33 336
33 895
33 1147
33 63
34 501
34 810
34 426
35 505
35 618
35 793
35 121
35 100
36 371
36 355
37 768
37 672
37 394
37 759
37 398
37 480
37 236
37 305
37 1013
37 695
37 1162
38 804
38 396
38 622
38 562
38 1046
38 152
38 1049
39 645
39 211
41 393
41 394
41 655
41 147
41 900
41 1178
41 825
41 700
41 446
41 1107
41 604
41 232
41 497
41 1142
41 1143
42 1153
42 1030
42 1063
42 1244
43 641
43 1066
43 948
43 535
43 506
44 205
44 781
44 369
44 498
45 419
45 781
45 317
45 1080
45 632
45 473
45 157
45 223
46 338
47 715
47 650
48 386
48 390
48 271
48 927
48 353
48 291
48 102
48 808
48 878
48 400
48 629
48 955
48 1212
48 445
49 64
49 131
49 684
49 387
49 1110
50 1216
50 131
50 132
50 982
50 1068
50 401
50 387
50 281
50 559
50 284
50 160
50 161
50 241
50 1052
50 811
50 555
50 172
50 174
50 943
50 438
50 313
50 58
50 699
50 832
50 577
50 424
50 966
50 839
50 1096
50 715
50 846
50 719
50 596
50 726
50 889
50 996
50 847
50 477
50 734
50 1147
50 356
50 529
50 744
50 234
50 971
50 1008
50 113
50 117
50 633
50 635
51 1185
51 259
51 1126
51 809
51 74
51 119
51 1158
51 415
52 304
52 114
52 799
53 1131
53 70
53 373
53 272
53 339
53 606
53 222
53 1055
53 830
53 935
53 296
53 746
53 711
53 754
53 625
53 690
53 94
53 1206
53 1208
53 250
53 382
54 150
54 1243
55 642
55 900
55 854
55 1223
55 1132
55 1162
55 973
55 209
55 917
55 412
55 474
55 800
55 100
55 497
55 936
55 171
55 492
55 429
55 238
55 1011
55 1013
55 56
55 314
55 827
55 508
55 125
56 76
56 412
56 474
56 558
56 431
56 434
56 1013
56 185
57 1009
57 957
58 1216
58 744
58 335
58 424
58 555
58 1137
58 628
58 438
58 633
59 964
59 967
59 462
59 1124
59 637
60 135
60 104
60 1001
60 493
60 206
60 680
60 1170
60 90
60 1115
60 509
61 869
61 188
62 334
62 497
62 110
62 1142
62 732
62 125
63 131
63 327
63 971
63 1147
63 926
64 131
64 775
64 139
64 130
64 401
64 387
64 1174
64 538
64 926
64 1062
64 811
64 682
64 327
64 684
64 685
64 183
64 826
64 587
64 68
64 198
64 161
64 78
64 719
64 336
64 596
64 1110
64 847
64 221
64 866
64 739
64 356
64 750
64 113
64 895
65 1101
65 411
65 803
66 646
66 808
66 1226
66 109
66 212
66 629
66 119
66 95
67 133
67 903
67 783
67 1169
67 82
67 919
67 472
67 158
67 107
67 629
67 822
67 638
68 387
68 132
68 1015
68 847
68 1174
68 730
68 1052
68 166
68 231
68 874
68 327
68 749
68 750
68 113
68 946
68 567
68 895
69 177
69 967
69 159
70 1237
70 291
70 373
70 808
70 1226
70 711
70 525
70 887
70 119
70 156
70 1191
70 190
70 629
71 1221
71 261
71 528
71 1105
71 156
71 319
72 869
72 385
72 1041
72 850
72 245
72 473
73 368
73 862
74 1074
74 388
74 150
74 646
74 778
74 1035
74 386
74 142
74 271
74 835
74 148
74 405
74 410
74 414
74 415
74 416
74 930
74 1060
74 681
74 903
74 173
74 687
74 790
74 863
74 709
74 711
74 716
74 590
74 980
74 1237
74 859
74 549
74 868
74 1004
74 1159
74 372
74 630
74 532
74 763
74 764
75 602
76 900
76 262
76 968
76 1102
76 398
76 661
76 598
76 412
76 800
76 497
76 1013
76 1142
76 695
77 771
77 1094
77 369
77 242
78 760
78 1210
78 589
79 417
79 106
79 554
79 366
79 442
80 800
80 993
80 197
80 215
80 1132
80 731
80 252
81 608
81 960
81 98
81 99
81 677
81 300
81 354
81 463
81 466
81 146
81 85
81 918
81 1176
81 762
81 798
82 769
82 258
82 521
82 770
82 707
82 1173
82 156
82 436
82 173
82 1075
82 564
82 180
82 1112
82 600
82 986
82 747
82 835
83 704
83 708
83 133
83 486
83 1002
83 173
83 783
83 786
83 254
83 822
83 472
83 638
83 158
84 800
84 225
84 197
84 617
84 332
84 435
84 213
84 827
84 252
85 368
85 466
85 960
85 1176
85 463
86 900
86 1222
86 1223
86 394
86 1102
86 854
86 478
86 1194
86 748
86 497
86 1142
86 695
87 1143
87 530
87 201
88 1220
88 645
88 902
88 391
88 616
88 367
88 211
88 824
88 347
88 1130
90 432
90 1001
90 1115
90 493
90 509
91 1196
91 658
91 403
91 884
91 186
92 1062
92 780
92 693
92 874
93 1027
93 767
93 766
93 367
94 384
94 196
94 359
94 296
94 777
94 243
94 244
94 1208
95 1004
95 646
96 801
97 615
97 138
97 781
97 369
97 574
97 664
97 473
97 753
97 157
97 318
97 1023
98 354
98 1036
98 111
98 466
98 918
98 1176
99 1176
100 264
100 407
100 292
100 556
100 952
100 185
100 827
100 1087
100 1093
100 460
100 722
100 1111
100 731
100 933
100 365
100 497
100 125
101 268
101 447
102 400
102 919
102 735
104 432
104 1001
104 362
104 396
104 493
104 176
104 1044
104 1046
104 216
104 1145
104 656
104 1115
104 990
106 417
106 554
106 366
106 338
106 217
107 903
107 521
107 270
107 195
107 1061
107 1074
107 947
107 564
107 182
107 714
107 986
107 603
107 1129
107 243
107 758
107 888
107 835
109 629
110 1093
110 1020
110 365
110 334
110 434
110 505
110 722
110 292
110 827
110 732
110 125
111 1248
111 1235
111 918
111 862
112 224
112 649
113 193
113 806
113 168
113 139
113 628
113 1015
114 1032
114 799
114 571
114 588
114 977
114 214
114 471
114 1113
114 738
114 230
114 363
114 500
114 886
114 249
116 707
116 1028
116 600
116 1197
116 287
117 628
118 611
118 565
118 1174
118 665
119 129
119 258
119 388
119 646
119 136
119 1042
119 963
119 148
119 1173
119 150
119 151
119 1028
119 1053
119 287
119 421
119 812
119 944
119 823
119 443
119 316
119 957
119 575
119 833
119 707
119 1226
119 204
119 450
119 1109
119 220
119 1158
119 1211
120 769
120 1221
120 823
120 1129
120 613
120 545
120 421
120 1084
120 299
120 1035
120 689
120 947
120 888
120 1173
121 618
121 407
121 460
121 952
122 788
122 443
123 1050
123 1218
123 181
124 496
124 308
124 152
125 900
125 163
125 936
125 686
125 178
125 825
125 827
125 1229
125 483
125 748
125 623
125 376
126 558
126 978
126 691
126 1013
126 537
126 412
127 384
127 1224
127 777
127 599
127 405
127 349
127 690
127 244
127 250
127 373
128 926
129 647
129 141
129 275
129 662
129 1053
129 1056
129 1061
129 299
129 1092
129 1226
129 204
129 621
129 243
129 1031
129 380
131 1147
131 1137
131 327
131 971
131 684
131 699
131 650
132 1062
132 650
132 971
132 780
132 1081
132 1052
132 829
133 704
133 903
133 489
133 619
133 786
133 155
133 599
133 835
133 1119
134 601
135 610
135 710
135 362
135 381
136 913
136 1092
136 491
136 1028
136 485
136 647
136 425
136 299
136 812
136 823
136 761
136 380
137 577
137 982
137 729
137 718
138 1165
138 369
138 664
138 473
139 587
139 231
139 439
139 183
140 571
140 539
140 1204
140 309
140 958
141 707
141 156
141 1053
141 287
142 808
142 716
142 783
142 944
142 1002
142 436
142 822
142 638
142 158
143 584
143 1045
143 795
143 479
143 169
143 298
143 1200
143 457
143 184
144 770
144 339
145 1207
146 677
146 1097
146 862
146 1176
146 798
147 262
147 393
147 655
147 661
147 1180
147 163
147 810
147 558
147 563
147 437
147 825
147 1093
147 1095
147 968
147 458
147 938
147 1229
147 547
147 853
147 598
147 604
147 743
147 232
147 236
147 1020
147 253
148 450
148 151
148 688
148 883
149 1007
149 1137
149 628
149 855
149 477
150 1173
150 808
150 919
150 1181
150 400
150 981
150 1243
150 735
151 450
151 707
151 1028
151 316
151 842
151 823
151 812
151 944
151 1109
152 897
152 1029
152 1049
152 1184
152 1192
152 306
152 308
152 440
152 1088
152 207
152 211
152 804
152 991
152 622
152 496
153 807
153 1101
153 925
153 435
153 691
153 441
153 346
153 411
153 474
153 917
155 196
155 392
155 1103
155 599
155 708
155 158
155 808
155 1199
155 755
155 372
155 629
155 638
156 1092
156 204
156 528
156 1169
156 275
156 727
156 299
156 1053
156 222
156 485
156 359
156 425
156 235
156 621
156 689
156 627
156 180
156 1067
156 761
156 255
157 738
157 419
157 1165
157 500
157 318
157 664
157 219
158 1075
158 258
158 903
158 1002
158 716
158 173
158 783
158 1074
158 405
158 599
158 372
158 835
158 187
158 986
159 964
159 967
159 177
159 1124
159 1116
160 374
160 839
160 1096
160 652
160 979
160 794
160 476
160 994
160 423
160 1068
160 818
160 438
161 811
161 719
161 401
161 596
161 628
161 650
162 1137
163 393
163 810
163 655
163 530
163 900
163 1178
163 426
163 437
163 186
163 827
163 322
163 458
163 1108
163 853
163 604
163 743
163 232
163 233
163 497
164 1137
164 726
164 170
164 409
164 650
165 546
165 1093
165 936
165 1020
165 618
165 523
165 460
165 365
165 238
165 952
165 434
165 725
165 793
165 1180
165 508
166 926
166 895
168 739
168 1137
168 519
168 650
168 628
169 773
169 648
169 915
169 533
169 663
169 792
169 924
169 1057
169 294
169 815
169 1201
169 819
169 713
169 184
169 1213
169 584
169 457
169 988
169 479
169 999
169 239
169 1149
171 1222
171 503
171 332
171 731
171 925
171 993
171 482
171 292
171 877
171 369
171 1082
171 827
172 1137
172 628
172 650
173 258
173 392
173 919
173 526
173 786
173 279
173 808
173 944
173 689
173 1074
173 180
173 436
173 735
173 708
173 1103
173 986
173 351
173 613
173 1169
173 1129
173 629
173 887
173 254
173 255
174 650
174 628
174 846
175 385
175 502
175 518
175 585
175 843
175 517
175 242
175 1204
175 983
176 288
176 897
176 362
176 207
176 432
176 306
177 637
177 462
178 827
178 1222
178 1063
178 492
178 431
178 185
178 505
178 1082
180 195
180 613
180 689
180 1075
180 1129
180 187
181 194
181 579
181 906
181 413
182 272
182 361
182 746
182 1169
182 244
182 373
182 830
182 1055
183 1152
183 866
183 775
183 464
183 739
183 439
184 294
184 875
184 819
184 1045
184 795
185 262
185 1162
185 1111
185 655
185 260
185 412
185 542
185 418
185 1222
185 305
185 936
185 426
185 686
185 431
185 1246
185 1148
185 1118
185 310
185 492
185 836
185 838
185 458
185 759
185 334
185 722
185 1108
185 505
185 484
185 1242
185 731
185 478
185 482
185 1125
185 870
185 232
185 873
185 551
185 236
185 365
185 573
185 1011
185 503
185 377
185 1020
185 938
185 1151
186 928
186 673
186 233
186 938
186 1196
186 1229
186 495
186 393
186 1108
186 1178
186 1118
187 903
187 526
187 783
187 1169
187 195
187 944
187 822
187 708
187 613
187 1129
187 1002
187 758
187 888
187 835
187 638
188 385
188 1000
188 461
188 880
188 1041
188 309
188 375
188 245
189 899
189 837
189 394
189 1168
189 371
189 916
190 630
190 711
190 1237
191 456
191 525
191 944
191 540
191 735
192 675
192 393
192 394
192 1108
192 437
192 853
192 745
192 1178
192 938
192 1118
192 501
193 847
193 1015
194 413
195 258
195 689
195 714
195 812
195 770
195 1169
195 1074
195 1075
195 1173
195 758
195 986
195 287
196 258
196 935
196 296
196 1131
196 606
196 1074
196 1206
196 222
196 405
197 640
197 257
197 492
197 332
197 1132
197 851
197 475
197 976
197 923
197 422
197 364
197 238
197 1011
197 1079
197 1144
197 468
198 739
198 806
198 231
198 519
198 557
198 749
198 724
199 307
199 1249
200 398
200 1013
200 598
200 925
201 322
201 782
201 989
201 530
201 1107
201 1172
201 1182
201 697
201 669
201 446
202 1220
202 312
202 1022
203 267
204 1226
204 491
204 913
205 369
205 498
206 1145
206 509
206 990
207 1184
207 897
207 931
207 562
207 430
207 306
208 451
208 839
208 1096
208 1068
208 1070
208 692
208 959
209 262
209 1033
209 1162
209 978
209 731
209 800
209 1059
209 292
209 1222
209 558
209 305
209 435
209 636
210 352
210 907
210 377
210 1114
211 645
211 1106
211 367
211 562
211 1130
212 256
212 646
212 1004
212 569
213 723
213 215
213 505
213 252
214 1091
214 1032
214 588
214 757
214 245
214 886
214 1113
214 249
214 219
214 317
214 286
214 341
215 1093
215 870
215 1132
215 460
215 365
215 431
215 434
215 723
215 505
215 1011
215 725
216 805
216 1044
216 1241
216 602
216 765
216 990
217 417
218 344
218 902
218 561
218 1205
219 642
219 524
219 591
219 977
219 738
219 1188
219 230
219 295
219 429
219 1080
220 578
220 808
220 919
220 674
220 400
220 629
221 826
221 356
221 685
222 359
222 392
222 727
222 1224
222 755
222 279
222 349
223 295
223 781
223 720
223 369
223 1165
223 595
223 500
223 317
223 510
224 649
224 860
225 640
225 332
225 976
225 468
225 422
225 364
225 431
225 505
225 605
226 392
226 909
226 1103
226 625
226 402
226 405
226 599
226 349
227 360
227 411
228 265
228 1090
228 1121
229 633
230 1188
230 977
230 369
230 500
230 375
230 249
231 739
231 439
231 519
231 557
231 749
231 567
231 1085
232 393
232 1164
232 679
232 938
232 431
232 825
232 701
232 1095
232 969
232 1229
232 722
232 604
232 1118
232 505
233 393
233 737
233 782
233 989
233 403
233 1172
233 604
233 669
234 555
234 652
235 1092
235 1061
235 359
235 380
235 243
235 373
236 642
236 1222
236 1101
236 412
236 925
236 607
236 483
236 292
236 429
236 1013
236 759
237 267
237 911
238 640
238 546
238 257
238 364
238 976
238 923
239 298
239 819
239 1012
240 515
241 1216
241 481
241 577
241 424
241 628
241 406
241 633
241 570
241 703
242 571
242 1094
242 518
242 615
242 904
242 585
242 843
242 753
242 694
242 983
242 953
242 378
242 318
242 1023
243 1092
243 1206
243 840
243 1238
243 349
243 1056
243 1061
243 296
243 1067
243 754
243 1131
243 630
244 1131
244 840
244 909
244 402
244 603
244 606
244 349
244 359
244 935
244 1042
244 1199
244 560
244 625
244 754
244 373
244 631
244 382
245 571
245 507
245 886
245 375
245 249
245 378
246 413
247 946
247 693
248 728
248 849
249 1188
249 1041
249 591
249 977
249 757
249 666
249 286
249 341
250 384
250 706
250 392
250 777
250 876
250 1199
250 1103
250 531
250 1208
250 255
250 796
251 302
251 1239
252 870
252 394
252 1132
252 723
252 1011
253 642
253 262
253 598
253 731
253 412
253 607
253 292
253 1222
253 429
253 1013
253 376
254 708
254 1002
254 822
254 986
255 296
255 1131
255 909
255 402
255 373
255 986
255 405
256 995
256 646
256 1127
256 328
256 1004
256 1006
256 624
256 776
256 852
257 546
257 617
257 332
257 605
258 521
258 400
258 1169
258 786
258 919
258 708
258 808
258 944
258 1074
258 947
258 436
258 1119
258 472
258 735
258 1129
258 1002
259 291
259 1060
259 1158
259 1226
259 887
259 301
259 1166
259 629
259 379
259 892
259 415
260 492
260 877
261 707
261 1028
261 842
261 1105
261 1138
261 1173
262 1162
262 398
262 412
262 925
262 558
262 305
262 563
262 695
262 968
262 597
262 598
262 478
262 993
262 1013
262 759
263 304
263 369
263 341
263 471
263 666
263 507
263 894
264 1222
264 936
264 731
265 1121
265 1090
265 779
265 1014
265 1047
265 1247
266 774
266 395
266 741
267 283
267 350
270 965
270 359
270 746
270 331
270 813
270 1169
270 339
270 830
270 1055
271 400
271 449
271 919
271 735
272 813
272 339
273 1177
274 654
274 278
275 913
275 425
275 627
275 1092
275 761
275 380
275 491
276 1122
276 285
277 333
278 771
278 452
279 382
279 625
279 1206
280 423
281 320
281 1156
281 772
281 465
281 820
281 889
281 284
281 996
281 734
282 850
282 383
283 1163
283 541
284 1137
284 650
284 465
284 734
285 1122
285 404
285 410
285 1181
285 639
286 642
286 1091
286 886
286 295
286 429
286 317
286 757
286 607
287 1035
287 707
287 1053
287 545
287 552
287 681
287 299
287 575
287 450
287 1226
287 613
287 485
287 1129
287 764
288 656
288 931
288 804
288 1106
288 306
288 1049
289 344
289 1130
289 991
290 572
290 814
291 1154
291 778
291 386
291 1166
291 410
291 922
291 415
291 545
291 930
291 1060
291 552
291 540
291 428
291 687
291 927
291 445
291 963
291 709
291 841
291 459
291 578
291 864
291 1211
291 1136
291 1009
291 372
291 629
291 681
291 788
291 835
291 379
291 865
292 393
292 938
292 563
292 661
292 407
292 412
292 800
292 936
292 426
292 558
292 435
292 1118
292 492
292 748
292 1102
292 1108
292 478
292 483
292 870
292 877
292 1132
293 928
293 658
293 297
293 1083
293 620
293 782
294 648
294 875
294 1069
294 536
294 1043
294 533
294 891
295 802
295 419
295 524
295 781
295 591
295 720
295 369
295 1165
295 1080
295 664
295 510
296 359
296 840
296 1131
296 373
297 782
297 989
297 403
297 697
297 1215
298 648
298 1069
298 819
298 988
299 1092
299 485
299 380
299 491
299 425
299 575
300 608
300 1176
300 1021
301 1126
301 1166
301 1051
301 379
302 561
302 756
302 1141
302 1239
302 671
303 470
304 1193
304 733
304 471
304 666
304 894
305 642
305 1101
305 1059
305 411
305 412
305 925
305 800
305 731
305 1013
305 376
306 897
306 396
306 440
307 728
307 340
308 496
308 562
309 517
309 1204
309 375
309 378
311 929
311 427
311 1177
312 1220
312 566
312 872
312 367
312 751
312 444
312 645
313 387
313 327
313 684
313 693
314 1139
314 1030
314 1101
314 433
314 435
315 323
315 454
316 321
316 1226
316 319
317 642
317 1165
317 429
317 412
317 419
317 591
317 473
317 738
317 886
317 632
317 510
318 802
319 528
319 1105
320 820
321 450
321 553
321 879
321 528
322 393
322 938
322 1229
322 1107
322 1108
322 1118
323 451
323 454
323 423
323 455
323 1070
323 816
323 1171
324 641
324 1066
324 948
324 535
324 506
325 327
325 1231
325 1081
325 538
325 829
327 971
327 780
327 387
328 844
328 624
328 696
328 569
328 1019
329 333
331 770
331 965
331 359
331 813
332 412
332 1093
332 1180
332 434
332 1203
332 1082
332 722
332 851
332 617
332 492
332 365
332 1140
332 1013
332 505
333 1230
333 1037
334 394
334 900
334 1180
334 431
334 434
334 1093
334 1222
334 460
334 731
334 732
334 365
334 497
334 1142
334 505
334 1020
335 1216
335 577
335 966
335 943
335 1137
335 703
336 791
337 752
338 554
339 770
339 359
339 361
339 813
340 1249
341 781
341 733
341 369
341 666
341 894
342 902
342 583
342 1128
342 1232
342 444
343 1203
344 902
344 910
344 660
344 1130
345 454
345 423
345 1068
345 858
346 435
346 917
347 824
348 668
348 908
349 1056
349 1061
349 392
349 777
349 1103
349 373
349 662
349 1199
350 541
350 861
351 704
351 638
352 867
352 907
352 623
352 563
352 435
352 1114
352 925
353 449
353 808
353 887
353 892
354 1176
354 1036
354 918
355 371
355 358
356 685
356 628
357 562
358 394
358 397
358 837
359 770
359 1169
359 531
359 796
359 813
359 706
359 965
359 840
359 717
359 727
359 606
359 361
359 746
359 625
359 754
360 1228
360 1101
360 411
360 925
361 560
361 603
362 432
362 610
362 493
362 509
362 1170
362 1145
362 381
363 385
363 869
363 461
363 1041
364 640
365 642
365 393
365 412
365 418
365 936
365 426
365 952
365 460
365 723
365 617
365 1013
365 505
366 442
367 1027
367 645
367 742
367 1022
367 766
367 1078
367 954
367 767
368 608
368 728
369 642
369 664
369 1188
369 1193
369 429
369 1080
369 1082
369 607
369 452
369 1094
369 972
369 588
369 720
369 595
369 733
369 492
369 498
369 632
371 490
372 708
372 919
372 887
372 400
372 735
372 405
372 599
372 629
373 706
373 711
373 1237
373 603
373 876
373 1199
373 382
374 1096
374 423
374 1008
375 1188
375 517
375 1041
375 588
375 977
375 539
375 958
376 1026
376 939
376 1101
376 398
376 657
376 598
376 411
376 873
376 683
376 695
376 827
377 962
377 907
377 1125
377 873
377 683
377 657
378 385
378 517
378 1041
378 1204
378 869
378 539
379 1158
379 1166
379 1051
380 425
380 621
380 913
380 1238
380 575
380 1053
380 491
382 706
382 717
382 909
382 402
382 755
382 796
384 754
384 1199
384 1206
384 1208
384 606
385 869
385 522
385 461
385 880
385 1000
385 574
386 1040
386 400
386 390
386 808
386 445
386 735
387 1147
387 1137
387 684
387 628
387 693
387 1110
387 699
387 650
387 926
388 544
388 1060
388 887
388 400
388 919
388 790
388 892
388 1226
389 774
389 678
389 568
390 1040
390 808
390 629
390 445
391 512
391 931
391 767
392 402
392 599
393 394
393 1178
393 418
393 938
393 434
393 952
393 460
393 1229
393 675
393 1108
393 725
393 548
393 989
393 1118
393 501
394 768
394 513
394 542
394 825
394 827
394 837
394 1095
394 1108
394 853
394 604
394 1118
394 900
394 397
394 1178
394 418
394 937
394 938
394 941
394 1223
394 458
394 1102
394 480
394 490
394 748
394 501
394 759
394 597
395 801
395 580
395 741
395 774
395 568
396 656
396 804
396 432
396 1046
396 440
396 1145
396 990
397 837
397 937
397 942
397 916
397 857
398 993
398 1059
398 759
398 623
398 695
398 598
399 945
399 915
399 534
400 903
400 1042
400 835
400 532
400 410
400 674
400 808
400 681
400 428
400 1074
400 1212
400 1225
400 459
400 930
400 525
400 986
400 1005
400 629
400 630
400 631
401 628
403 1196
403 658
403 782
403 495
403 626
403 884
403 1215
405 777
405 783
405 708
405 808
405 690
405 822
405 1208
405 1103
405 472
405 1002
405 755
406 481
406 997
406 467
407 1222
407 618
407 793
407 508
408 569
408 1006
408 776
410 930
410 1098
410 808
410 1181
410 919
410 735
410 639
411 642
411 1033
411 925
411 1063
411 1089
411 973
411 1101
411 1139
412 968
412 800
412 1059
412 435
412 702
412 978
412 695
412 598
412 483
412 1013
412 759
412 505
413 579
413 950
413 845
413 1016
413 906
413 949
414 763
415 1060
415 549
415 1185
415 892
415 790
415 887
416 1028
416 1160
416 808
416 812
416 1226
416 955
416 842
416 834
416 707
416 600
416 735
416 1138
416 629
416 887
416 892
418 1178
418 933
418 810
418 556
418 437
418 1087
418 1222
418 458
418 1229
418 725
418 731
418 1118
418 743
418 501
418 938
419 1165
419 664
419 510
421 1160
421 1035
421 1173
421 545
421 552
421 681
421 955
421 842
421 707
421 1226
421 985
421 1138
422 546
422 505
422 605
423 455
423 839
423 1133
423 1070
423 1008
423 451
423 858
424 1186
424 1123
424 966
424 1137
424 628
424 729
424 703
425 627
425 491
425 1092
425 485
425 647
425 621
425 1031
426 1180
426 810
426 431
426 434
426 437
426 951
426 458
426 1229
426 722
426 853
426 743
426 501
426 725
427 929
427 1025
427 1047
427 659
427 1177
428 864
428 922
429 1162
429 672
429 434
429 952
429 460
429 725
429 607
429 1003
429 500
429 759
429 505
430 440
430 1184
431 768
431 655
431 793
431 1178
431 672
431 1095
431 556
431 1086
431 1087
431 800
431 505
431 993
431 460
431 458
431 938
431 952
431 723
431 1108
431 725
431 1118
431 607
431 480
431 617
431 618
431 434
431 508
431 810
432 493
432 509
432 1010
432 1145
433 1030
433 1244
434 642
434 655
434 1178
434 800
434 936
434 435
434 722
434 723
434 1118
434 607
434 993
434 508
435 800
435 558
435 722
435 870
435 1132
435 1139
435 1020
436 1074
436 1105
436 1226
436 528
436 1075
436 526
436 1112
436 986
437 743
437 1229
437 853
437 951
438 577
438 839
438 1096
438 1068
438 1008
438 1216
439 1152
439 739
439 557
439 464
439 1085
440 562
440 1046
440 1049
440 622
441 807
441 978
441 537
443 1175
443 788
444 643
444 872
444 751
444 1128
444 1183
444 1022
444 991
445 1040
445 532
445 927
446 530
446 1143
446 700
448 896
448 1205
448 671
449 735
450 707
450 1028
450 553
450 1226
450 879
450 688
450 883
450 600
451 1155
451 1070
451 818
451 979
451 858
451 959
452 771
452 585
452 781
452 654
452 720
452 595
452 1080
453 614
454 994
454 1171
454 1133
454 816
454 979
454 858
454 476
455 1096
455 1068
457 648
457 988
458 743
458 1229
458 853
459 629
459 892
459 735
460 468
460 793
460 936
460 618
460 505
461 869
461 571
462 967
462 1124
462 637
463 960
463 898
463 785
463 1176
463 862
464 866
464 806
464 775
464 587
464 724
464 1085
465 772
466 1248
466 918
466 1176
466 762
466 862
467 997
467 487
468 546
468 617
468 952
468 605
469 1029
469 1192
469 656
469 562
469 1046
469 804
471 1041
471 733
472 1075
472 903
472 1159
472 687
472 1074
472 986
473 524
473 720
473 664
473 1080
473 632
473 574
475 546
475 725
475 505
475 605
476 1008
476 816
476 692
476 959
477 650
478 900
478 854
478 1102
478 731
478 1222
478 1194
478 748
478 1142
478 827
479 736
479 648
479 819
479 988
480 768
480 642
480 1003
480 759
481 670
482 1082
482 492
483 900
483 1222
483 597
483 598
483 492
483 1013
483 827
484 936
485 707
485 842
485 812
485 1138
485 1109
485 823
485 575
486 704
486 619
487 997
488 653
489 638
490 837
491 1056
491 1028
491 812
491 842
491 621
491 1109
491 823
491 600
491 1092
492 781
492 900
492 925
492 497
492 573
492 1222
492 731
492 1142
492 1148
494 1024
494 1190
494 1161
494 1100
496 562
497 748
497 542
497 1076
497 827
497 1223
497 1229
497 1102
497 604
497 732
499 885
500 738
500 1091
500 1188
500 591
500 977
501 961
501 548
501 951
501 853
501 745
502 518
502 595
505 642
505 655
505 810
505 952
505 825
505 722
505 723
505 607
505 1144
505 725
506 948
506 641
507 1041
507 733
508 952
509 1115
509 990
510 781
510 720
512 1088
512 910
512 660
512 991
513 900
513 1222
513 731
514 814
516 908
517 958
518 843
518 595
518 983
519 567
519 749
519 847
521 707
521 1028
521 613
521 747
521 1169
521 1129
521 770
521 689
521 1074
521 600
521 986
522 869
523 803
523 1244
523 1063
524 781
524 720
524 632
525 711
525 590
525 630
525 919
526 944
526 1075
526 1112
527 1104
528 1221
528 553
528 1084
528 879
529 832
529 1227
529 628
530 1143
530 1229
530 1107
530 1182
531 706
531 630
532 808
532 919
532 629
532 887
532 927
532 892
532 735
533 584
533 1069
533 1201
533 915
533 534
533 891
534 648
534 945
534 819
534 792
534 1149
536 584
536 1069
536 1043
536 891
537 807
537 623
537 691
537 1244
537 925
537 1063
538 682
539 1204
539 958
540 944
540 887
540 892
541 861
542 900
542 1142
543 1024
543 1161
543 1100
543 925
544 1158
544 1060
544 1051
545 808
545 1035
545 707
545 629
545 892
546 640
546 976
546 1144
546 605
547 558
548 675
548 938
548 1108
548 745
548 1178
548 1118
548 853
549 1185
549 629
549 790
549 892
550 1024
550 1190
550 1161
550 925
551 657
552 1028
552 808
552 892
552 707
552 629
552 600
553 879
553 1105
554 984
555 1216
555 577
555 966
555 744
555 982
555 703
556 933
556 723
556 725
556 618
557 1152
557 739
557 847
557 1085
558 800
558 636
561 902
561 756
561 1141
561 910
562 676
562 616
562 622
562 1192
562 1029
563 854
563 1223
563 1033
563 941
563 731
563 636
564 769
564 770
564 1169
564 1173
565 611
565 665
565 1018
565 895
566 902
566 910
566 751
566 1022
567 749
567 724
568 801
568 1099
568 580
568 741
569 576
569 646
569 1004
569 1195
569 844
569 776
569 624
569 696
569 852
570 1096
570 839
571 1000
571 880
571 1041
572 1117
574 869
575 627
575 1092
575 647
575 1226
575 621
575 1109
575 761
576 696
576 1195
576 844
577 1186
577 982
577 966
577 729
577 703
578 674
578 808
578 892
578 629
578 887
579 845
579 950
579 1016
580 801
580 678
580 721
580 774
580 741
581 1039
582 707
582 842
582 1197
582 1138
582 823
582 600
583 872
583 1232
583 1183
583 1022
583 645
584 648
584 1043
584 988
585 615
585 904
585 595
585 953
586 609
587 866
587 739
587 775
588 1091
588 1188
588 886
588 977
588 757
589 760
589 1210
590 706
590 711
590 1191
590 876
590 717
590 796
591 738
592 831
594 848
595 771
595 843
595 781
595 654
595 720
595 983
596 1137
596 628
597 1222
597 1013
598 993
598 1059
598 759
598 623
598 968
598 661
598 695
599 708
599 1199
599 808
599 629
599 638
600 913
600 1197
600 747
601 610
601 710
602 805
602 912
602 1044
602 1241
602 765
603 1169
604 900
604 1229
604 1142
604 827
604 700
606 777
606 755
607 642
607 661
607 933
607 1093
607 968
607 1101
607 722
607 738
607 1020
608 1176
608 677
608 1097
608 1235
608 1048
609 1234
610 680
610 710
611 1018
612 972
612 753
613 1028
613 1169
613 1075
613 1109
613 1129
613 986
615 904
615 1023
616 931
616 1106
617 933
617 1140
617 1203
617 851
617 725
617 634
617 923
618 1198
618 952
618 1087
618 933
619 638
620 1196
620 989
620 658
620 884
620 992
620 1083
620 1215
621 934
621 647
621 1031
622 676
622 1029
622 1192
622 656
622 1046
622 1049
622 804
623 941
623 661
623 695
623 827
624 995
624 1127
624 1019
625 1103
626 669
626 782
626 989
628 1216
628 644
628 811
628 943
628 832
628 966
628 712
628 1227
628 846
628 719
628 740
628 744
628 633
629 778
629 674
629 1040
629 687
629 863
629 709
629 711
629 716
629 1051
629 865
629 1126
629 808
629 631
629 764
630 1056
630 808
630 1191
630 876
630 717
630 919
630 735
631 1226
631 1042
631 919
631 735
632 781
632 1080
633 1216
633 1137
633 744
633 650
634 1240
634 797
635 966
635 943
635 1137
636 642
636 807
636 1101
636 691
636 925
636 1013
638 704
638 1075
638 1159
638 778
638 716
638 1074
638 687
638 786
638 1119
638 986
639 930
640 976
642 768
642 1033
642 1101
642 738
642 759
643 1128
643 1232
643 1183
644 1137
645 931
645 742
645 1232
645 1106
645 1022
646 776
646 1004
646 852
647 934
647 1031
648 736
648 1069
648 891
648 988
650 712
650 715
650 855
650 740
650 744
651 1225
651 890
651 919
651 735
652 1216
652 966
652 839
652 1096
652 703
654 1094
655 1020
655 1093
655 679
655 1180
655 722
655 921
655 856
655 969
655 956
655 893
655 1229
656 676
656 1145
656 1046
656 1049
656 804
656 990
657 962
657 1125
657 1026
657 1157
658 928
658 673
658 1083
658 782
658 992
659 1247
660 1219
660 872
660 1128
661 993
661 1222
661 968
662 1056
662 770
662 1061
662 1067
662 1238
663 914
663 819
663 988
663 1149
664 1165
664 1080
665 1174
665 895
666 1193
666 733
667 714
667 947
667 758
667 1209
669 1178
669 989
669 1118
671 896
671 1205
672 1003
672 759
673 992
673 1196
673 884
674 808
674 1226
674 763
675 938
675 1178
676 1192
677 1176
677 1021
677 798
678 774
678 721
679 1095
679 1164
680 1010
681 892
681 919
681 1035
681 707
681 887
681 735
683 962
684 1110
685 826
686 1246
687 708
687 822
687 887
687 1112
687 778
688 883
689 1075
689 714
689 888
689 947
689 1173
689 1209
690 935
690 840
690 777
690 1199
690 1206
690 1208
691 1089
691 1063
691 1244
691 1228
692 994
692 794
693 971
693 946
693 874
694 753
695 993
695 1223
695 748
695 1194
695 854
695 1013
695 759
695 1102
696 995
696 1019
697 737
697 1172
698 733
699 971
699 1147
700 1107
700 1143
701 1164
701 956
702 978
702 1013
702 925
703 966
703 744
705 1236
706 876
706 717
706 796
707 1197
707 1084
707 1221
707 747
707 764
708 1075
708 903
708 778
708 1074
708 835
708 986
709 808
709 892
711 1237
711 808
711 887
712 1137
713 1069
713 1200
713 819
713 1213
714 770
714 1209
715 1137
716 783
716 944
716 822
716 1002
717 796
718 744
718 966
722 936
722 1013
722 1020
723 1180
723 933
723 1132
723 1011
723 1087
723 1086
723 725
724 847
725 1108
725 1144
725 793
725 1118
727 777
727 1103
727 1199
728 1249
728 1235
728 849
728 862
729 982
731 1162
731 784
731 1178
731 800
731 936
731 1194
731 1118
731 1082
731 1222
731 1223
731 968
731 1102
731 1108
731 1111
731 877
731 1013
731 759
732 900
732 1142
733 894
734 1156
734 772
734 889
735 808
735 1212
735 1035
735 980
735 986
735 859
735 865
735 878
735 763
737 884
739 866
739 749
740 832
740 1227
741 801
744 1216
744 966
744 1137
746 1055
747 1109
747 758
747 823
747 986
748 827
748 1142
748 1223
751 1219
751 1128
751 1022
752 1233
753 1034
753 953
754 1131
755 1206
757 1113
758 1169
758 947
758 888
759 1003
759 1222
760 1210
761 1092
762 1248
762 1235
763 1054
763 859
764 1173
764 1035
764 808
764 887
764 985
764 823
764 955
764 892
764 1109
765 805
767 1088
767 1078
767 991
769 770
769 1173
770 903
770 813
770 1074
770 1075
770 1209
770 965
770 986
770 1129
771 1094
772 1156
772 996
772 889
773 789
774 1099
775 866
776 1004
776 1006
776 852
777 935
777 1224
777 1074
777 1199
777 986
777 1206
778 1159
778 892
778 1002
778 944
778 822
778 887
778 783
779 1025
780 1052
781 1165
781 1080
782 1215
783 1075
783 903
783 835
783 986
784 1222
784 936
784 1111
785 960
785 898
786 1074
786 822
786 986
786 1119
787 1025
787 998
787 929
787 1047
787 1177
788 887
788 892
789 1179
789 999
790 1154
790 1060
791 1064
791 1065
792 1057
792 1201
792 819
793 952
794 1008
794 959
795 819
797 1240
797 1146
798 1097
798 1048
798 1176
800 1162
800 1222
800 973
800 870
800 1132
800 1011
800 1013
803 1089
803 1030
803 1063
803 1244
804 1029
804 1049
805 912
805 1044
806 847
808 1042
808 1051
808 1158
808 1040
808 809
808 1074
808 863
808 841
808 887
808 930
808 1237
808 955
808 892
808 1211
808 865
810 961
810 951
810 1071
812 1221
812 842
812 1035
812 913
812 1084
813 965
813 830
814 1120
814 882
814 1117
815 1057
816 858
817 970
818 1070
818 1008
818 1017
818 959
819 1057
819 1200
819 1043
819 988
819 1213
820 1187
821 1168
822 903
822 1159
822 835
822 1119
823 1173
823 1226
823 1197
823 913
823 1109
825 921
825 856
825 827
827 900
827 936
827 1082
827 1095
827 1229
827 1102
827 853
827 1142
829 1231
829 1081
829 1052
831 984
833 1226
833 1039
834 1160
834 892
834 1035
835 887
835 892
835 1002
836 900
837 937
837 916
839 1008
839 1133
840 1208
841 892
841 1009
841 963
841 887
841 1211
841 957
842 1226
842 1197
842 1084
843 1094
845 1072
847 1137
847 1015
849 1248
849 1249
849 1235
849 862
852 1004
853 1229
854 900
854 1222
854 1223
854 1102
855 1137
856 921
857 942
858 1068
858 1133
858 1171
858 959
861 1163
862 960
864 892
864 922
865 887
865 892
866 1152
866 1085
867 941
867 1135
869 975
869 880
869 1000
870 993
870 1222
872 902
872 1128
872 910
872 1022
873 1125
874 1217
874 1062
875 1045
877 1082
877 1148
878 919
878 1212
880 1000
881 1057
881 914
882 1117
884 928
884 1083
884 1172
886 1091
887 1154
887 903
887 1160
887 963
887 922
887 1060
887 1158
887 1159
887 1211
887 1237
887 985
887 1136
888 1169
888 1075
888 1209
891 1200
891 1043
891 1213
892 1154
892 903
892 1160
892 922
892 1060
892 1159
892 957
892 985
892 1136
895 1174
895 926
896 902
897 1184
898 960
900 936
900 1194
900 1223
900 951
900 1229
900 1102
901 905
902 1219
902 910
902 1205
903 1169
903 1075
903 1002
907 941
907 1135
907 1114
908 1077
912 1241
912 1044
913 1028
913 1138
913 1109
913 1092
914 1057
915 945
915 988
916 937
916 1168
918 1036
918 1176
919 1154
919 1042
919 1074
919 1212
919 1225
919 980
919 986
919 1005
921 1095
922 1136
923 987
923 1079
924 1179
925 1059
925 941
925 973
925 1101
925 978
925 1190
925 1139
926 971
926 1147
928 1196
928 1083
929 1177
929 998
930 1122
930 1181
931 1088
931 1106
931 991
933 1198
933 1086
936 1180
936 1198
936 1086
936 1087
936 1093
936 1222
936 1142
936 1020
938 1095
938 1108
938 989
940 1017
940 1155
941 1114
941 1135
943 966
944 1105
944 1074
944 986
944 1226
946 1110
947 1169
947 1074
947 1173
947 1209
947 986
950 1016
953 1023
954 1027
956 1058
956 969
957 1009
957 1211
958 1204
959 1155
959 1070
959 979
961 1071
962 1157
963 1226
964 1124
967 1116
968 1222
971 1147
971 1052
973 1101
974 1169
974 1214
978 1013
979 1008
979 994
979 1070
979 1171
981 1243
982 1186
986 1199
986 1119
986 1226
986 1129
986 1002
987 1240
987 1079
988 1201
988 1045
989 1108
989 1178
989 1118
990 1044
990 1046
990 1115
991 1088
991 1128
991 1106
991 1027
992 1196
992 1083
993 1132
993 1011
993 1082
993 1013
994 1008
994 1171
994 1070
995 1127
998 1177
999 1012
1001 1170
1002 1075
1002 1074
1008 1155
1008 1096
1008 1068
1009 1211
1011 1222
1013 1033
1013 1180
1013 1222
1013 1020
1014 1090
1014 1121
1017 1155
1019 1127
1019 1195
1020 1180
1022 1219
1022 1220
1024 1190
1024 1161
1024 1100
1025 1177
1027 1078
1028 1226
1028 1221
1028 1197
1028 1084
1029 1192
1030 1153
1030 1063
1030 1244
1033 1101
1035 1160
1035 1173
1035 1226
1037 1230
1043 1069
1044 1241
1046 1192
1046 1145
1047 1121
1047 1090
1047 1177
1051 1185
1051 1158
1051 1166
1052 1217
1052 1062
1052 1231
1052 1137
1052 1081
1053 1092
1053 1226
1056 1238
1059 1162
1060 1154
1061 1238
1063 1153
1063 1228
1063 1101
1063 1244
1064 1065
1068 1133
1069 1200
1069 1213
1073 1090
1073 1247
1074 1169
1074 1226
1074 1119
1074 1129
1075 1169
1075 1112
1075 1129
1076 1142
1081 1231
1082 1222
1083 1196
1083 1215
1084 1221
1084 1105
1084 1138
1084 1173
1085 1152
1089 1228
1089 1101
1090 1247
1092 1238
1095 1108
1095 1178
1095 1118
1100 1190
1100 1161
1101 1162
1102 1223
1102 1194
1102 1142
1103 1224
1105 1221
1105 1112
1107 1143
1108 1229
1108 1178
1109 1197
1112 1159
1115 1145
1117 1120
1118 1222
1128 1239
1129 1173
1130 1232
1132 1222
1137 1216
1142 1223
1143 1182
1158 1185
1158 1226
1161 1190
1169 1209
1169 1214
1172 1196
1173 1221
1178 1222
1178 1229
1183 1232
1191 1237
1194 1222
1194 1223
1199 1208
1200 1213
1206 1208
1211 1226
1219 1232
1222 1223
1228 1244
1243 1245
