0 640
0 770
0 259
0 11
0 781
0 14
0 15
0 19
0 23
0 31
0 34
0 555
0 816
0 562
0 308
0 53
0 329
0 1104
0 84
0 342
0 89
0 1114
0 349
0 871
0 1018
0 886
0 376
0 618
0 897
0 1160
0 145
0 660
0 917
0 926
0 425
0 428
0 941
0 432
0 177
0 947
0 692
0 695
0 187
0 703
0 192
0 195
0 546
0 212
0 740
0 726
0 506
0 1019
0 228
0 237
0 250
0 251
0 508
1 864
1 321
1 6
1 294
1 753
1 616
1 744
1 1107
1 1048
1 734
1 945
2 261
2 484
2 1068
2 621
2 821
2 567
2 632
2 891
2 188
3 838
3 200
3 10
3 919
3 90
3 924
3 286
3 1190
3 801
3 997
3 614
3 232
3 558
3 584
3 754
4 651
4 1197
4 280
4 1173
4 278
4 536
4 557
4 688
4 436
4 314
4 320
4 198
4 715
4 205
4 720
4 593
4 852
4 1210
4 868
4 360
4 240
4 1010
4 254
5 935
6 758
6 65
6 616
6 74
6 439
6 162
6 1167
6 546
6 1044
6 1109
6 1239
6 689
6 753
6 734
6 241
6 424
6 429
6 113
6 595
6 438
6 375
6 699
6 573
7 516
7 133
7 11
7 1166
7 878
7 1043
7 789
7 1113
7 151
7 793
7 26
7 923
7 1178
7 517
7 420
7 549
7 297
7 1196
7 1003
7 1246
7 305
7 50
7 179
7 606
7 825
7 575
7 978
7 69
7 582
7 327
7 76
7 975
7 464
7 341
7 726
7 857
7 987
7 222
7 613
7 488
7 361
7 1241
7 747
7 876
7 625
7 630
7 504
7 633
7 767
7 510
7 597
8 1036
8 14
8 786
8 1043
8 533
8 22
8 29
8 550
8 1063
8 305
8 50
8 831
8 64
8 579
8 330
8 1102
8 597
8 228
8 605
8 95
8 871
8 1127
8 111
8 886
8 1144
8 1163
8 151
8 1179
8 179
8 701
8 703
8 192
8 713
8 203
8 206
8 977
8 722
8 468
8 224
8 740
8 494
8 1007
9 77
9 953
9 55
9 473
10 449
10 838
10 331
10 269
10 653
10 912
10 276
10 1243
10 605
10 101
10 423
10 875
10 558
10 754
10 757
10 311
10 760
10 250
10 1211
10 701
10 1023
11 516
11 84
11 734
11 941
11 1144
11 573
12 769
12 98
12 485
12 466
12 306
12 78
12 346
12 61
12 1247
13 1028
13 133
13 779
13 143
13 662
13 1220
13 410
13 284
13 927
13 804
13 1189
13 934
13 807
13 936
13 1072
13 693
13 55
13 184
13 316
13 445
13 995
13 578
13 67
13 1092
13 839
13 202
13 77
13 722
13 979
13 340
13 217
13 474
13 220
13 227
13 1084
13 620
13 1188
13 1163
13 118
13 121
13 639
13 381
13 255
14 770
14 773
14 267
14 21
14 281
14 546
14 36
14 42
14 496
14 58
14 572
14 81
14 595
14 598
14 91
14 604
14 96
14 1124
14 871
14 886
14 383
14 130
14 644
14 1160
14 398
14 1169
14 669
14 928
14 1008
14 682
14 432
14 947
14 181
14 246
14 1229
14 210
14 226
14 996
14 229
14 743
14 1001
14 752
14 758
14 1015
14 506
15 179
15 589
15 590
15 917
15 342
15 23
15 1114
15 915
15 349
15 1221
15 803
15 228
15 109
15 726
15 376
15 825
15 186
16 452
16 966
16 777
16 976
16 786
16 217
16 479
16 1121
16 1204
16 1079
16 441
16 1084
17 419
17 1041
17 662
17 552
17 40
17 1033
17 407
17 1031
17 497
17 284
17 393
17 657
17 410
17 28
18 660
18 952
18 967
18 1229
18 851
18 212
18 609
18 496
18 113
18 628
18 383
19 387
19 1110
19 141
19 899
19 276
19 790
19 47
19 287
19 803
19 1188
19 1094
19 1135
19 942
19 561
19 947
19 308
19 697
19 186
19 60
19 1213
19 449
19 708
19 100
19 1059
19 585
19 331
19 206
19 467
19 86
19 738
19 227
19 612
19 101
19 231
19 956
19 750
19 239
19 754
19 1140
19 757
19 760
19 1021
20 905
20 653
20 658
20 30
20 161
20 165
20 550
20 297
20 1233
20 685
20 47
20 561
20 949
20 381
20 568
20 441
20 701
20 837
20 141
20 977
20 468
20 342
20 97
20 231
20 235
20 494
20 111
20 112
20 893
21 1089
21 135
21 335
21 209
21 82
21 660
21 1238
21 279
21 31
21 356
21 678
21 679
21 107
21 364
21 495
21 624
21 329
21 312
21 628
22 1155
22 267
22 1043
22 42
22 44
22 177
22 562
22 702
22 703
22 192
22 1224
22 1232
22 851
22 91
22 96
22 609
22 740
22 229
22 1013
22 886
23 846
23 86
23 1114
23 947
23 893
24 1090
24 842
24 301
24 909
24 1137
24 1240
24 1002
25 215
26 653
26 273
26 600
26 345
26 602
26 547
26 529
26 488
26 369
26 1011
26 1144
26 575
27 1029
27 326
27 989
27 773
27 678
27 108
27 183
27 761
27 58
28 1026
28 269
28 601
28 282
28 549
28 1062
28 299
28 308
28 311
28 323
28 331
28 594
28 600
28 857
28 99
28 273
28 625
28 132
28 646
28 662
28 407
28 155
28 925
28 927
28 431
28 697
28 1228
28 978
28 1243
28 489
28 249
28 250
28 1021
29 683
29 327
29 905
29 167
29 1117
29 561
29 659
29 206
29 807
29 1113
29 125
30 129
30 708
30 701
30 589
30 975
30 1213
30 658
30 915
30 341
30 790
30 348
30 1183
30 803
30 228
30 876
30 494
30 687
30 500
30 949
30 468
30 381
31 131
31 136
31 526
31 656
31 914
31 159
31 42
31 302
31 947
31 569
31 223
31 609
31 104
31 1004
31 1138
31 628
31 1013
31 430
31 764
31 1022
31 1045
32 401
32 499
33 269
33 311
34 416
34 841
34 947
34 692
34 696
34 788
34 1019
35 194
35 1155
35 1097
35 267
35 204
35 656
35 465
35 83
35 212
35 398
35 1047
35 928
35 229
35 871
35 42
35 107
35 364
35 752
35 851
35 1013
35 886
35 660
35 293
35 1150
35 703
36 1172
36 806
36 263
36 967
36 1037
36 660
36 180
36 503
36 185
36 187
36 126
37 576
37 992
37 329
37 400
37 209
37 1109
37 89
37 506
37 162
37 1169
37 104
37 1001
37 952
37 521
37 248
37 682
38 530
38 269
38 286
39 1004
39 711
39 617
39 44
39 365
39 49
39 1138
39 152
39 447
39 350
40 407
40 657
40 873
40 202
40 1101
40 368
40 119
40 441
40 410
41 335
41 113
42 773
42 391
42 1167
42 660
42 543
42 672
42 674
42 1191
42 426
42 556
42 692
42 58
42 187
42 828
42 1086
42 967
42 970
42 162
42 696
42 82
42 869
42 849
42 495
42 496
42 373
42 758
42 375
43 635
43 1235
43 588
43 940
43 492
43 336
43 338
43 1123
43 1108
43 1054
43 982
43 745
43 603
43 1207
43 958
44 128
44 130
44 1156
44 642
44 1005
44 1169
44 1027
44 660
44 533
44 152
44 409
44 981
44 559
44 412
44 926
44 674
44 1051
44 164
44 553
44 554
44 428
44 562
44 46
44 477
44 816
44 177
44 434
44 695
44 245
44 967
44 328
44 329
44 1229
44 462
44 719
44 1104
44 526
44 89
44 91
44 221
44 95
44 96
44 740
44 1130
44 402
44 367
44 1018
44 117
44 1015
44 506
44 831
44 682
44 946
45 128
45 914
45 660
45 967
45 398
45 732
45 611
45 996
45 364
45 1150
46 576
46 992
47 129
47 132
47 55
47 589
47 142
47 658
47 953
47 216
47 859
47 540
47 481
47 741
47 359
47 687
47 915
47 949
47 119
47 120
47 397
47 381
48 916
49 770
49 259
49 1138
49 398
49 1048
49 402
49 152
49 416
49 163
49 294
49 296
49 429
49 946
49 1097
49 841
49 569
49 699
49 444
49 703
49 928
49 195
49 70
49 329
49 462
49 213
49 214
49 1112
49 732
49 350
49 223
49 226
49 955
49 616
49 880
49 114
49 117
49 886
49 1149
50 579
50 837
50 1094
50 124
50 597
50 215
50 1242
50 1057
50 97
50 1063
50 161
50 1068
50 621
50 878
50 305
50 821
50 822
50 567
50 632
50 188
51 197
51 977
51 917
51 342
51 1114
51 1233
51 112
51 371
51 1142
51 701
51 501
52 311
52 1243
52 269
52 119
53 1155
53 356
53 871
53 335
53 113
53 914
53 788
53 1045
53 886
53 1019
53 229
54 323
54 331
54 911
54 1233
54 340
54 341
54 1110
54 793
54 975
54 220
54 97
54 427
54 876
54 494
54 111
54 112
54 120
54 446
55 1220
55 500
55 441
55 410
55 922
56 672
56 806
56 1191
56 212
56 414
57 207
57 147
57 252
57 93
58 652
58 159
58 424
58 1196
58 430
58 176
58 438
58 187
58 700
58 703
58 194
58 967
58 456
58 210
58 851
58 1109
58 91
58 989
58 740
58 871
58 850
58 1134
58 886
58 764
58 1022
59 1184
59 923
59 964
59 73
59 686
59 1105
59 566
59 761
59 763
59 1181
59 862
60 332
60 239
60 658
60 949
60 381
61 769
61 835
61 748
61 466
62 162
62 972
62 851
63 514
64 385
64 898
64 330
64 459
64 309
64 151
64 725
65 70
65 841
65 1231
65 416
65 616
65 171
65 429
65 366
65 952
65 955
66 768
66 1202
66 1194
66 408
66 105
66 522
66 829
67 129
67 540
67 236
67 589
67 881
67 1129
67 441
67 687
67 348
67 574
69 899
69 266
69 395
69 1100
69 667
69 1242
69 837
69 165
69 550
69 1116
69 174
69 183
69 568
69 186
69 315
69 701
69 962
69 196
69 453
69 585
69 716
69 206
69 1208
69 468
69 228
69 90
69 988
69 97
69 100
69 957
69 887
69 1144
69 761
69 1221
70 1027
70 831
70 718
70 274
70 1155
70 1044
70 740
70 534
70 409
70 412
70 477
70 350
70 164
70 229
70 1192
70 617
70 171
70 1004
70 365
70 559
70 245
70 438
70 95
70 700
70 703
71 704
71 840
71 492
71 336
71 603
72 228
72 487
72 1183
72 977
72 349
72 951
72 623
72 285
72 895
73 129
73 524
73 273
73 413
73 798
73 892
73 941
73 174
73 687
73 179
73 566
73 825
73 1212
73 574
73 192
73 965
73 843
73 206
73 82
73 600
73 348
73 862
73 735
73 99
73 231
73 488
73 105
73 236
73 830
73 763
73 541
74 864
74 1139
74 1223
74 139
74 339
74 182
75 1069
75 216
76 253
76 1094
76 105
76 843
76 110
76 179
76 830
76 1144
76 825
76 827
76 541
77 1220
77 1201
77 500
77 950
77 441
77 922
78 388
78 454
78 139
78 270
78 334
78 281
78 604
78 955
78 294
78 1139
78 306
78 1107
78 182
78 248
78 251
78 213
79 1155
79 388
79 229
79 902
79 871
79 334
79 886
79 1017
79 792
79 703
79 604
80 1042
80 838
80 265
80 269
80 146
80 311
80 959
81 1196
81 660
81 161
81 556
81 943
81 572
81 837
81 1094
81 210
81 851
81 97
81 235
81 1013
81 609
81 1144
82 136
82 267
82 914
82 183
82 703
82 964
82 335
82 850
82 851
82 740
82 91
82 862
82 609
82 611
82 356
82 229
82 743
82 113
82 628
82 761
83 781
83 145
83 402
83 1027
83 532
83 534
83 411
83 432
83 438
83 696
83 831
83 546
83 1231
83 595
83 350
83 223
83 752
83 1138
83 1044
84 192
84 459
84 516
84 179
84 825
85 1188
85 583
85 140
85 944
85 658
85 1043
85 309
85 118
85 949
85 255
86 129
86 1161
86 909
86 144
86 803
86 165
86 550
86 551
86 937
86 687
86 179
86 825
86 826
86 1211
86 701
86 830
86 192
86 201
86 1103
86 1233
86 211
86 340
86 216
86 345
86 349
86 222
86 912
86 228
86 1002
86 109
86 112
86 501
86 119
86 893
86 1151
87 480
87 1217
87 450
87 865
87 780
87 730
88 192
88 452
88 395
88 206
88 154
88 1188
88 684
88 498
88 118
88 824
88 825
89 644
89 104
89 554
89 660
89 1109
90 912
90 535
90 838
90 808
90 446
90 707
90 582
90 1225
90 460
90 1110
90 345
90 349
90 614
90 381
91 645
91 402
91 660
91 1048
91 539
91 773
91 928
91 674
91 682
91 429
91 432
91 270
91 398
91 952
91 187
91 914
91 181
91 324
91 974
91 1231
91 214
91 96
91 955
91 356
91 743
91 210
91 366
91 752
91 115
91 372
91 383
92 448
92 492
92 906
92 940
92 338
92 1235
92 1108
92 745
92 635
93 390
93 621
93 147
93 537
93 1050
93 1057
93 418
93 933
93 1063
93 305
93 451
93 581
93 455
93 1098
93 930
93 207
93 472
93 219
93 102
93 237
93 110
93 371
93 1016
93 252
94 264
94 493
94 819
95 1027
95 164
95 433
95 1097
95 559
95 424
95 700
95 831
96 642
96 770
96 145
96 532
96 533
96 1048
96 411
96 674
96 781
96 677
96 294
96 177
96 398
96 187
96 195
96 967
96 719
96 213
96 214
96 226
96 740
96 752
96 245
96 374
96 248
96 660
96 853
97 129
97 390
97 1164
97 658
97 837
97 1057
97 420
97 309
97 579
97 1094
97 161
97 1116
97 222
97 351
97 1122
97 1003
97 876
97 630
97 110
97 1136
97 246
97 633
97 381
98 103
98 334
98 1247
99 385
99 964
99 1227
99 108
99 686
99 953
99 761
99 862
100 269
100 510
100 311
100 186
100 1243
101 1160
101 535
101 1045
101 423
101 947
101 186
101 446
101 192
101 449
101 331
101 590
101 467
101 340
101 1110
101 859
101 354
101 359
101 361
101 915
101 757
101 376
101 250
101 1019
101 1023
102 641
102 712
102 371
102 472
102 537
102 1082
102 1118
103 388
103 485
103 1247
104 644
104 773
104 391
104 521
104 1169
104 1047
104 543
104 679
104 554
104 430
104 569
104 159
104 671
104 461
104 973
104 465
104 728
104 762
104 209
104 1001
104 238
104 1008
104 114
104 1015
104 506
105 768
105 524
105 282
105 1062
105 349
105 818
105 1076
105 309
105 829
105 830
105 601
105 605
105 613
105 108
105 1136
105 1142
105 633
105 892
105 140
105 1165
105 112
105 1186
105 420
105 686
105 431
105 944
105 183
105 697
105 1212
105 701
105 451
105 964
105 1227
105 1233
105 468
105 377
105 987
105 1246
105 550
105 1003
105 630
105 253
105 1021
106 480
106 450
107 513
107 770
107 136
107 268
107 1154
107 914
107 666
107 928
107 296
107 1075
107 444
107 1088
107 195
107 204
107 335
107 866
107 611
107 356
107 743
107 364
107 752
107 168
107 628
107 1150
108 898
108 944
108 713
108 459
108 397
108 1165
108 725
108 1046
108 155
108 989
108 927
108 741
108 1127
108 1170
108 243
108 1215
108 511
109 854
109 937
109 1228
109 848
109 308
109 601
109 826
109 1158
109 1114
110 515
110 527
110 147
110 544
110 161
110 420
110 561
110 1068
110 686
110 179
110 948
110 821
110 1078
110 183
110 825
110 827
110 317
110 192
110 1227
110 761
110 592
110 1144
110 215
110 1242
110 1116
110 990
110 351
110 1122
110 613
110 1063
110 630
110 632
110 633
110 124
110 125
110 511
111 129
111 179
111 524
111 653
111 277
111 157
111 422
111 551
111 685
111 687
111 825
111 843
111 846
111 977
111 1106
111 340
111 1114
111 220
111 349
111 354
111 276
111 892
111 876
111 541
111 253
111 638
111 1151
112 658
112 793
112 687
112 342
112 165
112 422
112 423
112 1065
112 427
112 541
112 949
112 1212
112 830
112 192
112 582
112 843
112 975
112 1233
112 222
112 228
112 614
112 487
112 747
112 638
112 504
112 892
113 1155
113 773
113 135
113 781
113 400
113 145
113 279
113 542
113 1029
113 411
113 293
113 903
113 434
113 312
113 187
113 703
113 1089
113 952
113 214
113 858
113 989
113 1125
113 699
113 740
113 229
113 616
113 364
113 850
113 366
113 496
113 755
113 116
113 886
113 248
113 1150
114 711
114 521
114 461
114 1109
114 350
114 223
114 679
114 624
114 628
114 762
114 379
115 523
115 740
115 870
115 392
115 139
115 717
115 974
116 866
116 743
116 267
116 335
116 180
116 598
116 495
117 163
117 967
117 946
117 402
117 660
117 152
117 187
117 668
117 350
118 1059
118 452
118 297
118 307
118 498
118 255
118 565
119 896
119 1026
119 772
119 262
119 266
119 269
119 144
119 785
119 787
119 662
119 667
119 410
119 1055
119 1219
119 547
119 1137
119 1072
119 693
119 1183
119 316
119 842
119 575
119 1221
119 963
119 196
119 453
119 202
119 594
119 803
119 855
119 216
119 857
119 741
119 488
119 746
119 1234
119 369
119 413
119 1240
119 1002
120 738
120 612
120 361
120 876
120 589
120 915
120 500
120 1213
121 323
121 425
121 331
121 431
121 848
121 340
121 1076
121 250
121 860
121 1183
122 583
122 267
122 174
122 989
122 650
122 622
122 309
123 799
123 956
123 750
124 390
124 904
124 403
124 404
124 544
124 305
124 822
124 1209
124 317
124 1078
124 1098
124 597
124 733
124 990
124 351
124 484
124 237
124 511
125 129
125 905
125 1227
125 1102
125 141
125 206
125 271
125 659
125 686
125 589
125 683
125 687
125 561
125 183
125 184
125 761
126 806
126 503
127 482
127 1198
128 513
128 130
128 778
128 159
128 1066
128 430
128 1200
128 310
128 194
128 208
128 850
128 212
128 910
128 598
128 996
128 495
128 764
128 1022
129 854
129 1158
129 141
129 1071
129 1183
129 161
129 803
129 550
129 425
129 685
129 686
129 183
129 701
129 446
129 1221
129 964
129 837
129 1094
129 848
129 977
129 1242
129 1116
129 349
129 1062
129 359
129 884
129 757
129 937
129 761
129 250
130 131
130 682
130 302
130 187
130 967
130 208
130 465
130 740
130 365
130 1008
130 505
130 1147
131 430
131 569
131 159
132 419
132 211
133 995
133 837
133 297
133 1079
133 620
133 686
133 143
133 1227
133 183
133 1144
133 217
133 154
133 1084
133 381
134 961
134 180
134 918
134 440
134 969
134 991
135 1088
135 513
135 279
135 268
135 755
135 732
135 542
135 226
135 356
135 1125
135 743
135 495
135 1075
135 628
136 513
136 432
136 952
136 628
136 335
136 209
136 212
136 598
136 740
136 1231
136 356
136 366
136 495
136 496
136 372
137 691
137 730
137 191
138 417
138 215
138 1170
138 1046
138 183
138 761
138 733
139 1024
139 258
139 392
139 394
139 523
139 270
139 783
139 290
139 439
139 1222
139 823
139 980
139 974
139 1239
139 856
139 485
139 1134
139 882
139 885
139 759
139 380
139 382
140 706
140 1238
140 326
140 519
140 1100
140 650
140 716
140 141
140 721
140 774
140 787
140 772
140 151
140 516
140 927
140 678
140 486
140 231
140 235
140 1205
140 1143
140 312
140 315
141 706
141 650
141 459
141 210
141 486
141 231
141 658
141 686
141 381
141 761
142 701
142 738
142 707
142 359
142 494
142 468
142 757
142 500
142 708
142 605
143 297
144 419
144 551
144 811
144 909
144 1103
144 1002
144 211
144 1240
144 349
144 1151
145 259
145 325
145 328
145 1109
145 411
145 350
145 993
145 771
145 251
146 1060
146 200
146 599
146 311
146 218
146 1243
147 261
147 455
147 592
147 215
147 472
147 1050
147 219
147 931
147 292
147 564
147 1077
147 247
147 634
147 891
148 872
148 1214
149 160
149 960
149 577
149 1193
149 491
149 629
149 442
149 191
150 833
151 385
151 898
151 518
151 905
151 395
151 1043
151 167
151 683
151 684
151 174
151 179
151 824
151 583
151 330
151 459
151 206
151 725
151 1117
151 231
151 235
151 1144
152 260
152 880
152 946
152 1112
152 526
152 187
152 668
152 1149
153 1024
153 1155
153 229
153 172
153 1053
153 850
153 189
153 190
153 703
154 452
154 1163
154 722
154 1012
154 479
155 809
155 1227
155 741
155 299
155 1165
155 944
155 309
155 406
155 183
155 761
157 418
157 451
157 1158
157 987
157 201
157 846
157 1142
157 633
157 826
157 893
158 168
158 495
158 628
159 770
159 389
159 391
159 1154
159 1047
159 666
159 926
159 569
159 444
159 195
159 329
159 461
159 998
159 1008
159 242
159 374
160 705
160 865
160 1193
160 337
160 730
160 570
161 516
161 658
161 1046
161 1094
161 990
161 297
161 556
161 687
161 949
161 572
161 582
161 597
161 222
161 351
161 1122
161 231
161 235
161 246
161 510
162 384
162 259
162 775
162 267
162 400
162 771
162 532
162 665
162 689
162 1141
162 325
162 454
162 328
162 972
162 847
162 851
162 347
162 609
162 1013
162 248
162 251
162 765
163 642
163 428
163 1218
163 462
163 1232
163 850
163 526
163 416
163 229
163 177
163 871
163 886
163 841
163 187
163 1149
163 703
164 553
164 719
164 853
164 245
164 534
164 409
164 412
164 477
164 350
165 875
165 653
165 912
165 276
165 601
165 667
165 453
165 547
165 550
165 685
165 558
165 568
165 697
165 965
165 315
165 701
165 1219
165 1100
165 1021
165 716
165 846
165 977
165 468
165 345
165 602
165 349
165 222
165 1211
165 228
165 997
165 1233
165 488
165 747
165 494
165 893
165 369
165 1011
165 381
167 271
167 561
167 192
167 206
167 1102
167 231
167 498
168 513
168 195
168 268
168 542
168 666
168 414
168 1125
168 672
168 866
168 869
168 871
168 752
168 755
168 886
168 187
168 828
168 703
169 974
169 394
169 523
169 717
169 339
169 334
169 856
169 1053
169 288
169 490
169 172
169 241
169 1139
169 380
169 189
170 288
170 490
170 1035
170 717
170 655
171 1155
171 229
171 871
171 424
171 365
171 559
171 850
171 344
171 825
171 379
171 700
172 1024
172 270
172 655
172 921
172 539
172 1053
172 190
172 717
172 783
172 483
172 870
172 1132
173 994
173 1060
173 627
174 779
174 452
174 459
174 1043
174 1117
174 222
174 747
174 686
174 498
174 862
174 1227
174 777
174 184
174 1205
175 420
175 685
175 630
175 537
176 516
176 773
176 456
176 306
176 985
177 1160
177 267
177 462
177 402
177 788
177 526
177 1179
177 1045
177 947
177 1070
177 946
177 179
177 695
177 1149
177 533
179 1028
179 854
179 428
179 779
179 1043
179 533
179 803
179 550
179 324
179 562
179 349
179 818
179 308
179 824
179 1076
179 826
179 1110
179 323
179 1092
179 331
179 846
179 342
179 860
179 1117
179 862
179 1136
179 1158
179 1163
179 964
179 1183
179 421
179 425
179 684
179 184
179 701
179 446
179 501
179 1218
179 452
179 201
179 1228
179 206
179 722
179 468
179 981
179 677
179 224
179 228
179 1062
179 1003
179 498
179 1012
179 757
179 250
180 961
180 263
180 970
180 440
180 1172
181 1155
181 660
181 1053
181 182
181 187
181 189
181 703
181 967
181 717
181 856
181 740
181 870
181 871
181 1139
182 783
182 485
182 870
182 1020
182 1239
182 189
182 241
182 270
182 759
182 539
182 380
183 273
183 622
183 1046
183 1178
183 1052
183 927
183 678
183 687
183 989
183 1029
183 192
183 1089
183 395
183 923
183 206
183 348
183 733
183 610
183 235
184 327
184 683
184 807
184 779
184 905
184 1102
184 206
184 1144
184 825
184 271
185 440
186 582
186 308
186 446
186 342
186 510
186 349
186 222
187 1155
187 773
187 267
187 1043
187 660
187 668
187 926
187 946
187 434
187 703
187 1013
187 1229
187 462
187 1149
187 850
187 526
187 604
187 740
187 229
187 871
187 495
187 1008
187 682
188 1098
188 463
188 1080
188 472
188 1057
188 1068
188 690
188 878
188 305
188 821
188 567
188 632
188 954
188 766
189 1139
189 1157
189 1223
189 823
189 717
189 980
189 539
189 885
190 290
190 483
190 270
190 783
190 343
190 539
190 1053
191 960
191 1000
191 780
191 691
192 342
192 779
192 1036
192 788
192 494
192 201
192 1051
192 1045
192 1114
192 674
192 803
192 1179
192 713
192 446
192 323
192 452
192 1221
192 330
192 206
192 1233
192 725
192 331
192 731
192 1117
192 862
192 677
192 224
192 231
192 498
192 243
192 761
192 250
192 981
193 1039
194 773
194 525
194 926
194 928
194 302
194 1075
194 569
194 1088
194 973
194 1008
195 461
195 212
195 666
195 350
195 293
195 998
195 365
195 886
195 660
195 444
195 703
195 447
196 1211
196 774
196 519
196 1100
196 583
196 1143
196 912
196 345
196 667
197 451
197 1195
197 1142
197 508
197 253
198 557
198 1197
198 436
198 637
199 219
199 455
199 1050
199 215
199 812
199 207
200 838
200 810
200 269
200 817
200 1042
200 820
200 1174
200 286
201 915
201 415
201 605
201 1074
201 1183
201 590
201 977
201 349
201 228
201 253
201 508
201 638
202 322
202 804
202 742
202 1072
202 211
202 693
202 662
202 216
202 410
203 231
203 1036
203 1007
203 1043
203 920
203 731
204 513
204 866
204 268
204 495
204 1075
204 598
204 1150
205 1058
205 360
205 1010
205 1014
206 779
206 686
206 561
206 1205
206 706
206 964
206 1113
206 1117
206 862
206 1043
206 761
207 930
207 933
207 237
207 1016
207 472
208 389
208 391
208 682
208 238
208 1200
208 242
208 505
208 543
209 1138
209 778
209 267
209 461
209 910
209 914
209 223
209 609
209 998
209 743
209 1066
209 365
209 242
209 628
209 310
209 379
209 1109
210 773
210 967
210 1196
210 660
210 886
210 1144
210 572
211 646
211 1031
211 1033
211 273
211 275
211 789
211 662
211 407
211 413
211 552
211 316
211 965
211 737
211 1101
211 216
211 606
211 481
211 742
211 1041
211 488
211 489
211 368
211 625
211 626
211 873
211 249
212 770
212 268
212 1154
212 272
212 660
212 666
212 414
212 672
212 1008
212 1191
212 434
212 926
212 828
212 1226
212 928
212 970
212 866
212 335
212 867
212 398
212 226
212 611
212 356
212 869
212 1001
212 914
212 495
212 752
212 1229
213 1155
213 902
213 792
213 424
213 438
213 955
213 700
213 711
213 850
213 350
213 225
213 740
213 871
213 744
213 1132
213 365
213 447
213 509
213 382
214 665
214 689
214 438
214 699
214 700
214 573
214 864
214 972
214 847
214 945
214 740
214 365
214 1141
215 1185
215 527
215 664
215 417
215 455
215 690
215 305
215 954
215 1083
215 579
215 463
215 592
215 597
215 990
215 621
215 511
216 262
216 649
216 662
216 284
216 413
216 419
216 549
216 813
216 1213
216 1087
216 708
216 965
216 481
216 612
217 620
218 530
218 286
219 292
219 261
219 968
219 237
219 879
219 592
219 724
219 1077
219 1209
219 484
219 894
220 685
220 228
220 361
220 331
220 846
220 977
220 308
220 501
220 893
221 512
221 900
221 267
221 1156
222 899
222 395
222 653
222 912
222 345
222 1183
222 550
222 425
222 684
222 561
222 308
222 568
222 697
222 1211
222 1076
222 323
222 837
222 1094
222 585
222 824
222 467
222 468
222 1242
222 860
222 605
222 421
222 231
222 494
222 884
222 757
222 250
223 1155
223 391
223 521
223 396
223 283
223 928
223 294
223 841
223 719
223 850
223 344
223 225
223 229
223 871
223 744
223 1004
223 238
223 680
223 1107
223 245
223 762
223 636
224 1043
224 642
224 428
224 362
224 562
224 825
225 955
225 1138
225 379
226 398
226 732
226 350
226 740
226 293
226 967
226 364
226 660
226 379
227 1059
227 452
227 565
227 479
228 342
228 909
228 531
228 541
228 1221
228 419
228 811
228 825
228 1211
228 1212
228 830
228 578
228 590
228 1103
228 1233
228 803
228 340
228 345
228 1114
228 1090
228 487
228 872
228 494
228 376
228 892
228 1151
229 773
229 1051
229 556
229 1081
229 572
229 1088
229 321
229 324
229 270
229 604
229 871
229 616
229 885
229 374
229 383
229 1155
229 660
229 669
229 943
229 946
229 703
229 967
229 744
229 496
229 1017
230 1027
230 396
230 719
231 650
231 1163
231 658
231 862
231 1094
231 556
231 687
231 309
231 949
231 706
231 459
231 582
231 589
231 722
231 1117
231 1205
231 486
231 235
231 786
231 1007
231 659
231 1012
232 1042
232 269
232 838
233 320
233 715
233 688
233 536
234 1216
234 970
234 1099
234 272
235 385
235 1028
235 777
235 1199
235 966
235 556
235 943
235 561
235 309
235 1091
235 452
235 710
235 583
235 459
235 1241
235 731
235 1094
235 479
235 761
236 540
236 1244
236 308
236 1085
236 1233
236 468
236 348
236 862
236 361
236 876
236 494
236 701
236 881
236 1129
236 340
237 261
237 812
237 947
237 822
237 1080
237 954
237 472
237 484
237 1131
237 621
237 634
237 891
238 778
238 461
238 910
238 465
238 1047
238 676
238 356
238 998
238 617
238 1066
238 1138
238 1200
238 242
238 310
238 447
239 756
240 320
240 929
240 647
240 520
240 844
240 1014
240 280
241 864
241 1157
241 394
241 882
241 439
241 380
242 1008
242 676
242 389
242 391
242 329
242 426
242 679
242 430
242 310
242 505
242 926
243 459
243 1165
243 944
244 1249
244 883
245 1138
245 1004
245 365
245 718
245 719
245 274
245 670
245 853
245 617
245 1148
245 350
246 871
246 850
246 660
246 886
246 1241
246 572
246 703
247 292
247 968
247 592
247 724
247 948
247 1083
247 894
248 1019
248 416
248 1160
248 841
248 781
248 788
248 1109
248 1097
248 411
248 947
248 350
249 549
249 746
249 369
249 1234
249 547
249 727
249 345
249 1011
250 276
250 535
250 947
250 1190
250 801
250 1062
250 431
250 308
250 825
250 1076
250 446
250 319
250 578
250 1228
250 589
250 848
250 340
250 1110
250 361
250 757
250 1021
251 259
251 1160
251 1097
251 1019
251 1045
251 411
251 765
252 948
252 592
252 1016
252 724
252 472
252 863
252 607
253 768
253 1110
253 1228
253 418
253 809
253 686
253 944
253 308
253 1076
253 1212
253 701
253 446
253 1227
253 1021
253 846
253 342
253 633
253 987
253 349
253 830
253 613
253 749
253 494
253 1009
253 501
253 1142
253 1144
253 377
253 892
253 893
254 353
254 557
254 1197
254 720
254 852
254 278
254 536
254 868
255 1121
255 1091
255 710
255 297
255 498
255 777
255 441
256 458
257 1187
258 306
259 384
259 347
259 1160
259 1019
259 947
259 788
259 1045
259 765
260 1112
261 879
261 1209
261 472
261 484
261 894
262 481
262 419
262 357
262 269
262 333
262 1203
262 596
263 1037
263 806
264 1064
265 599
265 959
266 309
267 1088
267 642
267 775
267 650
267 272
267 660
267 795
267 1075
267 674
267 689
267 903
267 428
267 434
267 435
267 692
267 1205
267 569
267 1162
267 1086
267 703
267 576
267 706
267 886
267 326
267 967
267 328
267 970
267 972
267 847
267 598
267 871
267 366
267 496
267 758
267 1229
267 383
268 521
268 525
268 671
268 679
268 543
268 329
268 866
268 1125
268 755
268 628
268 762
268 1150
269 899
269 276
269 286
269 808
269 924
269 810
269 820
269 568
269 313
269 1225
269 449
269 836
269 801
269 585
269 333
269 983
269 1140
270 1024
270 1155
270 1157
270 783
270 792
270 539
270 1053
270 288
270 290
270 850
270 343
270 856
270 740
270 885
271 1043
271 905
271 1102
271 1117
271 561
271 659
272 1216
272 867
272 869
272 806
272 1226
272 1099
272 435
272 1086
273 1227
273 600
273 857
273 925
273 488
273 594
273 761
273 575
274 553
274 719
274 344
274 283
274 853
275 419
275 1030
275 358
275 497
275 552
275 393
275 1031
275 845
275 1006
275 1041
275 1033
275 1146
275 284
276 838
276 331
276 1042
276 535
276 1243
276 860
276 801
276 425
276 311
277 531
277 1180
277 285
277 1065
277 685
277 431
277 1076
277 951
277 846
277 977
277 601
277 1115
277 349
277 1233
277 1021
277 895
278 320
278 929
278 520
278 715
278 593
278 852
278 1173
278 868
278 1210
278 637
279 770
279 335
279 914
279 743
279 495
279 628
279 374
280 929
280 360
280 520
280 1014
280 1145
281 388
281 1230
281 660
281 1081
281 1017
282 912
282 915
282 422
282 1065
282 437
282 568
282 323
282 585
282 331
282 589
283 365
283 718
283 433
284 481
284 1041
284 646
284 657
284 552
284 489
284 1031
284 368
284 441
285 422
285 487
285 1065
285 623
285 1106
285 349
286 836
286 810
286 983
286 820
286 1243
287 304
287 353
288 290
288 1157
288 1035
288 717
288 655
288 885
288 343
288 856
288 539
288 1053
289 481
289 1026
289 488
289 789
290 1024
290 1139
290 783
290 339
290 886
290 856
290 539
290 1053
290 703
291 953
292 931
292 968
292 1083
292 1077
292 634
293 1088
293 1075
293 732
293 364
293 752
293 374
293 666
293 444
294 689
294 573
294 703
294 1222
294 711
294 328
294 972
294 847
294 1107
294 734
294 485
294 945
294 955
294 617
294 365
294 447
295 1032
295 514
296 1004
296 656
296 430
296 728
296 740
296 617
296 364
296 365
297 995
297 1188
297 1189
297 1227
297 949
297 1144
297 381
298 773
298 941
299 944
299 406
299 478
299 927
300 1037
300 806
301 1183
302 998
302 682
302 461
302 656
302 1047
302 728
302 569
303 998
303 648
303 682
303 1047
303 461
303 631
304 1245
305 621
305 1144
305 1043
305 597
305 822
305 472
306 485
306 652
306 1134
306 985
306 571
307 908
307 370
307 475
308 1161
308 947
308 568
308 825
308 446
308 331
308 975
308 467
308 340
308 341
308 359
308 574
308 425
308 376
309 1029
309 519
309 837
309 941
309 1205
309 927
309 650
309 706
309 453
309 326
309 1100
309 726
309 1116
309 486
310 1200
310 391
310 329
310 1008
310 910
310 1066
310 926
310 671
311 1034
311 405
311 535
311 813
311 1243
311 874
311 754
312 1089
312 1029
312 622
312 1238
312 761
313 924
314 802
314 1014
314 1049
314 476
315 667
316 419
316 934
316 742
316 393
317 1126
317 390
317 1098
317 621
317 822
317 698
317 511
319 608
319 422
319 468
319 884
319 860
319 701
320 802
320 929
320 647
320 520
320 852
320 1173
320 1145
320 1049
320 476
321 1155
321 711
321 328
321 447
321 1004
321 744
321 1138
321 379
322 737
322 419
322 804
322 742
322 619
322 654
322 1072
322 662
322 393
322 441
323 915
323 423
323 687
323 437
323 697
323 589
323 340
323 825
323 601
323 361
323 1140
323 760
323 639
324 1155
324 711
324 850
324 740
324 871
324 886
324 825
324 447
324 703
325 771
326 622
326 989
326 1205
327 1043
327 779
327 561
327 659
327 1113
327 1144
328 740
328 871
328 616
328 744
328 1107
328 1048
329 778
329 910
329 656
329 788
329 676
329 1066
329 1200
329 947
329 1109
329 350
329 866
329 628
329 1045
331 663
331 535
331 801
331 422
331 423
331 558
331 437
331 446
331 467
331 340
331 984
331 997
331 608
331 614
331 361
331 876
331 1140
331 757
331 639
332 756
333 874
333 1203
333 596
333 405
333 1087
334 388
334 1157
334 1230
334 1081
334 792
334 1017
334 1053
334 1247
335 645
335 391
335 914
335 628
335 569
335 858
335 611
335 356
335 743
335 495
335 755
336 448
336 492
336 1108
336 1207
337 480
337 960
337 1217
337 1000
337 1193
337 1236
337 442
337 986
338 940
338 814
338 1235
338 958
339 1157
339 1223
339 1035
339 717
339 655
339 1239
339 380
339 485
339 1132
339 882
339 1139
339 1020
339 394
339 382
340 876
340 803
340 421
340 425
340 1021
340 441
340 574
340 757
340 578
340 1221
340 846
340 464
340 977
340 1237
340 697
340 601
340 975
340 348
340 349
340 999
340 860
340 361
340 501
340 504
340 893
340 767
341 361
341 468
341 494
341 701
341 1233
341 1144
341 975
341 348
341 605
342 658
342 917
342 947
342 1183
342 803
342 421
342 1195
342 1074
342 949
342 825
342 1221
342 1233
342 726
342 1114
342 494
342 788
342 1019
342 508
342 1045
343 870
343 1035
343 655
343 980
343 823
343 856
343 921
343 703
344 379
344 711
344 447
345 912
345 919
345 667
345 925
345 1183
345 801
345 421
345 1062
345 808
345 558
345 1076
345 568
345 1211
345 575
345 1225
345 848
345 978
345 997
345 875
345 549
345 625
345 626
345 1143
345 1021
347 532
348 793
348 540
348 550
348 936
348 427
348 686
348 701
348 574
348 964
348 1227
348 1085
348 975
348 468
348 605
348 862
348 1129
348 445
348 504
348 761
349 1160
349 1161
349 653
349 947
349 531
349 788
349 623
349 1045
349 1225
349 422
349 551
349 808
349 1065
349 685
349 687
349 1114
349 585
349 825
349 701
349 951
349 589
349 977
349 467
349 1115
349 912
349 354
349 550
349 359
349 1002
349 487
349 915
349 468
349 1019
349 895
350 770
350 398
350 412
350 880
350 1192
350 668
350 1097
350 955
350 719
350 732
350 477
350 679
350 365
350 624
350 1107
350 374
350 762
350 447
351 1122
351 822
351 761
351 1046
351 1119
353 797
353 651
353 399
353 1245
353 637
354 846
354 550
354 589
354 494
354 915
354 468
354 501
355 563
355 901
356 513
356 645
356 391
356 521
356 669
356 624
356 679
356 1231
356 426
356 628
356 740
356 743
356 495
356 496
356 372
356 762
356 383
357 1087
357 596
357 1203
358 419
358 1031
359 859
359 589
359 915
359 757
359 441
359 687
359 446
360 1058
360 1010
360 1014
361 517
361 707
361 1144
361 550
361 697
361 446
361 757
361 846
361 975
361 977
361 1110
361 601
361 605
361 860
361 494
361 884
361 501
362 1224
362 1149
363 580
364 513
364 770
364 1154
364 666
364 928
364 1075
364 444
364 1088
364 732
364 996
364 752
364 628
364 374
365 525
365 1048
365 671
365 416
365 553
365 426
365 429
365 699
365 444
365 703
365 841
365 744
365 719
365 955
365 1154
365 871
365 616
365 680
365 886
365 853
366 1155
366 851
366 1044
366 871
366 424
366 496
366 1013
366 952
366 700
366 703
367 1153
367 1192
367 396
367 409
368 419
368 709
368 873
368 1006
368 815
368 497
368 393
368 1030
368 1146
369 965
369 488
369 925
369 625
369 978
369 575
369 413
369 606
369 549
370 908
371 641
371 726
371 712
371 522
371 1195
371 472
371 1202
371 723
371 1194
371 408
371 537
371 1082
372 660
372 438
372 740
372 947
372 1044
373 672
373 828
373 414
374 656
374 788
374 430
374 947
374 703
374 461
374 850
374 740
374 871
374 886
375 864
375 416
375 546
375 1167
375 595
376 1221
376 803
376 1158
376 1160
376 937
376 1071
376 947
376 757
376 1019
376 1114
376 1183
376 421
377 768
377 1194
377 1202
378 805
379 521
379 587
379 525
379 398
379 1048
379 850
379 1051
379 732
379 543
379 679
379 426
379 559
379 871
379 886
379 762
379 671
379 636
379 682
379 703
380 864
380 1035
380 1157
380 870
380 655
380 759
380 921
381 905
381 912
381 658
381 659
381 653
381 683
381 685
381 949
381 585
381 568
381 441
381 826
381 1211
381 846
381 977
381 468
381 605
381 494
381 501
381 937
381 893
382 773
382 1017
382 856
382 539
382 1053
382 1139
382 1107
382 1081
383 1155
383 871
383 850
383 886
383 740
384 416
384 841
384 532
384 1097
385 1029
385 519
385 904
385 527
385 404
385 927
385 667
385 678
385 941
385 1089
385 583
385 1100
385 990
385 511
386 563
386 901
387 1128
387 750
387 956
388 485
388 902
388 1132
388 1230
388 792
388 604
388 509
389 656
389 676
389 391
389 1200
389 430
389 569
390 583
390 1098
390 527
390 472
390 1242
390 1116
390 990
390 821
390 822
390 698
390 511
391 525
391 910
391 914
391 1066
391 676
391 1138
391 430
391 1200
391 851
391 609
391 611
391 617
391 1004
391 1013
391 426
392 1035
392 974
392 655
392 921
393 481
393 646
393 657
393 489
393 619
393 1101
393 407
393 1031
393 737
394 1139
394 1157
394 759
394 717
394 655
394 882
394 439
394 921
395 824
395 498
395 1043
395 761
396 1153
396 711
396 1004
396 534
396 1148
396 670
397 419
397 612
397 1165
397 944
397 1009
397 790
397 1213
397 927
398 513
398 1075
398 1088
398 967
398 461
398 973
398 465
398 732
398 996
398 752
399 557
399 1197
399 436
399 797
400 416
400 1097
400 1109
402 841
402 1070
402 1097
402 526
402 668
402 981
403 404
403 822
403 791
404 583
404 904
404 791
404 621
404 821
404 822
404 567
405 1243
406 419
406 749
406 1165
406 944
406 1009
406 478
407 709
407 845
407 815
408 1158
408 937
408 522
408 418
408 1071
408 1202
408 1194
409 412
410 709
410 489
410 953
410 662
410 441
411 771
411 416
411 454
411 841
411 462
411 1149
411 947
411 532
411 1045
411 1097
411 765
412 1192
413 481
413 419
413 965
413 912
414 1191
414 970
414 435
414 1206
414 471
414 851
414 828
414 1162
414 1086
414 1013
415 418
415 1142
415 537
416 771
416 781
416 1167
416 534
416 946
416 692
416 841
416 595
416 758
416 1149
417 809
417 1165
417 686
417 944
417 1170
417 761
418 451
418 522
418 1195
418 472
418 1202
418 917
418 726
418 1194
418 508
418 638
419 1025
419 1031
419 600
419 789
419 796
419 1183
419 421
419 815
419 737
419 845
419 646
419 742
419 606
419 549
419 481
419 741
419 488
419 489
419 1002
419 619
419 497
419 626
419 873
420 1164
420 1166
420 818
420 825
420 837
420 712
420 1246
420 1003
420 1136
420 1144
420 633
420 508
420 638
421 1158
421 1160
421 909
421 788
421 1045
421 1183
421 825
421 826
421 1090
421 846
421 1106
421 984
421 1114
421 487
421 747
421 494
421 623
421 501
421 893
421 510
421 1151
422 531
422 550
422 1065
422 685
422 605
422 951
422 697
422 701
422 848
422 977
422 468
422 1062
422 1233
422 494
423 801
423 653
423 494
423 1233
423 707
423 757
423 1110
423 535
423 701
423 446
424 864
424 1027
424 1051
424 952
424 831
424 700
425 1160
425 663
425 915
425 535
425 947
425 687
425 825
425 707
425 582
425 1110
425 984
425 608
425 884
425 1019
426 1200
426 973
426 656
426 505
426 447
427 550
427 1233
427 540
427 701
427 1144
427 504
427 468
427 605
428 1160
428 526
428 1045
428 1179
428 947
428 825
428 462
428 981
428 1019
428 1149
428 533
429 864
429 699
429 740
429 616
429 871
429 1004
429 1044
429 886
430 770
430 773
430 928
430 1075
430 569
430 764
431 653
431 663
431 747
431 1021
431 510
431 639
432 1019
432 740
432 967
432 434
432 1160
432 850
432 788
432 1045
432 947
432 703
433 1027
433 680
434 609
434 1229
434 851
434 1013
435 970
435 1206
435 1162
436 591
436 637
437 848
437 1021
437 441
438 864
438 1027
438 1097
438 534
438 616
438 1048
438 700
439 864
439 882
441 790
441 708
441 1059
441 1188
441 1189
441 540
441 1220
441 953
441 1213
441 452
441 1079
441 742
441 1129
441 500
442 705
442 1193
442 570
443 822
443 567
443 632
443 766
444 711
444 871
444 886
444 703
445 936
445 540
445 911
445 464
445 504
445 767
446 919
446 825
446 1225
446 589
446 860
446 884
446 757
447 1153
447 521
447 525
447 1048
447 559
447 711
447 587
447 1107
447 744
447 624
447 762
447 682
448 745
448 492
448 1207
448 1054
449 801
449 653
449 707
449 535
450 480
450 705
450 865
450 1193
450 491
450 570
450 730
451 726
451 472
451 1082
451 638
452 659
452 1059
452 1188
452 966
452 683
452 1199
452 565
452 1091
452 479
452 1121
452 498
453 774
453 519
453 653
454 765
455 472
456 571
456 773
457 1111
459 684
459 713
459 944
459 825
459 1215
460 962
460 838
460 1225
460 1042
460 919
460 997
460 614
460 808
461 732
461 752
461 998
461 631
461 505
461 762
462 946
462 526
462 1232
462 562
463 1061
463 821
463 567
463 954
464 540
465 525
465 671
465 543
465 732
466 769
466 835
466 1095
466 748
467 899
467 757
467 1114
468 1043
468 687
468 801
468 1065
468 582
468 984
468 859
468 608
468 550
468 747
468 510
469 1042
469 838
469 924
470 1133
471 609
471 1013
471 828
472 524
472 527
472 537
472 1050
472 541
472 798
472 1185
472 1063
472 1212
472 564
472 821
472 567
472 830
472 581
472 843
472 930
472 592
472 621
472 892
472 878
472 579
472 1016
472 634
472 891
473 922
473 953
474 1092
475 482
475 1198
476 593
478 1025
478 741
478 809
478 749
478 589
478 1009
478 915
478 927
479 1059
479 565
480 705
480 865
480 1193
480 570
481 1026
481 549
481 1069
481 1213
481 965
481 594
481 857
481 738
481 612
481 625
481 500
483 1053
484 1182
485 1107
485 1139
485 1081
485 1020
485 1223
486 706
486 650
487 608
487 494
487 1233
487 1106
487 951
487 1183
487 895
488 1026
488 794
488 686
488 575
488 964
488 1234
488 1227
488 594
488 600
488 857
488 602
488 862
488 529
488 978
488 1011
488 1144
489 646
489 815
490 1157
490 870
490 717
492 704
492 1067
492 1207
493 833
493 819
494 726
494 524
494 658
494 531
494 917
494 1180
494 1183
494 803
494 892
494 1074
494 949
494 951
494 1212
494 830
494 1221
494 582
494 975
494 1233
494 1115
494 747
494 1043
494 508
494 895
495 644
495 660
495 903
495 947
495 513
495 628
495 967
495 851
495 598
495 1013
495 788
495 554
495 1150
495 1045
496 1155
496 660
496 952
496 700
496 703
496 967
496 850
496 851
496 1109
496 740
496 871
496 1013
496 886
497 657
497 845
497 1101
498 1043
498 1188
498 684
498 659
498 825
498 1117
500 1220
500 589
500 658
500 915
500 949
500 859
500 741
501 917
501 947
501 1183
501 1195
501 726
501 825
501 893
501 585
501 997
501 788
501 1045
503 1172
504 936
504 605
504 1233
504 793
504 1144
504 911
504 574
505 1200
505 682
505 543
506 1001
506 1109
506 660
507 994
507 627
508 1158
508 818
508 1074
508 846
508 987
508 1246
508 630
508 633
508 1142
510 653
510 912
510 659
510 561
510 1076
510 568
510 1211
510 1094
510 585
510 1228
510 747
510 1144
511 1094
511 1098
511 527
511 944
511 822
511 698
512 576
512 640
512 992
512 932
512 1005
512 900
512 1018
512 795
513 903
513 1169
513 851
513 1001
513 732
514 1176
515 837
515 524
515 1116
515 1212
515 1144
515 1242
515 827
515 892
516 964
516 1094
516 941
516 686
516 1227
516 1144
516 862
517 540
518 898
518 725
519 1219
519 583
519 1143
519 772
520 868
520 536
520 1210
521 1200
521 711
521 866
521 743
521 617
521 1004
521 624
521 1138
521 628
521 762
522 768
522 1194
522 1202
523 740
523 1157
523 974
524 685
524 1233
525 998
525 711
525 973
525 656
525 1047
525 728
526 642
526 946
526 569
526 1149
527 1094
527 1098
528 994
528 580
529 602
529 978
529 1011
529 925
530 580
530 599
530 1060
531 1065
532 993
532 776
532 841
532 1097
533 642
533 677
533 674
533 1232
533 825
534 1153
534 1027
534 1097
534 831
534 670
535 1042
535 919
535 550
535 568
535 1225
535 701
535 832
535 838
535 585
535 1243
535 860
535 605
535 997
535 875
535 754
535 1140
535 757
535 760
536 929
536 715
536 651
536 688
536 852
536 1145
536 868
537 712
538 643
539 1157
539 783
539 921
539 1053
539 717
539 856
539 740
539 870
539 1132
539 1020
540 915
540 687
540 936
540 1085
540 589
540 1237
540 999
540 1129
540 889
540 767
541 843
541 1233
541 862
541 964
541 798
543 609
543 866
543 998
543 711
543 851
544 1094
545 907
546 967
546 1160
546 1097
546 1167
546 660
546 1045
546 758
546 788
546 1019
546 947
547 625
547 626
547 575
547 606
548 932
549 653
549 912
549 626
549 1211
549 1144
550 854
550 1071
550 937
550 687
550 826
550 701
550 975
550 754
550 1065
551 1090
551 803
551 909
551 842
551 811
551 1183
551 1002
551 1240
551 1103
551 1151
552 742
552 1041
552 1033
552 619
553 1004
553 617
553 718
553 559
553 719
554 644
554 947
554 1109
555 1104
555 1130
555 816
555 947
556 1155
556 837
556 1242
556 1116
556 1124
556 1196
556 943
556 886
557 651
557 1197
557 797
557 720
557 637
558 801
558 614
558 912
558 1042
558 838
558 1211
558 893
559 831
559 587
559 740
559 711
559 617
559 636
560 609
560 1162
560 1206
560 828
560 970
561 658
561 807
561 949
561 582
561 589
561 1102
561 1113
561 915
562 788
562 1045
562 1179
562 947
562 677
562 1070
562 825
562 1218
562 1232
562 1019
562 1149
563 901
564 931
564 1209
564 634
565 1199
566 739
566 763
566 923
566 1105
566 735
567 1046
567 1061
567 812
567 690
567 1080
567 698
567 1098
567 597
567 954
567 1126
567 1131
567 621
567 632
567 766
568 1062
568 582
568 585
568 846
568 653
568 848
568 747
569 656
569 914
569 851
569 611
569 628
569 1013
570 960
570 1093
570 865
570 1000
570 1217
570 780
570 986
570 1236
570 661
570 729
570 730
572 1155
572 1124
572 1094
572 967
572 1196
572 1241
573 864
573 941
573 1107
573 1048
573 734
574 964
574 586
574 1085
574 911
574 1129
574 605
575 746
575 653
575 727
575 912
575 978
575 789
575 600
575 1211
575 925
575 1144
576 900
576 1156
577 1152
577 1168
577 1177
577 890
578 697
578 601
578 1021
578 639
579 837
579 1068
579 621
579 878
579 632
579 1043
579 822
579 1144
579 1242
579 1057
579 1116
580 1248
581 736
581 592
581 863
582 899
582 808
582 701
582 832
582 962
582 1094
582 1233
582 988
582 957
582 887
582 761
583 772
583 1029
583 787
583 667
583 678
583 941
583 1205
583 1089
583 1098
583 1100
583 1238
583 1143
584 1042
584 838
585 1062
585 697
585 707
585 848
585 1110
585 601
585 1190
585 614
585 747
587 711
587 617
587 1138
588 958
588 814
589 1158
589 884
589 1062
589 1244
589 685
589 862
589 697
589 701
589 964
589 848
589 977
589 854
589 860
589 1129
589 749
589 881
589 915
589 707
589 809
590 1160
590 1071
590 846
590 947
590 788
590 826
590 1114
590 757
591 797
592 736
592 1083
592 968
592 724
592 1077
592 948
592 894
593 715
593 688
593 1173
594 789
594 600
594 1144
595 864
595 967
595 841
595 1167
595 660
595 1097
595 696
595 692
597 1094
597 1185
597 664
597 1063
598 903
598 1169
598 660
598 926
598 967
598 851
598 609
598 996
598 1001
598 1013
598 1015
598 1150
599 959
600 964
600 978
600 789
600 925
600 862
600 761
601 653
601 1065
601 1161
601 1062
602 625
602 925
602 626
602 1011
602 794
603 704
603 1067
603 745
603 1123
603 635
604 967
604 1230
604 850
604 660
604 1017
604 703
605 1158
605 658
605 915
605 801
605 826
605 701
605 975
605 859
605 1043
606 746
606 653
606 1144
606 785
607 736
607 968
607 879
607 724
607 948
607 1083
607 863
608 685
608 1065
608 984
608 860
608 701
609 773
609 849
609 696
609 689
609 1075
609 1206
609 828
609 1141
609 674
609 847
609 1241
609 1013
609 1159
610 1105
611 740
611 645
611 996
611 914
612 741
613 837
613 630
613 1144
613 1242
613 1116
614 1190
614 838
614 653
614 1233
614 1042
614 919
615 874
616 775
616 1044
616 665
616 689
616 703
616 850
616 753
616 871
616 617
616 1141
616 886
617 1154
617 928
617 880
617 682
617 699
617 719
617 850
617 853
617 1112
617 871
617 679
617 624
617 744
617 1138
617 886
618 897
619 737
619 742
619 845
619 1006
619 1041
619 1033
619 1030
619 1146
620 1163
620 1012
620 1084
621 1185
621 1126
621 1063
621 698
621 766
621 1098
622 678
622 1227
622 686
622 1238
622 1029
623 1221
623 803
623 1065
623 1183
623 1106
623 951
623 1115
623 895
624 866
624 679
624 743
624 1004
624 1138
624 762
625 896
625 746
625 785
625 727
625 1055
625 1011
626 912
626 1211
626 1011
627 994
627 1060
628 660
628 967
628 866
628 743
629 705
630 1074
630 1144
630 1082
630 1118
631 682
632 1063
632 664
632 821
633 1003
633 1164
633 1074
633 1136
633 818
633 1246
633 641
633 638
634 931
634 1182
634 1077
634 894
635 704
635 1067
635 840
635 1123
636 1004
636 1138
637 868
637 1197
637 852
637 1210
638 685
638 977
638 1142
638 937
638 826
638 987
639 1228
639 663
640 900
640 1160
640 1005
640 816
640 1045
640 1019
641 987
641 893
641 1118
642 677
642 946
642 695
642 1179
642 981
643 856
643 1053
644 1160
644 660
644 1045
644 1019
645 1160
645 1019
645 914
645 947
645 788
645 1045
645 740
647 844
647 715
648 682
650 706
650 1205
651 852
651 868
651 1210
652 773
653 875
653 667
653 925
653 685
653 697
653 1228
653 977
653 997
653 747
653 1140
653 1143
653 760
653 1023
654 815
655 1024
655 1035
655 980
655 856
655 921
655 1053
655 1139
655 885
656 1088
656 998
656 1075
656 773
657 815
658 919
658 808
658 1233
658 683
658 685
658 949
658 832
658 1094
658 1225
658 977
658 893
659 905
659 1102
659 1113
659 683
660 1154
660 1155
660 1160
660 1196
660 1169
660 1043
660 788
660 1241
660 668
660 669
660 926
660 928
660 752
660 947
660 703
660 1008
660 967
660 1229
660 740
660 743
660 1001
660 871
660 1015
660 1019
660 1045
661 865
661 730
661 1093
662 804
662 709
662 742
662 1072
663 1228
663 884
663 1076
663 860
664 1185
665 851
665 1013
665 1048
665 1141
666 1045
666 886
666 788
666 703
667 1211
667 1143
667 716
667 912
668 946
669 967
669 850
669 1229
669 703
670 1153
671 866
671 1047
672 1191
672 828
673 1248
674 788
674 677
674 947
674 703
674 1218
674 1232
674 850
674 740
674 871
674 1019
674 1045
675 1096
676 1200
677 1218
678 1089
678 1238
678 989
679 1200
679 866
679 1138
679 762
680 718
681 1010
681 1058
682 1047
682 967
682 711
682 740
682 1004
683 1043
685 1045
685 947
685 798
685 937
685 1195
685 949
685 826
685 843
685 726
685 984
685 859
685 876
685 1065
685 1019
685 917
686 1029
686 1184
686 923
686 687
686 1089
687 701
687 964
687 1227
687 1233
687 859
687 860
687 862
687 884
687 761
688 844
688 720
688 852
689 864
689 851
689 1048
690 821
690 1080
691 960
691 1000
691 780
692 967
692 841
693 804
693 742
693 1072
694 935
695 1224
695 1070
695 1043
695 825
695 947
696 967
696 841
696 1013
696 1097
696 851
697 1065
698 1126
698 822
699 864
699 740
699 871
699 1048
700 1027
700 1048
700 952
700 1051
701 915
701 801
701 1065
701 726
701 949
701 825
701 975
701 1043
702 1160
702 1070
702 947
702 788
702 825
702 1019
703 770
703 1155
703 783
703 946
703 1075
703 1088
703 886
703 1230
703 850
703 955
703 1124
703 871
703 1138
703 1107
703 885
703 1017
704 840
704 745
704 906
704 1067
704 1123
704 1108
704 982
704 1054
705 1217
705 780
707 988
707 825
707 957
707 962
707 1140
707 859
707 860
707 915
707 884
707 757
707 760
707 1023
708 953
708 790
708 859
708 915
710 966
710 1199
710 1091
710 1204
711 1153
711 955
711 1107
711 744
712 846
712 977
712 818
712 1246
713 1043
713 725
713 1215
714 1133
715 844
715 720
715 852
715 868
715 1210
717 1024
717 1157
717 1053
717 870
717 1139
717 759
718 719
718 853
719 1138
720 1197
720 1173
721 1219
721 772
721 1100
722 1043
722 1163
722 1079
723 1071
723 854
723 826
723 1142
724 879
724 948
724 894
725 898
725 1127
725 1165
725 944
725 1215
726 846
726 893
726 977
726 1233
726 1144
726 1114
727 789
728 1154
728 998
728 973
728 1047
728 732
730 1093
730 780
730 1236
731 964
731 976
731 786
731 1043
731 862
732 996
732 973
732 1047
733 822
733 761
733 1119
734 864
734 941
734 945
734 1107
734 1048
736 968
736 863
737 742
737 845
738 859
740 775
740 955
740 1043
740 1048
740 773
740 928
740 752
740 1075
740 967
740 974
740 1231
740 743
741 1165
741 927
742 934
742 839
742 1041
743 1029
743 903
743 967
743 1229
743 762
744 1155
744 1004
744 753
744 850
745 840
745 1054
746 896
746 1056
746 963
746 855
746 1234
747 1183
747 1221
747 1233
747 1144
747 1021
748 769
748 835
748 1095
749 809
749 915
749 927
750 1128
750 1135
751 1128
751 956
751 799
752 1088
752 770
752 1097
752 1047
752 1075
752 851
752 1013
752 886
752 1150
753 864
754 801
754 1243
755 1125
757 825
757 760
757 859
758 864
758 967
758 841
761 1029
761 789
761 1046
761 1178
761 1052
761 927
761 989
761 1089
761 1119
761 923
761 1105
761 1238
761 1122
763 923
763 964
763 862
764 773
766 791
766 1068
766 821
767 936
768 829
769 835
770 947
770 850
770 871
770 886
771 841
771 1097
772 1219
772 774
772 1100
772 912
772 1211
773 1124
773 967
773 1097
773 985
773 989
773 871
773 850
773 851
773 1013
773 886
774 1219
774 1100
774 787
774 1143
775 851
778 1066
778 1008
778 926
779 807
779 1113
779 825
779 1144
780 865
781 841
781 1109
781 947
783 1024
783 1139
783 886
783 850
783 856
783 1020
783 1053
784 959
786 1036
787 1100
788 884
788 967
788 1224
788 860
788 1019
788 1005
789 1026
789 857
789 1144
790 953
790 915
791 904
792 902
792 1230
792 1081
792 955
793 1233
793 876
793 911
793 1144
794 965
794 978
794 1011
794 925
795 900
795 1109
795 932
796 809
796 927
797 1197
798 843
798 1233
798 862
799 1128
799 942
799 956
800 834
801 1042
801 838
801 1140
801 1023
802 1049
803 1160
803 1045
803 937
803 825
803 1103
803 1114
803 1019
803 1151
806 961
806 1191
806 1037
806 1172
806 918
808 1225
808 919
808 949
808 1110
808 1211
809 1025
809 1009
809 1170
809 915
809 1046
809 927
810 836
810 817
810 820
810 1174
811 1221
811 909
811 1103
813 1243
814 940
814 958
815 873
816 1160
816 1130
816 1005
816 1045
816 1019
817 1174
818 837
818 1246
819 833
820 836
821 878
821 1061
821 1063
821 1080
821 1131
822 904
822 1057
822 1078
822 1098
822 990
822 1126
822 878
823 1035
823 980
823 921
823 1053
823 870
823 885
824 1205
824 825
825 1028
825 1158
825 1117
825 920
825 964
825 854
825 1051
825 1183
825 1179
825 1070
825 1071
825 826
825 827
825 1218
825 1221
825 1224
825 846
825 981
825 1114
825 862
825 1003
825 884
825 937
825 1144
826 854
826 1158
826 947
826 1045
826 1183
826 1194
826 1074
826 977
827 837
827 1144
827 1242
827 1116
828 1086
828 851
828 1162
828 1013
829 1194
829 1186
830 862
831 1097
832 962
832 949
832 957
834 1248
837 878
837 1063
837 1246
837 949
837 1094
837 1241
837 1242
837 987
837 1116
837 1122
837 876
838 1190
838 924
839 979
840 906
840 1067
840 1108
840 1054
841 1027
841 1138
842 1002
842 909
843 964
843 1233
843 862
844 1173
845 1031
845 873
845 1101
846 1160
846 915
846 1183
846 1074
846 949
846 1045
847 972
847 1107
847 1048
848 915
848 1161
848 1065
848 1062
849 851
849 1013
850 1155
850 1051
850 1008
850 943
850 946
850 1081
850 967
850 1230
850 1107
850 871
850 1004
850 1017
851 1162
851 1075
851 952
851 1088
851 1229
851 1241
851 1141
853 1027
853 1004
854 1160
854 1019
854 947
855 963
855 1234
856 1024
856 921
856 1035
856 980
856 870
856 1132
856 885
859 977
859 1110
860 1160
860 915
860 1045
860 947
860 1110
860 984
860 884
860 1019
862 965
862 923
862 920
862 915
863 1083
863 894
864 1167
864 1048
864 1109
864 882
865 1093
866 903
866 1150
867 1216
867 869
867 1099
869 1216
869 1226
869 970
870 1024
870 974
870 980
870 1053
871 1155
871 955
871 1043
871 946
871 952
871 1088
871 967
871 1230
871 1004
871 885
871 1017
872 1214
873 1101
874 1243
875 893
875 997
876 1233
876 911
876 1110
878 1068
878 1144
879 891
879 948
880 1004
881 1129
881 915
881 1244
884 1160
884 1045
884 915
884 1110
884 1019
884 947
885 1157
885 1155
885 1053
885 980
885 886
886 1155
886 1196
886 1051
886 943
886 1081
886 955
886 1088
886 967
886 1230
886 1124
886 1004
886 1017
887 949
887 988
887 957
888 1120
890 1152
891 931
891 1182
891 894
892 1233
892 1212
893 915
893 947
893 1082
893 997
894 968
894 931
894 1077
894 948
895 1065
895 1106
895 1115
895 1180
896 1055
898 1165
899 1243
900 1005
902 1230
902 1017
902 955
903 914
906 1067
907 1177
909 1103
909 1002
909 1151
910 1008
910 926
911 936
912 1062
912 925
912 1211
912 965
912 978
912 1190
913 1032
914 996
915 1158
915 964
915 1062
915 1009
915 937
915 1244
915 1114
915 1129
915 1213
917 1195
917 977
918 961
918 991
919 1190
919 1225
919 949
919 1211
920 1007
920 976
921 1024
921 1035
921 1139
922 1220
922 953
923 964
923 1227
923 1178
924 1042
925 1144
925 1211
926 1155
926 1008
927 1025
927 1009
927 944
928 1004
928 1138
928 1075
929 1145
931 1182
934 979
936 1237
937 1221
937 1194
937 1202
937 1071
938 1220
940 1235
942 1128
942 1135
943 1013
943 1241
943 1116
944 1170
945 1107
945 1048
946 1155
947 1005
947 1070
947 1071
947 1183
947 1218
947 1224
947 1231
947 1104
947 981
947 1232
947 1130
949 1094
949 988
950 1220
951 1065
951 1106
952 1229
952 1044
952 1109
954 1068
955 1155
955 1107
955 1132
956 1128
956 1135
957 1110
960 1193
962 1110
962 988
964 1036
964 965
966 1059
966 1091
967 1155
967 1160
967 1154
967 1045
967 1241
967 1229
967 996
967 1124
967 1001
967 1019
968 1083
968 1077
970 1216
970 1099
970 1086
970 1162
970 1206
973 998
973 1047
975 1233
976 1028
977 1158
977 1195
977 1106
978 1144
980 1024
980 1035
982 1108
986 1193
987 1242
987 1074
987 1118
987 1144
987 1082
988 1110
989 1089
989 1205
989 1029
990 1078
990 1098
992 1156
992 1109
994 1060
997 1190
998 1088
998 1075
1002 1137
1003 1144
1004 1153
1004 1154
1004 1138
1005 1160
1005 1045
1005 1018
1005 1019
1006 1146
1006 1031
1007 1036
1007 1043
1008 1066
1010 1058
1012 1079
1013 1162
1013 1159
1013 1086
1013 1229
1013 1241
1015 1109
1017 1230
1017 1081
1019 1160
1019 1183
1019 1071
1019 1218
1019 1221
1019 1224
1019 1232
1019 1043
1020 1223
1021 1228
1021 1161
1023 1110
1024 1157
1024 1053
1028 1092
1029 1227
1033 1041
1034 1243
1035 1139
1036 1043
1038 1040
1042 1190
1043 1070
1043 1160
1043 1179
1043 1183
1043 1221
1043 1102
1043 1127
1043 1163
1043 1144
1044 1097
1044 1231
1044 1051
1045 1158
1045 1218
1045 1224
1045 1232
1046 1122
1046 1094
1046 1119
1047 1088
1047 1075
1048 1141
1051 1155
1052 1178
1053 1157
1054 1207
1055 1056
1057 1116
1057 1144
1057 1242
1059 1121
1059 1091
1059 1199
1059 1188
1059 1204
1062 1161
1062 1065
1063 1242
1065 1233
1067 1123
1068 1185
1070 1218
1070 1224
1070 1232
1071 1158
1071 1160
1071 1194
1071 1161
1075 1155
1075 1088
1079 1163
1080 1131
1081 1155
1081 1132
1087 1203
1088 1155
1088 1150
1090 1103
1090 1183
1091 1199
1094 1241
1094 1242
1094 1116
1097 1138
1098 1116
1098 1242
1099 1216
1100 1219
1103 1151
1106 1115
1106 1183
1106 1180
1107 1132
1107 1138
1110 1140
1113 1144
1114 1161
1114 1183
1114 1195
1114 1221
1115 1180
1116 1164
1116 1166
1116 1122
1116 1136
1119 1122
1120 1133
1122 1242
1127 1165
1129 1244
1132 1230
1133 1171
1136 1164
1136 1144
1136 1242
1137 1240
1139 1223
1139 1157
1142 1195
1143 1211
1144 1164
1144 1166
1144 1196
1144 1237
1151 1221
1151 1183
1155 1230
1158 1161
1158 1183
1160 1183
1160 1218
1160 1221
1160 1224
1161 1228
1162 1206
1164 1166
1164 1242
1165 1170
1165 1215
1175 1220
1181 1184
1182 1209
1190 1211
1193 1217
1193 1236
1194 1202
1196 1241
1199 1204
1201 1220
1208 1243
1211 1225
1218 1232
1223 1239
