0 1
0 1029
0 268
0 791
0 926
0 543
0 1185
0 292
0 170
0 968
0 185
0 954
0 671
0 60
0 69
0 72
0 201
0 330
0 208
0 978
0 825
0 344
0 346
0 220
0 95
0 873
0 497
0 754
0 628
0 382
0 1151
1 257
1 733
1 516
1 1006
1 11
1 781
1 526
1 813
1 16
1 856
1 18
1 1043
1 24
1 1054
1 901
1 32
1 1065
1 775
1 690
1 559
1 48
1 824
1 1081
1 827
1 897
1 69
1 292
1 844
1 590
1 81
1 83
1 600
1 1113
1 602
1 863
1 528
1 358
1 615
1 361
1 275
1 376
1 633
1 383
1 129
1 1154
1 131
1 645
1 647
1 649
1 651
1 145
1 149
1 1176
1 409
1 154
1 367
1 922
1 849
1 673
1 421
1 938
1 429
1 687
1 438
1 185
1 444
1 629
1 448
1 454
1 717
1 720
1 632
1 211
1 217
1 221
1 478
1 223
1 227
1 743
1 234
1 238
1 979
1 1013
1 760
1 506
1 511
2 258
2 1030
2 841
2 80
2 593
2 853
2 153
2 412
2 1181
2 43
2 941
2 756
3 129
3 285
3 1184
3 38
3 54
3 951
3 577
3 952
3 736
3 864
3 992
3 1003
3 623
3 241
3 116
3 118
3 376
3 505
3 508
3 509
5 1172
5 707
5 260
5 1160
5 713
5 74
5 587
5 15
5 913
5 355
5 404
5 91
5 1054
5 800
5 674
5 291
5 1192
5 374
5 633
5 571
7 992
7 677
7 296
7 951
7 44
7 310
7 950
8 1029
8 9
8 395
8 20
8 282
8 543
8 929
8 683
8 1072
8 50
8 564
8 567
8 709
8 332
8 341
8 1023
9 258
9 268
9 527
9 1042
9 1047
9 33
9 291
9 37
9 564
9 571
9 64
9 837
9 335
9 355
9 869
9 879
9 1160
9 1164
9 911
9 147
9 153
9 412
9 929
9 674
9 1188
9 1192
9 169
9 172
9 181
9 705
9 709
9 966
9 471
9 476
9 479
9 738
9 1012
9 1018
9 1023
10 644
10 647
10 1028
10 667
10 112
10 447
10 1091
10 1243
10 492
10 367
10 240
10 113
11 145
11 982
11 24
11 989
11 998
11 106
11 186
11 958
12 930
12 975
12 785
12 820
12 597
13 550
13 262
13 220
13 618
13 941
13 80
13 181
13 1030
13 413
14 861
14 618
15 708
15 33
15 72
15 209
15 353
15 41
15 754
15 502
15 699
16 448
16 353
16 649
16 25
16 733
16 33
16 34
16 996
16 1009
16 1080
17 518
17 647
17 395
17 534
17 1245
17 671
18 236
18 708
18 353
19 816
19 708
20 192
20 929
20 451
20 804
20 1201
20 969
20 74
20 299
20 1048
20 1155
20 202
20 1115
20 284
20 29
20 126
21 196
21 328
21 492
21 407
21 219
23 323
23 708
23 1121
23 392
23 1099
23 209
23 900
23 154
23 607
23 353
23 867
23 229
23 1190
23 174
23 691
23 1249
24 320
24 708
24 1158
24 1089
24 394
24 145
24 274
24 979
24 982
24 989
24 547
24 420
24 998
24 808
24 361
24 749
24 1107
24 572
24 906
24 958
25 448
25 39
25 723
25 1009
25 978
25 211
25 404
25 502
25 699
25 733
27 1177
27 203
27 445
28 1228
29 1026
29 1201
29 1048
30 327
30 266
30 1230
30 306
30 308
30 251
30 703
31 803
31 348
31 101
32 708
32 353
32 361
32 138
32 781
32 690
32 824
32 797
33 258
33 516
33 273
33 1173
33 880
33 296
33 425
33 43
33 172
33 223
33 649
33 447
33 448
33 833
33 195
33 69
33 1185
33 457
33 1098
33 823
33 334
33 1231
33 1232
33 215
33 88
33 733
33 95
33 841
33 619
33 240
33 1022
33 376
33 249
33 508
33 382
34 448
34 481
34 539
34 699
34 649
34 1002
34 1009
34 534
34 155
34 1245
35 525
35 110
35 432
35 470
35 1114
36 865
36 994
36 292
36 353
36 235
36 189
36 631
36 708
36 538
36 255
37 522
37 527
37 147
37 534
37 475
37 220
37 1245
37 1051
37 550
37 683
37 172
37 621
37 303
37 50
37 246
38 129
38 603
38 68
38 1206
38 823
38 784
38 54
38 220
38 475
38 678
38 550
38 1137
38 619
38 172
38 368
38 433
38 1140
38 310
38 183
38 508
38 1022
39 817
39 723
39 282
41 454
41 294
41 1164
41 207
41 913
41 633
41 89
41 282
41 1054
41 479
42 129
42 44
42 561
43 705
43 841
43 618
43 268
43 973
43 911
43 756
43 1044
43 1018
43 412
44 386
44 643
44 908
44 590
44 952
44 275
44 1129
44 1178
44 1103
44 93
44 992
44 737
44 677
44 809
44 1196
44 561
44 310
44 183
44 440
44 508
45 796
46 241
46 418
46 54
47 866
47 1218
47 595
48 1065
48 714
48 79
49 345
49 1034
50 833
50 169
50 74
50 683
50 335
50 1042
50 665
50 1085
50 254
50 1023
51 614
51 1097
51 971
51 460
51 54
51 986
51 799
53 236
53 806
54 129
54 920
54 799
54 418
54 296
54 173
54 1003
54 433
54 823
54 61
54 830
54 577
54 69
54 1224
54 1097
54 77
54 591
54 986
54 603
54 93
54 737
54 614
54 999
54 617
54 619
54 241
54 376
54 508
54 1022
55 741
55 1223
55 552
55 553
55 721
55 722
55 148
55 405
55 84
57 798
57 301
57 149
57 187
57 542
59 1204
59 693
59 712
59 682
59 252
59 461
60 707
60 968
60 978
60 917
60 282
60 91
60 800
60 294
60 301
60 374
60 889
60 954
61 737
61 561
61 1224
61 617
61 343
62 649
62 1080
62 889
62 511
63 259
63 230
63 903
63 366
63 434
63 820
63 622
63 279
63 1182
63 351
64 640
64 258
64 581
64 262
64 136
64 268
64 1040
64 277
64 151
64 153
64 413
64 1120
64 966
64 618
64 939
64 689
64 1082
65 128
65 1214
65 1174
65 473
65 94
65 159
66 97
66 874
66 748
66 316
66 701
66 446
67 902
68 296
69 550
69 296
69 968
69 466
69 361
69 954
69 508
70 835
70 388
70 490
70 206
70 145
70 923
70 828
71 398
71 912
71 149
71 825
71 282
71 475
71 220
71 1083
71 550
71 367
71 1200
71 1013
71 759
71 187
71 1150
72 1189
72 647
72 686
72 534
72 1007
72 414
72 1173
72 933
72 392
72 564
72 181
72 699
72 330
72 322
72 74
72 209
72 466
72 344
72 223
72 1134
72 367
72 499
72 511
73 140
74 385
74 260
74 522
74 1047
74 972
74 144
74 149
74 791
74 282
74 668
74 543
74 161
74 804
74 1190
74 297
74 170
74 683
74 1200
74 696
74 1151
74 699
74 1029
74 480
74 837
74 588
74 587
74 332
74 208
74 209
74 978
74 851
74 1238
74 87
74 89
74 91
74 476
74 607
74 96
74 738
74 356
74 869
74 881
74 754
74 630
74 759
74 248
74 1172
74 123
74 686
75 357
75 139
75 272
75 850
75 1021
75 94
75 159
76 580
76 188
76 973
76 80
76 1018
76 413
77 241
78 1132
79 528
79 611
79 484
79 901
79 1065
79 1215
79 987
79 1006
79 600
79 409
79 827
79 735
80 1030
80 1098
80 1035
80 911
80 593
80 915
80 1044
80 853
80 87
80 335
80 476
80 1181
80 973
80 881
80 756
80 1210
80 153
80 1018
80 763
80 1085
81 100
81 353
81 589
81 751
81 179
81 708
82 705
82 581
82 966
82 841
82 546
82 593
82 153
82 1181
82 802
82 822
82 1018
83 1154
83 717
83 526
83 211
83 408
83 570
83 290
83 483
83 365
83 559
83 1009
83 764
83 383
84 105
84 1131
84 1203
84 404
84 697
84 991
85 110
86 680
86 1102
86 431
86 976
86 1202
86 1014
86 664
86 287
87 534
87 763
88 1166
88 1046
88 425
88 558
88 1199
88 181
88 459
88 210
88 1038
88 984
88 95
88 108
88 240
88 113
88 245
88 1143
89 800
89 707
89 294
89 374
89 1015
89 696
89 220
89 330
89 671
90 196
90 197
90 529
90 1161
90 586
90 492
90 493
90 613
90 273
90 1170
90 659
90 1045
90 953
90 868
90 858
90 95
91 149
91 282
91 294
91 696
91 571
91 330
91 707
91 978
91 1110
91 223
91 995
91 491
91 1015
92 327
92 1071
92 314
92 253
92 190
93 241
94 838
94 357
94 850
94 272
94 384
94 1174
94 473
94 656
94 1212
94 159
95 876
95 524
95 398
95 273
95 550
95 171
95 565
95 954
95 444
95 318
95 1008
95 220
95 870
95 232
95 492
95 493
95 367
95 240
95 247
95 889
95 636
95 511
96 1164
96 398
96 557
96 1083
96 149
96 534
96 671
96 161
96 291
96 1188
96 550
96 1192
96 301
96 1200
96 564
96 571
96 330
96 475
96 707
96 709
96 332
96 725
96 1245
96 479
96 355
96 573
96 759
96 1150
97 488
97 814
97 271
97 121
97 317
98 121
100 1156
100 751
100 179
100 692
100 1240
101 803
101 348
102 647
102 522
102 1059
102 683
102 303
102 181
102 1245
102 246
104 579
104 1220
104 145
104 1043
104 158
104 373
105 807
105 1005
105 721
105 146
105 1203
106 514
106 772
106 775
106 394
106 274
106 286
106 186
106 906
106 958
106 1089
106 979
106 982
106 472
106 989
106 749
106 890
107 1010
107 387
107 380
107 205
107 1207
108 515
108 231
108 425
108 459
108 1232
108 334
108 240
108 533
108 566
109 131
109 207
109 599
109 1244
110 1157
110 774
110 391
110 584
110 650
110 716
110 655
110 540
110 489
110 556
110 309
110 1078
110 761
110 892
110 778
111 361
112 1056
112 197
112 232
112 457
112 529
112 1034
112 953
112 1125
112 613
113 256
113 644
113 457
113 964
113 667
113 1028
113 447
114 961
114 163
114 902
114 936
114 427
114 562
115 224
115 769
115 1139
115 1093
115 364
115 1069
115 1117
115 688
115 243
115 1205
115 695
115 568
115 604
115 190
116 643
116 952
116 505
116 285
118 647
118 524
118 466
118 917
118 889
118 444
118 511
119 389
119 462
119 1041
119 371
119 661
119 819
119 251
120 1127
120 589
120 400
120 662
122 539
122 933
122 1002
122 172
122 209
122 181
122 344
122 155
122 414
122 686
123 385
123 136
123 588
124 452
124 133
124 307
124 399
124 469
124 1245
124 862
124 419
124 367
124 125
124 511
125 516
125 133
125 399
125 789
125 790
125 538
125 1180
125 1183
125 624
125 933
125 426
125 307
125 949
125 185
125 189
125 706
125 983
125 292
125 347
125 862
125 1189
125 994
125 1124
125 359
125 362
125 239
125 754
125 499
125 632
125 1145
125 1173
126 192
126 137
127 131
127 805
127 294
127 883
127 149
127 856
127 341
128 1174
128 473
128 1020
128 157
129 141
129 671
129 550
129 296
129 561
129 830
129 330
129 220
129 353
129 361
129 241
130 582
130 887
130 142
130 1011
130 596
130 439
130 925
131 708
131 161
131 1033
131 557
131 786
131 355
131 468
131 341
131 599
131 734
131 353
131 291
131 1192
131 361
131 883
131 885
131 724
131 571
131 573
132 606
132 142
133 708
133 353
133 361
133 359
133 1180
134 352
134 198
134 424
134 458
134 921
134 635
135 555
135 1005
135 148
136 618
136 588
136 277
137 192
137 1026
137 969
137 299
137 851
138 353
138 708
138 429
138 238
138 687
138 797
138 438
138 221
139 850
140 422
141 773
141 398
141 275
141 534
141 669
141 671
141 298
141 1070
141 304
141 561
141 1083
141 330
141 464
141 340
141 855
141 475
141 220
141 1245
141 358
141 629
141 1150
142 1248
142 582
142 390
142 875
142 397
142 1101
142 176
142 1213
142 596
142 150
142 887
142 891
142 925
143 814
143 271
143 317
143 446
144 148
144 668
144 517
144 929
144 550
144 169
144 1085
144 335
144 339
144 1108
144 355
145 514
145 772
145 394
145 1165
145 1112
145 531
145 663
145 923
145 158
145 420
145 679
145 810
145 1197
145 305
145 818
145 441
145 1211
145 828
145 962
145 331
145 333
145 463
145 1105
145 979
145 982
145 472
145 989
145 1043
145 998
145 237
145 787
145 373
145 503
145 377
145 890
146 741
146 871
146 1005
147 195
147 172
147 621
147 494
147 527
147 1042
147 1037
147 382
147 246
147 1017
147 249
147 254
147 319
148 260
148 741
148 553
148 587
148 753
148 405
148 630
148 697
148 991
149 777
149 788
149 1175
149 168
149 301
149 825
149 707
149 708
149 353
149 1013
149 760
149 767
150 1248
150 176
150 1011
150 439
151 258
151 966
151 1096
151 841
151 1098
151 335
151 1108
151 471
151 153
151 869
151 262
151 689
151 1085
152 1061
152 361
152 298
152 669
153 581
153 262
153 522
153 268
153 973
153 911
153 853
153 412
153 756
154 647
154 398
154 1083
154 444
154 322
154 708
154 1249
154 968
154 466
154 1245
154 353
154 367
154 1150
154 511
155 322
155 454
155 609
155 913
155 1106
155 534
155 1245
155 414
155 481
155 1002
155 560
155 625
155 1054
155 633
156 515
156 644
156 231
156 648
156 457
156 1034
156 947
156 276
156 566
156 447
158 514
158 772
158 361
158 818
158 1043
158 373
158 890
158 990
159 656
159 473
160 296
160 815
161 480
161 1188
161 361
161 1164
161 301
161 341
161 573
163 936
163 523
163 427
164 280
164 977
165 1077
166 515
166 1008
166 276
166 247
166 792
166 345
166 283
168 647
168 968
168 524
168 207
168 788
168 534
168 475
168 220
168 671
168 550
168 367
168 954
168 1083
168 1150
169 587
169 260
169 683
169 618
169 471
169 972
169 1108
169 668
170 1029
170 518
170 968
170 398
170 466
170 534
170 889
170 475
170 543
170 550
170 249
170 571
170 511
171 1152
171 648
171 1034
171 1036
171 318
172 644
172 527
172 273
172 1042
172 1173
172 1184
172 1243
172 296
172 567
172 699
172 447
172 457
172 1098
172 376
172 1039
172 1189
172 1123
172 740
172 1233
172 616
172 1130
172 621
172 495
172 625
172 754
172 248
172 254
173 241
174 534
174 289
174 1245
174 442
174 699
174 330
174 576
174 215
174 344
174 570
175 336
175 626
175 379
175 731
175 295
175 1226
176 1248
176 1011
176 891
177 762
177 1159
178 320
178 708
178 998
178 775
178 361
178 1068
179 1127
179 400
179 692
179 1240
180 199
180 970
180 845
180 306
180 308
180 184
180 1086
181 576
181 833
181 195
181 1098
181 339
181 533
181 1019
181 960
181 625
181 754
181 841
181 249
181 699
182 1135
183 677
183 296
183 561
184 370
184 845
184 1041
184 306
184 308
184 884
184 703
185 524
185 671
185 419
185 550
185 426
185 949
185 954
185 444
185 455
185 968
185 330
185 466
185 475
185 353
185 997
185 362
185 889
185 511
186 1158
186 906
186 530
186 286
186 274
186 441
186 315
186 828
186 958
186 843
186 979
186 981
186 982
186 485
186 998
186 749
186 810
186 895
187 326
187 777
187 599
187 825
187 873
187 912
187 1244
187 313
187 474
187 1175
187 573
187 767
188 580
188 1035
188 973
188 942
188 915
188 948
188 861
189 624
189 227
189 997
189 455
189 239
189 496
189 212
189 1183
189 255
190 325
190 604
190 244
190 1205
190 745
191 259
191 545
191 584
191 525
191 279
191 1114
192 1026
192 451
192 804
192 710
192 851
192 969
192 1048
193 553
193 396
194 1091
194 232
194 1163
194 876
194 276
195 1185
195 303
195 466
195 534
195 671
195 444
195 1245
196 328
196 1091
196 644
196 232
196 876
196 493
196 273
196 947
197 1091
197 232
197 1161
197 459
197 876
197 276
197 345
197 858
197 318
198 352
198 424
199 970
201 647
201 524
201 367
201 671
201 419
201 292
201 426
201 1183
201 444
201 706
201 455
201 330
201 466
201 983
201 865
201 624
201 1142
201 889
201 511
202 451
203 578
203 1060
203 681
203 401
203 501
203 1177
204 320
204 1107
204 708
204 747
206 305
206 490
206 331
206 828
206 286
207 1188
207 1033
207 1164
207 786
207 724
207 1113
207 599
207 788
207 218
207 1244
208 1160
208 1164
208 791
208 1188
208 1192
208 564
208 954
208 571
208 709
208 968
208 466
208 725
208 1110
208 479
208 1134
209 900
209 517
209 1173
209 1179
209 928
209 419
209 1189
209 550
209 685
209 307
209 699
209 322
209 1219
209 454
209 967
209 215
209 475
209 220
209 754
210 880
210 261
210 839
210 425
210 1232
210 334
210 240
210 338
210 533
210 457
210 894
211 649
211 653
211 789
211 408
211 1193
211 733
211 448
211 708
211 974
211 720
211 1235
211 212
211 213
211 223
211 483
211 639
211 383
212 624
212 706
212 997
212 499
212 496
212 1009
212 632
213 516
213 550
213 361
213 653
213 1009
213 1176
213 506
213 220
214 513
214 919
214 1153
215 260
215 967
215 587
215 972
215 928
215 630
216 317
217 353
217 907
217 1099
217 691
217 220
218 550
218 760
218 475
219 1000
219 558
219 520
220 260
220 524
220 1042
220 534
220 1050
220 542
220 296
220 560
220 323
220 1098
220 587
220 353
220 361
220 1131
220 630
220 1144
220 889
220 639
220 653
220 917
220 1176
220 668
220 414
220 671
220 933
220 457
220 954
220 330
220 1099
220 708
220 713
220 972
220 974
220 466
220 1235
220 1238
220 475
220 476
220 481
220 550
220 1002
220 506
220 508
220 254
220 255
221 354
221 937
221 361
221 797
222 839
222 947
222 1028
222 447
223 516
223 1173
223 414
223 933
223 560
223 707
223 708
223 481
223 361
223 1002
223 1009
224 371
224 370
224 703
225 896
225 1075
226 353
226 708
226 589
227 706
227 419
227 708
227 997
227 353
227 361
227 496
227 307
227 1142
227 624
229 1173
229 481
229 900
229 933
229 1189
229 1002
229 560
229 754
229 686
229 344
229 699
229 607
230 930
230 366
230 975
230 785
230 434
231 1152
231 515
231 232
231 492
231 493
231 876
231 247
231 318
232 515
232 876
232 1036
232 447
232 1091
232 457
232 868
232 613
232 492
232 493
232 1125
233 742
234 330
234 671
235 708
235 534
235 353
235 399
235 1124
235 790
235 983
235 292
235 865
235 426
235 647
235 511
236 708
236 806
236 257
236 498
238 361
238 353
239 455
239 499
239 307
239 511
239 444
239 426
240 644
240 425
240 273
240 947
240 533
240 457
240 1028
240 1243
241 920
241 1178
241 799
241 418
241 676
241 711
241 971
241 737
241 740
241 999
241 360
241 616
241 507
242 443
243 513
243 1025
243 1153
243 1116
243 919
243 684
243 846
243 1117
243 695
243 666
243 604
244 325
244 745
244 266
244 327
244 364
244 1071
244 337
244 402
244 695
244 314
244 604
245 984
245 953
246 960
246 833
246 1019
246 1059
246 1185
246 303
246 1051
246 1042
246 382
246 527
246 254
247 1152
247 515
247 1125
247 1034
247 1163
247 1036
247 273
247 566
248 929
248 330
248 671
249 1029
249 527
249 273
249 1173
249 1051
249 543
249 1189
249 296
249 447
249 457
249 1098
249 621
250 1219
250 260
250 933
250 1193
250 554
250 1131
250 630
250 713
250 1144
250 516
251 801
251 834
251 970
251 1230
251 1041
251 306
251 819
251 1086
251 308
252 712
252 682
253 327
253 604
253 1205
253 314
254 550
254 621
254 303
254 527
254 475
255 398
255 534
255 671
255 550
255 1083
255 700
255 330
255 983
255 475
255 1245
255 862
255 994
255 367
255 631
255 1150
256 964
256 1087
256 667
256 447
257 708
257 361
257 353
258 618
258 268
258 853
258 412
258 1181
259 904
259 1100
259 366
259 1053
259 820
259 1114
259 778
260 550
260 696
260 837
260 713
260 475
260 861
260 738
260 995
260 869
260 1131
260 1144
260 1172
261 533
262 966
262 618
262 1098
263 905
263 446
264 592
264 290
264 757
264 1111
264 888
264 483
264 670
264 559
265 943
266 327
266 1230
266 1071
266 402
266 314
266 604
267 416
267 1004
267 847
267 755
267 1147
267 287
268 524
268 398
268 1164
268 917
268 1007
268 929
268 674
268 291
268 1188
268 1192
268 564
268 954
268 571
268 709
268 966
268 968
268 841
268 330
268 466
268 725
268 1245
268 734
268 479
268 355
268 367
268 889
268 1150
269 288
269 512
269 657
269 411
269 957
270 397
270 465
270 1213
270 606
271 836
271 488
271 393
271 874
271 748
271 905
271 316
272 357
272 850
272 1021
273 876
273 398
273 792
273 565
273 444
273 1008
273 870
273 492
273 493
273 1150
273 511
274 353
274 361
275 1061
275 844
275 561
275 629
276 1152
276 515
276 648
276 1161
276 1034
276 1163
276 1036
276 659
276 1237
276 566
276 858
276 318
277 1120
277 1098
279 584
281 1129
281 908
281 1196
281 505
281 285
282 647
282 1164
282 398
282 1168
282 1169
282 404
282 534
282 671
282 674
282 1188
282 294
282 1160
282 564
282 825
282 330
282 1217
282 326
282 968
282 466
282 723
282 1245
282 479
282 608
282 355
282 873
282 491
282 978
282 1119
282 374
282 1150
282 1023
283 1152
283 1036
283 318
284 1026
284 710
284 1141
284 1048
285 736
285 561
285 946
285 505
286 772
286 1158
286 906
286 808
286 818
286 315
286 572
286 962
286 843
286 1107
286 982
286 472
286 990
286 485
286 998
286 890
287 847
287 945
287 664
287 1084
288 758
289 1121
289 686
289 344
289 442
289 607
290 757
290 483
290 938
290 717
290 1104
290 1208
290 436
290 526
290 1111
290 888
290 1209
290 607
290 686
290 670
290 383
291 707
291 791
291 856
291 355
291 1015
291 696
291 543
291 1151
292 647
292 538
292 671
292 624
292 419
292 426
292 307
292 949
292 954
292 700
292 968
292 330
292 466
292 1236
292 353
292 994
292 1124
292 361
292 367
292 631
293 1027
293 561
294 800
294 571
294 674
294 707
294 929
294 564
294 1164
294 468
294 374
295 770
295 765
295 1095
295 1128
295 626
295 727
295 985
295 349
296 671
296 475
296 550
296 330
296 603
296 1245
296 368
296 508
297 550
297 807
297 1193
297 554
297 428
297 685
297 1203
297 696
297 826
297 1219
297 713
297 587
297 721
297 339
297 475
297 1131
297 1144
298 708
298 358
298 1070
298 340
298 855
298 669
299 1026
299 451
299 851
299 1141
300 654
301 480
301 707
301 708
301 805
301 777
301 557
301 978
301 1113
301 767
302 369
302 1222
302 556
302 1053
302 766
303 960
303 833
303 1185
303 1019
303 382
304 544
304 464
304 340
306 834
306 970
306 845
306 1230
306 370
306 308
306 1086
307 455
307 1180
307 754
307 499
307 1145
307 347
307 862
307 1183
308 834
308 389
308 970
308 845
308 462
308 819
308 1230
308 884
308 703
309 391
309 778
310 992
310 623
310 561
310 440
310 509
311 672
311 457
311 1087
311 1146
311 667
311 447
312 391
312 1076
312 918
312 541
313 1167
313 1149
313 893
313 825
313 1050
313 542
314 327
314 1071
314 337
314 402
315 353
315 749
315 958
316 488
316 874
317 748
317 910
318 515
318 566
318 792
318 345
319 960
319 1059
319 1051
319 621
319 494
319 527
319 1019
320 906
320 747
320 749
320 572
321 584
321 877
322 539
322 323
322 1099
322 560
322 754
322 1179
322 686
322 344
323 867
323 550
323 907
323 1179
323 475
324 793
324 1066
324 556
324 774
325 1088
325 1117
325 688
325 604
325 381
326 474
326 550
326 1191
326 444
326 794
326 1198
326 1136
326 873
326 893
326 542
327 364
327 1071
327 337
327 402
327 1205
327 703
328 1056
328 899
328 520
330 1028
330 518
330 534
330 1243
330 550
330 825
330 833
330 842
330 344
330 350
330 607
330 1121
330 356
330 1130
330 881
330 577
330 651
330 1173
330 1184
330 673
330 1189
330 1190
330 426
330 960
330 707
330 452
330 968
330 1233
330 466
330 475
330 1003
330 754
330 1019
330 511
331 835
331 1001
331 652
331 981
331 503
331 810
332 1188
332 1164
332 1200
332 480
332 759
332 1023
333 388
333 463
333 504
334 894
335 683
335 1030
335 587
335 972
335 941
335 944
335 630
335 665
335 668
336 993
336 1122
336 731
336 583
336 1064
336 626
336 728
336 379
337 834
337 402
337 1230
337 1071
337 370
337 1205
337 604
339 928
339 516
339 517
339 967
339 1131
339 972
339 685
339 1144
339 668
340 464
340 669
341 1217
341 725
341 856
341 1050
341 542
341 355
341 557
341 1136
342 1157
342 774
342 655
342 563
342 761
342 892
342 1114
343 1224
343 830
344 900
344 398
344 686
344 534
344 671
344 1189
344 550
344 954
344 1245
344 442
344 699
344 466
344 475
344 570
344 607
344 1121
344 1083
344 365
344 367
344 625
344 764
344 1150
344 511
345 1152
345 868
345 529
345 648
345 586
345 1170
345 882
345 659
345 1045
345 536
345 953
345 1034
346 481
346 539
346 609
346 968
346 1002
346 1150
346 466
346 917
346 954
346 1083
346 444
346 926
347 353
347 1180
347 842
347 499
347 790
347 1145
347 862
348 803
349 583
349 1128
349 1225
350 1217
350 355
350 1007
350 725
350 534
350 444
350 1245
350 734
350 511
351 820
351 1182
351 366
352 635
353 516
353 521
353 781
353 797
353 1054
353 805
353 1065
353 811
353 572
353 573
353 1089
353 843
353 589
353 906
353 856
353 862
353 867
353 358
353 615
353 883
353 885
353 631
353 632
353 633
353 907
353 669
353 429
353 690
353 691
353 700
353 448
353 714
353 1145
353 1009
353 1013
354 421
354 690
355 1160
355 791
355 668
355 800
355 674
355 1192
355 564
355 571
355 709
355 995
355 1130
355 883
355 885
355 374
355 1015
355 1151
356 929
356 1188
356 968
356 1164
356 398
356 466
356 954
356 671
357 850
358 708
358 500
358 795
359 1124
359 469
359 632
359 1145
359 862
361 906
361 1195
361 653
361 398
361 784
361 795
361 669
361 773
361 808
361 809
361 647
361 1068
361 429
361 1070
361 687
361 856
361 989
361 438
361 901
361 444
361 448
361 1089
361 974
361 1231
361 760
361 611
361 600
361 1113
361 987
361 862
361 480
361 849
361 572
361 619
361 775
361 1137
361 979
361 500
361 632
361 506
361 639
361 1022
361 511
362 426
362 949
362 607
363 768
363 612
365 483
365 938
365 686
365 607
366 1058
366 622
366 785
366 597
366 730
366 1182
367 647
367 395
367 398
367 399
367 1083
367 1028
367 794
367 1184
367 1072
367 1243
367 1061
367 1191
367 1198
367 560
367 1050
367 457
367 607
367 447
367 960
367 833
367 823
367 1236
367 469
367 1167
367 699
367 1002
367 1149
367 376
367 378
367 1019
367 893
367 1022
369 1222
369 821
369 1049
369 766
370 1088
370 1139
370 872
370 845
370 688
370 371
371 801
371 834
371 1139
371 872
371 1088
371 462
371 688
371 819
371 884
371 703
372 1239
372 575
373 962
373 579
373 708
373 394
373 1195
373 818
373 472
373 1220
374 491
374 1007
374 978
374 995
374 1015
374 1054
374 1110
374 633
374 696
374 734
375 712
375 1225
375 682
375 461
375 980
375 693
375 727
375 728
375 1204
375 731
375 1194
376 508
376 1150
377 652
378 873
378 1149
378 883
378 893
379 993
379 770
379 1064
379 1122
379 626
379 660
379 731
379 732
380 387
381 745
381 462
382 968
382 524
382 621
382 1051
382 466
382 889
382 527
382 511
383 516
383 938
383 408
383 888
383 442
383 764
384 1171
384 1239
384 537
384 575
385 588
386 809
386 1103
387 1074
387 551
389 1041
389 819
389 661
390 397
391 774
391 778
391 556
391 1078
392 900
392 609
392 1249
392 1106
392 1173
392 607
392 481
392 933
392 1002
392 560
392 754
392 691
392 699
393 836
393 488
393 814
393 701
394 514
394 472
394 962
394 1043
395 518
395 647
395 524
395 534
395 671
395 929
395 1072
395 954
395 1083
395 444
395 968
395 1245
395 1150
395 511
396 1079
396 698
397 582
397 875
397 909
397 1101
397 887
397 1213
398 1003
398 647
398 784
398 1028
398 414
398 933
398 455
398 560
398 1050
398 926
398 823
398 607
398 833
398 949
398 1243
398 619
398 893
398 1137
398 1022
399 550
399 647
399 1180
399 1236
399 475
400 1156
400 692
401 501
402 604
404 608
404 995
404 1203
404 1015
404 625
404 723
404 502
404 633
404 721
404 475
405 553
405 1005
405 721
406 704
406 654
407 459
407 558
407 1148
408 1154
408 483
408 645
408 717
408 526
408 559
408 720
408 1009
409 611
409 1065
409 714
409 528
410 1157
410 525
410 761
410 1114
410 892
411 657
412 580
412 581
412 966
412 942
412 1181
412 593
412 841
412 413
413 705
413 1098
413 1035
413 942
413 911
413 756
413 1044
413 1018
413 1181
414 699
414 647
414 625
414 754
414 1083
414 1150
415 458
415 635
416 549
416 746
416 1102
416 976
416 755
416 1084
417 770
417 1095
417 1128
417 682
417 461
417 626
417 727
417 728
417 985
418 740
419 1121
419 706
419 933
419 1180
419 686
419 1142
419 426
419 949
419 789
421 849
421 690
421 438
423 640
423 618
424 458
424 878
424 921
424 635
426 647
426 671
426 496
426 949
426 700
426 706
426 1236
426 865
426 994
426 997
426 624
426 1142
426 631
427 1126
427 936
427 523
428 516
428 1172
429 708
429 797
431 482
431 612
431 1202
431 664
435 903
436 483
436 757
436 1208
437 1229
438 687
438 849
439 1248
439 1011
439 887
439 891
440 992
440 719
440 561
440 950
440 956
441 1001
441 749
441 958
442 483
442 645
442 1121
442 938
442 717
442 1009
442 526
442 607
442 686
444 1180
444 542
444 1183
444 1072
444 926
444 577
444 455
444 1003
445 1221
446 748
446 814
447 647
447 1028
447 667
447 672
447 550
447 1083
447 1087
447 964
447 839
447 457
447 475
447 860
447 876
447 493
447 1150
448 516
448 615
448 1009
448 996
448 708
448 478
448 1080
449 694
449 487
450 548
452 647
452 1180
452 1245
452 862
453 848
453 934
454 516
454 539
454 800
454 933
454 817
454 696
454 708
454 1119
454 481
454 1002
454 502
454 633
455 1083
455 1245
455 949
455 534
455 511
455 1183
457 1091
457 964
457 647
457 876
458 921
458 635
459 899
459 520
459 1161
459 529
459 1000
459 953
459 858
459 1148
460 614
460 1097
460 920
460 986
462 1041
462 819
462 703
463 787
464 669
465 875
465 596
465 606
466 784
466 671
466 1184
466 1185
466 550
466 1067
466 978
466 1236
466 779
466 628
466 1151
468 856
469 1124
469 534
469 1245
470 525
470 1114
470 540
471 944
471 683
471 522
471 972
471 1108
471 630
471 665
471 668
471 618
472 962
472 579
472 1195
472 1043
473 963
473 1214
473 1020
474 1067
474 777
474 779
474 1136
474 497
474 628
474 873
474 1175
474 542
474 767
475 651
475 1176
475 668
475 671
475 497
475 1067
475 560
475 954
475 833
475 713
475 587
475 974
475 1106
475 825
475 1245
475 933
475 754
475 628
475 630
475 788
475 506
475 639
475 1061
476 879
476 1012
476 729
476 1210
476 763
476 1247
478 615
479 1160
479 1173
479 668
479 674
479 1188
479 1189
479 929
479 1123
479 495
480 805
480 1033
480 929
480 724
480 1244
480 573
481 1249
481 900
481 1002
481 671
481 560
481 625
481 633
481 926
482 680
482 1202
482 1014
482 1241
482 955
483 516
483 526
483 535
483 670
483 938
483 559
483 1208
483 1209
483 1104
483 1111
483 570
483 1009
483 888
483 764
484 600
484 646
486 780
487 627
487 931
487 601
488 836
488 874
489 774
489 556
489 525
490 749
490 981
491 1160
491 668
491 674
491 709
491 856
491 734
491 1151
492 1091
492 644
492 493
493 1056
493 876
493 529
493 953
494 960
494 1051
494 1037
494 1019
495 1123
495 1164
496 706
496 997
496 607
497 1067
497 779
497 534
497 1245
498 806
499 1180
499 754
499 1145
499 1183
500 708
500 669
501 578
502 633
503 1197
503 935
505 736
505 1196
505 643
505 1129
505 908
506 516
506 653
506 974
506 1176
506 639
507 614
507 999
507 1097
507 920
507 986
508 784
508 534
508 1184
508 561
508 823
508 1231
508 1245
508 550
508 1137
508 1022
509 951
509 719
509 561
509 950
509 956
510 1171
511 1029
511 534
511 1180
511 926
511 543
511 1185
511 1072
511 1080
511 671
511 1233
511 1236
511 1130
511 754
512 657
513 1025
513 1187
513 1153
513 695
514 962
514 579
514 1220
514 982
515 1152
515 876
516 1154
516 517
516 653
516 526
516 913
516 576
516 922
516 1054
516 928
516 559
516 570
516 1219
516 708
516 967
516 717
516 974
516 1176
516 826
516 1235
516 633
517 933
517 967
517 713
517 972
517 668
518 647
518 1072
518 1150
519 1065
520 899
520 558
521 816
521 708
522 833
522 929
522 1042
522 1023
523 902
523 936
523 562
524 1003
524 917
524 1185
524 1067
524 823
524 577
524 779
524 978
524 825
524 628
524 1022
524 889
525 650
525 1049
525 793
525 1157
525 1066
525 584
525 1100
525 716
525 1138
525 761
525 892
526 888
526 535
526 1118
527 833
527 1185
527 1042
528 611
528 901
528 827
529 1091
529 984
530 531
530 749
531 895
534 539
534 1072
534 829
534 577
534 651
534 607
534 1121
534 881
534 1173
534 1180
534 671
534 1189
534 1190
534 1183
534 960
534 1238
534 1061
534 1002
535 1118
537 1216
537 1239
537 575
538 994
538 631
538 700
539 913
539 1245
539 625
539 633
539 1179
539 926
540 556
541 832
541 1138
541 1100
541 1234
542 805
542 647
542 1175
542 1136
542 798
542 767
543 674
543 1192
543 1160
543 1023
545 584
546 802
546 1040
546 593
546 564
546 598
546 756
546 1181
546 1044
546 831
548 898
549 612
549 664
549 634
550 1172
550 1042
550 788
550 668
550 881
550 691
550 968
550 713
550 587
550 972
550 825
550 1238
550 873
550 1131
550 1099
550 1144
550 933
553 555
553 782
553 721
553 698
554 1219
554 1131
554 1193
554 826
555 871
556 1049
556 650
556 716
556 655
556 820
556 793
556 761
556 1066
557 856
558 642
558 899
558 613
558 1038
558 1199
558 1166
558 924
559 938
559 888
559 757
559 764
560 609
560 1002
560 1249
560 1083
560 1106
560 1179
561 1027
561 1196
561 908
561 1178
561 864
561 951
561 844
561 591
561 863
561 736
561 992
561 623
561 1061
561 629
563 761
563 1114
564 699
564 1173
564 791
564 929
564 1189
564 822
564 571
564 1110
564 1217
564 581
564 802
564 995
564 598
564 734
564 1134
565 1034
565 1008
565 792
565 636
567 929
567 1164
567 1023
568 1069
568 695
568 666
570 1121
570 686
570 607
571 1160
571 1173
571 791
571 802
571 699
571 707
571 709
571 674
571 856
571 1015
573 708
573 856
576 928
576 1121
576 1190
576 967
576 972
576 668
576 686
577 647
577 968
577 1003
577 1245
577 671
579 962
579 818
579 1043
580 1035
580 942
580 915
580 948
580 861
581 705
581 822
581 966
581 1160
581 674
581 911
581 598
581 1018
581 802
582 909
582 887
582 1213
583 993
583 1128
583 1225
583 727
583 765
584 877
584 1114
585 605
586 1170
586 1045
586 1237
587 1085
587 1144
587 713
587 696
587 1108
587 1015
588 640
588 689
588 1096
589 811
590 743
590 854
591 1178
592 1104
592 670
593 1040
593 859
593 841
593 939
593 756
593 853
593 1018
593 802
593 1181
593 1109
593 831
594 904
594 1100
595 1218
595 940
596 887
596 1213
596 1011
596 925
596 606
597 785
598 1160
598 674
598 822
598 831
599 856
599 1244
600 646
600 959
602 897
602 690
602 1081
604 745
604 1071
606 925
607 900
607 647
607 686
607 671
607 1245
607 1083
607 706
607 1249
607 1142
607 888
607 1150
608 633
609 699
609 1106
609 1173
609 926
609 1189
611 714
612 976
612 1202
612 664
612 1241
612 955
613 1091
613 876
614 999
614 986
615 708
616 740
617 737
617 1224
618 640
618 841
618 1098
618 1096
618 1108
618 1082
619 954
619 671
620 1077
621 1185
621 1037
621 1042
621 1017
621 1051
624 1121
624 706
624 686
624 949
624 789
625 1002
626 731
626 985
627 702
628 968
628 1245
628 917
628 889
628 954
628 671
629 1061
629 844
629 863
630 995
630 1015
630 713
630 1108
631 865
631 708
631 949
631 983
631 700
632 1124
632 789
632 790
633 800
633 933
633 1002
633 754
634 1063
635 921
636 870
636 1008
636 792
639 1235
639 974
639 1009
639 1176
639 922
642 899
642 1046
644 1243
644 647
644 839
644 671
644 947
644 1028
644 667
645 938
645 717
645 888
645 764
646 959
647 784
647 1180
647 1184
647 1059
647 1050
647 1083
647 823
647 1231
647 1106
647 949
647 1003
647 1136
647 754
647 1149
647 1150
648 1091
648 870
648 1034
648 792
649 996
649 1009
649 1080
649 829
650 774
650 1114
651 1245
651 671
652 1211
653 1235
653 1009
653 1176
653 922
654 704
655 1157
655 774
655 1138
655 761
656 1214
656 1174
656 1212
659 1170
659 1045
659 1237
660 993
660 731
660 1064
661 1057
661 1041
662 1156
663 1105
664 680
664 1014
664 955
665 833
665 944
665 1085
666 769
666 919
666 1069
666 846
666 695
667 672
667 1243
667 752
667 947
667 964
667 1087
667 860
667 1028
668 1164
668 929
668 1188
668 685
668 696
668 826
668 1085
668 995
668 967
668 972
668 1110
668 1134
668 1007
668 1015
669 708
669 773
669 1062
669 1070
669 855
669 795
670 757
670 1111
671 1003
671 784
671 1028
671 673
671 1243
671 1061
671 881
671 813
671 1072
671 949
671 823
671 699
671 842
671 825
671 1231
671 1245
671 1137
673 708
674 1160
674 791
674 1188
674 1110
674 822
674 1029
674 831
674 802
674 725
674 734
674 1134
674 1007
675 878
676 711
677 992
677 951
677 950
679 810
680 1241
682 771
682 712
682 1194
682 980
682 693
682 1204
682 1226
683 960
683 833
683 1059
683 1042
683 1019
683 1085
684 919
685 1131
685 972
685 1172
685 713
685 1144
686 1173
686 1179
686 1189
686 1190
686 699
686 1249
686 754
686 888
686 997
688 884
689 1082
690 708
690 897
690 937
690 781
690 1081
691 1249
691 907
691 1099
691 867
691 1179
692 1240
692 1016
695 1187
695 1025
695 1153
695 919
695 769
696 913
696 1172
696 1054
696 1217
696 713
696 725
696 734
696 1015
696 1144
697 753
697 721
697 991
698 1223
698 782
698 722
698 1079
699 900
699 933
699 1190
699 709
699 1249
699 1106
699 1189
699 754
700 994
700 865
700 708
701 814
703 1088
703 834
703 1230
703 884
705 939
705 941
705 1181
705 841
705 948
705 763
705 1044
706 997
706 789
706 949
707 929
707 978
707 1013
707 1192
707 760
708 913
708 795
708 1054
708 773
708 805
708 1062
708 747
708 811
708 1068
708 885
708 827
708 816
708 843
708 714
708 1236
708 855
708 1013
708 1043
708 1009
708 938
709 1173
709 791
709 929
709 822
709 734
709 1007
709 754
709 1023
710 804
710 1201
710 1141
710 1048
710 1115
712 771
712 1226
713 1172
713 928
713 826
713 1131
713 1193
714 901
714 1065
715 742
716 1114
717 888
717 764
718 1177
719 992
719 951
720 1009
720 764
721 1172
721 741
721 807
721 744
721 972
721 1203
721 991
723 817
724 1033
725 1160
725 1217
725 734
725 995
725 1007
725 883
725 1015
725 1151
727 771
727 1225
728 771
728 731
729 1030
729 941
729 879
729 763
730 1058
731 993
731 1122
731 771
731 1064
731 1226
731 985
732 993
732 1064
732 1225
733 1009
734 1160
734 800
734 805
734 1217
734 1233
734 1110
734 856
734 995
734 1130
734 1134
734 883
734 885
734 1015
735 1215
737 1224
739 1227
739 758
741 807
741 1005
741 1203
743 809
743 854
745 1088
746 768
746 1102
746 976
746 945
746 916
747 1107
748 814
749 1107
749 982
750 904
750 1100
750 1234
750 1076
750 918
751 1156
752 964
752 1146
752 1087
753 991
754 1179
754 929
754 1189
754 954
754 1249
754 1023
755 916
755 1147
755 1084
756 802
756 841
756 973
756 941
756 911
756 1181
756 1044
756 853
756 1018
756 831
757 1111
757 888
757 1209
758 1227
759 1200
760 788
760 1013
762 1159
763 1030
763 915
763 1247
763 941
763 879
763 948
763 1018
764 1154
764 938
766 1222
766 1049
767 777
767 893
767 1136
767 1050
768 1102
768 1014
768 955
770 993
770 1064
770 1095
771 1225
772 775
772 990
772 982
772 890
773 1061
773 795
774 793
774 892
775 998
775 1068
775 890
775 990
777 1136
777 1175
778 1078
779 968
779 1067
779 917
779 889
781 937
785 930
785 975
785 820
786 856
786 1033
788 1013
789 1009
790 1124
790 1236
790 1145
790 862
791 1217
791 968
791 1134
791 1007
791 1192
791 1110
791 954
791 1151
792 1152
792 870
792 1008
793 1114
794 1191
794 873
794 1198
798 1136
799 999
799 1097
800 913
800 978
800 995
800 1054
801 884
802 859
802 1160
802 939
802 1040
802 1109
802 1181
802 1044
802 831
804 1155
805 1217
805 1136
805 856
807 1090
807 1172
807 991
808 1107
809 1103
810 1001
810 958
812 1239
814 874
814 910
818 1220
819 1057
819 1041
820 930
820 1182
821 1049
822 1040
822 1109
822 859
823 1231
823 917
823 889
823 1083
825 1200
825 1013
825 912
825 917
826 1219
826 1009
826 1193
827 1006
828 835
828 981
829 996
829 1245
831 1160
831 939
831 911
831 1040
831 1109
832 1100
832 1234
832 1138
833 1083
833 1245
834 845
834 1230
834 1086
834 884
835 981
835 923
836 905
837 869
838 850
838 1021
839 1243
840 1153
841 1018
841 1181
841 1109
841 853
842 1145
842 862
845 970
845 1086
846 1025
846 1187
847 1004
847 1084
848 934
849 937
850 1021
851 1155
851 1048
853 1030
853 1181
853 1044
855 1062
856 1160
856 1033
856 1192
856 1244
856 1007
856 885
858 1161
859 1181
862 1145
865 949
866 1218
867 1099
867 907
868 876
868 1170
868 1045
870 1008
871 1005
872 1139
873 1191
873 1167
873 1149
873 1198
873 893
873 1050
876 1163
876 1036
876 1056
876 953
876 1091
879 1210
879 1247
881 1030
883 1217
883 1167
883 1136
883 1050
884 1088
885 1136
887 1011
887 925
888 938
889 917
889 1185
889 1080
889 978
889 1003
890 998
890 982
891 1011
892 1157
892 1114
893 1149
893 912
893 1083
893 1050
893 1150
897 1081
899 1199
899 1000
899 1046
899 984
899 924
900 1190
900 1002
900 933
902 1032
902 965
906 998
906 1089
906 1107
906 982
908 946
909 1213
909 925
911 1035
911 1030
911 915
911 1044
912 1136
915 973
915 942
915 1018
916 1004
916 1102
916 976
916 945
917 1185
917 1080
917 1231
917 978
917 1022
918 1100
918 1234
918 1138
919 1025
919 1069
920 986
922 974
922 1176
923 981
924 984
925 1011
926 1083
926 968
926 1002
926 1106
928 967
928 1131
928 1144
929 1188
929 1023
933 1173
933 1179
933 1189
933 1083
933 1150
935 1197
938 1118
939 1040
939 1018
939 1181
940 1186
941 1098
941 1012
942 973
942 948
944 1085
945 1004
945 1102
945 976
945 1084
946 1129
946 1196
947 1056
947 1091
947 1243
947 1028
948 1018
949 1142
949 983
949 1083
950 992
950 951
951 956
953 1091
953 1143
953 984
954 1184
954 978
954 1236
954 1151
955 1004
956 992
958 998
958 979
960 1019
960 1037
960 1017
960 1245
962 1220
962 1195
962 1043
963 1020
964 1146
966 1044
968 1184
968 1185
968 1067
968 1072
968 978
968 1236
968 1151
971 999
972 1085
973 1035
974 1235
974 1009
974 1176
976 1004
979 998
979 982
980 1194
980 1204
982 998
983 1236
984 1143
985 1226
990 998
993 1095
995 1007
996 1245
997 1142
998 1068
1002 1249
1002 1245
1003 1083
1003 1245
1003 1150
1004 1147
1004 1084
1006 1065
1007 1217
1007 1130
1007 1233
1007 1151
1010 1207
1011 1248
1013 1113
1014 1202
1015 1217
1015 1192
1015 1054
1016 1240
1016 1156
1017 1051
1018 1040
1018 1030
1018 1035
1018 1044
1019 1245
1020 1174
1023 1029
1025 1187
1025 1153
1025 1069
1026 1155
1026 1048
1026 1115
1028 1056
1029 1160
1030 1035
1030 1181
1030 1210
1030 1085
1030 1238
1030 1247
1036 1125
1037 1051
1039 1123
1040 1181
1042 1051
1042 1245
1043 1195
1044 1181
1045 1170
1045 1237
1046 1199
1048 1201
1048 1141
1049 1222
1050 1150
1053 1222
1056 1091
1056 1243
1063 1202
1064 1122
1066 1114
1067 1245
1069 1187
1076 1138
1076 1100
1083 1137
1084 1147
1091 1163
1091 1125
1098 1120
1099 1179
1100 1234
1100 1114
1102 1147
1104 1208
1104 1209
1106 1249
1109 1181
1110 1160
1110 1151
1114 1157
1115 1155
1119 1168
1121 1190
1121 1245
1121 1173
1123 1188
1127 1156
1129 1196
1131 1219
1131 1203
1131 1144
1131 1172
1134 1160
1134 1151
1136 1175
1137 1150
1141 1201
1144 1203
1149 1167
1150 1184
1150 1231
1151 1164
1151 1192
1153 1187
1160 1164
1160 1188
1160 1217
1165 1211
1170 1237
1172 1203
1172 1193
1173 1189
1173 1249
1173 1245
1174 1214
1180 1245
1186 1218
1189 1190
1189 1245
1191 1198
1193 1219
1195 1220
1208 1209
1225 1226
1238 1245
