0 1157
0 1104
0 1164
0 589
0 80
0 82
0 981
0 855
0 155
0 93
0 415
0 33
0 34
0 103
0 493
0 312
1 1030
1 777
1 24
1 1185
1 558
1 176
1 569
1 1119
1 63
1 967
1 861
1 873
1 359
1 108
2 325
2 70
2 336
2 1106
2 19
2 1140
2 57
2 60
3 960
3 68
3 902
3 1224
3 201
3 522
3 76
3 333
3 1039
3 18
3 282
3 94
3 416
3 871
3 786
3 434
3 606
3 190
3 821
4 5
4 841
4 76
4 1107
4 791
4 344
4 283
4 93
4 671
4 674
4 547
4 103
4 872
4 363
4 944
4 241
4 249
5 129
5 258
5 645
5 267
5 759
5 144
5 274
5 661
5 27
5 286
5 31
5 552
5 53
5 739
5 132
5 1247
5 317
5 693
5 201
5 331
5 332
5 973
5 976
5 81
5 82
5 723
5 84
5 1239
5 858
5 591
5 863
5 355
5 613
5 102
5 465
5 146
5 1149
5 1009
5 242
5 511
5 123
5 509
5 507
6 311
6 1021
7 773
7 1249
7 329
7 1100
7 654
7 912
7 721
7 92
7 733
7 801
7 614
7 808
7 628
8 711
8 1068
8 460
8 141
8 144
8 146
8 367
8 89
8 27
8 1185
8 926
8 415
8 528
8 34
8 997
8 488
8 873
8 300
8 47
8 432
8 305
8 723
8 888
8 250
8 1247
8 1149
9 14
9 1197
9 273
9 531
9 281
9 799
9 807
9 552
9 303
9 823
9 315
9 61
9 1091
9 839
9 1102
9 339
9 854
9 87
9 344
9 91
9 609
9 354
9 100
9 358
9 106
9 876
9 659
9 886
9 376
9 890
9 649
9 142
9 402
9 147
9 404
9 405
9 1049
9 921
9 672
9 685
9 1206
9 440
9 188
9 446
9 1220
9 969
9 977
9 1245
9 990
9 738
9 227
9 741
9 230
9 743
9 490
9 491
9 496
9 1010
9 756
10 45
10 13
11 283
11 413
11 670
11 671
11 36
11 944
11 962
11 712
11 723
11 233
11 622
11 1009
11 1001
12 323
12 711
12 650
12 1228
12 270
12 1149
12 144
12 146
12 334
12 215
12 541
12 1247
12 168
12 873
12 748
12 605
12 240
12 680
12 568
12 569
12 189
13 132
13 76
13 717
13 82
13 452
13 932
13 94
13 1183
13 228
13 102
13 939
13 242
13 439
13 511
14 898
14 400
14 273
14 921
14 25
14 495
14 602
14 1184
14 1051
14 1069
14 986
14 1079
14 1213
14 322
14 454
14 1096
14 979
14 213
14 474
14 219
14 805
14 225
14 99
14 485
14 234
14 111
14 379
14 1109
15 897
15 644
15 1034
15 779
15 140
15 273
15 666
15 923
15 1182
15 425
15 682
15 822
15 1013
15 710
15 332
15 726
15 217
15 735
15 96
15 98
15 620
15 757
15 937
15 510
15 895
16 70
16 845
16 1102
16 1106
16 339
16 919
16 1049
16 1180
16 96
16 867
16 785
16 940
16 877
16 1171
16 649
17 1056
17 323
17 650
17 528
17 211
17 215
17 922
17 668
17 541
17 542
17 351
17 608
17 359
17 168
17 618
17 926
17 54
17 888
17 569
18 902
18 871
18 522
18 492
18 540
19 325
19 140
19 332
19 399
19 336
19 81
19 402
19 825
19 1176
19 1240
19 1065
19 620
19 174
19 969
19 308
19 501
19 521
19 1208
19 57
19 315
19 444
19 830
20 1232
20 1046
20 466
20 878
20 144
20 146
20 52
20 54
20 1247
20 1149
20 351
21 1193
21 715
21 439
22 1154
22 291
22 774
22 1175
22 525
22 244
22 407
22 792
23 129
23 450
23 964
23 1089
23 74
23 907
23 909
23 657
23 983
23 409
23 1050
23 669
23 94
23 1183
23 544
23 932
23 102
23 615
23 297
23 746
23 939
23 364
23 114
23 1141
23 248
23 123
23 766
24 323
24 101
24 966
24 238
24 432
24 469
24 636
25 1192
25 1195
25 454
25 567
26 968
26 524
26 414
27 1024
27 642
27 259
27 900
27 521
27 138
27 781
27 278
27 155
27 28
27 286
27 928
27 675
27 36
27 39
27 174
27 437
27 1191
27 451
27 838
27 841
27 335
27 85
27 1060
27 1103
27 992
27 1188
27 872
27 935
27 1009
27 507
28 267
28 785
28 425
28 1203
28 955
28 706
28 965
28 82
28 723
28 726
28 858
28 863
28 96
28 739
28 103
28 1130
28 622
28 887
29 832
29 66
29 899
29 389
29 198
29 578
29 848
29 145
29 978
29 346
29 482
29 170
29 237
29 494
29 566
29 954
29 1078
29 126
30 258
30 909
30 409
30 927
30 297
30 428
30 818
30 1215
30 202
30 1113
30 629
30 1143
30 509
31 193
31 962
31 132
31 329
31 465
31 853
31 479
31 232
31 233
31 113
31 53
31 439
32 1200
33 1164
33 574
34 1164
34 367
35 768
35 482
35 740
35 198
35 299
35 108
35 578
35 978
35 62
36 258
36 451
36 645
36 328
36 329
36 207
36 723
36 726
36 151
36 220
36 992
36 614
36 1103
36 174
37 135
37 393
37 267
37 281
37 794
37 710
37 422
37 425
37 137
37 60
37 446
37 70
37 887
37 990
37 863
37 738
37 678
37 1010
37 247
38 545
38 362
38 1071
38 880
38 691
38 767
39 1088
39 723
39 55
40 224
40 771
40 68
40 933
40 166
40 647
40 1224
40 396
40 934
40 1156
40 92
41 295
41 338
41 697
41 634
42 713
42 1160
42 604
42 316
43 450
43 580
43 150
43 1004
43 202
43 1080
43 210
43 342
43 727
43 409
43 603
43 797
43 1183
43 930
43 746
43 598
43 914
43 817
43 499
43 820
43 1215
43 810
43 639
44 65
44 1002
44 699
44 69
44 473
46 646
46 1104
46 90
46 574
47 130
47 643
47 1068
47 367
47 656
47 754
47 995
48 683
48 423
48 1160
48 679
48 1037
48 562
48 1017
48 475
49 147
49 405
49 1049
49 1245
49 1118
49 738
49 230
49 552
49 106
49 1010
50 547
50 333
50 1063
51 192
51 972
51 306
52 1232
52 196
52 101
52 334
52 464
52 466
52 179
52 1046
52 605
52 1214
53 1063
53 333
53 662
53 241
53 118
53 1020
53 94
54 608
54 1056
54 457
54 878
54 922
54 1242
55 1088
56 192
56 512
56 545
56 583
56 1071
56 1040
56 691
56 468
56 920
57 390
57 402
57 531
57 151
57 921
57 293
57 174
57 825
57 315
57 1092
57 325
57 969
57 1140
57 502
58 935
58 75
58 399
58 1208
58 344
59 320
59 257
59 694
59 1098
59 77
59 783
59 849
59 275
59 91
59 1248
59 609
59 357
59 358
59 807
59 753
59 435
59 734
59 630
59 1016
59 187
59 959
60 384
60 531
60 852
60 151
60 799
60 738
60 100
60 585
60 490
60 1199
60 969
60 247
61 208
61 273
61 802
61 885
61 993
62 640
62 482
62 388
62 198
62 299
62 173
62 1137
62 835
62 372
62 185
62 154
62 826
63 238
63 1105
63 146
63 951
63 888
63 1247
63 636
63 575
64 1026
64 942
64 328
64 527
64 280
64 274
64 724
64 277
64 220
64 102
64 860
64 366
64 123
65 473
65 1002
66 899
66 146
66 1046
66 154
66 1185
66 179
66 566
66 697
66 1212
66 448
66 196
66 843
66 338
66 859
66 1247
66 494
66 243
66 1147
66 1149
67 388
67 975
67 146
67 516
67 412
67 170
67 558
67 626
67 873
67 185
68 902
68 522
68 271
68 1178
68 933
68 433
68 827
68 1224
68 984
68 985
68 731
68 477
68 871
68 489
68 1132
68 110
68 424
68 1011
68 245
68 745
68 763
68 255
69 160
69 1002
70 856
70 531
70 576
70 1092
70 1098
70 77
70 1102
70 91
70 96
70 106
70 1043
70 1140
70 117
70 118
70 1130
70 1154
70 659
70 165
70 678
70 1198
70 181
70 1207
70 1209
70 1210
70 1211
70 188
70 710
70 218
70 744
70 752
70 249
70 275
70 283
70 291
70 807
70 320
70 834
70 325
70 885
70 890
70 402
70 921
70 923
70 837
70 241
70 936
70 425
70 940
70 440
70 969
70 977
70 467
71 772
71 1094
71 683
71 1037
71 515
71 758
71 475
71 1148
72 1134
72 241
72 344
73 865
73 1187
73 420
73 101
73 555
73 910
73 240
73 484
73 189
73 447
74 657
74 1235
74 665
74 669
74 1183
74 746
74 428
74 112
74 1141
74 766
75 992
75 929
75 935
75 1131
75 302
75 81
75 675
75 622
75 723
75 1179
76 522
76 282
76 540
76 546
76 1139
76 186
76 190
76 674
76 216
76 94
76 103
76 492
76 113
76 627
76 1014
77 257
77 783
77 784
77 1043
77 1211
77 921
77 807
77 181
77 694
77 1217
77 837
77 467
77 214
77 87
77 347
77 1248
77 483
77 358
77 756
77 886
77 890
78 256
78 388
78 1035
78 412
78 226
78 145
78 551
78 560
78 318
79 964
79 392
79 331
79 207
79 210
79 1177
79 517
79 544
79 717
79 547
79 228
79 746
79 1141
79 1183
80 1091
80 201
80 93
81 135
81 521
81 399
81 344
81 325
81 935
81 1131
81 241
81 308
81 825
81 315
82 900
82 1101
82 1169
82 344
82 93
82 94
82 517
82 363
82 236
82 241
82 479
84 363
84 662
84 118
84 841
84 283
84 92
85 1125
85 199
85 908
85 723
85 1185
85 432
85 995
85 1079
85 888
85 1085
86 1055
87 576
87 769
87 849
87 1043
87 218
87 91
87 357
87 938
87 756
87 181
87 886
87 890
87 1211
87 764
88 258
88 645
88 1041
88 210
88 787
88 280
88 292
88 220
88 670
88 543
88 813
88 1135
88 177
88 1141
88 824
88 442
88 1183
88 509
89 770
89 997
89 460
89 1230
89 155
91 1153
91 784
91 1043
91 921
91 1082
91 842
91 337
91 1106
91 347
91 354
91 483
91 756
91 630
91 638
92 129
92 645
92 392
92 1166
92 912
92 1041
92 274
92 1045
92 857
92 132
92 795
92 669
92 547
92 933
92 1063
92 1031
92 941
92 818
92 693
92 439
92 696
92 1081
92 443
92 317
92 1215
92 1090
92 201
92 330
92 1099
92 973
92 612
92 858
92 988
92 991
92 737
92 228
92 613
92 486
92 103
92 871
92 1135
92 114
92 123
92 380
92 1151
93 1091
93 1157
93 1107
93 283
93 671
93 674
93 155
93 103
93 493
93 312
94 258
94 902
94 150
94 536
94 836
94 410
94 795
94 964
94 543
94 544
94 674
94 615
94 428
94 939
94 686
94 1113
94 871
94 439
94 824
94 317
94 831
94 193
94 452
94 197
94 330
94 717
94 1101
94 612
94 1115
94 479
94 228
94 103
94 487
94 210
94 1135
94 112
94 114
94 1141
94 248
94 1215
94 509
95 290
95 327
95 110
95 559
95 273
95 178
95 1011
95 374
95 1048
96 1024
96 900
96 137
96 138
96 962
96 1169
96 151
96 921
96 413
96 670
96 1060
96 1199
96 1207
96 841
96 726
96 614
96 872
96 233
96 246
96 383
97 413
98 325
98 585
98 138
98 1240
98 278
98 1176
98 335
98 735
98 866
98 293
98 937
98 1199
98 1007
98 757
98 332
98 889
98 315
98 444
98 830
99 995
99 199
99 1085
100 706
100 135
100 976
100 273
100 726
100 990
100 678
100 785
100 940
100 887
100 1209
101 1046
101 1030
101 136
101 139
101 270
101 790
101 541
101 420
101 1190
101 168
101 618
101 748
101 176
101 1033
101 569
101 1083
102 1089
102 904
102 907
102 268
102 1183
102 292
102 113
102 810
102 939
102 824
102 1215
102 193
102 450
102 579
102 1222
102 1101
102 207
102 210
102 932
102 479
102 228
102 746
102 236
102 241
102 114
102 118
102 1143
102 248
102 635
102 124
102 509
103 1024
103 872
103 1164
104 981
104 855
104 1164
105 1173
105 260
105 789
105 846
105 943
106 385
106 1158
106 1153
106 658
106 404
106 921
106 667
106 672
106 289
106 303
106 816
106 1082
106 956
106 957
106 577
106 1218
106 840
106 842
106 1227
106 1106
106 214
106 347
106 1118
106 741
106 480
106 227
106 229
106 230
106 117
106 638
107 458
107 411
107 582
107 426
107 1201
107 540
107 282
108 256
108 299
108 388
108 529
108 835
108 1028
108 640
108 412
108 154
108 1185
108 924
108 171
108 173
108 558
108 432
108 185
108 826
108 1212
108 323
108 324
108 1116
108 740
108 998
108 1137
108 116
108 119
108 888
108 1022
109 388
109 299
109 183
109 740
109 1116
110 352
110 616
110 1224
110 182
110 631
110 374
110 763
110 477
111 896
111 546
111 898
111 400
111 504
111 1139
111 213
111 1014
111 602
111 379
111 606
111 986
111 190
112 258
112 398
112 1241
112 409
112 410
112 285
112 581
112 810
112 428
112 1050
112 1084
112 202
112 833
112 450
112 580
112 197
112 461
112 1234
112 983
112 1113
112 499
112 375
112 377
112 124
113 274
113 932
113 939
113 818
113 952
113 1183
113 317
113 964
113 331
113 717
113 591
113 210
113 853
113 1239
113 615
113 746
113 123
113 1020
114 129
114 258
114 517
114 1089
114 909
114 914
114 787
114 409
114 645
114 547
114 810
114 820
114 570
114 927
114 450
114 579
114 1222
114 200
114 333
114 722
114 343
114 1115
114 222
114 364
114 1008
114 1138
114 1143
114 635
114 124
114 509
115 227
115 658
115 404
116 256
116 195
116 388
116 870
116 167
116 1015
116 368
116 529
116 725
116 534
116 471
116 600
116 185
116 1022
117 480
117 1102
117 921
117 957
118 131
118 140
118 144
118 273
118 661
118 1174
118 921
118 795
118 801
118 932
118 939
118 432
118 1090
118 1099
118 465
118 1106
118 344
118 858
118 733
118 353
118 612
118 486
118 913
118 873
118 728
118 623
118 1009
118 628
118 1001
118 1151
118 380
118 1149
118 1045
119 226
119 740
119 171
119 145
119 851
119 782
119 153
120 226
120 1123
120 974
120 915
120 1076
120 725
120 1015
120 761
120 122
121 710
121 135
121 723
121 1176
121 889
121 895
121 444
121 830
122 1123
122 516
122 915
122 761
123 129
123 258
123 907
123 450
123 207
123 1143
123 635
123 124
124 1113
124 665
124 410
124 548
124 810
124 939
124 428
124 686
124 817
124 818
124 831
124 450
124 579
124 836
124 210
124 932
124 487
124 746
124 615
124 248
125 992
125 929
125 315
125 961
125 1216
125 302
125 1199
125 451
125 308
125 151
125 1179
125 286
125 799
126 640
126 832
126 173
126 494
126 848
126 1137
126 851
126 346
126 478
127 1090
127 614
127 1063
127 233
127 174
127 465
127 242
127 329
127 132
127 1151
128 1153
128 868
128 742
128 337
128 498
128 370
128 470
128 1082
129 942
129 791
129 277
129 283
129 543
129 944
129 932
129 939
129 174
129 645
129 818
129 1089
129 450
129 907
129 836
129 1107
129 635
129 615
129 364
129 366
130 1184
130 1125
130 199
130 1085
131 515
131 683
131 1160
131 316
131 519
131 241
131 1108
131 344
131 1019
132 1167
132 795
132 671
132 853
132 344
132 991
132 737
132 612
132 623
132 241
132 242
132 511
133 290
133 438
133 134
133 327
133 1170
133 882
133 1011
133 1044
133 182
133 631
133 476
134 438
135 137
135 138
135 151
135 308
135 649
135 315
135 961
135 1102
135 502
136 1033
136 466
136 469
136 790
136 951
136 575
136 861
137 706
137 644
137 710
137 779
137 142
137 1240
137 735
137 682
137 822
137 889
137 444
137 895
138 897
138 1163
138 397
138 785
138 928
138 675
138 1064
138 425
138 992
138 451
138 710
138 970
138 726
138 735
138 1130
138 622
138 371
138 895
139 611
139 196
139 359
139 149
139 542
139 351
140 897
140 644
140 662
140 520
140 779
140 278
140 151
140 666
140 1182
140 799
140 1191
140 682
140 1199
140 437
140 822
140 825
140 325
140 335
140 877
140 241
140 1013
140 249
140 510
141 488
141 367
142 839
142 267
142 332
142 1240
142 147
142 1176
142 990
142 863
142 444
142 937
142 889
142 381
143 560
143 324
143 551
143 171
143 924
143 318
144 662
144 791
144 432
144 944
144 975
144 878
144 241
144 148
144 1149
145 1028
145 1035
145 269
145 154
145 288
145 170
145 1072
145 945
145 449
145 707
145 324
145 226
145 356
145 749
145 494
145 1147
146 899
146 528
146 323
146 149
146 154
146 541
146 673
146 170
146 171
146 180
146 1205
146 951
146 569
146 709
146 966
146 967
146 975
146 1105
146 211
146 729
146 1119
146 611
146 1126
146 231
146 878
146 888
146 575
146 637
147 839
147 976
147 273
147 1171
147 1118
147 671
147 490
147 944
147 249
147 446
148 873
148 215
149 1120
149 709
149 711
149 873
149 618
149 1149
149 798
149 569
149 541
149 542
149 1247
150 258
150 645
150 200
150 686
150 629
150 727
150 891
151 399
151 273
151 281
151 670
151 838
151 552
151 425
151 174
151 688
151 1203
151 955
151 446
151 962
151 710
151 329
151 726
151 953
151 614
151 233
151 752
152 865
152 1223
152 680
152 176
152 252
152 1086
152 1119
153 226
153 1028
153 171
153 304
153 564
154 899
154 524
154 403
154 788
154 534
154 414
154 803
154 1072
154 441
154 1212
154 191
154 588
154 975
154 595
154 597
154 1247
154 481
154 356
154 1126
154 870
154 619
154 749
154 373
154 1015
155 675
155 1001
155 460
155 1009
155 1164
155 723
155 286
156 977
156 552
156 273
156 921
158 522
158 1172
158 282
158 540
158 610
158 294
158 750
158 1201
159 786
159 434
159 883
159 245
159 1189
160 699
160 473
161 378
161 382
162 194
162 601
163 257
163 802
163 936
163 685
163 1197
163 273
163 467
163 181
163 854
163 734
163 959
164 864
164 869
164 294
164 999
164 553
164 786
164 526
164 1172
164 1225
165 616
165 1196
165 844
165 1106
165 206
165 573
165 948
165 182
165 921
165 477
166 771
166 933
167 600
167 185
168 432
168 1232
168 1030
168 466
168 176
168 179
168 464
168 605
168 1214
169 1123
169 905
169 205
169 975
169 1233
169 761
169 254
170 832
170 1028
170 1078
170 1126
170 494
170 975
170 851
170 566
170 346
170 1147
171 449
171 707
171 324
171 1061
171 269
171 945
171 403
171 924
171 1247
172 515
172 772
172 1160
172 1148
172 1037
172 758
172 316
173 640
173 482
174 512
174 912
174 259
174 1219
174 654
174 1040
174 273
174 537
174 286
174 799
174 913
174 795
174 926
174 1009
174 425
174 1081
174 940
174 813
174 690
174 670
174 1027
174 315
174 188
174 323
174 1092
174 325
174 838
174 583
174 329
174 971
174 923
174 1103
174 336
174 723
174 726
174 343
174 1246
174 353
174 612
174 614
174 785
174 1130
174 808
174 787
174 246
174 1065
174 507
174 509
175 1152
175 1224
175 1044
175 1178
175 290
175 745
175 1132
175 433
175 1210
175 892
176 1030
176 777
176 270
176 1232
176 466
176 211
176 538
176 1119
176 1205
176 420
176 508
176 748
176 558
176 179
176 309
176 809
176 569
176 1083
176 637
176 319
177 207
177 1041
177 527
177 988
177 228
177 941
177 236
177 509
178 1132
178 559
179 466
179 541
179 569
180 388
180 1015
180 1076
180 471
180 185
180 1247
181 257
181 837
181 783
181 208
181 1106
181 921
181 734
181 993
181 357
181 807
181 427
181 483
181 435
181 630
181 1211
181 959
182 1210
182 827
183 1145
184 196
184 508
184 555
184 748
184 484
184 270
184 1205
184 252
184 637
184 1119
185 256
185 388
185 529
185 412
185 673
185 725
185 471
185 600
185 368
185 1022
186 1152
186 513
186 582
186 1224
186 203
186 847
186 720
186 1236
186 985
186 1114
186 731
186 1178
186 1156
186 871
186 745
186 811
186 431
186 433
186 627
186 255
187 320
187 1217
187 1128
187 842
187 753
187 921
188 799
188 1007
188 336
188 273
188 1106
188 921
188 585
189 865
189 611
189 550
189 1223
189 240
189 1228
189 447
190 416
190 225
190 805
190 902
190 871
190 1109
190 408
190 474
190 1039
190 606
191 481
191 803
191 775
191 304
191 564
191 441
191 1212
192 545
192 1122
192 901
192 326
192 972
192 1071
192 691
192 828
192 989
192 767
193 836
193 392
193 527
193 858
193 591
193 988
193 228
193 613
193 615
193 693
193 317
194 1027
194 804
194 903
194 911
194 982
194 599
194 537
194 572
194 703
195 256
195 388
196 899
196 790
196 1033
196 538
196 1190
196 809
196 565
196 918
196 569
196 310
196 859
196 1117
196 618
196 875
197 200
197 297
197 810
197 909
197 819
197 1113
197 285
198 482
198 782
198 578
198 494
198 978
198 372
198 346
198 1147
199 1184
199 1125
199 995
200 1222
200 904
200 1234
200 1113
200 665
200 410
200 988
200 285
200 228
200 487
200 360
200 941
200 819
200 442
200 635
200 831
201 1024
201 513
201 900
201 902
201 1169
201 517
201 1060
201 1063
201 841
201 589
201 1101
201 1115
201 732
201 871
201 872
201 363
202 342
202 904
202 536
202 665
202 292
202 298
202 941
202 819
202 824
202 442
202 1215
202 579
202 1222
202 598
202 1004
202 1133
202 1135
202 1143
202 248
202 377
203 1189
203 234
203 396
203 786
203 1213
203 1201
203 434
203 821
203 245
203 1051
203 282
203 979
203 426
204 209
205 368
205 725
205 534
205 254
206 1196
206 856
206 1210
207 392
207 1041
207 274
207 536
207 413
207 543
207 681
207 939
207 818
207 838
207 932
207 329
207 330
207 331
207 210
207 1239
207 292
207 591
207 220
207 615
207 233
207 1135
208 993
208 802
208 885
209 462
209 505
209 767
210 939
210 268
210 909
210 657
210 932
210 297
210 298
210 669
210 450
210 579
210 1222
210 328
210 780
210 973
210 1234
210 342
210 988
210 228
210 236
210 635
211 608
211 1056
211 668
211 709
211 231
211 711
211 558
211 1205
211 729
211 1119
211 252
211 1149
211 798
211 351
213 504
213 602
214 576
214 320
214 837
214 1098
214 655
214 784
214 850
214 467
214 753
214 879
214 275
214 694
214 762
215 711
215 558
216 416
216 896
216 485
216 400
216 1109
216 408
216 474
216 986
216 606
216 805
217 620
217 931
217 682
217 845
217 815
217 1180
217 752
217 510
218 938
218 756
218 890
218 1211
218 734
218 959
219 582
219 458
219 1195
219 429
219 934
219 1051
219 1213
219 979
219 933
220 962
220 645
220 614
220 328
220 280
220 246
220 329
220 228
220 670
221 526
222 579
222 1222
222 330
222 780
222 527
222 914
222 988
222 292
222 1004
222 1133
222 1135
222 1008
222 635
223 241
223 344
224 1178
224 290
224 934
224 433
224 313
224 827
224 1224
224 847
224 731
224 489
224 424
224 627
224 245
224 745
224 892
225 546
225 1014
225 1139
225 406
226 1035
226 1233
226 1123
226 814
227 386
227 273
227 658
227 404
227 289
227 957
227 577
227 1218
227 1220
227 1227
227 741
227 876
227 496
227 376
228 258
228 517
228 392
228 1041
228 988
228 543
228 544
228 939
228 941
228 645
228 824
228 570
228 964
228 1101
228 1115
228 479
228 236
228 509
229 1220
229 876
229 496
229 404
230 384
230 839
230 852
230 405
230 281
230 1049
230 794
230 1245
230 738
230 1010
231 432
231 323
231 538
231 637
231 1247
232 962
232 242
232 246
232 1020
233 799
233 962
233 259
233 712
233 265
233 533
233 1103
233 413
233 676
233 1193
233 1130
233 1199
233 696
233 507
233 1020
233 509
234 933
234 1236
234 1114
236 904
236 1183
236 932
236 939
236 941
236 693
236 442
236 964
236 717
236 1101
236 858
236 988
236 479
236 746
236 1141
236 759
237 551
237 441
237 954
237 1147
237 318
238 966
238 711
238 873
238 1033
238 790
238 951
238 861
239 596
241 909
241 273
241 916
241 558
241 1174
241 1179
241 669
241 800
241 932
241 423
241 297
241 939
241 302
241 562
241 563
241 693
241 1216
241 323
241 711
241 332
241 873
241 679
241 620
241 1106
241 752
241 242
241 888
241 1149
241 661
242 265
242 1036
242 676
242 533
242 1161
242 452
242 853
243 859
243 899
244 672
244 549
244 774
244 792
245 960
245 352
245 647
245 523
245 396
245 463
245 720
245 1236
245 411
245 745
245 1231
245 434
245 883
246 259
246 265
246 1036
246 1167
246 785
246 280
246 676
246 439
246 1161
246 710
246 737
246 712
246 1103
246 853
246 991
246 353
246 612
246 614
246 1130
246 1005
246 623
246 1020
247 384
247 1158
247 393
247 976
247 1171
247 990
247 422
247 363
247 1007
247 585
248 1067
248 909
248 398
248 401
248 535
248 669
248 927
248 932
248 820
248 1089
248 579
248 1222
248 1143
248 722
248 1243
248 364
248 1138
248 375
248 632
248 377
248 635
249 645
249 405
249 921
249 669
249 286
249 671
249 929
249 674
249 297
249 961
249 267
249 836
249 839
249 332
249 1103
249 465
249 863
249 507
249 615
249 558
249 620
249 451
249 528
249 490
249 1151
250 736
250 908
250 367
251 625
251 1053
251 1221
252 680
252 809
252 558
252 432
252 569
252 319
252 865
252 748
253 300
255 352
255 847
255 477
255 1224
255 492
255 892
255 1201
255 1178
255 1132
255 763
255 540
255 282
256 288
256 388
256 814
257 921
257 350
257 734
257 743
257 694
257 764
257 765
258 1026
258 727
258 527
258 787
258 665
258 280
258 409
258 287
258 818
258 819
258 570
258 579
258 1222
258 328
258 343
258 891
258 366
258 499
258 629
258 1143
259 507
259 1103
259 723
259 329
260 539
260 846
261 1160
261 284
261 683
261 758
261 475
262 776
262 361
263 706
263 644
263 965
263 678
263 649
263 779
263 845
263 887
264 512
264 1058
264 583
264 362
264 903
264 306
264 1077
264 982
264 532
265 962
265 547
265 333
265 1161
266 1026
266 942
266 719
267 303
267 1169
267 1107
267 1049
267 791
267 283
267 671
267 446
268 717
268 939
268 932
268 613
268 1234
268 746
268 331
268 274
268 819
268 317
268 1239
268 665
268 1183
268 1141
269 619
269 318
270 611
270 508
270 777
270 748
270 1119
271 424
271 426
271 1224
272 391
272 283
272 413
272 671
272 838
272 329
272 333
273 1154
273 662
273 390
273 584
273 919
273 1245
273 404
273 405
273 1199
273 1158
273 672
273 549
273 518
273 561
273 867
273 1180
273 682
273 687
273 649
273 440
273 825
273 607
273 315
273 446
273 576
273 1091
273 325
273 839
273 456
273 339
273 802
273 1102
273 845
273 976
273 921
273 344
273 349
273 1118
273 738
273 374
273 490
273 1010
273 1171
273 874
274 1115
274 333
274 1234
274 317
274 1239
275 837
275 936
275 784
275 435
275 762
276 500
277 813
277 942
277 787
277 1244
277 509
278 992
278 897
278 451
278 1001
278 622
278 752
278 1009
278 675
278 723
278 735
280 645
280 838
280 328
280 681
280 962
280 527
280 329
280 670
281 976
281 1245
281 1171
281 919
281 1049
281 1118
281 1207
281 293
281 1199
281 1010
281 585
281 446
282 902
282 458
282 590
282 1114
282 540
282 1178
282 651
282 999
282 489
282 1201
282 522
283 645
283 620
283 909
283 791
283 921
283 669
283 297
283 944
283 693
283 696
283 1089
283 711
283 1103
283 952
283 1106
283 723
283 853
283 490
283 364
283 1107
283 759
283 507
283 1149
284 455
284 1095
284 1160
284 604
284 1129
284 758
284 713
284 475
284 316
285 1089
285 964
285 746
285 909
285 717
285 1234
285 819
285 1141
285 1113
285 364
285 613
286 670
286 671
286 662
286 1009
286 507
287 296
287 645
288 1035
288 814
288 1022
289 404
290 438
290 1106
290 882
290 374
290 763
290 477
291 1248
291 1106
291 435
291 921
291 959
292 517
292 914
292 543
292 722
292 1008
292 820
292 824
293 384
293 897
293 738
293 976
293 852
293 794
293 552
293 315
295 338
295 1204
295 697
295 634
296 645
296 813
296 787
296 343
296 509
297 657
297 1177
297 409
297 1050
297 544
297 428
297 669
297 944
297 1235
297 983
297 1113
297 1234
297 1143
298 409
298 964
298 1138
298 717
298 1141
298 1183
298 746
298 927
299 740
299 782
299 621
299 1116
300 643
300 812
300 367
300 754
300 596
301 1248
301 1153
301 358
301 1206
301 765
302 1131
302 315
302 325
302 390
302 935
302 399
302 723
302 502
302 671
303 404
304 832
304 481
304 803
304 1078
304 595
304 564
304 788
304 441
304 851
305 367
306 583
306 714
306 972
306 1040
306 1077
306 920
307 999
307 492
307 1172
308 706
308 315
308 965
308 678
308 521
308 399
308 688
308 953
308 887
308 1208
308 825
309 359
309 668
309 777
309 351
310 508
310 420
310 730
310 637
310 958
311 1021
311 1221
312 992
312 451
312 1157
312 906
312 1164
312 622
312 855
313 1044
314 1155
315 390
315 399
315 402
315 921
315 678
315 937
315 969
315 521
315 1208
315 757
315 1216
315 961
315 1092
315 325
315 585
315 866
315 336
315 1106
315 953
315 1007
315 501
315 502
315 1065
316 641
316 648
316 1162
316 387
316 683
316 1160
316 950
316 1108
316 475
316 604
316 758
316 1017
316 1019
317 517
318 449
318 619
318 1072
318 954
319 1120
319 1205
319 878
319 1119
320 1153
320 1217
320 1128
320 842
320 784
320 1082
320 1098
320 638
321 554
321 621
322 1006
323 899
323 777
323 528
323 558
323 926
323 432
323 1205
323 951
323 1247
323 958
323 730
323 1119
323 995
323 367
323 888
323 637
324 619
324 558
324 403
324 1247
325 399
325 921
325 1179
325 929
325 440
325 961
325 706
325 965
325 332
325 620
325 502
326 505
327 352
327 374
327 477
328 570
328 838
328 343
328 442
328 413
329 1036
329 785
329 533
329 1045
329 670
329 681
329 940
329 696
329 1209
329 962
329 838
329 712
329 952
329 853
329 726
329 343
329 676
329 614
329 486
329 1130
329 380
329 509
330 527
330 914
330 536
330 927
330 547
330 820
330 722
330 988
330 1135
330 509
331 392
331 333
332 897
332 1034
332 921
332 666
332 1182
332 931
332 1191
332 682
332 815
332 437
332 825
332 335
332 344
332 735
332 620
332 752
332 502
332 895
333 1174
333 902
333 1215
333 813
333 787
333 1045
333 853
333 669
333 1219
333 547
333 1063
333 430
333 570
333 693
333 715
333 452
333 973
333 465
333 858
333 987
333 1246
333 737
333 486
333 1167
333 971
333 1135
333 1151
333 661
334 611
334 1232
334 466
335 620
335 895
335 866
335 752
335 723
335 757
336 1092
336 962
336 531
336 402
336 1140
336 921
336 440
336 825
336 799
337 1153
337 655
337 427
337 687
337 470
337 349
337 743
337 370
337 498
337 1016
337 765
338 448
338 417
338 899
338 1111
338 697
338 634
338 859
339 738
339 1102
339 1010
339 1245
340 500
341 1219
341 1045
341 987
342 398
342 401
342 409
342 544
342 418
342 810
342 820
342 1080
342 1084
342 702
342 1215
342 579
342 964
342 581
342 1004
342 722
342 1138
342 1141
342 1143
342 377
342 635
342 639
343 942
343 909
343 1041
343 413
343 547
343 1063
343 1244
343 941
343 724
343 860
343 614
343 509
344 1174
344 558
344 662
344 1179
344 929
344 674
344 932
344 423
344 939
344 562
344 563
344 693
344 1216
344 961
344 858
344 698
344 465
344 679
344 620
344 1106
344 1134
344 752
344 759
344 661
345 626
345 1076
346 482
346 677
346 478
346 566
347 609
347 357
347 456
347 783
347 561
347 467
347 1016
347 1128
347 350
349 672
349 1153
349 435
349 1082
349 638
349 959
350 1206
350 358
350 1153
350 630
350 823
350 1016
350 734
350 959
351 650
351 922
351 798
351 1056
351 1185
351 432
351 568
351 457
351 1232
351 466
351 1242
351 608
351 359
351 618
352 1152
352 1178
352 559
352 827
352 1224
352 590
352 731
352 489
352 1011
352 745
352 892
353 962
353 747
353 662
353 715
353 430
353 1063
353 511
354 576
354 1043
354 1248
354 483
354 358
354 807
354 561
354 435
354 756
354 630
354 823
355 1024
355 834
355 872
355 751
355 1207
355 446
356 560
356 924
357 837
357 921
357 1248
357 483
357 936
357 435
357 1206
357 959
358 783
358 659
358 921
358 694
358 1206
358 1106
358 467
358 1248
358 609
358 1043
358 1016
358 765
359 1185
359 618
359 1232
359 432
359 466
359 568
359 605
359 798
361 776
362 512
362 903
362 365
362 1070
362 911
362 880
362 468
362 601
362 920
362 703
363 393
363 794
363 451
363 723
363 852
364 1089
364 909
364 1234
364 787
364 669
364 932
364 615
364 813
365 1027
365 804
365 601
365 537
365 703
366 645
366 724
366 570
367 1068
367 926
367 558
367 711
367 596
367 656
367 488
367 617
368 1123
368 761
368 412
369 1248
369 1057
369 868
369 470
369 518
369 842
369 435
370 1057
370 868
370 742
370 518
370 1153
370 584
370 874
370 850
370 498
370 1082
370 687
371 642
371 1163
372 482
373 652
373 1212
373 588
373 1165
374 744
374 559
374 1011
374 1044
374 631
374 1048
374 1224
374 573
375 544
375 964
375 632
375 819
375 1177
375 1215
377 580
377 461
377 401
377 409
377 665
377 1241
377 819
377 1080
377 632
377 639
377 1215
378 382
379 898
379 485
379 400
379 504
379 986
380 662
380 486
380 654
380 912
380 987
380 1246
381 1154
382 972
383 928
383 642
383 726
383 1064
383 1163
383 397
383 723
384 422
384 1007
384 976
384 852
384 1118
384 1049
384 990
386 480
386 1218
387 624
387 648
387 1160
388 1159
388 621
388 529
388 796
388 673
388 412
388 814
388 704
388 1126
388 1022
389 832
389 494
389 851
389 782
389 1078
389 1147
390 897
390 961
390 969
390 399
390 1106
390 921
390 735
390 929
390 866
390 678
390 1208
390 757
390 887
390 440
390 501
391 623
391 853
391 1174
391 439
391 991
391 661
392 517
392 973
393 867
393 422
393 1007
393 1171
393 919
393 794
393 1118
394 1187
394 420
394 910
394 538
394 1083
395 1186
395 933
395 458
396 1189
396 869
396 934
396 786
396 463
396 434
396 883
396 933
396 821
397 520
398 580
398 1041
398 904
398 461
398 530
398 797
398 1215
399 1216
399 929
399 1179
399 1009
399 521
399 799
400 485
400 1097
400 898
400 1014
400 602
400 986
401 904
401 1041
401 665
401 806
401 1067
401 819
401 442
401 461
401 598
401 1241
401 1004
401 632
402 897
402 895
402 937
402 921
402 552
402 1106
402 1065
402 502
402 825
402 830
402 735
403 449
403 924
404 876
404 496
404 956
404 957
404 741
405 867
405 1158
405 839
405 1118
406 587
406 871
406 474
407 672
407 427
408 546
408 1109
408 1014
408 474
409 598
409 780
409 909
409 787
409 669
409 428
409 813
409 686
409 570
409 450
409 579
409 1243
409 891
409 1004
409 629
409 1143
409 635
410 548
410 487
410 810
410 817
410 499
410 665
410 831
411 960
411 869
411 458
411 429
411 1229
411 434
411 786
412 673
412 1126
412 870
412 1015
412 975
412 1076
412 725
412 471
413 1036
413 676
413 940
413 696
413 453
413 710
413 952
413 723
413 853
413 1103
413 507
413 509
414 968
414 588
415 1164
416 513
416 902
416 871
418 817
418 930
418 499
418 603
420 875
420 1187
420 538
421 1137
421 478
422 834
422 739
422 900
422 977
422 751
422 852
422 1118
422 794
422 446
423 641
423 1162
423 1108
423 1019
424 1224
424 522
424 984
425 841
425 921
425 799
425 1199
426 1152
426 651
426 1224
426 590
426 847
426 985
426 1156
426 731
426 489
426 431
426 745
427 1153
427 936
427 1175
427 638
428 450
428 1222
428 909
428 657
428 819
428 1113
428 635
428 810
429 514
429 458
429 492
429 664
429 700
429 1023
430 547
430 737
430 1063
430 913
430 853
430 696
431 1156
431 933
431 934
431 786
431 434
431 458
432 899
432 528
432 662
432 922
432 541
432 926
432 671
432 1056
432 558
432 1205
432 951
432 1119
432 958
432 457
432 1247
432 729
432 1242
432 859
432 873
432 888
432 637
433 960
433 522
433 1224
433 745
433 492
433 1132
433 1178
434 960
434 513
434 1231
434 947
434 871
434 883
434 821
435 518
435 1211
435 1057
435 549
435 936
435 561
435 850
435 783
435 483
435 874
435 879
435 659
435 756
435 630
435 1016
435 762
435 765
436 1002
437 620
437 1188
437 710
437 1191
437 752
438 1170
438 921
439 962
439 1020
439 511
440 976
440 1106
440 1065
440 446
441 481
441 595
441 564
441 1212
441 954
442 580
442 517
442 527
442 904
442 1241
442 988
442 797
442 581
442 1084
443 801
443 912
443 662
443 486
443 808
443 1100
443 721
443 1081
444 781
446 552
446 863
446 1245
446 490
447 611
448 899
448 1111
448 697
448 634
448 859
450 939
450 780
450 932
450 806
450 810
450 1067
450 818
450 836
450 717
450 1243
450 1127
450 1133
450 1143
450 635
450 509
451 900
451 1157
451 670
451 675
451 953
451 1103
451 723
451 622
451 507
452 547
452 1063
452 511
453 512
453 838
453 583
453 1181
453 468
453 920
454 1051
454 1192
454 1236
454 567
455 705
456 1217
456 483
456 630
456 561
456 842
457 608
457 650
457 1242
457 668
458 1156
458 522
458 1069
458 664
458 1052
458 1186
458 1087
458 582
458 1096
458 862
458 1006
458 755
459 1095
461 530
461 535
461 665
461 797
461 806
461 1067
461 941
461 819
461 1080
461 1084
461 581
461 1243
461 1127
461 632
461 639
463 523
463 786
463 821
464 611
464 605
464 1046
464 569
464 541
464 1214
465 662
465 671
465 1063
465 1090
465 853
465 991
465 623
465 1151
465 1020
466 843
466 660
466 859
466 605
467 842
467 783
467 784
467 659
467 921
467 936
467 1206
467 823
468 583
468 903
468 911
468 1040
470 1057
470 868
470 742
470 518
470 584
470 874
470 498
470 655
470 687
471 1015
471 1233
471 761
471 1144
471 626
471 1112
472 750
473 684
473 1168
473 689
473 893
474 1014
474 902
474 1097
475 1155
475 772
475 1160
475 994
475 1148
475 563
475 1019
476 1170
476 882
477 489
477 559
477 745
477 1178
478 640
478 494
478 1137
478 851
478 1147
479 1036
479 939
479 717
479 1101
479 527
479 676
479 932
479 988
480 1218
480 957
481 775
481 564
481 788
482 578
482 978
483 576
483 783
483 1043
483 1248
483 561
483 756
483 630
483 1016
483 959
484 809
484 538
484 1083
484 1119
485 896
485 546
485 1097
485 1139
485 986
486 547
486 773
486 614
486 1063
486 808
486 654
486 628
486 1081
486 733
487 810
487 817
487 499
487 819
487 665
487 831
489 1224
489 492
490 1118
490 976
490 990
490 671
491 876
491 741
492 582
492 522
492 651
492 1229
492 590
492 847
492 627
492 1172
492 755
492 985
492 1178
492 731
492 745
493 1091
493 1164
493 732
494 1028
494 578
494 978
494 564
494 566
494 1147
495 504
495 602
497 538
498 1153
498 868
498 687
499 548
499 645
499 817
499 819
499 665
499 603
499 930
499 831
500 708
501 895
501 1065
501 937
501 921
501 757
501 502
501 825
502 961
502 678
502 969
502 531
502 1208
503 857
503 1166
504 898
504 1003
504 805
504 986
505 1122
505 714
505 1071
505 880
505 691
505 901
505 828
505 989
505 767
506 1032
506 829
506 1150
507 670
507 671
507 675
507 712
507 1103
507 723
507 992
507 1001
507 1005
507 622
507 1009
508 918
508 875
508 538
508 1083
509 942
509 1041
509 536
509 645
509 824
509 570
509 719
509 1244
509 1135
509 1143
510 620
510 931
510 682
510 877
510 752
510 666
510 815
510 1034
510 1182
511 1193
511 971
511 1036
511 1167
511 612
511 533
511 696
511 991
512 1077
513 869
513 587
513 786
513 1189
514 582
514 1229
514 755
514 664
514 700
514 862
514 1023
515 800
515 994
515 519
515 683
515 1037
515 758
515 728
515 894
516 1126
516 1233
516 905
516 975
516 1123
516 915
516 761
517 527
517 1041
517 904
517 543
517 818
517 693
517 1183
517 836
517 973
517 858
517 1115
517 988
517 613
517 615
517 1141
518 1057
518 868
518 742
518 842
518 850
518 784
518 1217
520 940
520 620
521 688
521 723
521 953
521 1208
521 825
522 1152
522 902
522 651
522 582
522 1224
522 847
522 745
522 755
522 892
523 960
523 786
523 883
524 968
524 1212
524 588
525 672
525 549
526 864
526 553
527 536
527 717
527 1115
527 988
527 1041
527 1008
528 777
528 671
528 926
528 1247
529 1022
530 581
530 557
530 1018
530 1084
530 702
532 1077
532 695
533 962
533 614
534 782
534 1144
534 1112
534 1212
535 580
535 1127
535 632
535 1067
535 717
535 964
535 1243
535 797
535 1215
536 547
536 1063
536 988
536 1135
536 1138
536 722
536 927
537 1027
537 903
537 911
538 555
538 809
538 748
538 1117
538 1187
538 884
538 777
538 730
538 1083
538 637
538 958
539 946
539 789
540 902
540 590
540 1178
540 627
540 1236
540 651
540 1114
541 1185
541 843
541 701
541 660
541 605
541 1214
542 650
542 878
543 939
543 932
544 1067
544 669
544 973
544 988
544 1133
544 632
544 635
545 714
545 1071
545 691
545 767
546 1003
546 1039
546 805
547 902
547 904
547 1036
547 913
547 661
547 1174
547 674
547 973
547 690
547 971
547 853
547 858
547 623
548 930
548 645
548 810
548 817
548 603
549 1248
549 792
550 865
550 1086
551 619
551 749
551 1072
551 945
551 954
552 834
552 976
552 977
552 1049
552 1118
552 751
552 990
552 1207
553 864
554 1074
554 1146
554 718
554 633
555 809
555 1083
555 1117
556 920
556 601
557 1041
557 941
557 665
557 1018
557 1084
557 702
558 899
558 777
558 791
558 924
558 671
558 1205
558 975
558 944
558 859
558 1119
558 1126
558 1107
558 888
558 637
559 1132
559 1048
559 921
559 763
560 1072
561 576
561 1217
561 630
561 1043
561 784
561 1106
561 756
561 921
562 1162
562 1019
563 800
563 1094
563 683
564 595
564 788
565 1190
565 1033
565 790
566 677
566 1126
566 851
566 1147
567 1096
567 1069
567 1006
567 1192
567 1051
568 611
568 650
568 660
568 605
569 1205
569 878
569 660
569 1119
570 1089
570 941
570 907
570 669
570 719
571 1226
571 645
572 601
573 844
573 631
573 827
575 1247
575 636
576 1217
576 842
576 784
576 1043
576 756
576 921
576 890
578 832
578 782
578 851
578 1147
579 914
579 964
579 669
579 1183
579 932
579 810
579 939
579 1138
579 818
579 820
579 1215
579 836
579 1222
579 722
579 746
579 1008
579 1141
580 598
580 904
580 819
580 797
581 904
581 941
581 665
581 1084
581 1018
582 1096
582 1069
582 1006
582 664
583 1040
583 1077
584 868
584 1082
584 655
584 638
585 739
585 1092
585 852
585 1065
585 990
587 902
587 871
587 1109
588 1165
589 1091
589 1164
589 732
590 1201
591 1115
592 1095
593 1160
593 692
593 881
594 1073
594 1066
594 980
596 736
596 617
597 1212
597 749
597 924
598 1004
598 914
598 722
598 797
598 1215
599 601
601 911
601 982
601 703
603 810
603 831
605 1232
605 611
605 1030
605 650
605 899
605 1046
605 660
605 859
605 1214
607 885
607 783
608 1056
608 650
608 1242
608 668
608 798
609 1043
609 1206
609 1012
609 890
611 650
611 660
611 1214
611 1247
611 865
611 618
611 748
611 888
613 1234
613 1115
614 808
614 681
614 1031
614 813
614 1199
614 696
614 1081
614 799
614 838
614 712
614 952
614 853
614 676
614 1005
614 1020
615 645
615 1089
615 836
615 1222
615 1115
616 948
616 856
616 1210
617 736
617 1068
617 656
617 754
618 878
619 945
619 1212
620 897
620 1034
620 1188
620 1191
620 815
620 825
620 735
620 877
620 1013
620 895
621 835
621 740
621 826
621 796
621 1146
622 1131
622 1157
622 935
622 681
622 1103
622 1169
622 841
623 962
623 662
623 1063
623 747
623 1151
623 991
624 1160
625 1053
625 1054
625 1221
626 1126
626 975
626 1112
627 902
627 1201
628 1031
628 912
628 662
629 645
629 1143
629 727
629 891
630 936
630 1248
630 756
630 1016
631 744
631 844
631 1011
632 717
632 1177
632 1215
632 797
632 639
633 1042
633 949
634 1204
634 917
634 1111
634 697
635 1177
635 669
635 927
635 932
635 820
635 1183
635 1215
635 964
635 746
635 722
635 1008
635 1141
636 951
636 1149
637 918
637 875
637 729
637 1083
638 687
638 1098
638 1082
639 1004
639 1080
639 819
639 665
640 1137
641 683
641 1108
641 1019
642 1064
642 1163
643 736
643 908
643 754
644 845
644 822
644 1180
645 1038
645 665
645 670
645 686
645 944
645 818
645 819
645 671
645 1226
645 1107
645 727
645 988
645 891
646 1029
647 934
648 1160
649 706
649 931
649 965
649 678
649 682
649 845
649 1102
649 815
649 887
649 1180
650 1056
650 843
650 1242
650 1214
650 922
650 668
652 968
654 801
654 1099
654 1062
654 808
654 1031
654 1100
654 912
654 1045
654 1063
654 1249
655 1248
655 1153
655 868
655 1217
655 842
655 742
655 687
655 784
656 736
657 909
657 746
657 1141
657 669
657 1183
659 1248
659 1206
659 1016
659 921
660 701
660 1025
660 843
660 899
660 859
661 1174
662 773
662 907
662 1167
662 801
662 932
662 939
662 690
662 693
662 1090
662 711
662 971
662 1100
662 733
662 991
662 721
662 873
662 1009
662 1001
662 759
662 737
662 1149
662 1151
664 1096
664 1052
664 1006
664 1069
664 1229
664 755
664 1087
664 700
664 1023
665 1050
665 819
665 1080
665 1084
665 983
665 1241
665 1018
665 766
666 682
666 752
666 1182
666 1034
667 840
668 1056
668 709
668 922
668 1242
668 798
669 1089
669 907
669 909
669 1177
669 671
669 1075
669 1183
669 1215
669 833
669 717
669 1235
669 983
669 746
669 1141
669 766
670 785
670 1199
670 696
670 1209
670 992
670 1103
670 853
670 1001
670 1130
670 1020
671 921
671 1179
671 1185
671 674
671 926
671 952
671 1216
671 839
671 992
671 1001
671 1009
671 1151
672 1198
672 921
673 870
673 1247
674 1063
675 992
675 1131
675 935
675 841
675 688
675 723
675 953
676 944
678 706
678 841
678 1106
678 921
678 965
679 1162
680 865
680 1205
680 1086
680 1119
681 838
681 723
681 1103
681 853
682 1034
682 779
682 1182
683 1155
683 1160
683 1162
683 1108
683 758
683 1017
684 1168
684 689
685 1197
685 854
686 1143
686 727
687 742
687 1082
687 850
688 1199
689 1168
690 1063
690 971
690 913
691 714
691 1070
691 1071
691 880
691 767
693 900
693 1060
693 1063
693 944
693 841
693 1101
693 1107
693 858
693 1115
693 872
693 759
694 1248
694 784
694 765
696 962
696 838
696 791
697 1111
698 1134
698 1047
700 1229
700 862
702 1018
702 941
703 804
703 903
703 911
704 796
704 1159
706 887
706 845
706 1169
707 1061
707 945
709 878
709 798
709 1247
710 781
710 1169
710 921
710 1188
710 1199
710 1207
710 834
710 841
710 977
710 1106
710 751
711 899
711 791
711 944
711 859
711 873
711 1107
711 1149
712 962
712 1005
712 1103
714 767
715 1090
715 971
715 737
715 747
716 760
717 909
717 1101
717 973
717 1234
717 988
717 1143
719 1244
719 942
719 724
719 860
720 1236
720 1051
721 1249
721 1031
721 912
722 1222
722 1138
722 1135
722 1215
723 781
723 1169
723 928
723 929
723 1064
723 944
723 1191
723 961
723 838
723 841
723 970
723 1208
723 1107
723 1188
723 1103
723 992
723 995
723 1163
724 813
724 787
724 860
725 782
725 1233
725 761
726 1163
726 1169
726 1199
726 1209
726 834
726 841
726 1130
726 751
727 810
727 891
728 800
728 994
728 758
728 894
729 918
729 1247
730 875
731 1224
731 985
731 763
732 1091
733 1031
733 912
734 921
734 938
734 879
734 1016
734 762
734 764
734 765
735 752
735 1007
736 812
736 1068
736 754
736 1142
737 1151
738 977
738 867
738 1171
738 1199
738 1007
738 1118
738 1158
738 1049
738 990
739 900
739 872
739 976
739 1169
739 841
740 1028
740 782
740 835
743 769
743 1153
743 1106
743 921
743 764
744 844
744 1106
744 1011
745 1152
745 1178
745 960
745 1224
745 847
745 883
745 763
746 1183
746 1222
746 780
746 1234
746 1133
746 1141
746 766
747 1193
748 777
748 1205
748 809
748 1119
749 1072
749 1212
751 1207
751 921
752 897
752 1034
752 1182
752 1188
752 825
752 1106
752 877
753 1128
753 1106
753 1082
755 1096
755 1069
755 1006
755 1087
755 1052
755 1023
756 783
756 1043
756 921
756 936
756 1211
756 849
756 1248
756 886
756 764
758 994
758 772
758 1160
758 1037
758 1148
758 1155
758 950
758 894
759 1115
759 944
759 1107
759 858
761 1123
761 1015
761 974
761 905
761 915
762 1217
762 842
762 879
762 936
763 1224
763 985
763 1178
764 769
764 1043
764 886
764 1012
764 890
765 1206
765 1153
765 1016
765 959
766 833
766 1235
766 909
766 819
766 1141
767 880
768 832
768 782
768 851
768 1078
768 1147
769 1211
770 1230
771 933
772 1037
772 950
772 1148
773 1081
774 1175
774 792
775 803
775 1212
777 1117
777 926
777 1185
777 875
777 888
777 1086
778 1088
778 1238
780 964
780 914
780 1133
780 1008
780 1177
780 1183
781 1240
781 1176
781 889
781 830
782 835
782 1028
782 826
783 1043
783 837
783 936
783 1206
784 879
784 850
785 962
785 1169
785 1106
785 921
786 960
786 902
786 871
786 883
786 1156
786 947
787 1089
787 813
787 860
788 1212
789 1173
789 846
789 943
790 1190
790 1033
791 1103
791 1107
791 853
791 1149
792 1175
794 1024
794 1060
794 872
795 1090
795 1151
796 1159
797 1067
797 806
797 1127
797 1004
798 1205
798 878
798 1119
799 923
799 838
799 1199
799 1203
799 1208
799 953
799 955
799 1065
800 994
800 1094
800 1134
800 894
801 1062
801 1100
801 912
801 1081
802 885
806 1241
807 936
807 849
807 1106
807 1016
807 921
808 1062
808 1031
809 1119
810 930
810 817
810 818
810 819
810 831
812 1202
812 1142
813 1089
813 1063
813 1244
813 907
813 860
814 1035
815 931
815 877
815 1013
815 822
817 831
818 1222
818 1089
818 907
818 1143
819 1050
819 1075
819 831
819 833
819 1234
819 1235
819 1241
819 1018
820 1222
820 1004
820 1133
820 1135
820 824
820 1215
821 869
821 902
821 947
821 1189
822 845
823 1106
823 1206
823 1016
823 921
824 1138
824 932
825 1065
825 1208
825 969
827 1224
827 1106
827 921
829 1194
829 1150
830 866
831 930
832 848
832 978
832 851
832 1147
834 955
834 977
834 1106
834 1203
834 923
835 998
836 1143
836 1115
836 907
837 1217
837 842
837 921
838 952
838 1103
838 1199
838 853
841 923
841 940
841 1203
841 955
841 863
842 1057
842 850
842 1217
843 899
843 1232
843 859
844 856
844 1210
845 965
845 877
845 1013
845 887
847 1152
847 1178
847 892
848 1147
848 851
849 1043
849 886
849 890
850 1153
850 1217
850 874
851 1028
851 1078
852 900
852 1007
852 1049
852 990
853 962
853 1107
853 1020
853 1151
854 1197
855 1157
855 906
855 1164
856 1106
856 948
856 1210
857 1063
857 1166
858 900
858 1169
858 1063
858 1101
858 1107
858 872
859 899
859 1046
859 1247
859 1149
860 1026
860 942
861 1247
862 1229
862 1023
863 976
863 944
863 1169
863 1049
865 1205
865 1086
865 1119
866 889
867 1158
867 919
867 1171
868 1057
868 1153
869 1189
869 902
869 947
870 1123
870 1233
870 905
870 1144
870 1212
870 1112
871 1224
871 1189
873 975
873 878
873 1149
874 1248
874 1082
875 958
875 1119
877 931
877 1013
878 1120
878 1247
879 936
879 1106
879 959
880 903
880 1070
880 911
883 960
883 902
883 1231
885 936
885 921
886 1043
886 921
886 1012
887 1169
887 1180
887 965
888 1247
888 926
890 938
890 1106
890 921
890 1211
892 960
892 1132
892 1178
893 1002
897 1007
898 986
899 1046
899 1212
899 1247
899 1147
899 1149
900 992
900 1203
900 940
900 955
901 1122
901 989
902 1189
902 960
902 1109
903 1027
903 911
903 1077
904 1101
904 1241
904 988
906 1157
906 981
907 939
907 909
907 932
908 995
909 944
909 1089
909 1234
910 1083
911 1027
911 1077
912 1062
912 1031
913 1063
914 1222
914 1004
914 1133
914 1135
914 1008
915 974
918 1083
919 1102
919 1010
919 1049
919 1245
920 1077
920 982
921 1154
921 1044
921 1198
921 1207
921 936
921 940
921 1203
921 1140
921 1092
921 977
921 1128
921 1211
921 955
921 923
921 1206
922 1056
923 1106
923 1207
924 1072
927 1004
927 1138
927 1143
927 1215
929 1216
929 1131
929 1208
929 1179
931 1013
932 939
932 1215
932 1089
932 1101
933 1006
933 1224
933 1156
934 1156
935 961
935 1179
936 1043
936 1211
936 1106
937 969
938 1211
938 959
939 1089
939 1222
939 1101
939 1141
940 962
940 1199
940 1106
940 1102
941 1041
941 988
941 1084
941 1018
944 1036
944 1103
944 1149
944 1151
947 1189
948 1011
948 1210
950 1160
950 1148
951 966
951 1149
951 1247
953 1199
954 1147
955 1207
955 1169
956 957
959 1154
959 1016
960 1152
960 1231
962 1065
962 1209
962 1103
962 991
962 1130
962 1005
962 1193
964 1133
964 1222
964 973
964 1101
964 1234
965 1180
966 1105
966 1247
967 1185
967 1247
969 990
971 1063
973 1063
973 1177
975 1126
975 1212
975 1247
976 1007
976 1010
976 1245
977 1106
977 1207
979 1096
982 1077
983 1235
984 1224
985 1224
986 1139
986 1014
987 1219
987 1045
987 1246
988 1041
988 1177
988 1101
988 1115
988 1135
988 1008
990 1199
990 1140
991 1151
992 1131
994 1094
995 1079
995 1085
997 1230
999 1172
1000 1202
1000 1142
1001 1103
1003 1097
1003 1014
1004 1008
1004 1138
1004 1241
1004 1080
1007 1092
1007 1245
1008 1133
1009 1208
1010 1171
1010 1118
1010 1199
1010 1245
1011 1224
1012 1211
1013 1180
1014 1139
1014 1109
1014 1039
1016 1248
1016 1153
1016 1206
1017 1160
1017 1162
1017 1037
1018 1084
1019 1108
1020 1151
1020 1101
1020 1193
1020 1115
1024 1060
1026 1244
1030 1214
1031 1249
1031 1081
1036 1063
1037 1094
1037 1155
1037 1148
1038 1124
1039 1139
1041 1101
1041 1241
1043 1106
1043 1211
1043 1206
1044 1132
1044 1106
1045 1219
1045 1099
1045 1246
1046 1214
1047 1134
1049 1102
1049 1171
1049 1245
1049 1118
1050 1075
1051 1195
1051 1192
1051 1236
1051 1114
1052 1087
1053 1221
1054 1221
1063 1174
1063 1135
1063 1161
1063 1151
1064 1163
1065 1199
1065 1140
1067 1177
1067 1241
1067 1243
1067 1215
1069 1096
1072 1212
1074 1146
1076 1123
1077 1093
1078 1147
1079 1085
1081 1100
1083 1187
1086 1223
1086 1205
1086 1119
1088 1238
1089 1234
1089 1215
1090 1151
1092 1199
1093 1110
1094 1155
1094 1160
1094 1148
1098 1106
1099 1246
1102 1158
1102 1130
1102 1106
1102 1180
1105 1247
1106 1154
1106 1207
1106 1198
1106 1210
1106 1248
1106 1203
1106 1107
1106 1140
1109 1139
1113 1143
1114 1192
1114 1195
1114 1201
1114 1236
1115 1239
1117 1119
1118 1245
1119 1247
1119 1120
1123 1233
1126 1212
1126 1247
1127 1241
1127 1215
1130 1169
1130 1209
1132 1152
1132 1224
1132 1178
1132 1210
1133 1177
1138 1222
1138 1143
1138 1215
1141 1183
1141 1234
1142 1202
1151 1167
1151 1193
1152 1178
1154 1248
1154 1198
1154 1237
1154 1175
1157 1164
1158 1245
1160 1162
1165 1212
1169 1203
1169 1209
1171 1245
1178 1224
1179 1208
1183 1222
1183 1234
1189 1231
1195 1236
1199 1208
1199 1245
1201 1224
1201 1236
1203 1207
1205 1247
1208 1216
1215 1243
1219 1246
1241 1243
