0 1
0 4
0 8
0 10
0 15
0 1050
0 34
0 554
0 302
0 82
0 340
0 855
0 601
0 1039
0 866
0 443
0 103
0 114
0 373
0 374
0 375
0 447
0 893
0 648
0 395
0 157
0 1191
0 955
0 1212
0 959
0 196
0 630
0 967
0 972
0 1230
0 1238
0 744
0 754
0 254
1 1184
1 455
1 169
1 562
1 1001
1 95
2 97
2 772
2 488
2 743
2 141
2 941
2 1104
2 760
2 764
3 1154
3 707
3 457
3 970
3 1164
3 527
3 145
3 18
3 1048
3 542
3 356
3 298
3 107
3 622
3 624
3 242
3 1140
3 117
3 375
3 1208
3 955
4 128
4 900
4 904
4 265
4 527
4 1100
4 787
4 788
4 750
4 150
4 981
4 47
4 156
4 413
4 417
4 896
4 440
4 796
4 810
4 560
4 1032
4 691
4 949
4 777
4 312
4 186
4 573
4 959
4 320
4 193
4 195
4 838
4 455
4 1097
4 331
4 923
4 944
4 81
4 466
4 851
4 270
4 1111
4 601
4 220
4 222
4 1127
4 233
4 1213
4 499
4 372
4 117
4 248
4 725
5 736
5 196
5 583
5 9
5 202
5 77
5 276
5 988
5 1181
5 1125
5 866
5 931
5 357
5 168
5 684
5 302
5 626
5 436
5 504
5 314
5 379
6 1088
6 322
6 548
6 264
6 752
6 1096
6 178
6 376
6 159
7 1088
7 322
7 899
7 900
7 264
7 847
7 17
7 1106
7 248
7 29
7 30
7 506
7 807
7 188
7 42
7 752
7 689
7 178
7 691
7 233
7 316
8 1216
8 15
8 923
8 540
8 544
8 43
8 557
8 942
8 562
8 57
8 448
8 1184
8 707
8 340
8 729
8 736
8 104
8 107
8 757
8 631
8 122
9 259
9 940
9 778
9 656
9 145
9 146
9 791
9 670
9 389
9 544
9 931
9 168
9 988
9 684
9 436
9 314
9 65
9 672
9 202
9 224
9 80
9 209
9 736
9 92
9 221
9 1125
9 352
9 928
9 357
9 626
9 121
9 1147
10 1031
10 778
10 271
10 276
10 25
10 26
10 544
10 1064
10 564
10 828
10 581
10 583
10 439
10 1103
10 346
10 93
10 351
10 354
10 871
10 872
10 1133
10 1149
10 126
10 392
10 907
10 156
10 1188
10 709
10 209
10 1246
10 736
10 1006
11 963
11 646
11 233
11 881
11 691
11 1015
11 248
11 188
12 713
12 589
12 272
12 421
12 807
12 873
12 369
12 180
12 1015
12 948
12 575
13 266
13 244
13 24
13 1226
13 522
14 1127
15 448
15 931
15 196
15 1125
15 425
15 77
15 145
15 436
15 504
15 379
15 988
15 357
16 708
16 617
16 471
16 1214
17 1026
17 899
17 264
17 911
17 471
17 159
17 617
17 689
17 1214
18 384
18 54
18 1164
18 528
18 1083
18 1106
18 30
18 1232
18 104
18 298
18 630
18 430
18 884
18 554
19 1089
19 1114
19 711
19 1065
19 843
19 556
19 546
19 143
19 531
19 467
19 244
19 633
19 666
20 395
20 452
20 392
20 590
20 404
20 152
20 1118
20 932
20 166
20 1072
21 307
21 85
21 1033
21 1210
21 238
22 266
22 1249
22 524
22 525
22 531
22 279
22 153
22 285
22 546
22 805
22 552
22 317
22 446
22 835
22 580
22 1221
22 711
22 587
22 335
22 35
22 350
22 481
22 482
22 227
22 868
22 618
22 1132
22 749
22 1143
22 249
23 321
23 388
23 358
23 70
23 1062
23 1164
23 1103
23 336
23 920
23 985
23 378
23 348
23 93
23 990
23 995
23 943
23 102
23 860
23 490
23 978
23 239
23 433
23 242
23 52
23 887
23 564
23 122
23 828
23 1149
23 296
24 133
24 919
24 1182
24 994
24 167
24 44
24 186
24 1086
24 831
24 992
24 726
24 1241
24 1082
24 480
24 758
24 767
24 277
25 449
25 388
25 392
25 846
25 1230
25 792
25 601
25 157
25 544
25 34
25 37
25 943
25 424
25 221
25 148
25 74
25 959
26 132
26 325
26 390
26 135
26 521
26 76
26 397
26 846
26 717
26 82
26 334
26 1238
26 1177
26 91
26 348
26 221
26 453
26 864
26 609
26 995
26 420
26 975
26 424
26 876
26 685
26 175
26 498
26 500
26 1077
26 438
26 1146
26 1019
26 74
26 597
27 659
27 572
28 580
28 524
28 910
28 429
28 210
28 611
28 85
28 470
28 283
28 284
28 989
28 286
28 1173
28 993
28 547
28 485
28 938
28 109
28 48
28 50
28 118
28 953
28 277
29 770
29 1227
29 900
29 780
29 715
29 652
29 60
29 56
29 1047
29 90
29 1245
29 801
29 418
29 548
29 683
29 105
29 1066
29 427
29 1026
29 178
29 691
29 1129
29 248
29 58
29 1215
29 255
30 393
30 1164
30 1166
30 784
30 1177
30 298
30 691
30 445
30 846
30 1232
30 1106
30 863
30 877
30 123
31 683
31 263
31 906
31 1245
31 225
31 101
31 171
31 108
31 112
31 625
31 58
31 187
31 253
31 1215
32 256
32 266
32 85
32 279
32 281
32 411
32 1205
32 48
32 181
32 186
32 1020
32 345
32 1087
33 979
33 441
33 396
34 388
34 389
34 392
34 395
34 792
34 985
34 791
34 152
34 923
34 1072
34 933
34 940
34 942
34 943
34 304
34 433
34 1203
34 439
34 57
34 449
34 907
34 452
34 837
34 972
34 590
34 81
34 338
34 1108
34 853
34 727
34 612
34 860
34 93
34 1118
34 103
34 361
34 871
34 495
34 882
34 126
35 1089
35 580
35 711
35 143
35 210
35 547
35 1237
35 472
35 283
35 286
35 109
35 467
36 645
36 1101
36 907
36 142
36 148
36 156
36 1053
36 670
36 1191
36 430
36 943
36 1203
36 52
36 693
36 440
36 333
36 973
36 336
36 722
36 855
36 1118
36 656
36 1123
36 104
36 235
36 296
36 501
36 404
36 122
36 1151
36 1021
36 127
37 448
37 388
37 392
37 907
37 77
37 1039
37 792
37 156
37 1181
37 1118
37 352
37 871
37 373
37 504
38 243
38 662
38 620
39 576
39 1093
39 1169
39 136
39 842
39 748
39 817
39 99
40 333
40 974
40 1197
40 860
40 621
40 373
40 893
41 260
41 530
41 423
41 48
41 179
41 692
41 69
41 79
41 980
41 485
41 1139
41 244
41 382
42 641
42 900
42 712
42 137
42 715
42 858
42 180
42 502
42 186
42 316
43 448
43 68
43 566
43 77
43 657
43 82
43 351
43 354
43 357
43 872
43 1131
43 581
43 433
43 438
43 439
43 1019
44 66
44 454
44 1226
44 1163
44 212
44 856
44 1180
44 162
44 1094
44 1003
44 45
44 984
44 247
44 1209
44 570
44 827
44 957
44 766
45 362
45 878
45 463
45 593
45 275
45 526
45 822
45 823
45 186
46 904
46 1032
46 186
46 1119
46 543
47 386
47 875
47 1161
47 139
47 654
47 600
47 660
47 534
47 925
47 162
47 1201
47 391
47 173
47 1053
47 817
47 306
47 670
47 329
47 955
47 637
47 1222
47 199
47 201
47 842
47 693
47 1107
47 983
47 216
47 858
47 353
47 996
47 721
47 747
47 748
47 190
47 502
47 248
47 894
48 256
48 1024
48 260
48 133
48 1160
48 266
48 267
48 144
48 281
48 1207
48 1182
48 1055
48 546
48 677
48 167
48 552
48 1194
48 812
48 301
48 174
48 733
48 179
48 181
48 55
48 371
48 1082
48 703
48 961
48 522
48 579
48 673
48 587
48 994
48 462
48 79
48 208
48 980
48 1240
48 605
48 94
48 720
48 98
48 227
48 1126
48 367
48 1139
48 1013
49 448
49 140
49 399
49 788
49 151
49 796
49 544
49 164
49 1193
49 813
49 560
49 320
49 736
49 840
49 352
49 884
49 117
50 256
50 776
50 285
50 937
50 299
50 1196
50 1078
50 55
50 825
50 1082
50 1089
50 69
50 460
50 472
50 98
50 359
50 745
50 1008
50 120
50 1018
51 1129
51 1047
51 1113
52 1058
52 325
52 973
52 430
52 943
52 1220
52 729
52 860
52 93
53 709
53 1031
53 1064
53 761
54 1156
54 1164
54 977
54 213
54 431
54 542
54 289
54 164
54 337
54 240
54 434
54 630
54 443
55 1093
55 391
55 953
56 900
56 652
56 1176
56 801
56 178
56 185
56 316
56 198
56 607
56 1129
56 1136
56 377
56 506
56 510
57 395
57 1039
57 152
57 1177
57 926
57 424
57 169
57 438
57 191
57 449
57 707
57 452
57 453
57 967
57 970
57 333
57 211
57 1108
57 221
57 737
57 356
57 613
57 103
57 1001
57 107
57 624
57 114
57 1011
57 373
58 768
58 900
58 906
58 652
58 1047
58 801
58 691
58 182
58 1081
58 316
58 585
58 857
58 225
58 741
58 233
58 752
58 1129
58 248
59 395
59 147
59 404
59 152
59 1050
59 581
59 672
59 549
59 176
59 564
59 705
59 452
59 197
59 333
59 717
59 464
59 1108
59 854
59 92
59 221
59 608
59 1131
59 623
59 114
59 373
59 122
59 124
59 893
59 895
60 516
60 519
60 915
60 1113
60 89
60 1176
60 418
60 427
60 185
60 322
60 198
60 1234
60 857
60 870
60 105
60 1136
60 233
60 248
60 377
60 510
61 266
61 910
61 1173
61 414
61 547
61 442
61 317
61 531
61 483
61 485
61 633
62 66
62 579
62 260
62 262
62 391
62 136
62 697
62 394
62 983
62 908
62 435
62 1170
62 151
62 856
62 859
62 1180
62 673
62 416
62 653
62 363
62 812
62 786
62 903
62 73
62 569
62 766
63 408
63 97
63 764
63 862
64 964
64 505
64 234
65 928
65 291
65 709
65 1031
65 1064
65 778
65 209
65 276
65 761
65 891
66 320
66 391
66 1111
66 337
66 212
66 981
66 1180
66 226
66 423
66 360
66 1139
66 311
66 634
66 827
67 545
67 1057
67 650
67 366
67 1162
68 354
68 1131
68 175
68 84
68 951
68 1238
68 985
69 902
69 391
69 522
69 651
69 910
69 1173
69 279
69 283
69 284
69 983
69 1109
69 1055
69 416
69 162
69 1052
69 938
69 1069
69 688
69 308
69 569
69 442
69 1211
69 992
69 324
69 454
69 1225
69 1099
69 844
69 290
69 919
69 85
69 470
69 953
69 1240
69 734
69 96
69 993
69 236
69 238
69 111
69 1139
69 118
69 831
69 469
70 523
70 325
70 390
70 296
70 717
70 78
70 1235
70 430
70 87
70 797
71 328
71 397
71 465
71 405
71 412
71 735
71 1000
71 1135
71 1007
72 357
72 679
72 1116
72 746
72 684
72 1073
72 988
72 1125
73 1153
73 773
73 903
73 653
73 535
73 184
73 576
73 836
73 1093
73 459
73 856
73 99
73 892
73 1138
73 1144
73 635
73 252
73 766
74 448
74 346
74 453
74 271
74 211
74 1177
74 156
74 221
74 1118
74 479
74 1188
74 424
74 107
74 624
74 1076
75 388
75 77
75 1181
75 209
75 723
75 341
75 985
75 156
75 891
75 235
75 943
75 1203
75 887
75 754
75 127
76 420
76 520
76 714
76 234
76 597
76 567
76 699
76 490
77 386
77 390
77 139
77 142
77 145
77 791
77 921
77 1050
77 785
77 645
77 289
77 1208
77 302
77 946
77 1203
77 440
77 671
77 757
77 833
77 326
77 457
77 717
77 721
77 340
77 214
77 87
77 1039
77 1120
77 866
77 103
77 883
77 373
77 724
78 897
78 1220
78 325
78 974
78 346
78 261
78 1058
78 102
78 1006
78 799
78 124
79 576
79 260
79 902
79 524
79 580
79 605
79 611
79 756
79 892
80 355
80 202
80 891
81 534
81 833
81 649
81 779
81 909
81 654
81 1040
81 274
81 278
81 1178
81 923
81 926
81 287
81 965
81 424
81 300
81 754
81 942
81 1072
81 854
81 954
81 443
81 1029
81 191
81 449
81 1219
81 452
81 197
81 972
81 333
81 82
81 596
81 728
81 221
81 1123
81 496
81 114
81 630
81 375
81 1108
82 1031
82 276
82 1184
82 1188
82 1064
82 169
82 562
82 351
82 1076
82 951
82 479
82 321
82 707
82 583
82 209
82 341
82 1238
82 599
82 346
82 95
82 354
82 1001
82 1131
82 1133
82 1006
82 1019
82 126
83 353
83 292
83 935
83 571
84 388
84 943
84 657
84 242
84 860
84 126
85 256
85 1024
85 1160
85 429
85 563
85 367
85 153
85 546
85 411
85 677
85 937
85 1194
85 299
85 301
85 1117
85 435
85 825
85 1085
85 961
85 1099
85 200
85 587
85 210
85 547
85 345
85 861
85 94
85 1126
85 317
86 780
86 652
86 108
87 1220
87 581
87 520
87 461
87 145
87 1179
87 346
87 798
87 354
87 1058
87 1188
87 1133
87 1006
87 439
88 647
88 298
88 242
88 123
89 519
89 377
89 794
89 510
90 1088
90 770
90 899
90 689
90 264
90 233
90 1066
90 1227
90 1026
90 845
90 752
90 159
91 321
91 1198
91 323
91 1220
91 135
91 860
91 523
91 269
91 461
91 887
91 1179
91 1045
91 985
91 729
91 943
91 346
91 93
91 798
91 702
91 1058
91 739
91 1188
91 102
91 296
91 809
91 1006
91 797
91 1235
91 309
91 567
91 799
91 124
91 126
92 449
92 258
92 259
92 452
92 648
92 395
92 148
92 156
92 351
92 672
92 891
92 103
92 649
92 235
92 872
92 114
92 1131
92 566
92 439
92 122
92 893
93 389
93 135
93 1050
93 296
93 1197
93 1101
93 1203
93 501
93 333
93 973
93 865
93 229
93 103
93 621
93 239
93 373
93 121
93 124
93 126
93 1151
94 1099
94 651
94 429
94 210
94 279
94 345
94 283
94 734
95 909
95 152
95 1177
95 1050
95 542
95 424
95 1072
95 455
95 1108
95 1238
95 103
95 373
95 1019
95 1021
96 1121
96 115
96 756
96 502
96 407
96 1240
96 858
96 485
97 772
97 231
97 488
97 941
97 610
97 551
97 620
97 141
97 743
97 1104
97 243
97 662
97 503
97 760
98 1032
98 525
98 270
98 401
98 414
98 938
98 556
98 1182
98 186
98 1226
98 593
98 1236
98 1109
98 1241
98 223
98 1121
98 994
98 998
98 1003
98 749
98 244
98 502
98 1194
99 1093
99 776
99 980
99 215
99 489
99 1224
100 737
100 197
100 893
100 967
100 237
100 333
100 1197
100 114
100 853
100 882
100 254
100 621
101 225
101 182
101 263
101 585
101 906
101 652
101 112
101 344
101 801
101 1129
101 821
101 1047
101 187
101 253
102 131
102 132
102 334
102 135
102 138
102 909
102 1040
102 515
102 920
102 644
102 1135
102 412
102 926
102 453
102 1243
102 296
102 685
102 430
102 191
102 325
102 328
102 465
102 211
102 729
102 1177
102 239
102 880
102 122
102 124
103 727
103 1039
103 404
103 1050
103 1185
103 476
103 682
103 440
103 448
103 455
103 336
103 313
103 985
103 990
103 356
103 887
103 504
103 379
103 127
104 123
104 357
104 1164
104 684
104 242
104 943
104 145
104 631
104 988
104 1125
106 402
106 1060
106 409
107 449
107 837
107 455
107 649
107 972
107 590
107 1041
107 707
107 599
107 221
107 613
107 934
107 169
107 1001
107 119
108 253
109 902
109 266
109 144
109 283
109 1052
109 158
109 814
109 411
109 580
109 848
109 210
109 547
109 472
109 734
109 611
109 232
109 756
109 1018
109 636
110 773
110 426
110 365
110 655
110 632
110 1138
110 310
110 184
110 474
111 706
111 260
111 456
111 843
111 910
111 1173
111 470
111 993
111 825
112 225
112 263
112 585
112 1081
113 226
113 329
113 337
113 434
113 1079
113 701
114 388
114 269
114 1174
114 791
114 1181
114 672
114 809
114 682
114 455
114 433
114 351
114 439
114 828
114 702
114 448
114 449
114 336
114 338
114 723
114 1125
114 1248
114 739
114 357
114 486
114 988
114 246
114 504
114 379
114 127
115 260
115 266
115 144
115 980
115 153
115 410
115 1055
115 1190
115 236
115 1069
115 687
115 435
115 1205
115 767
115 1086
115 703
116 1091
116 571
116 292
117 128
117 736
117 647
117 140
117 1166
117 917
117 921
117 1192
117 544
117 928
117 804
117 168
117 750
117 944
117 457
117 891
118 1024
118 531
118 543
118 547
118 299
118 825
118 200
118 330
118 210
118 1241
119 448
119 491
119 1041
119 599
119 540
119 164
119 357
119 934
119 169
119 684
119 628
119 1001
119 504
119 190
120 547
120 200
121 778
121 395
121 621
121 152
121 933
121 967
121 1197
121 1072
121 449
121 452
121 327
121 202
121 333
121 209
121 1108
121 985
121 737
121 495
121 126
121 887
121 276
121 865
122 388
122 404
122 672
122 1058
122 439
122 1220
122 581
122 717
122 973
122 351
122 1131
122 1151
122 127
123 1164
123 1106
123 1166
123 1232
123 884
123 631
124 520
124 271
124 1179
124 799
124 1188
124 296
124 809
124 564
124 566
124 439
124 321
124 985
124 351
124 872
124 1006
124 126
125 1184
125 356
125 838
125 262
125 169
125 1111
125 942
125 1001
125 151
125 540
125 638
126 898
126 1238
126 523
126 1039
126 404
126 1045
126 1174
126 791
126 1051
126 797
126 296
126 967
126 1197
126 197
126 865
126 333
126 723
126 854
126 985
126 737
126 738
126 754
126 1235
126 373
126 246
126 887
126 1146
126 1019
126 254
127 130
127 259
127 258
127 145
127 682
127 943
127 304
127 1203
127 327
127 860
127 373
127 404
127 763
127 893
128 352
128 193
128 374
128 554
128 694
128 750
128 944
128 722
128 886
128 630
128 670
128 527
128 443
128 1021
128 654
129 385
129 612
129 168
129 338
129 1108
129 282
130 452
130 648
130 395
130 148
130 152
130 933
130 682
131 1220
131 709
131 778
131 909
131 1058
131 761
132 1058
132 1220
132 325
132 234
132 1076
132 567
132 479
133 1024
133 643
133 822
133 904
133 266
133 270
133 275
133 277
133 279
133 1119
133 1003
133 429
133 367
133 1032
133 1209
133 1226
133 958
134 851
134 982
134 588
135 1179
135 1220
135 567
136 1224
136 262
136 1169
136 586
136 748
136 653
136 366
136 925
136 817
136 151
136 216
136 668
136 842
137 832
137 641
137 203
137 421
137 646
137 719
137 619
137 881
137 1027
137 948
137 1015
137 248
137 987
137 188
138 1058
138 515
138 1220
138 1000
138 1142
138 735
139 320
139 838
139 332
139 1041
139 164
139 613
139 169
139 554
139 622
139 306
139 885
139 374
139 1001
139 379
140 1120
140 1192
140 233
140 1164
140 399
140 883
140 316
140 221
140 979
142 357
142 298
142 168
142 242
142 388
142 860
142 445
143 1089
143 580
143 201
143 910
143 144
143 1236
143 661
143 858
143 559
143 414
143 556
143 814
143 483
143 1018
144 266
144 524
144 400
144 686
144 664
144 795
144 286
144 543
144 161
144 677
144 1065
144 565
144 927
144 317
144 580
144 713
144 208
144 594
144 467
144 1237
144 1242
144 219
144 350
144 223
144 1168
144 611
144 869
144 487
144 873
144 369
144 1018
145 390
145 705
145 648
145 395
145 528
145 147
145 1177
145 152
145 156
145 1181
145 933
145 295
145 424
145 425
145 170
145 176
145 1202
145 436
145 649
145 1208
145 313
145 314
145 700
145 833
145 448
145 449
145 452
145 458
145 631
145 590
145 717
145 849
145 852
145 912
145 891
145 228
145 1125
145 1137
145 361
145 746
145 241
145 498
145 553
145 404
145 379
145 508
146 518
146 1031
146 778
146 156
146 928
146 562
146 1201
146 434
146 1079
146 313
146 959
146 448
146 193
146 709
146 202
146 976
146 601
146 248
146 379
147 544
147 736
147 354
147 357
147 168
147 988
147 1131
147 684
147 1103
147 828
147 1149
147 581
148 389
148 649
148 258
148 152
148 156
148 837
148 672
148 455
148 684
148 942
148 1072
148 562
148 449
148 581
148 972
148 1233
148 1108
148 347
148 1118
148 865
148 357
148 1131
148 381
150 834
150 1097
150 172
150 1218
150 783
150 1229
151 257
151 1034
151 270
151 904
151 387
151 534
151 538
151 294
151 903
151 319
151 582
151 329
151 593
151 856
151 857
151 1120
151 366
151 883
151 890
151 1155
151 647
151 650
151 653
151 155
151 416
151 929
151 173
151 186
151 444
151 207
151 212
151 983
151 742
151 233
151 755
152 258
152 854
152 577
152 648
152 395
152 1175
152 923
152 837
152 672
152 1185
152 455
152 684
152 564
152 828
152 448
152 449
152 452
152 327
152 972
152 590
152 333
152 1103
152 349
152 865
152 763
152 356
152 237
152 379
152 381
152 1022
153 902
153 841
153 330
153 208
153 483
153 789
153 238
153 633
153 345
153 733
153 543
153 720
153 411
153 677
153 1126
153 1132
153 559
153 756
153 414
153 249
153 686
153 317
153 446
154 321
154 325
154 358
154 1068
154 271
154 920
154 1062
154 380
155 320
155 838
155 262
155 337
155 1079
155 434
156 386
156 1158
156 855
156 791
156 1177
156 157
156 670
156 288
156 1185
156 166
156 424
156 304
156 1201
156 1203
156 438
156 440
156 672
156 453
156 1230
156 976
156 209
156 722
156 727
156 932
156 933
156 863
156 352
156 999
156 747
156 1021
156 1009
156 1146
156 509
157 792
157 172
157 1212
157 1123
157 871
157 1147
157 383
158 260
158 902
158 266
158 524
158 580
158 1052
158 324
158 859
158 481
158 363
159 801
159 1026
159 550
159 774
159 1047
160 311
160 387
160 164
160 892
160 977
160 786
160 1156
160 444
161 482
161 618
161 481
161 266
161 811
161 733
161 217
161 317
161 286
162 480
162 435
162 980
162 1111
162 600
162 1145
162 957
163 835
163 485
163 1205
163 1237
164 640
164 650
164 658
164 660
164 622
164 444
164 542
164 287
164 289
164 554
164 306
164 691
164 952
164 316
164 1034
164 190
164 885
164 630
164 586
164 759
164 332
164 207
164 721
164 1107
164 1120
164 742
164 744
164 233
164 491
164 366
164 883
164 628
164 545
164 374
164 248
164 637
165 1059
165 426
165 655
165 497
165 1138
165 311
165 250
165 815
165 892
165 474
166 737
166 932
166 754
166 404
166 763
167 1121
167 260
167 485
167 1226
167 407
167 236
167 756
167 1205
167 726
167 201
167 980
167 1211
168 1158
168 647
168 1037
168 527
168 1175
168 536
168 282
168 1053
168 415
168 288
168 931
168 1064
168 1233
168 693
168 757
168 544
168 709
168 202
168 209
168 722
168 211
168 347
168 736
168 352
168 928
168 999
168 1004
168 237
168 751
168 1009
168 761
168 891
168 1021
169 1161
169 660
169 540
169 1184
169 1186
169 199
169 1035
169 707
169 452
169 1107
169 1238
169 356
169 1001
169 637
169 624
169 241
169 1019
170 327
170 872
170 1103
170 564
170 439
170 828
170 1149
170 1246
171 768
171 625
171 780
171 344
171 1215
171 1245
172 194
172 614
172 647
172 331
172 588
172 1229
172 696
172 312
172 982
173 320
173 387
173 1225
173 838
173 262
173 956
173 311
173 366
173 688
173 337
173 434
173 755
173 1079
173 1111
173 892
173 382
174 1121
174 267
174 526
174 726
174 819
174 502
174 1207
174 1112
174 858
175 709
175 778
175 209
175 1076
175 951
175 221
175 479
176 608
176 327
176 623
176 828
176 1133
176 581
176 433
176 464
176 439
176 388
176 700
176 1149
177 802
177 1220
177 325
177 234
177 1058
177 1206
178 801
178 1096
178 248
178 1047
178 857
179 260
179 266
179 1163
179 653
179 984
179 1173
179 927
179 1094
179 1205
179 957
179 1141
179 454
179 468
179 600
179 605
179 1121
179 485
179 487
179 423
179 1139
179 766
179 247
179 980
179 634
180 421
180 937
180 203
180 299
180 350
181 256
181 643
181 904
181 1033
181 266
181 275
181 277
181 279
181 281
181 1205
181 953
181 186
181 958
181 1087
181 726
181 1209
181 1082
181 1121
181 485
181 1003
181 238
181 502
181 1210
181 1020
182 225
182 585
182 906
182 1081
182 187
182 253
183 513
184 892
184 394
184 311
184 474
184 252
185 801
185 519
186 901
186 262
186 1032
186 777
186 1165
186 543
186 421
186 937
186 299
186 305
186 434
186 820
186 1079
186 825
186 526
186 1119
186 1226
186 201
186 330
186 1207
186 1102
186 208
186 337
186 467
186 726
186 1112
186 570
186 677
186 1126
186 1105
186 1003
186 367
186 881
186 251
186 1194
187 683
187 780
187 652
187 625
188 832
188 963
188 646
188 277
188 987
188 421
188 807
188 691
188 1015
188 248
189 464
189 295
189 623
189 433
189 388
189 828
189 1149
189 549
190 320
190 838
190 199
190 1035
190 1107
190 981
190 1111
190 603
190 681
190 946
191 909
191 1040
191 1177
191 926
191 709
191 928
191 455
191 942
191 564
191 439
191 202
191 1103
191 209
191 211
191 341
191 351
191 736
191 583
191 880
191 424
191 1011
191 891
192 322
192 1036
192 850
192 691
192 471
192 248
193 527
193 656
193 1053
193 670
193 1201
193 693
193 1230
193 976
193 722
193 855
193 601
193 352
193 1123
193 1147
193 1021
194 867
194 647
196 931
196 425
196 684
196 626
196 436
196 988
196 357
197 258
197 791
197 799
197 967
197 581
197 327
197 336
197 338
197 854
197 612
197 737
197 1131
197 1133
197 495
197 882
198 801
198 870
198 1129
198 1047
198 377
198 510
199 1035
199 1186
199 337
199 1107
199 1111
199 1079
199 540
199 1184
199 226
199 996
199 434
199 1001
199 681
200 769
200 547
200 1117
200 1033
200 266
200 238
200 429
200 953
200 1210
200 283
200 284
200 989
201 1089
201 777
201 522
201 410
201 1065
201 434
201 1079
201 320
201 480
201 758
201 838
201 1226
201 463
201 337
201 466
201 467
201 726
201 858
201 1003
201 1018
201 767
202 386
202 644
202 909
202 656
202 670
202 415
202 928
202 475
202 988
202 645
202 438
202 440
202 931
202 731
202 839
202 352
202 211
202 544
202 347
202 476
202 224
202 1040
202 1233
202 1011
202 891
203 421
203 646
203 1105
205 641
205 1027
205 900
205 881
205 857
205 316
206 1058
206 1220
206 1142
206 412
207 226
207 777
207 1034
207 300
207 274
207 596
207 287
208 485
208 1121
208 878
208 593
208 275
208 1205
208 822
209 909
209 276
209 1174
209 791
209 1183
209 291
209 436
209 960
209 971
209 731
209 592
209 723
209 475
209 736
209 352
209 865
209 492
209 1248
209 1011
209 246
209 1019
210 1024
210 651
210 524
210 749
210 531
210 552
210 1194
210 814
210 1117
210 580
210 1099
210 989
210 350
210 868
210 367
210 371
211 644
211 909
211 784
211 276
211 1058
211 562
211 1204
211 577
211 1220
211 839
211 736
211 1040
211 880
211 424
211 1011
211 891
212 514
212 260
212 262
212 391
212 394
212 786
212 1180
212 416
212 1059
212 1078
212 1079
212 838
212 460
212 462
212 337
212 466
212 983
212 226
212 977
212 236
212 1008
213 1083
213 676
213 886
213 744
213 554
213 955
213 622
213 431
213 945
213 1230
213 855
213 1048
213 601
213 443
213 654
213 1023
214 866
214 302
214 1167
214 785
214 504
214 379
214 1181
214 447
215 576
215 1093
215 1224
215 803
215 755
215 668
216 968
216 838
216 1225
216 688
216 497
216 308
216 1111
216 250
216 477
216 382
217 642
217 618
217 616
217 811
217 401
217 1128
217 317
218 1030
218 636
218 848
218 277
218 507
218 1084
218 511
219 485
219 789
219 1205
220 352
220 1120
220 1223
220 268
220 813
220 560
220 883
220 788
221 1131
221 392
221 907
221 913
221 1177
221 566
221 923
221 581
221 928
221 424
221 583
221 942
221 433
221 1118
221 438
221 439
221 707
221 453
221 327
221 846
221 1103
221 341
221 606
221 356
221 361
221 1133
221 891
221 1149
222 499
222 417
223 929
223 677
223 1126
223 904
223 301
223 482
223 643
223 674
223 266
223 958
224 928
224 839
224 891
225 585
225 625
225 821
225 344
225 667
225 253
226 1003
226 391
226 1034
226 1163
226 1180
226 416
226 306
226 1209
226 701
226 1226
226 466
226 726
226 983
226 984
226 858
226 996
226 875
226 1141
226 502
226 247
226 894
227 1121
227 674
227 1033
227 1143
227 1205
227 279
227 1210
227 411
227 317
227 805
228 357
228 1133
228 943
228 388
228 860
228 581
229 388
229 325
229 1101
229 943
229 887
229 860
230 1080
231 941
232 1099
232 580
232 712
232 266
232 651
232 844
232 429
232 1173
232 470
232 442
232 734
232 611
232 299
232 825
233 832
233 1026
233 963
233 262
233 977
233 786
233 1027
233 900
233 1156
233 316
233 691
233 638
234 397
234 405
234 790
234 1135
234 412
234 802
234 296
234 348
234 1200
234 1206
234 450
234 1092
234 328
234 465
234 1243
234 732
234 735
234 995
234 1124
234 1000
234 1007
234 505
235 672
235 327
235 943
235 1203
235 439
235 1103
236 260
236 391
236 1163
236 401
236 407
236 435
236 983
236 600
236 487
236 364
236 247
236 766
237 544
237 736
237 389
237 865
237 940
237 452
237 882
237 1108
237 853
238 256
238 961
238 1033
238 330
238 524
238 525
238 1231
238 1042
238 1046
238 749
238 1082
238 281
238 1085
239 1220
239 390
239 985
240 352
240 419
240 554
240 976
240 533
240 886
240 509
240 542
241 540
241 988
241 542
241 1125
241 1184
241 357
241 491
241 684
241 946
241 628
242 833
242 325
242 457
242 973
242 1208
242 430
242 1151
242 757
243 1070
243 303
243 1043
244 260
244 522
244 400
244 468
244 674
244 1139
244 484
244 360
244 808
244 435
244 1236
245 675
245 779
245 1219
245 278
245 954
246 327
246 581
246 354
246 1133
246 1203
246 1050
246 893
247 1163
247 782
247 984
247 914
247 364
247 673
247 1211
247 320
247 579
247 1094
247 469
247 600
247 1141
248 1027
248 320
248 386
248 747
248 264
248 1036
248 770
248 656
248 899
248 900
248 832
248 845
248 807
248 1066
248 689
248 948
248 670
248 693
248 963
248 838
248 1227
248 1201
248 719
248 1106
248 1111
248 987
248 316
248 850
248 1015
248 1147
248 1021
249 1121
249 482
249 485
249 1128
249 720
250 836
250 968
250 842
250 665
250 1056
250 748
250 382
251 706
251 758
251 456
251 938
251 267
251 858
251 526
251 1109
251 502
251 280
251 463
251 570
252 474
252 1059
252 324
252 968
252 394
252 632
252 688
252 497
252 308
252 310
252 663
252 1225
252 382
253 768
253 585
253 906
253 1081
254 389
254 395
254 1185
254 967
254 940
254 1197
254 865
254 333
254 338
254 853
254 349
254 495
254 882
255 427
256 1226
256 1033
256 266
256 1082
256 1210
257 262
257 903
257 469
257 859
257 766
257 1059
257 638
257 827
258 672
258 449
258 1108
258 392
258 682
258 1197
258 621
258 854
258 933
259 928
259 1203
259 404
259 887
259 891
260 771
260 391
260 266
260 653
260 914
260 407
260 1109
260 410
260 1052
260 673
260 1139
260 423
260 1054
260 812
260 558
260 692
260 756
260 569
260 698
260 816
260 579
260 454
260 697
260 469
260 343
260 605
260 1189
260 993
260 363
260 980
260 892
260 767
261 738
261 323
261 486
261 990
261 296
261 309
261 702
262 387
262 965
262 903
262 653
262 856
262 857
262 366
262 755
262 374
262 766
263 625
263 344
264 322
264 1026
264 752
264 691
264 471
265 796
265 417
266 524
266 531
266 1052
266 546
266 1065
266 558
266 1082
266 1087
266 580
266 587
266 525
266 1121
266 611
266 616
266 1132
266 1143
266 634
266 1160
266 666
266 1194
266 703
266 1221
266 1237
266 1241
266 745
266 749
266 980
266 299
266 286
266 811
266 816
266 825
266 317
266 835
266 1205
266 367
266 902
266 401
266 407
266 410
266 423
266 937
266 437
266 446
266 961
266 467
266 468
266 472
266 994
266 485
266 998
266 1013
266 1018
266 1020
267 878
267 485
267 593
267 526
267 1205
268 352
268 813
268 560
268 788
269 739
269 523
269 893
269 309
269 388
269 797
270 1024
270 643
270 904
270 777
270 275
270 277
270 664
270 1182
270 1194
270 1199
270 958
270 437
270 713
270 1241
270 480
271 863
271 453
271 846
271 784
271 532
271 479
271 609
271 296
271 1068
271 1076
271 438
271 1146
271 315
272 873
272 369
272 575
274 1034
274 942
274 287
275 706
275 1159
275 456
275 713
275 594
275 1102
275 1032
275 1241
275 1182
275 994
275 869
275 305
275 873
275 369
275 820
275 825
275 570
276 960
276 1238
276 940
276 971
276 1019
276 1011
276 527
276 1174
276 988
276 926
276 389
276 352
276 865
276 731
276 1248
276 723
276 1146
276 891
276 931
276 1183
277 1024
277 1003
277 1032
277 526
277 664
277 1042
277 918
277 421
277 937
277 299
277 1084
277 948
277 565
277 1209
277 1046
277 451
277 1231
277 848
277 1105
277 594
277 987
277 604
277 1119
277 869
277 873
277 619
277 369
277 1014
277 1017
277 507
277 1150
278 1122
278 675
278 942
278 1219
278 889
278 923
279 1024
279 769
279 1033
279 524
279 525
279 403
279 666
279 283
279 284
279 286
279 734
279 546
279 411
279 805
279 937
279 1194
279 299
279 429
279 1117
279 435
279 844
279 1237
279 345
279 861
279 1249
279 367
279 1143
279 1148
280 362
280 1209
281 1121
281 485
281 1205
281 1033
281 1003
281 1209
281 953
281 1210
281 1020
281 1087
282 385
282 751
282 1175
283 1024
283 651
283 524
283 525
283 749
283 1241
283 285
283 1182
283 937
283 435
283 734
283 825
283 1099
283 844
283 547
283 345
283 611
283 868
283 359
284 1024
284 769
284 989
284 524
284 525
284 531
284 285
284 547
284 1194
284 367
284 435
285 651
285 989
285 286
285 429
285 953
286 1024
286 552
286 814
286 317
286 835
286 1221
286 711
286 335
286 1237
286 733
286 481
286 1132
286 749
286 1143
287 1155
287 582
287 294
287 1034
287 300
287 596
287 538
287 923
287 319
288 709
288 440
288 379
288 1021
289 1048
289 1181
289 542
289 934
289 1079
289 443
289 630
289 337
289 466
289 981
289 599
289 603
289 480
289 1083
289 1002
289 374
289 504
289 379
290 400
290 470
290 1209
290 414
290 423
290 808
290 559
290 633
290 442
291 913
291 355
291 1025
291 583
291 592
291 402
291 830
291 606
291 1060
292 1091
292 329
292 1010
293 355
294 555
294 596
295 1125
295 623
295 464
295 988
295 549
296 897
296 388
296 1058
296 430
296 943
296 1076
296 309
296 439
296 702
296 321
296 323
296 1220
296 325
296 973
296 974
296 729
296 479
296 739
296 1151
298 384
298 1166
298 1164
298 1106
298 1232
298 1192
298 884
298 757
299 775
299 524
299 411
299 937
299 429
299 823
299 953
299 712
299 844
299 593
299 1117
299 734
300 1090
300 1155
300 1034
300 1187
300 695
300 888
301 677
301 437
301 822
301 823
302 866
302 671
303 610
303 662
303 1070
304 932
305 1159
305 1102
305 593
305 820
305 823
306 320
306 480
306 838
306 1002
306 337
306 946
306 1111
306 603
307 1085
308 1059
308 365
308 817
308 382
309 897
309 898
309 523
309 1045
309 797
309 809
309 1197
309 323
309 333
309 974
309 1235
309 739
309 893
310 836
310 773
310 394
310 365
310 718
310 665
310 602
311 1028
311 394
311 986
311 1059
311 423
311 426
311 815
311 586
311 980
311 474
311 605
311 762
311 892
312 1120
312 647
312 588
312 883
312 982
312 696
313 357
313 361
313 1039
313 373
313 388
313 1050
313 1053
313 670
313 693
314 931
314 583
314 425
314 891
315 1220
315 1076
315 1151
315 479
316 386
316 1027
316 774
316 1047
316 1053
316 550
316 689
316 1074
316 670
316 1214
316 693
316 708
316 838
316 584
316 715
316 845
316 1232
316 1106
316 1129
316 352
316 752
316 881
316 617
316 506
316 1066
317 642
317 531
317 1049
317 793
317 546
317 811
317 835
317 1221
317 711
317 587
317 335
317 1114
317 733
317 481
317 359
317 1132
317 749
317 371
317 1018
317 1237
318 596
318 879
320 640
320 647
320 650
320 534
320 1180
320 416
320 817
320 965
320 838
320 983
320 858
320 1120
320 996
320 875
320 637
320 883
320 628
320 885
320 502
320 946
321 521
321 397
321 806
321 685
321 430
321 973
321 975
321 1238
321 1146
321 1019
321 380
321 1151
322 1088
322 900
322 1036
322 715
322 652
322 845
322 752
323 897
323 739
323 486
323 974
323 336
324 842
324 1052
324 956
324 817
324 435
324 756
324 382
325 521
325 397
325 920
325 1058
325 1188
325 1068
325 685
325 947
325 1101
325 336
325 346
325 732
325 358
325 1007
325 501
325 378
325 380
326 866
326 1167
326 785
326 724
326 447
327 389
327 395
327 909
327 1174
327 933
327 940
327 700
327 449
327 452
327 404
327 639
327 893
328 802
328 1220
328 1000
328 1058
328 1135
328 465
328 790
328 1243
328 1206
328 735
329 353
329 1222
329 337
329 1111
329 571
329 701
329 894
330 904
330 429
332 640
332 1184
332 934
332 1041
332 1111
332 540
333 388
333 389
333 395
333 985
333 799
333 1185
333 809
333 682
333 1072
333 439
333 581
333 336
333 1108
333 853
333 612
333 349
333 351
333 865
333 486
333 754
334 1188
334 567
334 461
334 430
334 1006
334 798
335 411
335 429
335 403
335 1237
335 345
335 485
336 621
336 854
336 388
336 1050
336 1039
336 860
336 893
337 929
337 875
337 726
337 391
337 1057
337 650
337 983
337 658
337 1178
337 1180
337 542
337 416
337 775
337 1201
337 701
337 637
337 1222
337 1079
337 976
337 342
337 885
337 728
337 858
337 353
337 996
337 747
337 366
337 434
337 545
337 502
337 759
337 509
337 894
338 893
338 737
338 967
338 1197
338 495
338 854
338 381
338 621
339 679
339 1116
339 508
340 680
341 736
341 583
341 527
341 592
341 1238
341 791
341 731
341 606
341 425
341 492
341 626
341 1203
341 1019
342 434
342 1079
342 923
342 942
343 903
343 364
343 653
343 856
343 435
343 600
343 890
343 469
344 585
344 906
344 780
345 1024
345 524
345 525
345 674
345 411
345 805
345 580
345 1249
345 749
345 1143
346 521
346 397
346 1177
346 797
346 798
346 420
346 685
346 567
346 699
346 461
346 717
346 1235
346 1238
346 729
346 863
346 995
346 978
346 1146
346 1019
347 385
347 452
347 709
347 449
347 1072
347 536
347 598
347 1108
347 1233
347 933
348 714
348 567
348 461
348 430
348 973
348 1198
349 1185
349 452
349 395
349 1197
349 1108
349 373
349 1050
350 547
350 712
350 524
350 589
350 467
350 1237
351 1238
351 395
351 909
351 1038
351 1040
351 678
351 566
351 700
351 452
351 849
351 854
351 1146
351 621
351 1137
351 1011
351 1019
351 893
352 386
352 388
352 518
352 544
352 476
352 1223
352 562
352 943
352 560
352 1079
352 440
352 709
352 455
352 601
352 736
352 928
352 860
352 750
352 788
352 891
353 935
353 466
353 434
353 981
353 1079
353 537
354 390
354 781
354 657
354 1174
354 581
354 933
354 951
354 449
354 717
354 909
354 723
354 1248
354 1131
354 876
354 627
354 500
354 1146
354 1019
356 540
356 1184
356 424
356 1072
356 946
356 965
356 455
356 1238
356 603
356 613
356 1002
356 1019
357 528
357 406
357 452
357 669
357 928
357 931
357 933
357 1137
357 557
357 1072
357 458
357 449
357 837
357 893
357 631
357 972
357 590
357 721
357 852
357 849
357 746
357 623
357 874
358 1062
358 1068
358 430
358 532
358 920
358 1076
358 380
358 479
359 429
359 953
360 454
360 487
360 401
360 980
360 382
360 634
360 1180
360 927
361 449
361 388
361 1230
361 855
361 860
361 1123
361 682
361 943
361 1146
361 763
362 526
362 463
363 1121
363 1190
363 1086
363 756
363 890
364 827
364 980
364 469
364 600
364 1211
364 591
365 1153
365 773
365 535
365 663
365 688
365 956
365 968
365 459
365 718
365 474
365 1138
365 1144
365 382
366 387
366 650
366 786
366 545
366 434
366 1079
366 952
366 1162
366 586
366 755
366 762
366 638
367 1024
367 904
367 651
367 1182
367 547
367 429
367 1032
367 1119
368 1172
368 1044
368 647
369 713
369 873
369 575
370 1075
370 1228
371 1121
371 547
371 485
371 552
372 1100
372 810
373 404
373 1174
373 562
373 566
373 577
373 723
373 985
373 990
373 872
373 887
373 504
373 379
374 694
374 1164
374 533
374 542
374 966
374 744
374 554
374 944
374 630
374 443
374 654
374 917
375 518
375 654
375 539
375 542
375 923
375 676
375 554
375 443
375 630
375 744
375 1023
375 383
376 752
377 516
377 870
377 519
377 716
377 915
377 1047
377 794
378 388
378 973
378 430
378 943
378 860
378 1151
379 1158
379 647
379 1161
379 656
379 660
379 791
379 1181
379 671
379 1072
379 946
379 1203
379 440
379 447
379 833
379 395
379 452
379 837
379 972
379 722
379 1107
379 1108
379 603
379 1039
379 1002
379 999
379 1021
379 1009
379 504
379 893
380 1076
380 920
380 1062
380 479
381 544
381 385
381 1108
381 452
381 933
381 449
381 1072
381 612
381 736
381 415
382 394
382 477
382 817
382 956
382 968
382 1225
382 842
382 980
382 497
382 634
383 1123
383 1191
383 554
383 855
383 654
383 1230
383 629
383 1048
383 601
383 539
383 1212
383 542
385 544
385 389
385 1004
385 940
385 1233
385 536
386 388
386 778
386 788
386 900
386 1181
386 440
386 959
386 448
386 709
386 1111
386 601
387 514
387 1156
387 1224
387 977
387 786
387 755
387 952
387 762
387 668
388 390
388 392
388 791
388 1197
388 528
388 792
388 1053
388 670
388 799
388 432
388 753
388 809
388 1118
388 498
388 430
388 947
388 693
388 700
388 757
388 449
388 907
388 781
388 1077
388 608
388 990
388 871
388 1101
388 876
388 623
388 627
388 500
388 501
388 895
389 536
389 928
389 933
389 967
389 449
389 985
389 737
389 754
389 887
389 891
390 717
390 1179
390 876
390 498
390 627
390 500
390 567
390 564
390 828
390 1149
391 394
391 1239
391 653
391 422
391 434
391 435
391 1079
391 462
391 1111
391 1008
392 424
392 860
392 943
392 440
392 449
392 871
392 1146
392 763
393 1232
393 1106
393 884
393 1067
393 877
394 653
394 655
394 535
394 426
394 815
394 1093
394 459
394 718
394 856
394 892
394 1138
394 632
394 635
395 577
395 649
395 1181
395 1185
395 455
395 562
395 433
395 449
395 707
395 452
395 837
395 972
395 590
395 1108
395 763
395 754
395 504
396 399
396 1106
396 979
396 884
396 441
397 1006
398 966
398 533
398 527
399 1192
399 1067
399 877
399 1166
399 541
399 1232
399 1106
399 979
399 884
400 531
400 467
400 666
400 1148
401 811
401 642
401 816
402 1025
402 1060
402 409
402 830
403 587
403 651
403 1099
403 524
403 525
403 1148
404 791
404 433
404 1203
404 564
404 828
404 763
404 1149
405 790
405 505
406 608
406 464
406 1202
406 439
406 700
407 1121
407 485
407 468
407 1205
407 980
407 410
407 767
408 764
410 1003
410 726
410 502
410 858
410 767
411 524
411 525
411 749
411 674
411 937
411 1210
411 580
412 802
412 515
412 1220
413 696
413 1244
414 1089
414 745
414 556
414 1018
414 1065
414 633
414 472
414 666
414 1148
414 831
415 1031
415 1004
415 1064
415 736
415 778
415 598
416 1180
416 422
416 435
416 1078
416 827
416 838
416 460
416 466
416 1239
416 480
416 1211
416 997
416 489
416 1008
417 800
417 647
417 499
417 949
418 1113
418 1234
419 804
419 630
419 518
419 431
419 886
420 802
420 1188
420 1000
420 1006
420 735
421 619
421 646
421 807
421 589
421 719
421 1015
421 948
421 987
422 1093
422 489
422 983
423 771
423 902
423 530
423 1028
423 1052
423 558
423 692
423 1205
423 522
423 831
423 980
423 992
423 1180
423 1139
423 756
423 892
424 907
424 909
424 1177
424 1179
424 709
424 942
424 520
424 1076
424 798
424 567
424 479
424 577
424 863
424 1220
424 453
424 455
424 461
424 846
424 1037
424 1106
424 1118
424 871
424 880
425 931
425 583
425 626
425 436
425 891
426 892
428 801
428 1129
428 911
428 691
428 1047
429 1024
429 525
429 1042
429 531
429 1046
429 1182
429 937
429 1194
429 825
429 1241
429 994
430 920
430 1058
430 1220
430 978
430 860
430 995
431 694
431 886
431 944
431 533
432 1061
432 943
432 501
432 860
433 648
433 649
433 909
433 1040
433 926
433 549
433 498
433 1011
433 452
433 972
433 590
433 623
433 627
434 929
434 904
434 656
434 542
434 775
434 1079
434 444
434 701
434 1222
434 976
434 722
434 875
434 826
434 637
434 1147
434 509
435 983
435 908
435 653
435 688
435 1139
435 756
435 1211
435 957
435 454
435 1225
435 844
435 591
435 468
435 989
435 487
435 1145
435 634
436 931
437 677
437 1126
437 616
437 1032
438 1076
438 479
439 909
439 1197
439 1040
439 926
439 1011
439 458
439 854
439 498
439 627
439 500
439 1146
439 893
439 639
440 1158
440 778
440 907
440 1037
440 1039
440 1181
440 1064
440 860
440 943
440 693
440 959
440 448
440 601
440 476
440 871
440 1009
440 504
441 979
442 910
442 531
442 1173
442 666
442 938
442 820
442 825
442 706
442 456
442 587
442 546
442 980
442 992
442 1148
443 514
443 630
443 942
443 1164
443 1154
443 654
443 1048
443 917
443 804
443 1152
443 750
443 944
443 945
443 629
443 1083
443 638
443 533
444 838
444 586
444 1079
444 952
444 762
444 650
445 1232
445 1106
445 884
445 757
446 482
446 642
447 448
447 1167
447 671
448 921
448 1053
448 671
448 1181
448 1072
448 946
448 693
448 1216
448 833
448 452
448 457
448 1208
448 603
448 476
448 1120
448 504
449 1131
449 923
449 540
449 988
449 1184
449 1041
449 933
449 860
449 1233
449 684
449 942
449 707
449 452
449 581
449 598
449 730
449 1118
449 613
449 865
449 871
449 907
449 1133
449 792
449 893
449 624
449 1022
449 1125
450 802
450 710
450 685
450 790
450 735
450 597
451 524
452 648
452 621
452 923
452 540
452 1181
452 672
452 933
452 1197
452 942
452 564
452 566
452 837
452 972
452 590
452 1103
452 1108
452 1246
452 763
452 1001
452 1184
452 988
452 754
452 1125
453 1031
453 778
453 909
453 1177
453 1188
453 798
453 567
453 577
453 707
453 709
453 461
453 846
453 970
453 1106
453 479
453 609
453 1006
453 1140
454 600
454 634
455 747
455 648
455 649
455 909
455 654
455 1041
455 1219
455 540
455 1184
455 933
455 934
455 554
455 1072
455 1201
455 779
455 1021
455 590
455 976
455 722
455 1108
455 599
455 613
455 893
455 496
455 1011
455 509
456 822
456 993
456 706
456 485
456 878
456 910
456 823
457 744
457 554
457 1164
457 622
457 527
457 1208
457 504
457 921
458 581
458 566
458 1125
458 1246
459 1059
459 836
459 632
459 602
460 485
460 1196
460 1008
460 1205
460 1078
460 983
461 898
461 523
461 717
461 1177
461 738
461 995
461 1188
461 498
462 1121
462 485
462 1205
463 1157
463 758
463 1226
464 1103
464 684
464 623
464 1202
464 564
464 828
464 895
465 802
465 1135
465 1200
465 1000
465 790
465 735
466 981
466 983
466 628
466 894
466 957
467 1032
467 524
467 808
467 814
467 711
467 843
467 472
467 858
467 1119
467 868
467 745
467 1012
467 502
467 1018
468 1145
468 756
468 980
469 1163
469 1094
469 856
469 890
469 766
470 531
470 1065
470 938
470 820
470 825
470 831
470 1089
470 706
470 711
470 980
470 472
470 993
470 1018
471 770
471 899
471 900
471 689
471 1066
471 1227
471 1036
471 845
471 847
471 850
471 574
472 580
472 1065
472 483
472 910
472 868
472 938
473 553
473 1116
473 1073
473 508
474 892
475 960
475 709
475 592
476 645
476 907
476 601
476 1181
476 959
477 576
477 842
477 1071
477 922
479 784
479 920
479 1177
479 846
479 1238
479 609
479 1019
480 775
480 904
480 1034
480 668
480 803
480 1180
480 1209
480 929
480 1224
480 1226
480 981
480 726
480 996
480 1003
481 902
481 1128
481 618
481 1132
481 733
481 756
481 1052
481 1237
482 902
482 720
482 733
482 1128
482 1132
483 1089
483 745
483 556
483 546
483 531
483 1018
483 1236
483 666
483 1148
483 831
484 1089
484 711
484 661
484 1012
484 1018
485 1024
485 525
485 1182
485 673
485 1194
485 812
485 1069
485 820
485 1078
485 1207
485 1055
485 1086
485 703
485 961
485 579
485 859
485 994
485 1102
485 1239
485 1240
485 1241
485 720
485 997
485 487
485 749
485 835
485 1087
485 767
486 897
486 893
486 809
486 523
486 1197
486 739
486 799
486 797
486 621
487 1211
487 1055
487 1205
487 1240
487 634
487 927
487 703
489 576
489 997
489 1239
489 983
489 1093
490 802
490 1179
491 875
491 628
491 885
491 637
491 981
492 913
492 709
492 583
492 1031
492 1037
492 761
492 606
493 1120
493 834
493 883
494 1097
494 1229
495 737
495 967
495 1175
495 854
495 754
495 865
495 893
495 709
496 675
496 779
496 562
496 889
497 902
497 1052
497 756
497 665
498 798
498 1058
498 564
498 567
498 828
498 1220
498 714
498 717
498 1103
498 1133
498 1006
499 1120
499 647
500 581
500 1131
500 1133
500 627
501 753
501 985
501 887
501 860
501 1061
502 777
502 522
502 1055
502 1065
502 819
502 703
502 838
502 981
502 1111
502 881
502 1018
503 620
504 1158
504 647
504 648
504 791
504 921
504 1050
504 1053
504 671
504 1201
504 1203
504 999
504 833
504 976
504 1208
504 1039
504 1002
504 747
504 893
505 964
505 1095
506 801
506 900
506 550
506 715
506 1214
507 565
507 1084
508 1073
508 1116
509 518
509 577
509 1201
509 1079
509 722
509 747
509 1021
510 516
510 870
510 1129
510 915
511 1030
511 1171
511 1014
511 604
511 1150
512 829
514 586
514 1002
514 786
514 534
514 856
514 955
514 744
514 554
514 946
514 755
514 766
514 630
514 890
514 765
515 1220
515 1058
516 870
516 519
516 915
516 794
518 976
518 804
518 1201
518 744
518 747
518 622
518 656
518 765
518 1147
518 654
518 886
518 955
518 917
519 1176
520 699
520 567
520 978
520 597
521 864
521 1058
521 1188
521 1006
521 806
521 1220
522 929
522 1134
522 726
522 558
522 858
522 958
523 898
523 1051
523 798
523 1058
523 1188
523 809
523 1198
523 702
523 1220
523 1006
524 902
524 651
524 664
524 547
524 565
524 1089
524 713
524 861
524 869
524 594
524 756
524 937
524 1018
525 1033
525 547
525 861
525 1205
525 1210
525 844
525 989
525 734
526 827
526 819
526 1207
526 1112
526 570
527 709
527 966
527 583
527 778
527 1037
527 804
527 1031
527 944
527 694
527 917
528 860
528 1164
529 679
530 576
530 1093
530 1139
531 910
531 661
531 547
531 556
531 559
531 953
531 1117
531 1236
531 989
531 1121
531 633
531 1173
532 1068
532 920
532 1062
533 804
533 630
533 966
533 694
533 917
534 1184
534 1041
534 838
534 977
534 1111
534 942
534 786
534 1156
534 923
534 638
535 1059
535 836
535 718
535 655
535 688
535 1138
535 1225
535 665
535 635
536 940
536 751
536 1233
536 736
537 935
538 582
539 676
539 1023
539 554
539 654
539 601
539 959
540 1041
540 669
540 1184
540 946
540 721
540 1238
540 996
540 613
540 1001
540 874
540 875
540 1019
541 1067
541 884
541 757
542 562
542 1079
542 1111
542 676
542 721
542 874
542 630
543 929
543 775
543 904
543 1199
543 686
543 1117
543 958
544 656
544 1053
544 684
544 693
544 736
544 583
544 598
544 730
544 988
544 606
544 1120
544 1004
544 751
544 883
544 1146
544 1147
544 1022
545 1162
545 658
546 808
546 587
546 861
546 1236
546 633
547 1024
547 749
547 666
547 552
547 1194
547 814
547 1117
547 1241
547 989
547 611
547 868
547 1013
547 1148
548 1096
548 715
548 691
549 608
549 943
549 828
549 1149
549 623
549 1202
549 700
550 899
550 900
550 689
550 850
551 1043
551 620
552 1237
553 1073
553 679
553 1116
553 1125
554 1156
554 1164
554 944
554 977
554 1111
554 676
554 786
554 750
554 630
554 1023
555 1155
556 1089
556 1236
556 633
556 1018
557 988
557 1125
558 1134
558 980
559 992
559 745
559 1065
559 1018
559 831
560 647
560 883
560 788
561 936
561 615
562 649
562 1039
562 1050
562 933
562 1201
562 648
562 837
562 972
562 590
562 976
562 1230
562 1021
563 829
564 648
564 649
564 909
564 1040
564 926
564 1072
564 1011
564 828
564 627
564 1146
564 1149
565 918
565 1017
566 837
566 648
566 649
566 972
566 590
566 1197
566 1246
566 872
566 924
566 621
566 1137
566 1146
566 639
567 1179
567 978
567 597
567 1188
567 1177
567 729
568 795
569 1094
569 903
569 782
569 591
569 1170
569 766
569 856
569 697
570 827
570 1157
570 593
570 878
570 758
570 823
570 819
571 1091
571 1010
572 801
572 1129
572 659
572 607
573 647
574 847
574 1214
575 869
575 713
575 594
575 873
575 664
576 1059
576 997
576 1239
576 771
576 692
576 1071
577 747
577 909
577 1039
577 976
577 1201
577 1050
578 1044
578 647
579 1121
579 1094
579 1205
579 1163
579 812
579 859
579 1086
579 1141
580 918
580 902
580 1171
580 937
580 825
580 1089
580 848
580 604
580 605
580 1052
580 756
580 1014
580 1065
580 1017
580 1018
580 636
581 1174
581 933
581 678
581 700
581 717
581 854
581 1248
581 1133
581 1137
581 627
581 1019
583 909
583 913
583 791
583 928
583 931
583 1238
583 731
583 606
583 626
583 1146
583 891
584 900
584 1074
585 906
585 625
585 821
586 742
586 650
586 977
586 786
586 755
586 1156
586 638
587 1121
587 808
587 861
587 633
587 1205
588 896
588 696
588 787
588 982
589 937
590 684
590 828
590 707
590 1103
590 1108
590 598
590 872
590 763
590 1149
591 782
591 914
591 697
591 600
591 698
591 1054
592 960
592 709
592 778
593 664
593 820
593 822
593 1207
593 948
593 706
593 873
593 619
594 869
594 904
594 958
596 1155
596 1063
596 1034
596 942
596 888
596 879
597 790
597 1179
598 648
598 649
598 1233
598 1108
598 730
598 736
598 1022
599 707
599 970
599 721
599 660
599 1238
599 875
599 934
599 1140
599 885
599 1019
600 1211
600 1005
600 980
600 697
600 1111
601 645
601 670
601 943
601 959
601 676
601 1118
601 1023
602 968
602 1144
602 663
602 632
603 1181
603 946
603 721
603 1002
603 638
604 611
604 1014
604 1171
605 1139
605 980
605 892
606 736
606 1238
606 731
607 801
608 895
608 1125
608 872
608 988
608 684
608 700
608 1246
609 846
609 1106
609 1076
609 1177
609 1118
610 1070
611 1099
611 902
611 651
611 844
611 734
611 868
611 1052
611 1150
612 854
612 1175
613 1184
613 946
613 1041
613 707
613 1140
613 1019
615 936
616 811
616 642
617 801
617 708
617 847
617 1214
618 811
618 1132
618 642
618 720
618 733
619 878
619 948
619 822
621 791
621 943
621 799
621 682
621 882
621 1072
621 702
621 1246
621 739
621 872
622 833
622 654
622 786
622 676
622 921
623 684
623 1103
623 1202
623 988
624 934
624 1041
624 707
625 683
625 780
625 906
625 652
625 1215
625 1081
626 928
627 1131
627 1133
627 1077
627 1149
628 640
628 875
628 838
628 681
628 874
628 1107
628 981
628 1161
628 996
628 669
629 874
629 1048
630 654
630 786
630 833
630 750
630 638
632 1153
632 655
632 1138
633 992
633 1236
634 816
634 998
634 1180
634 927
635 1059
635 1138
636 1030
636 1171
637 838
637 1111
637 777
637 660
637 885
637 1079
637 1161
637 640
638 903
638 952
638 965
638 977
638 856
638 986
638 955
638 744
638 1002
638 762
640 875
640 885
640 996
641 1027
641 646
641 1105
641 881
642 1237
642 811
642 1132
642 733
642 1128
643 775
643 1032
643 777
643 1042
643 1049
643 823
643 1119
643 958
643 711
643 843
643 1231
643 869
643 878
644 928
644 1204
645 709
645 1031
645 860
645 943
645 761
645 1050
645 1039
645 778
645 959
646 832
646 1027
646 1105
646 963
646 1015
646 987
647 1166
647 783
647 1044
647 796
647 1181
647 800
647 813
647 690
647 1223
647 1106
647 736
647 867
647 1192
648 1181
648 672
648 682
648 707
648 730
648 872
649 923
649 672
649 988
649 684
649 942
649 1072
649 1108
649 1246
649 1125
649 872
649 1149
650 838
650 742
650 759
650 658
650 1079
651 1194
651 1099
651 861
651 994
651 868
652 801
652 667
652 1129
652 1047
652 752
652 821
653 908
653 1170
653 673
653 827
653 980
653 983
653 1211
654 942
654 1111
654 923
654 1023
655 1059
655 1138
655 718
655 665
656 709
656 736
656 1079
656 778
656 855
656 1111
657 887
657 1146
658 742
658 1057
658 759
660 934
660 1111
660 1001
660 885
661 1089
661 711
661 843
661 1018
663 836
663 968
663 842
664 878
664 775
664 1032
664 823
664 1119
665 836
665 773
665 718
665 1138
665 815
665 892
666 861
667 683
667 821
668 755
669 1152
669 945
669 1048
669 1083
670 778
670 1037
670 1181
670 900
670 943
670 1053
670 928
670 693
670 959
670 709
670 860
670 750
670 761
671 866
671 1167
671 724
671 1181
672 1131
672 933
672 837
672 972
672 893
673 902
673 812
673 1141
674 1249
674 805
675 1219
675 1029
675 889
675 954
676 955
676 959
676 1023
676 744
677 1126
678 872
678 1133
678 1038
678 924
679 1073
679 746
679 912
679 1116
680 1216
681 875
681 1107
681 1001
681 996
682 871
682 893
683 780
683 1215
683 1245
683 821
684 1038
684 912
684 933
684 1072
684 721
684 852
684 849
684 746
684 1108
684 893
685 1188
685 1058
685 1006
685 790
686 904
686 1199
686 1119
687 1069
687 858
688 803
688 902
688 1224
688 842
688 748
688 756
688 1225
689 1026
689 899
689 900
689 774
689 847
690 840
691 832
691 770
691 899
691 1036
691 911
691 857
691 801
691 1088
691 1066
691 963
691 845
691 847
691 1111
691 987
691 1015
692 1139
693 928
693 736
693 1053
694 750
694 804
694 886
694 966
694 917
696 851
697 782
698 908
698 1005
698 782
698 914
698 1054
699 802
699 1188
699 1179
699 735
700 895
700 1103
700 828
700 1149
701 1222
701 1111
701 1079
702 897
702 974
702 893
702 1197
702 1235
702 1045
702 797
703 1121
703 1205
703 858
705 1131
706 822
706 878
706 910
706 1173
707 1177
707 970
707 1238
707 1001
707 1140
707 1019
708 801
708 847
708 1214
709 1031
709 905
709 1037
709 1147
709 926
709 1009
709 1183
709 960
709 839
709 1233
709 931
709 1064
709 1040
709 928
709 999
709 1011
709 761
709 891
710 1000
710 802
710 790
711 904
711 843
711 1049
711 793
711 858
711 1114
711 1237
711 938
711 814
711 726
711 1012
711 958
711 868
711 1173
712 1105
712 937
712 881
712 825
713 873
713 878
713 822
713 823
714 995
714 1188
714 717
714 1198
714 1235
714 1045
714 1177
715 1088
715 900
715 1096
715 719
715 752
715 881
715 857
716 794
717 1188
717 1133
717 1006
717 1198
718 1153
718 1138
720 1128
721 1152
721 1048
721 1184
721 934
721 945
721 946
721 1111
721 988
722 1158
722 788
722 1181
722 999
722 1021
723 1131
723 1174
723 1203
723 791
723 985
724 1167
724 785
725 1100
725 810
726 777
726 919
726 1190
726 1065
726 819
726 1079
726 1086
726 831
726 758
726 838
726 1111
726 858
726 1003
726 1134
726 1018
728 1178
729 1188
729 1006
730 1233
730 736
730 1022
731 913
732 1000
732 735
733 1132
733 1237
734 937
734 844
734 749
734 825
735 1243
735 1000
735 790
736 931
736 928
736 1040
736 1004
736 1147
736 1022
737 791
737 940
737 882
737 967
737 853
738 974
738 1235
738 1051
739 893
739 809
739 974
739 1197
739 797
739 1045
741 768
742 986
742 952
742 762
743 862
744 833
744 1111
744 1156
744 921
744 1208
745 993
745 868
745 843
745 1109
746 1073
746 1125
747 976
747 1079
748 1225
748 1111
748 956
748 925
749 1033
749 844
749 1210
750 944
750 886
752 1088
752 900
752 1026
752 850
754 791
754 923
754 932
754 967
754 940
754 1197
754 1203
754 865
754 853
755 786
755 762
755 986
756 919
756 812
756 956
756 831
756 992
756 859
756 1128
757 1067
757 943
757 860
758 827
761 1037
761 1177
761 1183
761 971
761 1238
761 882
763 1108
763 907
763 871
763 1072
763 792
763 932
765 1156
765 977
765 786
765 955
766 1059
766 812
766 903
766 786
766 1211
766 856
766 890
766 827
767 1121
767 1226
767 812
767 1003
767 1205
767 1209
767 859
768 1245
768 1215
769 989
770 1026
770 900
770 774
770 1066
770 1227
770 845
771 892
772 1104
773 1059
773 836
773 1138
773 1144
774 899
774 900
774 1066
774 845
774 850
775 1024
775 904
775 777
775 843
775 1049
775 793
775 1114
775 929
775 937
775 958
777 904
777 1034
777 1180
777 929
777 1032
777 958
777 1224
777 983
777 858
777 1119
777 1003
777 885
778 1177
778 1183
778 865
778 880
778 1146
778 1147
779 1122
779 942
780 1245
780 821
781 1131
781 1133
782 1170
782 908
782 914
782 856
782 890
782 1054
783 1218
784 1106
784 1076
784 863
785 1167
786 946
786 955
786 856
786 857
786 890
787 896
787 982
788 1120
788 1223
788 813
788 883
788 1021
789 841
789 1168
789 1242
790 1243
790 806
790 1135
790 1000
790 802
791 1197
791 913
791 1181
791 928
791 967
791 943
791 985
791 1248
791 891
791 887
791 893
792 1230
792 1118
793 843
793 814
793 958
793 1119
794 915
795 1016
795 1205
795 1121
796 800
797 897
797 1188
797 809
798 995
798 978
798 1006
798 1177
799 893
799 1045
799 854
801 911
801 1047
801 1176
801 930
801 1214
801 1129
801 1136
802 1243
802 1206
802 1200
803 1224
803 1225
804 886
804 917
805 1249
806 1058
807 1015
807 987
808 992
808 919
808 831
809 1045
810 1100
810 1213
811 998
811 816
811 1237
812 1094
812 1121
812 1205
812 1086
812 984
812 1141
813 1223
813 883
814 1089
814 1065
814 843
814 1114
815 836
815 892
816 1121
816 1205
817 838
817 1111
817 1071
817 956
818 1187
819 1003
819 1226
819 1207
819 1209
819 858
820 822
820 1121
820 1173
820 1205
820 1159
820 1102
820 1165
820 878
820 910
820 823
820 901
821 906
821 1081
822 1182
822 937
822 823
822 958
822 1207
822 1102
822 1112
822 994
822 1126
822 878
823 1126
823 878
823 904
823 937
823 958
824 1098
824 939
825 910
825 1173
825 938
825 1117
825 953
825 844
826 942
826 1079
827 1094
827 903
827 983
827 856
827 1180
827 890
828 1072
828 837
828 972
828 1108
828 1131
828 1149
828 893
829 939
830 1025
831 1173
831 919
831 938
831 1109
831 1003
832 1015
832 857
832 987
833 942
834 1218
834 950
834 969
834 1229
834 1193
835 1121
835 1205
835 1221
836 1059
836 1138
836 1144
837 1246
837 933
837 1072
837 1108
837 1149
838 900
838 965
838 983
838 858
838 1120
838 885
839 928
839 1204
839 891
840 883
842 1225
842 1111
842 922
842 968
842 956
843 904
843 910
843 938
843 958
843 1236
843 1114
843 993
843 868
843 1012
843 1173
844 994
844 937
845 1066
845 1227
845 1026
846 1106
846 1118
846 1177
847 899
847 1074
848 1030
848 1014
849 872
849 988
850 1036
851 1244
852 912
852 1073
852 988
853 893
853 967
853 854
853 882
854 923
854 942
854 1072
854 1108
854 1133
855 1123
855 1191
855 1230
855 1212
855 1147
856 1059
856 1156
856 859
857 1026
857 1156
857 1096
857 1027
857 977
857 900
858 1065
858 1069
858 1089
858 1240
858 1134
858 1018
859 1205
859 902
859 903
859 1086
859 1094
859 1121
859 1052
859 1190
860 1151
860 990
860 959
861 937
861 1099
863 1232
863 1006
863 1106
863 1076
864 1058
865 1108
865 985
865 933
865 1072
866 931
866 1167
868 1237
868 1099
869 958
870 915
871 907
871 1230
871 1146
871 1118
871 933
872 1197
872 1137
872 1146
874 1184
874 1154
874 934
874 1002
874 946
874 1048
874 1083
875 1035
875 934
875 1186
875 1184
875 1111
877 1067
877 1232
877 1106
877 884
878 1159
878 1112
878 1165
878 948
878 1207
878 958
879 1195
879 1063
880 1058
880 1031
880 909
880 1040
880 1064
880 926
881 963
882 967
882 1031
882 1037
882 1197
883 1223
883 1181
883 1247
884 1166
884 979
885 934
885 1079
886 944
886 966
886 917
887 951
887 1101
887 985
889 1219
890 1059
891 909
891 1053
891 940
891 1203
891 1204
892 902
892 1052
892 986
892 1059
892 952
892 1189
893 1174
893 988
893 990
893 1248
893 1149
894 1111
896 982
897 990
899 1026
900 1027
900 1047
900 1227
900 1106
902 1052
902 1225
903 1156
903 977
904 1032
904 1042
904 916
904 1046
904 1182
904 929
904 1194
904 1199
904 1119
904 1241
904 994
907 1146
908 1054
909 928
909 1058
909 1131
909 1220
909 1103
910 993
910 1089
910 1065
910 938
910 1018
910 1109
910 919
911 1129
911 1047
913 971
913 1183
914 1054
915 1136
916 1032
916 1119
918 1171
918 1014
918 1150
919 1226
920 1058
920 1220
920 1068
920 973
920 1151
921 1181
923 933
923 965
923 967
923 972
923 1011
924 1038
924 988
925 1056
925 1111
926 1220
926 1103
926 1040
926 1058
928 1053
928 931
928 940
928 1203
928 1204
928 960
929 1079
929 1134
929 1114
929 958
930 1129
933 940
933 942
933 972
933 1233
933 1108
933 988
933 1125
933 1133
934 1107
934 996
934 1140
937 953
938 1173
938 1049
938 1114
938 992
939 1098
940 967
942 1029
942 1197
942 1208
942 962
942 1219
942 965
942 967
942 954
943 1053
943 959
945 1083
945 1079
945 1048
946 1184
946 1041
946 1002
950 1193
951 1131
951 1238
951 1146
952 986
953 1020
953 1160
953 1018
953 1087
953 1013
954 1122
955 977
955 1111
955 1156
955 1023
956 1224
957 980
958 1032
958 1042
958 1182
958 1119
958 1231
959 1123
959 1118
961 1121
961 1205
963 1015
963 987
964 1124
964 1092
965 1001
970 1041
970 1140
970 1177
971 1064
971 1031
971 1037
972 1108
972 1246
972 1149
973 985
974 990
975 1188
975 1006
976 1079
976 1181
977 1156
978 1188
979 1232
979 1106
980 1173
980 1052
980 1139
980 1093
980 1145
981 1094
981 983
981 1145
981 1180
982 1244
983 1239
983 1180
983 1078
983 1111
983 1211
983 997
983 1008
984 1163
984 1141
985 1203
985 1146
988 1038
988 1125
989 1024
991 1010
991 1110
992 1003
992 1209
994 1024
994 1117
994 1119
995 1188
995 1006
995 1151
996 1035
996 1107
996 1079
996 1184
996 1111
997 1205
999 1021
1000 1243
1000 1206
1000 1007
1000 1200
1000 1135
1001 1184
1001 1107
1001 1238
1001 1035
1001 1140
1001 1019
1002 1181
1003 1190
1003 1209
1003 1226
1003 1020
1006 1188
1006 1146
1006 1019
1007 1200
1008 1121
1008 1196
1008 1205
1009 1021
1010 1110
1011 1103
1013 1160
1017 1150
1018 1065
1018 1089
1018 1236
1018 1173
1019 1031
1019 1037
1019 1041
1019 1184
1019 1076
1019 1238
1020 1209
1020 1087
1021 1158
1021 1111
1024 1241
1024 1194
1024 1182
1024 1205
1024 1099
1024 1237
1026 1088
1026 1066
1026 1227
1029 1122
1030 1171
1031 1177
1031 1064
1031 1183
1031 1238
1032 1114
1032 1119
1033 1046
1033 1082
1035 1186
1037 1238
1038 1133
1039 1050
1039 1181
1039 1185
1040 1220
1040 1103
1041 1184
1041 1140
1044 1172
1045 1188
1045 1198
1045 1235
1046 1231
1047 1129
1048 1154
1048 1083
1050 1181
1052 1225
1053 1111
1053 1181
1055 1205
1055 1240
1058 1135
1058 1204
1059 1153
1059 1144
1059 1138
1062 1151
1064 1146
1064 1183
1065 1089
1065 1236
1069 1121
1069 1205
1072 1175
1072 1197
1072 1103
1072 1108
1073 1116
1075 1228
1076 1177
1077 1131
1077 1133
1078 1205
1079 1152
1079 1201
1079 1147
1082 1210
1083 1164
1086 1190
1086 1226
1086 1209
1087 1121
1087 1209
1087 1226
1087 1205
1088 1214
1093 1224
1094 1211
1099 1182
1099 1160
1099 1241
1102 1205
1103 1108
1103 1146
1106 1166
1106 1177
1106 1164
1106 1232
1106 1192
1107 1186
1107 1111
1108 1185
1108 1197
1108 1149
1111 1180
1111 1147
1112 1121
1113 1234
1114 1236
1117 1241
1117 1182
1118 1230
1118 1146
1119 1194
1119 1199
1119 1241
1120 1181
1120 1247
1121 1196
1121 1207
1121 1239
1125 1202
1129 1136
1129 1176
1129 1234
1131 1238
1131 1146
1131 1149
1132 1237
1133 1174
1133 1137
1133 1146
1135 1200
1135 1243
1137 1246
1139 1180
1140 1177
1141 1163
1143 1237
1146 1188
1146 1246
1158 1181
1163 1211
1164 1232
1166 1232
1168 1242
1177 1188
1181 1208
1182 1194
1188 1235
1188 1238
1190 1205
1190 1209
1191 1230
1191 1212
1196 1205
1197 1203
1198 1235
1203 1248
1204 1220
1205 1239
1212 1230
1215 1245
1221 1237
