0 1195
0 388
0 774
0 778
0 779
0 654
0 146
0 534
0 408
0 409
0 796
0 33
0 475
0 549
0 424
0 1065
0 811
0 816
0 457
0 441
0 444
0 201
0 311
0 977
0 91
0 476
0 477
0 677
0 485
0 230
0 235
0 880
0 153
1 833
1 259
1 646
1 82
1 803
1 1054
1 1222
1 880
1 1139
1 953
1 1086
1 127
2 583
2 489
2 1244
2 925
2 510
3 384
3 839
3 76
3 45
3 1168
3 466
3 794
3 959
4 646
4 1035
4 525
4 526
4 147
4 405
4 406
4 793
4 285
4 158
4 163
4 37
4 39
4 297
4 1054
4 941
4 175
4 547
4 309
4 438
4 313
4 570
4 571
4 189
4 1086
4 578
4 1163
4 842
4 75
4 333
4 909
4 419
4 727
4 473
4 220
4 698
4 1211
4 362
4 1004
4 238
4 626
4 1139
4 1020
5 132
5 150
5 391
5 12
5 914
5 1219
5 532
5 789
5 22
5 408
5 517
5 33
5 304
5 311
5 1210
5 963
5 54
5 840
5 602
5 859
5 618
5 248
5 121
5 124
5 637
6 453
6 1030
6 778
6 779
6 334
6 661
6 338
6 403
6 654
6 534
6 91
6 476
6 98
6 230
6 811
6 146
6 1135
6 498
6 436
6 181
6 1081
6 635
6 511
7 35
7 744
7 391
7 12
7 497
7 22
7 955
7 1149
8 49
8 742
10 263
10 268
10 349
10 1119
11 896
11 769
11 35
12 320
12 1153
12 521
12 87
12 140
12 528
12 151
12 408
12 1050
12 859
12 28
12 477
12 286
12 35
12 427
12 1149
12 311
12 955
12 124
12 637
13 713
13 906
13 873
13 753
13 985
13 917
13 665
13 88
13 537
13 63
14 1216
14 971
14 589
14 535
14 1047
14 155
14 1182
14 973
14 46
14 723
14 1239
14 315
14 1002
15 1089
15 142
15 923
15 801
15 676
15 811
15 173
15 1077
15 446
15 191
15 480
15 580
15 966
15 459
15 210
15 214
15 608
15 987
15 224
15 102
15 383
16 102
16 457
16 586
16 534
16 796
17 441
17 578
17 118
17 1223
17 200
17 1035
17 333
17 783
17 1105
17 405
17 727
17 1245
17 805
17 101
17 40
17 489
17 43
17 238
17 815
17 816
17 1138
17 438
17 313
17 1211
17 1020
18 412
18 332
18 782
19 1057
19 1218
19 790
19 870
19 1000
19 470
19 950
19 522
20 177
20 1202
20 469
21 1035
21 845
21 82
21 148
21 953
21 127
21 31
22 1153
22 132
22 1131
22 722
22 121
22 1050
22 286
23 354
23 843
23 255
24 682
24 402
24 1241
24 938
24 447
25 919
25 26
25 163
25 303
25 57
25 58
25 956
25 189
25 192
25 67
25 721
25 1246
25 869
25 1084
25 106
25 491
25 365
25 111
25 370
25 382
25 766
26 136
26 195
26 1052
26 69
26 803
26 293
26 58
26 192
26 67
26 147
26 197
26 583
26 200
26 75
26 592
26 721
26 82
26 659
26 612
26 370
26 115
26 1022
26 1227
26 766
27 894
27 488
27 268
27 1197
27 1091
27 372
27 756
27 281
27 30
27 1119
28 512
28 449
28 392
28 140
28 1083
28 92
28 1213
29 944
29 328
29 1113
30 1091
30 870
30 488
30 522
30 559
31 259
31 138
31 148
31 238
31 793
31 552
31 941
31 178
31 438
31 953
31 727
31 607
31 235
31 1006
31 1138
31 246
31 1020
32 672
32 1057
32 675
32 263
32 202
32 1197
32 846
32 879
32 372
32 950
32 631
32 894
33 393
33 402
33 981
33 1189
34 443
34 385
34 1199
34 208
34 789
34 320
34 1146
34 431
34 477
35 770
35 786
35 132
35 286
35 37
35 295
35 40
35 816
35 95
35 330
35 83
35 600
35 346
35 92
35 351
35 353
35 866
35 104
35 1131
35 1133
35 1213
35 116
35 887
35 378
35 124
35 1149
35 895
35 1153
35 363
35 1156
35 1160
35 147
35 406
35 159
35 425
35 942
35 687
35 688
35 433
35 1207
35 441
35 74
35 963
35 842
35 722
35 1236
35 1238
35 473
35 990
35 736
35 744
35 750
36 741
36 307
36 809
37 416
37 662
37 633
38 84
38 76
39 1227
39 975
39 220
39 1249
39 994
39 175
39 626
39 574
40 744
40 335
40 765
42 225
42 258
42 963
42 385
42 745
42 618
42 304
42 558
42 47
42 272
42 402
42 54
42 471
42 1080
42 1199
43 821
43 982
43 861
44 1120
44 1157
44 1217
44 207
44 976
44 536
44 1114
44 544
44 1058
44 550
44 807
44 49
44 308
44 565
45 325
45 967
45 137
45 266
45 591
45 851
45 90
45 533
45 794
45 541
45 934
45 428
45 752
45 1078
45 1108
46 1123
46 548
46 1157
46 234
46 683
46 205
46 589
46 656
46 49
46 1013
46 1239
46 572
47 129
47 516
47 549
47 140
47 1080
47 402
47 1141
47 87
47 56
47 1146
47 443
47 477
48 768
48 1155
48 390
48 137
48 156
48 165
48 553
48 429
48 1203
48 182
48 710
48 1226
48 212
48 730
48 933
48 999
48 619
48 367
48 890
49 519
49 271
49 1002
49 277
49 535
49 1178
49 155
49 1181
49 1182
49 800
49 548
49 167
49 566
49 572
49 573
49 1216
49 705
49 72
49 585
49 714
49 971
49 589
49 464
49 1240
49 804
49 1248
49 1188
49 742
49 1127
49 1212
49 1008
49 376
49 761
49 891
49 253
50 192
50 452
50 491
50 397
50 303
50 432
50 721
50 370
50 58
50 956
50 666
50 1022
51 227
51 740
51 1029
51 1038
51 260
52 963
52 1156
52 1129
52 588
52 942
52 157
52 543
52 125
52 159
54 872
54 1129
54 311
54 172
54 247
54 408
54 1145
54 618
55 187
55 804
55 871
55 906
55 1132
55 398
55 1169
55 439
55 537
55 155
55 863
56 368
56 129
56 636
57 555
57 69
57 134
57 136
57 994
57 593
57 275
57 921
57 218
57 603
57 698
57 162
57 301
57 495
57 579
57 120
57 58
57 763
57 574
58 136
58 452
58 397
58 526
58 195
58 581
58 166
58 1007
58 301
58 1206
58 956
58 957
58 962
58 67
58 68
58 1164
58 460
58 603
58 359
58 106
58 365
58 111
58 120
58 766
59 130
59 1100
59 1044
60 1088
60 897
60 390
60 264
60 465
60 755
60 221
62 898
62 556
62 402
62 475
62 538
63 772
63 901
63 1036
63 398
63 399
63 656
63 917
63 154
63 1056
63 937
63 810
63 560
63 692
63 565
63 190
63 1087
63 706
63 1123
63 713
63 205
63 888
63 339
63 1239
63 348
63 609
63 830
63 356
63 1002
63 875
63 1132
63 369
63 1012
63 757
63 1193
64 418
64 643
64 467
64 853
64 374
64 1214
65 1122
65 582
65 647
65 360
65 1104
66 297
66 309
66 574
66 1090
66 583
66 979
66 726
66 1111
66 89
66 474
66 994
66 101
66 489
66 628
66 118
67 128
67 256
67 136
67 1164
67 525
67 526
67 793
67 285
67 160
67 166
67 552
67 299
67 820
67 1206
67 313
67 957
67 1209
67 192
67 579
67 69
67 333
67 717
67 337
67 82
67 83
67 727
67 729
67 1246
67 997
67 365
67 495
67 1136
67 1150
67 1022
68 128
68 163
68 719
68 593
68 275
69 577
69 642
69 136
69 1172
69 785
69 195
69 916
69 1017
69 1246
69 415
69 913
69 106
69 365
69 956
70 490
71 353
71 74
71 874
71 110
71 400
71 1236
71 213
71 650
72 771
72 976
72 167
72 656
72 1123
72 440
72 761
72 1002
73 294
73 1099
73 1048
74 641
74 363
74 687
74 400
75 259
75 842
75 1035
75 147
75 409
75 1143
75 1245
75 815
75 1227
75 375
75 696
75 698
75 766
76 1152
76 812
76 143
76 1168
76 1171
76 791
76 926
76 1055
76 300
76 1078
76 720
76 466
76 84
76 343
76 615
76 747
76 109
76 119
77 171
77 995
78 1056
78 198
78 875
78 753
78 788
78 958
78 630
78 88
78 830
79 875
79 262
79 775
79 908
79 655
79 1169
79 788
79 920
79 463
79 348
79 645
79 544
79 1058
79 155
79 198
79 743
79 871
79 563
79 308
79 437
79 630
80 289
80 811
80 1030
80 230
80 476
80 778
80 779
80 977
80 534
80 1081
80 380
82 259
82 646
82 525
82 793
82 1054
82 547
82 175
82 693
82 833
82 1222
82 803
82 727
82 986
82 1246
82 869
82 1004
82 365
82 1134
82 766
82 127
83 166
83 555
83 495
83 948
83 1205
83 569
83 1246
84 487
84 232
84 492
84 143
84 1100
84 242
84 1171
84 343
85 96
85 224
85 386
85 838
85 331
85 338
85 142
85 461
85 883
85 341
85 214
86 192
86 1184
86 956
86 111
87 129
87 993
87 521
87 1075
87 789
87 124
87 1141
88 518
88 1161
88 1179
88 1193
88 1196
88 560
88 690
88 947
88 321
88 205
88 207
88 978
88 860
88 1123
88 616
88 873
88 875
88 753
88 760
88 379
89 646
89 1163
89 909
89 925
89 419
89 297
89 696
89 955
89 833
89 1244
89 583
89 975
89 220
89 1090
89 744
89 1004
89 1139
89 628
89 1149
89 510
90 130
90 325
90 423
90 567
90 1100
90 109
90 1168
90 945
90 466
90 851
90 967
90 1095
90 802
91 230
91 1041
91 457
91 586
91 334
91 657
91 146
91 654
91 534
91 998
91 284
92 290
92 392
92 1213
92 408
92 637
93 1075
94 400
94 213
94 983
94 251
95 1063
95 425
95 363
95 687
95 955
95 1149
96 1089
96 801
96 987
96 102
96 961
96 461
96 210
96 1077
96 214
96 191
97 397
97 111
97 659
97 120
98 257
98 402
98 538
98 677
98 1065
98 811
98 556
98 1080
98 201
98 1030
98 1124
98 122
98 380
99 988
99 1074
100 904
100 1162
100 927
100 288
100 809
100 1066
100 1198
100 318
100 582
100 1104
100 989
100 1122
100 484
100 360
100 243
100 1148
101 960
101 833
101 646
101 583
101 759
101 1037
101 847
101 529
101 979
101 1111
101 282
101 1051
101 1244
101 925
101 614
101 936
101 362
101 1086
101 1004
101 882
101 1134
101 175
101 986
101 626
101 628
101 309
101 758
101 503
101 696
101 126
102 224
102 774
102 257
102 142
102 468
102 974
102 407
102 280
102 608
102 838
102 883
102 153
103 288
103 1009
103 1079
103 808
105 448
105 1126
105 423
105 1098
105 1101
105 239
105 848
105 945
105 924
106 394
106 1164
106 806
106 285
106 803
106 371
106 569
106 956
106 957
106 592
106 337
106 235
106 365
106 118
107 117
108 539
109 481
109 513
109 812
109 1034
109 237
109 1168
109 466
109 1045
109 505
110 896
110 769
110 520
110 874
110 1003
110 776
110 114
110 213
110 983
110 251
111 1025
111 659
111 1176
111 162
111 370
111 192
111 707
111 721
111 596
111 725
111 732
111 491
111 876
111 754
111 502
111 980
111 1022
113 1001
113 631
113 922
114 896
114 776
114 530
114 1236
114 213
114 278
114 353
114 1063
114 1003
114 751
114 887
115 293
115 1246
115 766
116 406
117 1151
118 485
118 1246
118 979
118 628
118 693
118 506
118 447
118 510
119 130
119 1220
119 1100
119 877
119 143
119 1168
119 466
119 1171
119 245
119 1078
119 343
119 505
120 491
120 876
120 303
120 592
120 370
120 659
120 725
120 603
121 330
121 1050
122 898
122 779
122 657
122 534
122 538
122 284
122 475
122 676
122 677
122 586
122 334
122 977
122 468
122 974
122 219
122 230
122 1041
122 1018
122 796
122 383
123 1061
124 907
125 744
125 247
125 558
126 994
126 547
126 456
126 489
126 842
126 235
126 178
126 1097
126 282
126 574
127 259
127 298
127 880
127 693
127 953
127 409
128 962
128 197
128 1225
128 579
128 275
128 413
129 368
129 1141
130 384
130 787
130 802
130 292
130 423
130 1095
130 567
130 420
130 1130
131 669
132 736
132 840
132 497
132 532
132 600
132 765
132 319
134 192
134 303
134 721
134 370
134 659
135 1019
135 1187
136 766
137 933
137 1226
137 730
138 578
138 387
138 396
138 333
138 717
138 595
138 148
138 1110
138 1167
138 160
138 845
138 679
138 552
138 298
138 693
138 1017
138 1211
139 576
139 336
139 455
139 841
139 781
139 469
139 889
140 385
140 272
140 402
140 208
140 549
140 556
140 558
140 1080
140 1146
140 443
141 828
141 622
141 1074
141 410
141 988
142 386
142 1170
142 1067
142 173
142 564
142 480
142 451
142 329
142 461
142 210
142 224
142 749
142 624
142 341
143 1171
143 343
143 1144
144 412
145 305
145 1059
145 668
146 475
146 334
146 274
146 436
146 1080
147 1227
147 200
147 842
147 975
147 979
147 158
147 766
147 994
147 935
147 628
147 438
147 1015
148 333
148 238
148 941
148 693
148 1138
148 438
148 727
148 313
148 1211
148 1020
149 194
149 1093
149 327
149 1175
149 250
149 1242
150 914
150 1210
151 744
151 172
151 942
151 872
151 247
151 1145
151 955
151 1149
152 196
152 744
152 687
152 983
153 774
153 778
153 402
153 677
153 811
153 1077
153 1080
153 826
153 444
153 447
153 961
153 476
153 357
153 506
153 191
154 155
154 804
154 871
154 937
154 211
154 830
155 771
155 518
155 1161
155 906
155 652
155 1179
155 947
155 542
155 931
155 810
155 683
155 690
155 563
155 692
155 314
155 827
155 702
155 321
155 706
155 198
155 205
155 739
155 1109
155 1239
155 463
155 222
155 483
155 233
155 1016
155 379
155 1229
155 1237
156 266
156 429
156 590
156 465
156 212
156 799
157 290
157 1129
157 588
157 543
158 744
158 842
158 1149
159 699
159 1129
159 311
159 637
159 408
159 283
159 427
160 577
160 717
160 727
160 415
160 1062
160 913
160 1195
160 880
160 241
160 244
160 313
161 902
163 642
163 581
163 1225
163 394
163 460
163 525
163 1172
163 919
163 869
163 365
163 948
163 189
163 382
165 1152
165 747
165 429
165 791
165 1171
166 581
166 525
166 275
166 919
166 285
166 1246
166 1136
166 1084
166 189
167 714
167 1239
167 205
167 656
167 277
167 1047
167 1178
167 1123
167 683
167 440
167 1212
168 748
168 664
168 479
169 524
170 807
170 871
170 1042
170 1140
172 963
172 996
172 872
172 618
172 247
172 290
172 1199
172 208
172 1219
172 431
173 608
173 580
174 550
174 463
174 437
174 822
175 1249
175 994
175 803
175 698
175 574
176 642
176 935
176 1154
177 455
177 841
177 366
177 1202
177 795
178 1227
178 456
178 402
178 1006
178 727
178 826
178 607
178 357
178 614
178 1192
178 1138
178 238
178 882
178 693
178 375
178 506
178 447
179 673
179 1166
179 1076
179 1230
179 635
179 476
179 703
180 1088
180 897
180 450
180 1171
180 487
180 999
180 429
180 946
180 755
180 182
180 343
180 1144
181 515
181 1041
181 334
181 657
181 661
181 407
182 450
182 933
182 487
182 266
182 730
183 1074
183 622
184 1085
185 864
185 306
185 1022
186 557
186 1103
187 315
187 535
187 971
187 723
187 702
188 577
188 396
188 238
188 1138
188 727
188 793
189 579
189 919
189 1205
189 293
189 365
189 495
189 820
189 1150
189 1084
189 382
189 831
190 771
190 1182
190 683
190 971
190 589
190 277
190 723
190 535
190 1047
190 1013
190 572
190 830
191 1170
191 1077
191 446
191 1089
191 580
191 459
191 461
191 338
191 480
191 214
191 210
191 624
191 383
192 452
192 642
192 275
192 301
192 948
192 831
192 193
192 460
192 596
192 864
192 195
192 502
192 764
192 1022
193 1184
193 1092
193 364
193 956
193 1022
194 640
194 1093
194 327
194 265
194 711
194 620
194 850
194 1082
194 854
194 617
194 1242
194 250
194 1243
194 634
194 597
195 956
195 660
195 764
195 1022
196 769
196 650
196 984
196 910
196 983
196 667
197 579
197 1007
197 593
197 394
197 495
197 623
197 766
198 1217
198 920
198 563
198 308
198 630
198 536
198 348
199 517
200 766
200 1035
200 936
200 842
200 815
200 1227
200 758
200 759
200 241
201 257
201 677
201 774
201 801
201 556
201 402
201 468
201 1077
201 214
201 1080
201 998
201 444
201 1089
202 672
202 1218
202 675
202 950
202 870
202 488
202 1197
202 658
202 756
202 470
202 631
202 728
202 349
203 1024
203 1010
203 211
203 985
203 888
203 665
203 860
204 268
204 349
205 705
205 207
205 976
205 277
205 1047
205 665
205 1114
205 1123
205 548
205 1064
205 1212
205 683
205 753
205 871
205 1188
205 572
205 565
206 900
206 371
206 218
206 604
206 734
207 771
207 1056
207 937
207 683
207 565
207 315
207 958
207 971
207 723
207 985
207 830
207 376
208 872
208 1145
208 443
208 477
210 580
210 966
210 1077
210 987
210 446
211 1024
211 321
211 868
211 906
211 1196
211 1010
211 814
211 978
211 340
211 439
211 888
211 1179
212 768
212 487
212 429
212 1203
213 641
213 874
213 731
214 224
214 386
214 1089
214 801
214 961
214 624
214 608
214 1077
215 1092
216 417
216 901
216 1016
216 892
216 1087
217 308
217 262
217 920
217 969
217 970
217 655
218 554
218 1014
218 792
218 734
219 1030
219 923
219 538
219 383
220 1249
220 803
220 388
220 880
220 698
221 897
221 644
221 465
221 755
222 807
223 781
223 1183
224 1089
224 386
224 580
224 461
224 608
224 801
224 1060
224 358
224 446
224 341
225 549
225 907
225 1049
226 615
227 740
227 1038
227 670
229 421
229 1235
229 716
229 1039
229 1040
229 499
229 695
229 601
229 606
230 515
230 778
230 654
230 403
230 534
230 538
230 1030
230 1081
230 447
230 977
231 593
231 394
231 555
231 844
231 495
231 885
231 921
231 763
231 1205
232 296
232 1144
233 321
233 804
233 1161
234 705
234 771
234 1157
234 277
234 985
234 1064
234 830
235 1138
235 525
235 919
235 793
235 282
235 1051
235 547
235 556
235 882
235 693
235 1080
235 1084
235 960
235 833
235 1227
235 1097
235 975
235 979
235 614
235 238
235 626
235 628
235 503
235 510
237 513
237 466
237 567
238 935
238 1192
238 299
238 1068
238 456
238 1015
238 845
238 485
238 246
238 375
239 1095
239 1034
239 1100
239 567
239 1098
241 259
241 1035
241 815
241 1143
241 409
241 1245
242 1171
242 390
242 1144
242 553
243 360
243 777
243 1066
243 269
243 809
243 504
243 858
243 1162
243 638
243 927
244 387
244 712
244 1209
244 797
245 1220
245 812
245 1168
246 357
246 485
246 954
246 693
246 727
246 793
246 826
246 509
247 963
247 1156
247 1238
247 471
247 385
247 872
247 745
247 618
247 427
247 558
247 304
247 272
247 942
247 1145
247 1199
248 517
250 1242
250 1093
251 896
251 770
251 520
251 910
251 733
251 287
252 915
253 800
253 519
253 585
253 589
253 566
253 1240
253 572
254 843
254 255
255 836
255 605
256 935
256 396
256 948
256 1015
257 1124
257 774
257 898
257 1076
257 1065
257 1081
257 538
258 699
259 1195
259 388
259 975
259 880
259 979
259 628
259 693
259 1227
259 953
259 409
259 510
261 1217
261 804
261 1229
261 920
261 536
261 655
262 743
262 616
262 969
262 970
262 563
262 630
262 920
262 655
263 1218
263 268
263 754
263 980
263 349
264 450
264 1171
264 343
265 599
266 1203
266 999
266 462
266 851
266 762
267 673
267 778
267 716
267 403
267 476
267 703
268 701
268 349
268 372
268 470
268 894
268 1119
269 904
269 1009
269 808
269 1079
269 927
270 412
271 1186
271 1137
272 549
272 942
274 1041
274 977
274 402
274 334
274 436
274 534
274 1080
274 284
275 1027
275 526
275 555
275 820
275 956
275 581
275 1096
275 1225
275 460
275 365
275 495
275 1022
276 1016
276 939
276 931
277 321
277 379
277 901
277 937
277 1047
277 560
277 830
277 439
277 656
277 1157
278 641
278 750
278 910
278 731
279 992
279 737
279 1102
280 322
280 932
280 453
280 1041
280 331
280 461
280 624
280 657
280 883
280 838
280 1135
281 1057
281 323
281 870
281 488
281 522
281 557
281 432
281 658
281 470
281 728
281 666
282 803
282 1097
282 698
282 445
283 963
283 393
283 981
283 408
283 1189
283 998
283 556
283 304
283 1080
284 898
284 635
284 1030
284 1041
284 778
284 779
284 334
284 657
284 1076
284 654
284 476
284 538
285 1026
285 1027
285 903
285 1096
285 935
285 685
285 1015
286 866
286 295
286 433
286 722
286 625
286 1180
287 1048
288 1079
289 1040
289 421
289 1235
289 499
289 568
289 601
289 380
289 1118
290 549
290 1129
290 829
290 872
290 1106
290 1213
290 1145
291 852
291 317
292 448
292 1100
292 689
292 787
293 869
293 525
293 1246
293 1084
293 766
294 520
294 650
294 363
294 750
294 751
294 910
294 984
295 1153
295 391
295 744
295 330
295 1131
295 862
295 1050
295 1149
297 613
297 489
297 426
297 610
297 335
297 979
297 697
298 552
298 1068
298 333
298 845
298 953
299 552
299 396
299 1167
299 1138
299 1017
299 727
299 313
299 997
300 928
301 603
301 1022
303 452
304 963
304 744
304 872
304 408
304 699
304 637
306 612
306 766
307 647
307 648
307 777
307 484
307 858
307 989
307 1122
307 809
307 1066
307 1198
307 318
307 504
307 1148
307 638
308 969
308 970
308 715
308 1046
308 920
308 655
308 645
309 583
309 489
309 975
309 510
310 914
310 1210
311 447
312 493
312 454
313 642
313 396
313 913
313 415
313 1062
313 1068
313 948
313 1209
313 1172
313 717
313 845
313 997
313 785
313 1015
313 1017
313 405
314 1010
314 985
314 316
315 772
315 1121
315 1036
315 398
315 1234
315 1239
315 1114
315 609
315 810
315 1132
315 369
315 565
315 439
315 440
316 906
316 917
316 537
316 1179
316 544
316 807
316 1193
316 810
316 947
316 439
316 706
316 713
316 463
316 978
316 398
316 1239
316 609
316 1132
316 1140
316 760
318 647
318 632
318 858
318 638
319 391
319 1037
319 335
319 847
319 1180
319 816
319 625
319 434
319 373
319 886
319 765
320 907
320 528
320 477
321 1024
321 379
321 804
321 518
321 1010
321 814
321 753
321 985
321 873
321 860
322 453
322 838
322 331
322 974
322 511
323 432
323 728
323 666
325 1155
325 934
325 710
325 458
325 462
325 591
325 496
325 1078
325 1190
326 651
327 599
327 1107
327 1175
328 1125
328 486
328 968
328 1039
328 1117
328 918
328 598
328 1113
328 671
329 811
329 564
330 391
330 909
330 688
330 722
330 419
330 758
330 1207
330 1180
330 862
331 932
331 453
331 1135
331 461
331 629
331 407
331 511
331 898
331 501
332 1147
332 782
332 823
333 642
333 387
333 396
333 679
333 1068
333 941
333 948
333 438
333 1211
333 578
333 845
333 1110
333 1172
333 1020
334 1030
334 436
334 661
335 610
335 419
335 613
335 426
335 909
335 765
337 763
337 806
337 460
337 526
337 1007
337 1246
337 394
337 569
337 382
338 961
338 811
338 580
338 457
338 586
338 779
338 386
338 624
338 977
338 534
338 635
338 778
339 772
339 1157
339 1056
339 937
339 875
339 692
339 565
339 630
339 440
339 958
339 757
340 1024
340 1196
340 814
340 753
340 437
340 537
340 702
340 863
341 451
341 580
341 358
341 1067
341 461
341 749
341 1170
341 446
343 390
343 487
343 1100
343 450
343 791
343 1171
345 1028
345 744
345 411
346 736
346 738
346 532
346 600
347 1113
347 1117
347 671
348 356
348 830
349 701
349 372
349 980
349 1119
350 800
350 742
350 1008
351 770
351 378
352 852
352 724
353 641
353 425
353 874
353 1003
353 750
353 1236
353 910
353 663
355 1249
355 1139
355 1086
355 698
355 574
356 616
356 399
356 630
357 774
357 779
357 534
357 1189
357 811
357 826
357 954
357 485
357 1006
357 637
357 506
360 582
360 777
360 632
360 858
360 989
360 638
361 784
361 1011
361 500
362 489
362 529
362 474
362 507
363 425
363 1099
363 750
363 627
363 663
363 1048
364 1184
364 1092
364 502
364 956
365 642
365 394
365 525
365 526
365 1172
365 919
365 935
365 948
365 569
365 719
365 869
365 1015
366 1202
366 795
367 390
367 553
368 1141
369 1121
369 535
370 452
370 491
370 397
370 766
371 604
372 522
372 557
372 658
372 980
372 950
372 728
372 894
373 1223
373 936
373 815
373 696
373 765
374 817
374 853
375 456
375 1006
375 1138
375 1192
375 693
375 727
375 607
375 445
376 585
376 1114
376 1186
376 422
376 565
376 572
376 573
376 1013
377 642
377 935
377 819
377 948
377 729
378 744
379 1024
379 804
379 871
379 1169
380 811
380 898
380 403
380 1076
380 1081
380 635
380 538
382 581
382 806
382 957
382 1164
382 1084
382 526
382 719
382 1205
382 919
382 1225
382 956
382 1022
382 831
383 961
383 898
383 580
383 681
383 1112
383 676
384 802
384 1078
385 549
385 872
385 907
385 1199
385 942
385 477
385 1049
385 443
386 961
386 451
386 1170
386 974
386 749
386 624
386 1077
386 446
387 578
387 1211
387 679
387 552
387 396
387 712
387 571
387 797
387 991
388 1035
388 556
388 880
388 409
388 447
390 755
391 866
391 722
391 1133
391 816
391 433
391 434
391 497
391 1207
391 441
391 1180
391 765
391 862
392 1213
393 826
393 556
393 402
393 1080
393 506
393 637
394 525
394 921
394 935
394 1205
394 962
394 844
394 719
394 1246
394 1007
394 885
394 1015
394 763
395 938
396 1167
396 785
396 916
396 679
396 552
396 941
396 819
396 438
396 571
396 577
396 712
396 717
396 991
396 1017
397 491
397 876
397 592
397 721
397 659
397 732
398 804
398 535
398 723
398 437
400 641
400 1072
400 1191
400 687
400 912
400 731
401 493
402 1189
402 682
402 778
402 1166
402 938
402 403
402 534
402 549
402 424
402 457
402 1080
402 829
402 779
402 981
402 1241
402 476
402 607
402 955
402 485
402 744
402 1006
402 637
402 1149
403 716
403 977
403 534
403 1060
403 556
403 1080
404 964
404 744
404 910
404 887
404 1028
404 411
406 416
406 1071
406 662
406 633
407 961
407 580
407 453
407 1030
407 461
407 998
407 1041
407 556
407 436
407 511
408 699
408 998
408 556
408 637
408 447
408 506
409 998
409 556
409 911
409 1195
409 953
410 965
410 622
410 818
411 964
411 887
411 1028
411 990
412 678
412 813
412 442
413 864
413 579
413 612
413 555
413 495
414 418
414 643
414 708
414 551
414 817
414 639
415 913
415 785
415 1017
415 1209
416 584
416 662
416 735
417 739
417 804
417 901
417 871
417 1169
417 939
417 1016
417 483
417 437
417 931
418 551
418 494
418 817
418 467
419 583
419 925
419 1163
419 909
419 979
419 628
419 697
419 570
419 1244
419 426
420 1130
420 1100
420 802
420 689
420 787
420 924
421 1235
421 1040
421 499
421 695
421 568
421 1118
422 865
422 573
423 1098
423 877
423 1101
423 851
423 505
423 802
424 998
424 556
424 829
424 543
425 744
425 1149
425 687
425 663
425 641
425 825
425 893
426 1163
427 942
427 637
428 429
428 752
429 768
429 752
429 1108
429 487
429 590
429 465
429 541
429 799
430 669
431 516
431 907
431 1145
431 477
432 452
432 658
433 816
433 1153
433 1131
433 786
433 688
433 849
433 862
433 1050
434 610
434 866
434 862
435 1185
435 691
436 1030
437 775
437 1161
437 906
437 656
437 1042
437 939
437 947
437 440
437 463
437 739
437 868
437 743
437 871
438 578
438 552
438 693
438 1211
438 1020
439 971
439 535
439 1010
439 723
439 702
440 1047
440 656
440 1169
440 535
440 830
440 548
440 1064
440 937
440 871
441 613
441 998
441 744
441 1163
441 556
441 816
441 697
441 570
441 955
441 862
442 798
443 549
443 1146
443 1199
444 673
444 898
444 1030
444 998
444 774
444 1124
444 778
444 556
444 1230
444 1076
444 1081
444 1065
444 635
445 1249
445 547
445 614
445 456
445 489
445 882
445 574
445 1097
445 1051
445 698
446 480
446 961
446 624
446 564
446 608
447 774
447 778
447 779
447 911
447 534
447 586
447 977
447 476
447 880
448 1232
448 945
448 1098
448 1095
448 1100
448 802
448 1101
448 848
448 787
448 567
448 1130
450 999
450 1005
450 1171
451 961
451 580
451 624
452 491
452 956
452 666
453 932
453 838
453 883
453 501
453 629
454 992
454 773
455 469
456 485
456 614
456 1192
456 727
456 1006
457 1030
457 586
457 556
457 898
457 796
457 506
459 580
460 1027
460 1026
460 806
460 593
460 1096
460 903
460 685
460 1200
460 1205
460 569
460 1022
461 580
461 961
461 974
462 748
462 1165
462 851
462 533
462 664
462 541
462 478
462 479
463 1120
463 827
463 804
463 550
463 743
463 1169
463 1233
463 775
463 807
463 871
463 1140
464 1127
465 644
465 1203
465 946
465 755
466 1168
466 1078
467 643
467 708
467 1224
467 1214
467 639
468 898
468 1124
468 538
469 841
470 672
470 950
470 1103
470 658
470 756
470 790
470 666
470 894
471 745
472 617
472 780
473 929
473 834
473 744
473 952
473 1149
473 575
474 583
474 979
474 628
474 1244
474 925
474 510
475 898
475 1030
475 998
475 1080
476 716
476 1060
476 677
476 811
476 564
476 1080
477 549
477 998
477 907
477 1228
477 1199
477 1146
478 933
478 533
478 730
479 748
480 1077
481 1126
481 1095
481 567
482 694
482 824
482 857
482 1019
482 1053
483 931
483 901
483 871
483 892
483 542
484 1162
484 621
484 927
485 998
485 556
485 1138
485 954
485 1192
485 727
485 793
485 506
485 1246
486 1113
486 918
486 598
487 768
487 999
488 870
488 1197
488 559
488 1091
488 522
489 925
489 696
489 583
489 975
489 1111
489 1244
489 744
489 626
489 758
489 759
489 507
491 721
492 1144
493 992
493 737
493 1102
494 1224
494 1214
495 962
495 935
495 525
495 1136
495 579
495 1015
495 919
495 1084
495 869
497 1153
497 1131
498 811
498 586
499 1039
499 1040
499 1235
499 695
499 601
500 1011
501 838
501 974
501 629
502 707
502 1022
503 882
503 986
504 809
504 1122
504 647
504 1066
504 621
504 1198
504 1162
504 632
504 1148
504 989
504 638
505 513
505 812
505 877
505 1168
506 774
506 586
506 826
506 1006
506 981
506 796
506 637
507 510
508 554
508 792
509 826
509 954
510 925
510 583
510 1249
510 994
510 880
511 932
511 1135
513 1034
513 1045
514 956
514 612
514 1022
515 779
515 1080
515 661
516 907
516 528
516 1146
517 546
517 637
518 753
519 800
519 1240
519 761
519 572
520 650
520 1099
520 751
520 1174
520 1048
521 955
521 744
521 859
521 1149
522 1057
522 1091
522 870
522 1103
522 894
522 1119
523 634
523 620
523 1082
523 1023
524 540
525 1026
525 526
525 806
525 935
525 685
525 1200
525 1205
525 1206
525 569
525 957
525 1096
525 869
525 1015
525 1150
526 806
526 935
526 948
526 569
526 957
526 581
526 1225
526 1015
528 1228
528 907
530 1003
530 955
530 910
530 1149
531 889
532 736
532 840
533 762
533 730
534 778
534 779
534 1166
534 1030
534 1080
534 1081
534 703
534 1230
534 977
534 635
535 771
535 772
535 1036
535 1237
535 565
535 971
535 1234
535 1114
535 609
535 1132
535 1012
535 757
536 775
536 652
536 1229
536 655
536 1046
537 1193
537 713
537 1196
537 917
537 760
537 665
537 1179
537 702
537 863
538 1030
538 1018
538 923
538 676
538 677
538 796
538 681
539 1107
539 597
540 899
541 1165
541 851
542 871
542 1016
542 892
543 588
543 1106
544 1058
544 807
544 908
544 1140
544 1142
545 604
545 554
545 867
545 734
547 994
547 574
547 698
548 800
548 771
548 683
548 656
548 1123
548 1047
548 761
549 1115
549 1199
549 558
549 1080
549 704
550 1120
550 674
551 708
551 1031
551 943
551 817
551 639
552 642
552 1167
552 1172
552 679
552 1068
552 948
552 693
552 571
552 578
552 717
552 997
552 1017
552 1020
553 755
554 1014
554 792
554 604
555 579
555 1007
555 623
555 1136
555 885
555 921
555 763
555 581
556 774
556 779
556 654
556 796
556 677
556 811
556 954
556 586
556 981
556 1189
556 998
557 672
557 950
557 1197
557 790
557 728
557 894
557 1119
558 942
559 1091
559 870
560 814
560 753
560 1010
563 920
563 788
563 645
564 608
564 778
565 1056
565 714
565 971
565 958
565 723
565 1114
565 830
566 800
566 742
566 746
566 1127
566 1008
566 1013
566 1240
566 761
566 572
567 1126
567 1100
568 1039
568 1235
568 601
568 1118
569 962
569 1007
569 1164
569 1136
569 623
569 1246
569 869
570 583
570 1163
570 610
570 909
570 816
570 979
570 628
570 726
570 1244
571 578
571 642
571 1172
571 1110
571 1211
571 991
572 800
572 705
572 714
572 1123
572 742
572 1008
572 761
573 865
573 714
573 1178
574 882
574 698
574 1086
574 833
574 583
574 842
574 979
575 834
577 679
577 595
577 1110
577 727
577 991
578 1211
578 1110
578 595
578 948
579 962
579 1007
579 903
579 593
579 948
579 1015
579 869
580 1089
580 801
580 961
580 966
580 987
581 1026
581 903
581 1164
581 593
581 820
581 1150
581 1206
581 957
581 831
582 621
582 904
583 994
583 1097
583 1111
583 975
583 726
584 633
585 800
585 772
585 1137
585 1036
585 761
585 891
586 998
586 654
586 1080
586 796
587 795
588 1129
588 829
589 800
589 772
589 1036
589 1239
589 761
591 967
591 934
592 659
592 1246
592 766
593 962
593 1225
593 1007
593 623
593 885
593 763
594 631
595 717
595 1211
595 797
596 707
596 956
596 1022
598 968
598 918
598 1125
600 736
600 1149
601 695
601 1118
603 956
603 1022
604 867
604 1014
604 734
605 680
606 968
606 944
606 856
606 1125
607 1006
607 693
607 1080
607 826
608 961
608 966
609 706
610 613
610 1163
610 909
610 697
611 680
611 843
612 864
613 1090
613 726
613 697
614 994
614 1192
614 986
615 1231
616 873
616 645
616 753
616 788
616 937
616 655
617 780
618 872
618 1129
619 890
619 949
620 1023
620 767
621 809
621 1198
621 1104
621 989
622 965
622 988
622 1074
622 828
623 962
623 1007
623 1205
623 766
624 801
624 1170
624 1089
624 749
624 1077
625 744
625 1149
625 688
625 765
626 1249
626 994
626 698
627 641
627 1003
627 744
627 910
627 687
627 955
627 1149
628 1090
628 925
628 842
628 909
628 726
628 1244
628 994
629 838
630 1056
630 873
630 985
630 937
630 655
630 860
630 958
630 645
631 930
631 675
631 709
631 1218
631 1001
631 1197
631 846
631 879
631 1173
631 756
631 922
631 894
631 1247
632 1122
632 647
632 777
632 1066
632 1148
633 1071
633 735
634 1023
635 1060
635 677
635 673
636 1141
637 963
637 998
637 1213
637 699
637 1080
637 826
638 1009
638 809
638 808
638 904
638 1079
638 858
638 927
639 708
639 943
639 817
640 850
640 854
641 1191
642 1194
642 831
642 719
642 1136
642 1015
642 1022
643 943
643 817
644 755
645 875
645 920
646 833
646 1004
647 1122
647 809
648 904
648 809
650 874
650 751
650 776
650 1174
652 1217
652 804
652 1229
652 655
654 977
654 998
654 796
655 1217
655 875
655 743
655 969
655 970
655 775
655 1229
655 920
655 1046
656 1181
656 1186
656 1212
656 830
656 1216
656 705
656 973
656 1188
656 860
656 873
656 1013
657 1030
657 974
657 1041
657 661
658 672
658 1057
658 675
658 950
658 1197
658 728
658 1119
659 766
660 764
661 1041
663 955
663 825
663 731
665 917
665 683
665 713
665 985
665 860
665 868
665 875
665 753
665 760
667 1099
667 983
667 1048
670 740
670 1038
671 1113
672 950
672 728
672 922
672 894
673 716
673 1166
673 1230
673 677
673 1076
673 1080
673 703
674 1120
674 804
674 1169
674 822
676 1030
677 1124
677 998
677 774
677 811
677 898
677 1076
679 991
680 836
681 1030
681 898
682 1080
682 1241
683 1123
683 873
683 1212
683 860
685 1027
685 806
687 912
687 744
687 1032
687 825
687 955
687 1149
688 866
688 744
688 1180
688 1149
689 1232
689 1100
689 802
690 753
691 1185
691 1070
692 1056
692 937
692 971
692 1109
692 723
692 830
693 941
693 1068
693 1006
693 803
693 953
694 1019
695 1235
695 1039
695 1040
696 936
696 1037
696 847
696 886
696 759
697 1090
697 909
697 726
698 994
698 1139
698 1227
698 975
699 1219
699 1221
699 1080
700 1000
700 1057
700 790
702 1179
702 810
702 947
703 716
703 1166
704 1115
705 1216
705 1013
707 1176
708 1031
708 943
708 817
709 922
709 1218
709 846
710 851
710 967
711 1243
711 850
711 854
712 997
712 1209
712 797
713 1193
713 860
713 873
713 985
713 917
714 1178
714 1047
714 1114
714 1013
715 920
716 811
716 1166
716 1230
717 1017
717 997
717 913
717 785
717 935
717 1110
717 1015
718 899
719 1225
719 1015
719 948
719 1172
719 1084
720 926
721 766
722 744
722 1133
722 1160
722 862
722 955
722 1149
723 772
723 1132
723 971
723 1036
723 1012
723 1114
724 852
725 1025
726 1090
726 979
726 925
727 1167
727 1192
727 948
727 1209
727 845
727 997
727 1017
728 1057
728 894
728 1119
729 972
729 881
729 819
730 933
730 1226
730 762
731 1063
733 983
733 955
733 1149
734 867
735 1071
736 738
736 1149
737 992
737 1102
739 871
739 1169
740 1038
742 1248
742 1137
742 746
742 1127
742 1008
742 1013
742 1240
742 761
742 891
743 804
743 871
743 1229
744 776
744 1180
744 805
744 942
744 1207
744 1080
744 786
744 1213
744 963
744 964
744 842
744 849
744 1238
744 825
744 990
744 887
746 1127
746 1008
749 961
750 1174
750 1072
750 1032
750 912
750 1191
750 1236
750 1048
750 893
751 1048
751 1174
751 910
752 1108
752 851
753 1161
753 1196
753 976
753 868
753 875
754 756
755 1088
756 1218
757 830
758 1223
758 1035
758 815
758 821
759 1223
759 1143
760 860
760 985
761 800
761 1008
761 1212
761 1013
761 1064
761 891
762 933
762 799
763 1205
763 806
763 844
763 885
763 921
764 956
764 1022
765 1105
765 1037
765 786
765 886
765 849
766 1035
766 1052
766 803
766 815
766 1227
766 842
766 844
766 864
766 885
766 1022
767 1082
768 1203
769 776
769 910
769 983
769 895
770 1099
770 1048
770 984
771 772
771 1157
771 1169
771 1064
771 976
771 804
771 985
771 860
771 1123
771 1013
772 1047
772 1036
772 937
772 1182
772 830
773 992
774 778
774 1065
774 826
775 804
775 871
775 1169
775 1046
776 896
776 1003
776 955
777 1162
777 809
777 989
778 1060
778 977
778 1080
779 1081
779 1080
779 998
781 1183
782 1147
782 823
783 805
784 1011
785 1062
785 913
785 916
786 866
786 1149
786 955
788 1217
788 875
791 1171
792 1014
793 935
793 1172
793 845
793 803
793 948
793 1017
793 1015
793 997
794 851
795 1202
796 898
796 1030
796 998
796 1080
797 1110
799 1203
800 1212
800 1182
800 891
801 961
801 1077
801 1065
801 1124
802 1126
802 945
802 1034
802 1095
802 1100
802 1045
802 924
802 1130
803 869
803 953
804 1161
804 1042
804 901
804 807
804 822
804 827
804 1087
804 1229
804 1233
804 868
804 1140
805 1149
806 1027
806 903
806 919
806 1200
806 1205
806 1084
806 957
806 1096
806 844
806 1246
806 1136
806 885
807 1058
807 1140
807 827
808 858
809 1066
809 904
809 858
809 1148
809 1162
810 1234
811 898
811 1060
811 1065
811 1080
811 826
811 1124
811 998
812 1220
812 877
814 1024
814 1010
814 888
815 1223
815 1035
815 1037
815 847
815 1227
815 1245
815 1195
815 886
815 1143
816 866
816 1163
816 955
816 1180
817 1031
817 853
820 1206
820 919
820 1150
820 869
821 982
821 861
822 1233
823 1147
824 884
825 955
825 1149
826 954
826 1006
827 1140
828 988
829 1129
829 1106
829 1080
830 1036
830 976
830 1109
830 1239
830 1114
830 1012
830 1237
831 1225
831 1015
831 948
831 1022
831 919
831 956
833 994
834 929
837 1019
838 898
839 1100
842 994
842 955
842 1227
842 979
842 1149
843 855
844 1205
845 941
845 1138
847 1035
847 886
847 1143
848 1130
849 1149
849 955
849 1180
850 1243
851 1155
851 1190
851 1165
851 1078
853 943
856 918
856 1125
857 1019
858 1009
858 904
859 955
859 1149
860 917
860 985
860 1114
861 982
862 1153
862 866
862 1131
862 1207
863 1193
863 1196
863 917
863 1179
864 1022
864 956
866 1153
866 1131
866 1050
868 871
868 873
868 985
869 1164
869 957
870 1091
871 1161
871 906
871 1016
871 1042
871 1169
871 939
871 1229
871 931
872 963
872 1199
872 1145
873 875
873 978
873 917
873 985
874 1236
874 893
875 985
875 937
875 958
878 1083
879 922
879 1218
880 997
880 975
880 1209
880 953
882 994
882 1051
883 932
883 974
884 1019
885 1205
885 921
886 1223
886 1035
886 1037
886 1245
886 1143
887 1028
887 1003
887 955
887 910
887 1149
888 1024
888 1010
888 985
890 1155
891 973
891 1008
891 1182
892 1016
892 931
893 1236
893 910
893 955
894 950
894 1119
896 910
897 1088
898 923
898 1112
898 1018
899 1021
901 1016
901 931
901 1087
903 1096
903 1200
903 1027
903 1205
904 1066
904 1104
904 1148
904 1162
906 1024
907 1146
908 1058
908 1140
908 1142
909 1163
909 979
910 1174
910 964
910 1236
910 983
910 1003
911 997
911 1035
911 1143
911 1209
913 1062
913 1209
913 997
914 1210
917 1193
917 985
918 1113
919 1205
920 970
920 1046
922 1057
922 1103
923 1030
924 1100
924 945
925 1090
925 1163
925 994
925 1097
925 1244
927 1198
929 952
932 974
933 999
933 1226
935 1172
935 1154
935 1138
937 1056
937 1109
937 1012
937 1114
937 958
938 1080
940 1061
941 1068
942 1149
943 1031
945 1034
945 1100
947 1024
947 1179
947 1169
947 1010
948 1164
948 1194
948 957
948 1136
948 1015
948 1022
950 1218
950 1057
954 998
954 1080
954 1246
955 1180
955 1080
955 1236
955 1149
956 1176
956 1092
956 1184
956 1022
957 1246
957 1205
958 1056
958 976
958 1012
958 1114
959 1078
959 967
960 986
961 1170
961 1065
961 966
961 987
961 1124
962 1007
963 1129
963 1145
964 1003
966 987
967 1155
967 1078
968 1125
968 1113
971 1121
971 1132
971 1234
971 1239
971 1114
971 1109
973 1137
973 1239
974 1041
975 1163
975 1244
975 1249
976 1064
976 985
977 1030
978 1010
978 985
979 994
979 1244
980 1119
981 998
981 1080
983 984
984 1174
985 1157
985 1114
986 994
987 1077
988 1074
989 1066
989 1198
989 1148
989 1162
990 1028
990 1003
990 1149
994 1035
994 1086
994 1249
996 1221
996 1129
997 1017
997 1195
997 1167
998 1106
998 1081
998 1189
998 1124
1000 1057
1000 1103
1002 1239
1002 1064
1002 1181
1004 1222
1004 1134
1004 1054
1005 1171
1006 1192
1006 1080
1007 1205
1008 1137
1008 1127
1008 1013
1008 1240
1010 1024
1010 1161
1010 1196
1011 1215
1012 1056
1013 1123
1013 1178
1015 1172
1016 1087
1017 1062
1017 1167
1018 1030
1019 1187
1019 1053
1022 1176
1022 1177
1022 1116
1023 1082
1024 1179
1024 1161
1026 1027
1027 1096
1027 1205
1030 1112
1030 1041
1032 1072
1034 1100
1035 1195
1035 1037
1035 1143
1036 1239
1039 1040
1039 1113
1039 1118
1040 1235
1043 1073
1043 1204
1044 1078
1045 1095
1047 1064
1047 1178
1047 1212
1049 1228
1049 1146
1050 1160
1052 1246
1056 1237
1056 1109
1057 1069
1058 1142
1060 1230
1060 1081
1062 1167
1062 1209
1064 1216
1064 1188
1064 1157
1064 1181
1065 1124
1065 1080
1065 1077
1069 1103
1077 1124
1077 1089
1078 1168
1080 1189
1080 1166
1080 1081
1080 1149
1080 1241
1084 1205
1084 1150
1084 1206
1090 1163
1090 1244
1092 1184
1092 1177
1092 1116
1093 1242
1095 1126
1098 1126
1100 1126
1100 1171
1100 1144
1100 1130
1103 1218
1107 1175
1109 1237
1110 1211
1113 1125
1113 1117
1114 1123
1114 1178
1116 1184
1118 1235
1120 1233
1123 1169
1129 1238
1129 1221
1129 1156
1131 1160
1131 1180
1136 1172
1136 1205
1136 1246
1137 1186
1138 1167
1139 1249
1143 1227
1143 1195
1143 1245
1145 1219
1146 1228
1148 1198
1150 1206
1153 1180
1161 1169
1162 1198
1163 1244
1164 1246
1166 1230
1169 1179
1169 1196
1169 1229
1169 1233
1177 1184
1181 1188
1181 1239
1182 1239
1195 1223
1195 1209
1200 1205
1214 1224
1216 1239
1217 1229
1219 1221
1223 1227
1227 1245
