0 1216
0 770
0 133
0 1126
0 695
0 652
0 1071
0 1203
0 1076
0 23
0 794
0 764
0 581
1 651
1 325
1 615
1 107
1 782
1 303
1 1232
1 243
1 276
1 759
1 602
1 1239
2 1216
2 66
2 229
2 6
2 424
2 813
2 83
2 570
2 509
2 703
3 720
3 771
3 169
3 717
3 910
3 77
3 272
3 222
4 936
4 440
4 1234
4 1208
4 273
5 513
5 635
5 1155
5 424
5 553
5 1102
5 787
5 308
5 597
5 182
5 430
5 826
5 1115
5 245
6 602
6 681
6 855
6 781
6 338
6 182
6 631
6 600
6 986
6 570
7 1024
7 806
7 74
7 1067
7 589
7 1102
7 754
7 500
7 26
7 1147
7 850
7 810
7 1098
8 1222
8 1094
8 486
8 1165
8 79
8 499
8 597
8 729
8 635
9 419
9 644
9 796
9 380
9 238
9 73
9 836
9 1212
9 1149
9 543
10 928
10 1027
10 810
10 331
10 1133
10 1059
10 921
11 1121
11 971
11 236
11 1104
11 852
11 1172
11 511
11 220
11 861
11 895
12 196
12 744
12 1207
12 368
12 1045
12 599
12 696
12 30
12 127
13 352
13 836
13 293
13 1095
13 648
13 841
13 654
13 144
13 1041
13 146
13 1051
13 1221
14 612
14 669
14 606
14 791
14 729
14 1243
14 765
14 702
15 579
15 708
15 395
15 173
15 963
15 788
15 311
15 158
16 801
16 1062
16 72
16 78
16 530
16 279
16 1080
16 857
17 258
17 851
17 356
17 302
17 626
17 179
17 758
17 632
17 442
17 541
18 1072
18 931
18 1206
18 455
18 104
18 126
18 238
18 1168
18 562
18 597
18 534
18 378
18 925
18 670
19 960
19 130
19 39
19 683
19 1004
19 822
19 443
20 870
20 828
20 1066
20 1227
20 1068
20 83
20 1108
20 245
20 635
20 348
20 925
20 383
21 880
21 165
21 681
21 726
21 1141
21 1078
21 1209
21 537
21 573
21 799
22 1221
22 166
22 490
22 1197
22 526
22 861
22 952
22 85
22 56
22 1178
22 797
23 64
23 194
23 867
23 108
23 527
23 1108
23 502
23 184
23 121
23 1178
24 832
24 225
24 1035
24 1054
24 325
24 743
24 584
24 553
24 202
24 1127
24 530
24 788
24 661
24 543
24 127
24 1051
24 522
24 1214
24 405
25 226
25 707
25 772
25 763
25 1052
25 618
25 587
25 1049
25 823
25 1177
25 826
25 363
25 231
25 714
25 863
26 608
26 816
26 1154
26 165
26 1032
26 1001
26 1072
26 1015
26 251
26 329
27 1218
27 580
27 69
27 168
27 818
27 658
27 852
27 254
27 344
27 409
27 670
27 1151
28 1169
28 130
28 907
28 602
29 194
29 754
29 850
29 819
29 789
29 631
29 250
29 1245
29 1118
29 415
30 166
30 268
30 938
30 785
30 565
30 669
30 958
31 97
31 911
31 549
31 814
31 367
31 48
31 210
31 464
31 270
31 151
31 479
31 604
31 831
32 288
32 34
32 355
32 901
32 391
32 618
32 830
32 601
32 283
32 988
32 350
33 1120
33 1249
33 296
33 1035
33 949
33 598
33 858
33 219
33 860
33 762
34 128
34 930
34 488
34 779
34 1069
34 783
34 560
34 562
34 692
34 501
34 919
34 286
34 1215
35 539
35 547
35 453
35 70
35 207
35 282
35 305
35 687
35 1110
35 154
35 315
35 765
36 945
36 717
36 687
36 1169
36 308
36 1172
36 122
37 420
37 241
37 360
37 265
37 906
37 399
37 528
37 817
37 1237
37 694
37 825
37 793
37 90
37 347
37 989
38 1017
38 161
38 1069
38 78
38 664
38 754
38 307
38 544
38 373
38 1175
38 376
38 1049
38 411
39 965
39 936
39 855
39 527
39 1072
39 502
39 439
39 120
39 1179
39 797
39 414
39 1023
40 162
40 259
40 1028
40 49
40 262
40 977
40 557
40 47
40 561
40 242
40 403
40 1047
41 103
41 905
41 999
41 269
41 214
41 1085
42 769
42 219
42 229
42 842
42 1019
42 1034
42 222
43 519
43 221
43 1200
43 1201
43 631
43 824
43 367
43 317
44 66
44 772
44 950
44 551
44 968
44 201
44 973
44 239
44 662
44 489
44 1147
44 86
44 709
45 225
45 899
45 1249
45 72
45 137
45 458
45 1117
45 272
45 1110
45 504
45 413
46 420
46 870
46 710
46 487
46 1156
46 122
46 924
46 62
47 128
47 809
47 658
47 975
47 208
47 338
47 789
47 745
48 67
48 68
48 773
48 748
48 498
48 879
48 145
48 1010
48 598
48 279
48 954
48 124
48 350
48 95
49 1026
49 695
49 396
49 141
49 303
49 1046
49 599
49 703
50 97
50 491
50 1124
50 725
50 983
51 928
51 289
51 1194
51 396
51 814
51 54
51 919
51 184
51 1017
51 827
51 511
52 576
52 1025
52 546
52 1123
52 326
52 1126
52 712
52 617
52 1066
52 752
52 726
52 627
52 758
52 1245
53 769
53 291
53 388
53 262
53 299
53 716
53 1197
53 815
53 963
53 1227
53 313
54 912
54 930
54 579
54 456
54 202
54 304
54 1139
54 498
54 1237
54 662
54 632
54 95
54 477
54 351
55 1061
55 775
55 471
55 460
55 941
55 1166
55 1138
55 814
55 854
55 951
55 952
55 478
56 928
56 1249
56 676
56 773
56 465
56 362
56 716
56 241
56 1141
56 1116
57 129
57 1125
57 840
57 1166
57 847
57 593
57 211
57 156
58 243
58 72
58 459
58 1137
58 691
58 1179
58 509
59 194
59 99
59 936
59 521
59 1034
59 945
59 835
59 643
59 725
59 121
59 633
59 1011
60 283
60 326
60 839
60 489
60 399
60 696
60 1209
60 218
60 315
60 350
60 447
61 653
61 79
61 434
61 339
61 825
61 571
61 702
62 1136
62 66
62 629
62 1215
63 546
63 742
63 488
63 988
63 1162
63 203
63 302
63 655
63 1072
63 462
63 730
63 316
63 1022
63 1055
64 704
64 288
64 390
64 423
64 654
64 595
64 695
64 1016
64 1019
64 316
64 573
64 1055
65 1223
65 554
65 910
65 145
65 820
65 412
65 618
66 1152
66 766
66 1139
66 1189
66 75
66 718
66 591
66 914
66 787
66 660
66 917
66 760
66 633
66 477
66 165
67 259
67 230
67 145
67 1224
67 1130
67 940
67 559
67 177
67 1107
67 820
67 407
67 1243
68 770
68 1223
68 1128
68 1161
68 1132
68 77
68 654
68 1102
68 1213
68 959
69 672
69 738
69 155
69 457
69 400
69 339
69 393
69 862
70 257
70 809
70 76
70 1010
70 568
70 319
71 644
71 389
71 1031
71 679
71 413
71 1141
71 356
71 219
71 1053
71 799
72 800
72 228
72 1221
72 775
72 1001
72 623
72 82
72 532
72 789
72 1047
72 281
72 1182
73 903
73 1032
73 876
73 113
73 827
73 861
73 1214
73 959
74 1160
74 173
74 790
74 1083
74 510
75 544
75 1153
75 580
75 965
75 742
75 519
75 968
75 288
75 184
76 448
76 977
76 1190
77 512
77 996
77 492
77 527
77 1041
77 857
77 986
77 831
77 796
77 1117
77 255
78 1184
78 130
78 324
78 551
78 233
78 716
78 364
78 1068
78 211
78 201
78 1039
79 544
79 579
79 1125
79 105
79 1067
79 812
79 397
79 1071
79 684
79 116
79 425
79 155
79 125
79 319
80 169
80 882
80 140
80 236
81 864
81 451
81 133
81 455
81 874
81 845
81 911
81 981
81 536
81 891
81 830
81 751
82 834
82 772
82 581
82 743
82 1193
82 621
82 360
82 626
82 84
82 469
82 1078
83 992
83 770
83 99
83 903
83 790
83 1215
83 1183
84 1088
84 480
84 291
84 456
84 395
84 140
84 591
84 1077
84 1118
85 611
85 1025
85 195
85 261
85 390
85 936
85 617
85 110
85 739
85 792
85 761
85 794
86 835
86 612
86 581
86 262
86 488
86 713
86 811
86 547
86 469
86 379
87 960
87 354
87 485
87 493
87 307
87 1045
87 119
87 988
87 1214
88 644
88 358
88 583
88 1096
88 750
88 977
88 1208
88 381
88 414
89 1155
89 211
89 135
89 330
89 275
89 1002
89 222
90 1059
90 968
90 534
90 205
90 303
90 145
90 118
90 1175
90 280
90 317
90 414
91 484
91 774
91 649
91 299
91 1135
91 948
91 410
91 1082
92 130
92 913
92 371
92 821
92 1212
92 405
93 388
93 389
93 1067
93 656
93 1107
93 438
93 343
93 442
93 1078
93 1084
93 285
94 96
94 921
94 1114
94 333
95 374
95 1124
95 677
95 1172
95 580
95 634
95 1053
95 965
96 224
96 512
96 578
96 745
96 139
96 781
96 751
96 1150
96 920
96 1181
96 926
96 767
97 1185
97 227
97 388
97 456
97 1005
97 1071
97 532
97 794
97 1181
97 766
98 283
98 1004
98 1071
98 816
98 467
98 724
98 982
98 279
98 667
98 1150
99 513
99 166
99 714
99 363
99 912
99 823
99 441
99 762
99 698
100 1196
100 629
100 1246
100 957
101 225
101 775
101 1128
101 525
101 846
101 945
101 178
101 181
101 443
101 383
102 219
102 263
102 559
102 464
102 402
102 1109
102 891
103 802
103 936
103 429
103 1171
103 1173
103 990
103 927
104 262
104 424
104 407
104 1231
104 1032
104 533
104 343
104 315
104 797
105 707
105 1001
105 810
105 815
105 722
105 948
105 757
105 662
105 185
105 1242
105 381
105 1055
106 1027
106 968
106 1134
106 112
106 840
106 473
106 506
106 987
106 124
107 964
107 688
107 1169
107 542
107 791
107 830
108 642
108 118
108 871
108 652
108 620
108 173
108 174
108 1144
108 1204
108 149
108 918
108 312
108 347
109 608
109 112
109 804
109 518
109 1128
109 490
109 397
109 1166
109 701
109 336
109 1009
109 309
109 984
109 281
109 1021
109 127
110 1184
110 451
110 1221
110 777
110 382
110 1003
110 367
110 177
110 1115
110 853
110 985
110 347
110 1118
111 929
111 1089
111 491
111 495
111 756
111 788
111 187
112 1193
112 916
112 233
112 888
112 1242
112 1087
113 804
113 1125
113 1062
113 215
113 656
113 1042
113 919
113 1208
113 926
114 225
114 900
114 453
114 678
114 712
114 1034
114 823
114 612
114 1019
115 969
115 1196
115 948
115 470
115 319
115 1215
116 1044
116 724
116 805
116 878
117 931
117 236
117 301
117 1038
117 835
117 1237
117 566
117 1143
117 1211
117 701
117 1214
118 528
118 203
118 299
118 271
118 624
118 1240
118 921
118 1083
118 924
119 831
119 1126
119 154
119 639
119 382
119 607
120 682
120 619
120 658
120 814
120 877
120 496
120 593
120 370
121 454
121 327
121 392
121 363
121 403
121 400
121 1203
121 967
121 1112
122 1155
122 584
122 233
122 1227
122 948
122 169
122 315
122 508
123 1088
123 964
123 838
123 781
123 751
123 1104
123 1014
124 736
124 641
124 802
124 323
124 389
124 1158
124 425
124 683
124 1036
124 1072
124 1145
124 762
124 735
124 555
124 816
125 1185
125 1171
125 584
125 912
125 243
125 500
125 983
125 559
125 765
126 448
126 1025
126 420
126 968
126 170
126 209
126 850
126 503
126 478
127 865
127 387
127 214
127 625
127 1001
127 492
127 497
127 790
127 440
128 864
128 962
128 1091
128 1127
128 746
128 940
128 568
128 1011
128 373
128 184
128 426
128 1246
128 501
129 704
129 1066
129 430
129 625
129 851
129 603
129 970
129 959
130 610
130 137
130 162
130 156
130 179
130 500
130 713
130 346
130 361
131 578
131 995
131 356
131 1234
131 1011
131 1144
132 320
132 240
132 1067
132 844
132 304
132 497
132 819
132 1012
132 533
132 1216
132 760
132 414
133 1041
133 1146
133 1184
134 802
134 1019
134 1124
134 901
134 136
134 905
134 593
134 339
134 280
134 281
134 859
135 576
135 805
135 593
135 787
135 692
135 598
135 824
135 764
135 1245
136 834
136 291
136 281
136 1051
136 925
137 739
137 437
137 1080
137 383
138 635
138 357
138 1190
138 1084
138 236
138 461
138 785
138 1019
138 476
138 701
138 959
139 1232
139 579
139 235
139 1165
139 749
139 720
139 670
140 576
140 731
140 656
140 470
140 986
140 1147
140 508
141 907
141 1189
141 151
141 1133
141 1071
141 724
141 894
141 759
141 1112
141 537
141 862
142 640
142 258
142 1060
142 935
142 872
142 362
142 1165
142 733
142 1234
142 819
142 628
142 886
142 377
142 698
142 1243
142 413
143 419
143 715
143 913
143 277
143 151
143 472
143 378
143 412
144 995
144 357
144 1045
144 823
144 923
144 540
144 350
145 544
145 866
145 261
145 839
145 396
145 807
145 492
145 728
145 979
145 981
145 374
145 951
145 152
145 1020
146 873
146 690
146 403
146 1014
146 567
146 1048
147 519
147 744
147 780
147 465
147 242
147 1206
147 1146
147 379
147 732
147 477
148 545
148 587
148 419
148 1095
148 371
148 428
148 547
148 275
148 1214
149 963
149 292
149 741
149 649
149 718
149 591
149 980
149 949
149 1183
149 1022
149 895
150 935
150 553
150 875
150 525
150 814
150 1198
150 278
150 216
150 764
150 830
151 768
151 945
151 913
151 245
151 406
151 569
151 989
152 946
152 246
152 855
152 475
152 732
152 221
152 926
153 392
153 387
153 872
153 972
153 204
153 205
153 591
153 977
153 404
154 770
154 323
154 327
154 555
154 725
154 471
154 957
155 347
155 862
155 1222
155 1036
155 590
155 243
155 1109
155 443
155 412
155 979
155 405
156 1155
156 1223
156 425
156 930
156 750
156 464
156 1201
156 270
156 379
157 580
157 1032
157 713
157 970
157 496
157 1173
157 1046
157 708
157 1020
157 605
158 1122
158 457
158 650
158 695
158 1210
158 319
159 385
159 613
159 1067
159 336
159 497
159 852
159 405
159 1239
159 987
159 309
160 256
160 385
160 424
160 557
160 207
160 392
160 979
160 693
160 183
160 792
160 542
160 988
160 1022
160 831
161 579
161 177
161 528
161 337
161 789
161 247
161 632
161 1082
161 477
161 1247
162 816
162 515
162 324
162 880
162 938
162 1003
162 205
162 1200
162 855
162 180
162 1014
162 311
162 818
162 330
163 1168
163 514
163 1019
163 811
163 363
163 780
163 336
163 721
163 203
163 633
163 187
164 995
164 228
164 486
164 468
164 804
164 1147
164 671
165 203
165 533
165 925
165 850
165 436
165 1183
165 922
165 671
166 834
166 518
166 1190
166 231
166 393
166 367
166 471
167 931
167 708
167 170
167 173
167 462
167 656
167 1234
167 562
167 315
167 475
168 1216
168 1122
168 452
168 613
168 1191
168 840
168 939
168 942
168 816
168 626
168 484
168 671
168 509
168 511
169 928
169 933
169 232
169 341
169 795
169 1148
170 1216
170 417
170 1030
170 776
170 426
170 236
170 1133
170 334
170 1071
170 830
170 312
171 1125
171 1221
171 879
172 418
172 934
172 455
172 369
172 849
172 852
172 825
172 510
173 674
173 873
173 523
173 1008
173 209
173 792
173 794
173 463
173 849
173 863
174 673
174 834
174 995
174 900
174 300
174 686
174 528
174 371
174 878
174 560
174 698
174 972
175 392
175 1033
175 203
175 1176
175 755
175 792
175 795
175 252
176 1238
176 515
176 933
176 259
176 911
176 595
176 662
176 1207
176 1014
176 445
177 708
177 1159
177 499
177 239
177 931
177 1141
177 441
177 794
178 754
178 994
178 571
178 982
179 678
179 812
179 207
179 883
179 564
179 1205
179 729
179 1084
179 382
180 328
180 969
180 893
181 870
181 903
181 264
181 690
181 245
181 1206
181 982
181 603
182 1224
182 1102
182 536
182 1116
182 927
183 611
183 860
183 967
184 1216
184 929
184 1121
184 298
184 845
184 301
184 345
184 330
185 1120
185 848
185 996
185 453
185 1030
185 1087
185 461
185 526
185 1008
185 595
185 373
185 278
185 1179
185 862
185 511
186 864
186 1024
186 1060
186 485
186 524
186 435
186 333
186 274
186 1075
186 1236
186 215
186 379
187 770
187 1157
187 1192
187 1244
187 834
187 1134
187 624
187 931
187 441
187 1052
187 703
188 993
188 930
188 940
188 268
188 461
188 527
188 949
188 983
188 1016
188 505
188 382
189 480
189 708
189 1222
189 1158
189 295
189 1227
189 364
189 847
189 1232
189 463
189 604
189 863
190 1248
190 705
190 834
190 390
190 1161
190 1229
190 792
190 918
190 215
190 1240
190 1113
190 601
190 479
191 1017
191 586
191 987
191 684
191 274
192 1123
192 732
192 1079
192 1247
192 355
192 425
192 409
192 511
192 956
192 671
193 736
193 872
193 1099
193 499
193 308
193 1111
193 1209
194 553
194 266
194 270
194 849
194 599
194 890
194 351
195 878
195 922
195 1132
195 909
195 1006
195 527
195 1105
195 850
195 307
195 309
195 349
195 728
195 633
195 506
195 765
196 1132
196 1198
196 400
196 1225
196 284
197 768
197 1089
197 1122
197 973
197 1043
197 1239
197 574
198 834
198 1123
198 836
198 389
198 646
198 1095
198 1160
198 370
198 282
199 769
199 482
199 611
199 778
199 962
199 919
199 570
199 1053
200 1023
200 777
200 814
200 1071
200 627
200 437
200 762
200 895
200 383
201 1000
201 297
201 940
201 685
201 1230
201 1142
201 969
201 378
202 485
202 263
202 1160
202 1071
202 531
202 959
202 830
202 415
203 359
203 424
203 1162
203 844
203 785
203 627
203 212
203 682
203 1183
204 802
204 539
204 1192
204 489
204 339
204 244
204 278
204 507
204 924
204 671
205 582
205 776
205 841
205 686
205 911
205 968
205 402
205 852
205 312
205 285
206 582
206 522
206 683
206 717
206 1145
206 1178
206 858
206 254
207 263
207 461
207 368
207 881
207 1044
208 866
208 903
208 1202
208 694
208 730
208 1053
208 478
209 769
209 1189
209 339
209 1043
209 1113
209 378
209 956
210 1122
210 264
210 333
210 529
210 857
211 1089
211 424
211 215
211 976
211 819
211 727
211 312
211 284
211 1119
212 640
212 418
212 229
212 1030
212 699
212 541
213 1061
213 817
213 395
213 241
213 827
213 837
214 778
214 396
214 722
214 493
214 562
214 914
215 1024
215 448
215 873
215 1100
215 815
215 848
215 1240
215 818
215 825
215 920
215 729
215 1082
215 1150
216 587
216 1158
216 1131
216 365
216 606
216 703
217 481
217 877
217 530
217 819
217 949
217 310
217 538
218 1121
218 642
218 259
218 941
218 1143
218 793
219 678
219 1192
219 1166
219 559
219 398
219 1016
219 763
220 899
220 868
220 485
220 1069
220 526
220 815
220 1206
220 887
220 1084
220 735
221 231
221 968
221 777
221 1103
221 944
221 399
221 316
222 962
222 1194
222 1104
222 593
222 1219
222 822
222 412
222 701
223 809
223 783
223 337
223 1074
223 376
223 761
223 767
224 1084
224 878
224 922
224 1244
224 1117
224 1118
225 385
225 676
225 391
225 363
225 588
225 367
225 1168
225 531
225 1019
226 1220
226 453
226 326
226 1068
226 781
226 750
226 431
226 269
226 1238
226 604
226 485
227 738
227 937
227 499
227 350
227 341
227 568
227 1054
228 344
228 1211
228 735
229 320
229 896
229 292
229 1192
229 428
229 557
229 1105
229 1173
229 407
229 340
229 381
230 261
230 842
230 899
230 757
230 278
230 599
231 1093
231 648
231 297
231 1226
231 748
231 590
231 272
231 1112
231 666
232 608
232 933
232 1199
232 313
232 1208
232 921
232 1018
232 479
233 948
233 1076
233 319
234 408
234 1186
234 387
234 674
234 533
235 384
235 1218
235 776
235 1130
235 559
235 533
235 1019
236 418
236 487
236 1231
236 1207
236 879
236 510
237 1088
237 321
237 454
237 298
237 748
237 498
237 244
237 538
238 320
238 961
238 786
238 466
239 545
239 390
239 426
239 1176
239 1084
240 903
240 316
240 1004
240 462
240 1199
240 1201
240 1179
240 444
241 641
241 674
241 588
241 856
241 661
241 537
241 1018
241 285
242 936
242 294
242 1096
242 271
242 632
243 1219
243 421
243 666
243 913
243 1206
244 1104
244 492
244 874
244 944
244 433
244 982
244 777
244 1241
244 764
244 778
244 382
245 544
245 545
245 772
245 910
245 613
245 662
245 953
245 957
245 639
246 1137
246 746
246 902
246 655
247 480
247 482
247 548
247 549
247 875
247 784
247 723
247 1084
248 1093
248 586
248 333
248 761
248 1178
248 763
249 1104
249 1155
249 455
249 909
249 1072
249 369
249 343
249 957
249 766
250 992
250 806
250 685
250 270
250 845
250 814
250 470
250 601
251 1144
251 922
251 612
251 615
252 704
252 481
252 1030
252 1127
252 1033
252 721
252 535
252 729
252 1115
252 767
253 523
253 1219
253 1189
253 1195
253 754
253 655
253 1073
253 434
253 408
253 1021
253 965
254 768
254 323
254 972
254 816
254 529
254 1043
254 958
255 1249
255 374
255 424
255 1226
255 301
255 656
255 408
255 1205
255 598
255 600
255 986
255 475
255 988
255 350
256 449
256 1122
256 899
256 388
256 1185
256 1127
256 977
256 978
256 435
256 1079
256 1018
256 1243
257 289
257 486
257 1224
257 1227
257 1200
257 869
257 315
257 414
257 1247
258 675
258 420
258 518
258 696
258 595
258 372
258 791
258 283
258 356
258 410
258 603
259 970
259 333
259 407
260 354
260 967
260 1228
260 586
260 812
260 746
260 1139
260 628
260 661
260 285
260 565
261 945
261 967
261 968
261 972
261 338
261 730
262 548
262 677
262 817
262 488
262 668
263 1060
263 584
263 749
263 1072
263 947
263 664
264 620
264 1102
264 697
264 1083
265 656
265 1155
265 875
265 332
265 1071
265 720
265 1207
265 636
265 767
266 1121
266 618
266 404
266 734
267 352
267 641
267 994
267 1217
267 297
267 1066
267 402
267 566
267 599
267 1080
267 1115
267 287
268 384
268 867
268 875
268 1133
269 1032
269 914
269 566
269 1242
269 699
270 547
270 662
270 453
270 1095
270 706
270 467
270 531
270 502
270 823
270 766
271 742
271 1130
271 658
271 919
271 1049
272 416
272 644
272 1225
272 874
272 595
272 820
272 789
272 1240
272 548
272 1173
273 515
273 519
273 1163
273 366
273 312
273 694
273 1240
274 546
274 547
274 964
274 486
274 941
274 879
274 1233
274 1015
274 984
274 314
275 771
275 877
275 613
275 775
275 1129
275 1163
275 940
275 845
275 797
275 1170
275 887
275 493
275 541
275 1245
276 612
276 614
276 1130
276 844
276 989
276 304
276 536
276 349
276 991
277 1184
277 385
277 994
277 937
277 651
277 405
277 841
277 409
278 672
278 552
278 522
278 428
278 371
278 457
278 1018
278 892
278 362
279 592
279 1091
279 918
279 653
279 494
279 397
279 1011
279 692
279 1206
279 440
279 1246
279 799
280 995
280 933
280 619
280 1101
280 975
280 404
280 665
280 733
280 1022
281 416
281 1105
281 1129
281 492
281 880
281 472
281 1146
281 442
281 1214
282 992
282 558
282 1071
282 410
283 419
283 1164
283 785
283 824
283 1113
284 674
284 1063
284 425
284 529
284 725
284 856
284 698
284 1019
284 1151
285 460
285 1177
285 572
286 1060
286 942
286 910
287 609
287 738
287 1099
287 901
287 1025
287 908
287 878
287 987
287 894
288 896
288 357
288 487
288 1225
288 892
288 1213
289 581
289 968
289 780
289 526
289 530
290 523
290 1090
290 707
290 907
290 1230
290 1009
290 372
290 667
291 1164
291 776
291 313
291 634
291 412
292 522
292 1068
292 1073
292 778
292 662
292 1177
292 792
292 473
292 573
292 830
293 452
293 956
293 906
293 784
293 438
293 1180
294 610
294 1030
294 457
294 1066
294 399
294 977
294 919
294 1019
294 732
294 1022
295 428
295 463
295 370
295 341
295 630
295 1019
296 785
296 715
296 1005
296 817
296 792
296 572
297 1088
297 432
297 1091
297 648
297 1008
297 449
297 948
297 1237
297 854
297 905
297 665
297 607
297 319
298 416
298 546
298 1191
298 747
298 526
298 624
298 595
298 343
299 486
299 745
299 696
299 1236
299 311
299 600
299 604
299 989
300 416
300 386
300 739
300 1126
300 332
300 622
300 1019
301 492
301 1049
301 696
301 409
302 899
302 1095
302 488
302 939
302 780
302 305
302 531
302 1059
302 1049
302 963
303 832
303 649
303 944
303 689
303 659
303 1140
303 534
303 425
303 792
304 898
304 707
304 455
304 1192
304 593
305 1152
305 1065
305 941
305 338
305 762
305 603
306 656
306 1082
306 1130
306 1190
306 694
307 322
307 1094
307 780
307 1139
307 1108
307 1050
307 1211
307 989
308 1156
308 614
308 603
309 452
309 1189
309 521
309 554
309 619
309 995
309 948
309 982
309 1097
309 1176
310 802
310 774
310 522
310 716
310 927
310 1247
311 896
311 617
311 587
311 908
311 564
311 731
312 867
312 806
312 329
312 843
312 888
312 1240
313 929
313 1026
313 740
313 822
313 647
313 828
313 1186
313 815
313 976
313 1108
313 406
313 420
313 1018
313 1052
314 492
314 381
314 558
315 967
315 1233
315 749
315 456
315 724
315 1045
315 409
315 764
316 353
316 706
316 1091
316 537
316 1189
316 422
316 1129
316 813
316 656
316 866
316 597
316 793
316 505
316 926
317 745
317 557
317 638
317 759
317 441
317 1018
317 925
317 702
317 383
318 1113
318 434
318 684
319 740
319 1143
319 1165
319 1038
319 753
319 436
319 824
320 1126
320 396
320 942
320 507
320 390
320 981
321 954
321 1227
321 439
322 1056
322 470
322 1030
322 1136
322 854
322 603
322 1212
322 350
322 645
323 1123
323 422
323 327
323 588
323 557
323 1006
323 1007
323 730
323 1183
324 576
324 644
324 495
324 464
324 564
324 1231
325 641
325 1093
325 775
325 840
325 910
325 433
325 1147
326 865
326 698
326 729
326 686
326 696
326 915
326 757
326 951
326 920
326 564
326 538
326 541
326 511
327 768
327 994
327 486
327 872
327 668
327 817
327 1208
327 1052
328 706
328 651
328 780
328 974
328 690
328 787
328 565
328 663
328 1247
328 638
328 1119
329 938
329 528
329 981
329 378
329 958
330 854
330 358
330 610
330 429
330 884
330 1013
330 470
331 998
331 1161
331 682
331 560
331 593
331 1098
331 383
332 448
332 610
332 998
332 1039
332 1173
332 410
333 870
333 1094
333 746
333 458
333 1074
333 346
333 571
333 1245
334 1121
334 1218
334 357
334 809
334 875
334 783
334 1173
334 507
334 636
335 995
335 840
335 1007
335 467
335 826
335 958
336 1121
336 770
336 1125
336 621
336 534
336 1240
336 1051
337 1008
337 1131
337 461
337 848
337 760
337 893
338 611
338 1156
338 904
338 745
338 536
339 418
339 430
339 998
339 1150
339 959
340 614
340 1128
340 1162
340 461
340 1136
340 372
340 1014
340 697
340 475
340 1052
340 1182
341 513
341 515
341 588
341 797
341 760
341 675
341 1080
341 767
341 509
341 543
342 517
342 648
342 912
342 626
342 595
342 565
342 918
342 699
343 896
343 449
343 1122
343 362
343 669
343 469
343 1176
343 825
343 986
343 1019
343 1182
344 1120
344 1029
344 1176
344 793
344 954
344 506
345 408
345 1092
345 742
345 1129
345 819
345 374
345 1080
345 1212
346 1216
346 539
346 1238
346 360
346 748
346 562
346 686
346 1192
346 786
346 531
346 660
346 982
346 792
346 379
347 928
347 1226
347 975
347 1008
347 1106
347 662
347 1017
347 1244
348 417
348 834
348 805
348 362
348 1143
348 620
348 749
348 1069
348 368
348 919
349 627
349 394
349 1132
349 1198
349 659
349 852
349 1078
349 1213
350 385
350 931
350 357
350 423
350 810
350 1039
350 977
350 1236
351 387
351 840
351 812
351 1050
352 1090
352 654
352 825
352 377
352 1209
353 1249
353 834
353 1093
353 902
353 938
353 482
353 558
353 786
353 949
353 662
353 792
353 890
353 1066
354 664
354 739
354 909
355 932
355 1057
355 902
355 743
355 781
355 1245
356 641
356 1156
356 457
356 391
356 1090
356 1074
356 1129
356 932
356 1148
356 414
357 934
357 647
357 874
357 1132
357 495
357 1137
357 718
358 385
358 1222
358 394
358 843
358 1069
358 1166
358 687
358 528
358 1102
359 992
359 517
359 924
359 523
359 908
359 365
359 404
359 393
359 1208
359 538
359 956
360 1060
360 838
360 455
360 393
360 813
360 691
360 1020
360 581
361 1073
361 1021
361 365
361 1237
362 1233
362 393
362 426
362 975
362 920
362 819
362 1109
362 1215
363 1058
363 1062
363 966
363 744
363 586
363 494
363 788
363 590
363 842
364 608
364 1040
364 1191
364 845
364 654
364 848
364 726
364 823
365 930
365 999
365 1130
365 883
365 1033
365 713
365 569
365 1117
366 992
366 594
366 851
366 888
366 1183
366 799
367 970
367 781
367 719
367 696
367 630
367 568
367 860
367 637
367 798
368 993
368 970
368 587
368 431
368 851
368 758
369 992
369 608
369 994
369 1227
369 740
369 1185
369 936
369 1194
369 459
369 494
369 949
369 441
369 702
370 768
370 488
370 839
370 392
370 649
370 688
370 1073
370 1012
371 560
371 834
371 739
371 758
371 711
371 808
371 592
371 1043
371 1047
371 731
372 914
372 1075
372 411
372 1150
372 447
373 514
373 996
373 453
373 392
373 492
373 729
373 1035
373 1164
373 975
373 944
373 753
373 467
373 382
373 1047
373 1147
373 478
374 576
374 1100
374 720
374 434
374 1203
374 503
374 1022
375 773
375 522
375 395
375 1166
375 990
375 822
375 1054
375 575
376 1120
376 1156
376 619
376 621
376 880
376 850
376 952
376 991
377 929
377 611
377 708
377 394
377 1004
377 1011
377 1038
377 1210
378 672
378 547
378 774
378 427
378 493
378 1103
378 1116
378 855
378 1050
378 764
379 769
379 1053
379 979
379 665
379 1083
380 897
380 997
380 801
380 396
380 530
380 853
380 598
380 1142
381 740
381 645
381 616
381 1002
381 813
381 790
381 634
382 519
382 562
382 504
382 1106
382 952
383 891
383 773
383 903
383 822
383 635
383 669
383 766
384 481
384 1218
384 1219
384 738
384 752
384 578
385 704
385 933
385 619
385 1228
385 718
385 629
385 497
385 979
385 730
385 1051
385 1082
385 965
386 523
386 399
386 532
386 1017
386 568
386 761
386 1148
387 1061
387 1192
387 441
388 1232
388 1161
388 1036
388 781
388 784
388 438
388 442
389 929
389 1159
389 712
389 1226
389 843
389 1167
389 914
389 886
389 632
389 1113
389 412
390 675
390 550
390 617
390 1151
390 720
390 819
390 792
390 891
390 752
390 799
391 864
391 682
391 939
391 1133
391 531
391 851
391 757
392 672
392 514
392 855
392 522
392 1175
392 845
392 1167
392 630
392 505
393 736
393 1067
393 1202
393 440
393 601
394 1092
394 614
394 620
394 908
394 1018
395 770
395 428
396 769
396 598
396 489
396 1210
396 901
397 1187
397 625
397 776
397 487
397 1168
397 689
397 1141
397 823
397 889
397 1243
397 828
398 481
398 549
398 527
398 818
398 441
398 634
399 518
399 555
399 492
399 439
399 668
400 841
400 849
400 821
400 986
400 1243
400 1085
400 575
401 458
401 835
401 902
401 906
401 1137
401 758
401 535
401 1034
401 862
402 1222
402 523
402 485
402 458
402 786
402 915
402 1163
402 1209
402 1093
403 800
403 1090
403 676
403 742
403 1086
403 1100
403 525
403 563
403 565
403 514
403 1022
403 853
404 1249
404 515
404 519
404 527
404 447
405 750
405 1193
405 590
405 469
405 1113
406 804
406 967
406 1104
406 787
406 601
406 830
407 1131
407 679
407 779
407 495
407 498
407 479
407 701
407 869
408 1153
408 804
408 521
408 588
408 1136
408 1043
409 514
409 868
409 457
409 458
409 525
409 1055
410 1121
410 690
410 1043
410 503
410 602
411 726
411 1156
411 1230
412 839
412 1161
412 630
412 1231
413 1144
413 1203
413 632
413 954
413 509
413 958
414 971
414 932
414 522
414 555
414 750
414 591
414 599
414 1113
414 439
414 1087
414 1247
415 1024
415 463
415 979
415 853
415 857
415 538
415 1116
415 533
416 1152
416 1221
416 679
416 458
416 1037
416 1197
416 591
416 888
416 783
416 766
417 578
417 1188
417 1229
417 1177
417 985
417 510
418 1058
418 837
418 871
418 979
418 524
418 636
418 830
419 704
419 1155
419 927
419 1189
419 778
419 1220
419 570
419 1115
419 543
420 1217
420 1035
420 587
420 530
420 1021
420 595
420 915
420 1118
420 726
420 792
420 706
420 638
420 605
421 1121
421 676
421 709
421 1098
421 1227
421 908
421 909
421 881
421 1235
421 730
421 1247
422 870
422 1163
422 803
422 985
422 1178
423 611
423 1100
423 878
423 976
423 600
423 697
424 579
424 877
424 797
424 755
424 667
424 1085
425 583
425 893
425 522
425 567
425 597
425 1079
425 568
425 1039
425 810
425 1151
426 1160
426 845
426 497
426 539
427 844
427 975
427 1169
427 660
427 886
427 826
427 1018
428 682
428 709
428 458
428 1110
428 1012
428 540
428 1213
429 505
429 1029
430 609
430 1190
430 584
430 1174
430 1177
430 665
430 979
431 1159
431 459
431 633
431 1085
432 576
432 934
432 1161
432 1066
432 523
432 655
432 824
432 761
432 925
433 1185
433 546
433 1171
433 499
433 982
433 979
434 765
434 1220
434 937
434 746
434 561
434 818
434 851
434 905
434 696
434 730
434 923
434 636
434 602
435 706
435 1097
435 1009
435 819
435 1109
435 569
436 865
436 676
436 902
436 1067
436 877
436 1041
436 535
437 614
437 909
437 689
437 755
437 969
437 990
438 736
438 514
438 691
438 1203
438 789
438 604
438 990
439 579
439 1233
439 524
439 1069
439 497
439 694
440 746
440 601
441 866
441 709
441 1085
441 1118
442 488
442 692
442 863
443 929
443 777
443 1231
443 624
443 1017
443 1244
444 1220
444 918
444 521
444 714
444 460
444 1037
444 686
444 881
444 629
444 1206
444 543
444 805
445 1125
445 1127
445 776
445 557
445 910
445 616
445 1106
445 722
446 1073
446 549
446 1238
446 777
447 454
447 842
447 1099
447 879
447 757
447 714
448 680
448 463
448 820
448 858
448 570
449 706
449 1155
449 935
449 464
449 1107
449 1173
449 479
449 831
450 1062
450 681
450 1194
450 781
450 1070
450 816
450 1233
450 629
450 566
450 956
451 514
451 455
451 1133
451 830
452 707
452 1222
452 845
452 1233
452 916
452 470
452 955
452 572
452 949
453 769
453 999
453 1036
454 960
454 929
454 711
454 594
454 1212
455 709
455 905
455 850
455 790
455 699
456 832
456 1100
456 558
456 665
456 890
456 602
457 706
457 1035
457 1008
457 564
457 1052
458 997
458 1064
458 1161
458 970
458 875
458 1076
458 754
459 1185
459 773
459 590
459 1172
459 1109
459 831
460 846
460 1118
461 964
461 681
461 580
461 682
462 1220
462 616
462 810
462 583
462 1070
462 849
462 926
462 574
463 899
463 548
463 966
463 1228
463 861
463 816
463 785
464 1029
464 1166
464 815
464 637
464 1086
464 1221
465 936
465 965
465 1000
465 749
465 1009
465 956
466 738
466 1160
466 1104
466 1010
466 948
466 1118
466 1241
466 700
466 1150
466 885
467 643
467 1159
467 1002
467 743
467 1006
467 696
468 1206
468 850
468 1010
468 885
468 534
468 772
468 613
469 949
469 827
470 482
470 1226
470 1010
470 821
470 1109
471 1061
471 585
471 906
471 1008
471 754
471 638
472 1042
472 716
472 1030
473 512
473 1222
473 911
473 977
473 1081
474 1089
474 827
474 1166
474 574
474 1134
474 1150
474 575
474 734
474 1215
475 960
475 619
475 617
475 501
475 588
475 813
475 885
475 1110
476 1188
476 1224
476 811
476 814
476 1128
476 856
477 864
477 705
477 993
477 933
477 838
477 591
477 1144
477 1189
478 1075
478 1235
478 769
478 554
478 652
478 621
478 879
478 632
478 755
478 659
478 982
478 1048
478 1147
478 958
479 1126
479 1066
479 660
479 938
479 895
480 1024
480 939
480 605
480 726
480 1210
481 705
481 1029
481 966
481 688
481 1203
481 1214
481 543
482 776
482 587
482 624
482 712
482 724
482 950
483 929
483 1061
483 877
483 825
483 666
483 1114
483 1221
484 1025
484 642
484 513
484 616
484 848
484 712
484 1177
484 1180
484 605
485 1126
485 1207
485 1039
485 728
485 1080
485 761
485 1083
485 1212
485 1002
485 861
486 1147
486 872
486 841
486 811
486 737
486 1076
486 1179
487 1064
487 490
487 593
487 1174
487 797
487 831
488 902
488 1191
488 564
489 1152
489 580
489 876
489 1001
489 938
489 493
489 654
489 854
490 1005
490 590
491 1096
491 938
491 977
491 948
491 1080
491 767
492 565
492 567
492 571
492 638
493 676
493 553
493 1244
493 827
493 732
494 499
494 957
495 851
495 1140
495 917
496 898
496 972
496 1007
496 1105
496 1139
496 603
497 1186
497 613
497 711
497 686
497 559
497 927
497 853
497 989
498 1121
498 1058
498 613
498 902
498 615
498 926
499 896
499 1158
499 1002
499 1110
499 732
499 1245
500 515
500 708
500 649
500 679
500 588
500 753
500 1110
500 601
500 889
500 987
500 575
501 960
501 673
501 758
501 711
501 905
501 940
501 1006
501 560
501 819
501 629
501 1078
501 663
501 860
501 540
501 1013
502 993
502 780
502 1130
502 1191
502 556
502 658
502 1076
503 534
503 967
503 999
503 1100
503 653
503 1172
503 1017
503 540
503 1191
504 643
504 691
504 629
504 1245
505 1056
505 725
506 1089
506 674
506 1096
506 1007
506 629
506 766
507 864
507 647
507 1001
507 1163
507 1197
507 1173
507 988
507 797
508 802
508 876
508 1175
508 1183
509 1186
509 750
509 591
510 933
510 584
510 873
510 1037
510 590
510 1107
510 631
510 1023
510 543
511 869
511 779
511 1197
511 597
511 797
511 638
512 994
512 1091
512 1190
512 686
512 946
512 796
512 1055
513 1102
513 1072
513 824
513 1116
514 950
514 1227
514 909
514 877
514 1146
514 863
515 992
515 530
515 543
516 736
516 807
516 1130
516 1069
516 728
516 1022
517 937
517 633
517 631
518 769
518 528
518 977
518 953
519 1029
519 1158
519 919
519 700
520 737
520 610
520 803
520 774
520 743
520 811
520 813
521 993
521 1060
521 710
522 576
522 609
522 840
522 983
523 1158
523 531
523 1143
523 987
524 934
524 876
524 1178
524 669
525 647
525 1032
525 1036
526 1025
526 1091
526 873
526 1066
526 1141
527 641
527 681
527 780
527 1232
527 739
527 1213
528 1130
528 774
528 819
529 545
529 581
529 1097
529 1076
529 886
529 1241
529 734
530 1249
530 1057
530 1087
530 728
530 911
530 1169
530 594
530 740
530 635
530 797
530 1173
531 805
531 746
531 557
531 1006
531 669
531 1040
531 725
531 1016
531 734
531 533
532 962
532 837
532 845
532 1231
532 850
532 887
533 705
533 781
533 1108
533 1079
533 1049
534 931
534 676
534 741
534 903
534 1160
534 948
534 580
534 1115
534 958
535 1152
536 736
536 992
536 852
536 702
536 735
537 587
537 1196
537 892
537 855
537 789
537 887
537 666
537 860
537 541
537 607
538 1219
538 1061
538 785
538 1062
539 865
539 841
539 752
539 1203
539 949
539 618
539 629
540 1134
540 949
540 1212
540 1118
541 553
541 726
541 987
541 925
542 1057
542 674
542 645
542 874
542 655
542 1011
542 636
543 1021
543 950
543 605
543 601
543 730
543 1211
543 1082
544 1089
544 994
544 803
544 645
544 920
544 1243
545 1088
545 743
545 759
545 889
545 830
546 994
546 751
546 980
546 1079
546 842
546 1118
547 804
547 787
547 1209
547 1149
548 827
549 598
549 582
549 812
549 941
549 662
549 828
550 1090
550 785
550 1224
550 625
550 572
551 672
551 1203
551 681
551 595
551 933
551 1061
552 897
552 1218
552 1238
552 967
552 872
552 1169
552 869
552 1064
552 950
552 568
552 988
552 575
553 769
553 770
553 899
553 1220
553 838
553 715
553 716
553 1017
553 991
553 863
554 1219
554 682
554 620
554 783
554 1021
555 846
555 913
555 1012
555 1118
555 663
555 894
555 703
556 682
557 938
557 1052
558 995
558 813
558 845
558 1200
558 1219
558 1142
558 803
558 1115
558 700
558 959
559 871
559 1102
559 1111
559 573
560 870
560 1183
561 710
561 1143
561 1199
561 979
561 1015
562 896
562 1072
562 729
562 636
563 865
563 994
563 771
563 773
563 1032
563 1035
563 1072
563 1107
563 853
563 1240
563 921
563 1020
564 898
564 613
564 651
564 1237
565 994
565 740
565 871
565 617
565 1239
565 787
565 1113
566 1105
566 1132
566 748
566 1137
566 795
566 796
566 734
566 831
567 928
567 1222
567 810
567 1067
567 589
567 1006
567 1072
567 628
567 1239
567 1194
568 908
568 703
569 1216
569 582
569 1235
569 1196
569 624
569 1177
569 637
570 1091
570 1189
570 744
570 1230
570 1010
570 1027
570 826
571 701
571 733
571 1109
571 922
571 764
571 1150
572 672
572 1190
572 873
572 938
572 1037
572 1143
572 1084
573 739
573 778
573 651
573 766
574 651
574 846
574 1108
574 855
575 960
575 737
575 866
575 1224
575 786
575 1109
576 1067
576 966
576 1129
576 1035
576 1176
576 1139
576 775
576 771
576 698
577 1121
577 931
577 755
577 637
577 599
578 1152
578 678
578 880
578 1204
578 1115
579 1000
579 850
579 1244
579 797
580 1089
580 1002
580 753
581 1030
581 1063
581 1228
581 744
581 798
582 1123
582 746
582 907
582 1239
582 796
582 1118
582 1151
583 806
583 614
583 1128
583 911
583 1139
583 1173
583 1111
583 636
583 863
584 672
584 1025
584 781
584 814
584 735
584 991
585 737
585 803
585 644
585 1031
585 1160
585 1236
585 854
585 852
585 1020
586 1157
586 1122
586 741
586 944
586 1201
586 596
586 981
586 1014
586 638
586 1061
587 1088
587 673
587 994
587 1184
587 652
587 717
587 982
587 667
588 1025
588 1186
588 900
588 997
588 766
589 933
589 873
589 1198
589 1112
589 987
590 721
590 726
590 1083
590 605
591 769
591 1159
591 619
591 974
591 1203
591 670
591 764
592 1168
592 962
592 981
593 1216
593 1222
593 1010
593 890
593 987
594 971
594 753
594 987
595 833
595 995
595 613
595 1194
595 1228
595 1170
595 1147
595 1116
595 677
596 823
596 627
596 940
596 1183
597 672
597 609
597 750
597 982
597 1050
597 645
598 1033
598 786
598 1074
598 741
598 724
598 889
599 960
599 997
599 947
599 662
599 887
599 701
600 682
600 1232
600 986
600 1245
601 747
601 850
601 718
601 624
601 1170
601 947
601 885
602 1090
602 1107
602 959
603 677
603 673
603 1166
603 893
603 1230
603 604
603 829
604 928
604 987
604 676
604 687
604 659
604 1013
604 633
604 795
605 993
605 743
605 1225
605 1133
605 1204
606 962
606 903
606 808
606 876
606 912
606 1050
606 699
606 988
607 929
607 835
607 1189
607 775
608 871
608 935
608 816
609 1024
609 936
609 723
609 1079
609 859
609 703
610 811
610 1007
610 823
610 888
610 729
610 1053
611 1045
611 638
611 702
611 799
612 1196
612 908
612 627
612 1086
613 1108
613 996
613 1010
613 1240
613 862
614 1120
614 993
614 1140
614 951
614 761
614 1245
615 1202
615 724
615 694
615 1207
615 632
616 716
616 1007
616 1136
616 660
616 1204
616 1175
616 1113
616 1135
617 1103
617 1112
617 765
618 836
618 886
618 750
618 1236
618 789
618 854
618 820
618 1241
618 890
619 689
619 721
619 702
620 1068
620 979
620 755
621 1163
621 1097
621 1034
621 1099
621 707
621 1179
622 771
622 840
622 785
622 1017
622 954
622 1020
623 1062
623 1161
623 1104
623 662
623 984
623 635
623 958
624 872
624 748
624 889
624 1091
624 729
625 1020
625 777
625 1229
625 1104
625 631
625 892
625 1054
626 1216
627 772
627 1096
627 1047
627 985
628 1155
628 1063
628 1096
628 1037
628 751
628 1224
628 660
628 1214
629 1059
629 990
629 1193
629 728
629 1161
629 1181
630 1033
630 944
630 945
630 1174
631 641
631 1123
631 1041
631 812
631 923
632 640
632 748
632 943
633 1184
633 804
633 901
633 1005
633 1071
633 919
634 768
634 1015
634 767
635 1193
635 850
636 707
636 742
636 970
636 880
636 1202
636 926
636 1048
636 1213
637 969
637 778
637 753
637 1017
637 1245
638 905
638 813
638 1039
638 1017
639 1056
639 1058
639 778
639 1080
640 965
640 1197
640 1051
641 1199
641 845
641 1103
641 1040
641 1202
641 883
641 1150
641 862
642 1224
642 842
642 1073
642 1176
643 903
643 1009
643 1143
643 701
644 967
644 845
644 1041
644 1049
644 996
644 890
645 710
645 812
645 1201
645 788
645 955
645 1052
646 1001
646 1234
647 1249
647 1195
647 1156
647 1089
647 715
647 749
647 659
648 977
648 818
649 900
649 904
649 978
649 944
649 1084
650 858
650 1155
650 654
651 1187
651 809
651 880
651 883
651 1214
651 819
651 857
652 1134
652 1201
652 1230
652 1207
652 1247
653 768
653 1195
653 1117
653 1205
653 856
654 901
654 1134
654 688
654 884
654 1215
655 897
655 1217
655 909
655 1176
656 864
656 752
656 986
657 1058
657 1070
657 1198
657 846
657 1047
657 1178
657 990
658 1218
658 933
658 822
658 1239
658 858
659 1097
659 1095
659 921
659 828
660 1131
660 684
660 819
660 696
660 761
660 1051
661 845
661 846
661 1051
662 718
663 704
663 685
663 689
663 946
664 707
664 676
665 1105
665 1127
665 776
665 821
666 708
666 1030
666 753
666 1144
666 734
667 1193
667 1034
667 1102
667 694
668 704
668 839
668 697
668 953
668 861
669 996
669 780
669 1170
669 1054
670 1120
671 896
671 1179
671 1096
671 1005
671 1072
671 1041
671 694
671 1023
672 1061
672 685
672 786
672 917
672 986
673 1096
673 1212
673 746
673 1036
673 853
673 891
673 764
673 1183
674 802
674 970
674 971
674 1196
674 916
674 927
675 1065
675 842
676 1060
676 998
676 1224
676 1209
676 795
676 884
678 1153
678 688
678 782
678 1072
678 1137
678 795
679 896
679 791
679 1049
680 1188
680 1194
680 941
680 792
680 924
680 1213
681 1025
681 739
681 805
681 1226
681 1167
681 690
681 792
681 793
682 1000
682 779
682 1176
682 895
683 742
683 719
683 1070
683 975
683 757
684 962
684 1195
684 947
685 998
685 938
685 781
685 1106
685 990
686 906
686 696
687 1030
687 1095
687 1085
687 797
688 1027
688 838
688 909
688 1231
688 848
688 1238
688 823
689 1057
689 1097
690 1019
690 1125
690 912
690 1233
690 1147
690 1213
690 1118
691 1191
691 814
691 850
691 750
692 920
692 733
693 1154
693 1115
693 1041
693 913
693 1011
693 888
693 795
693 765
694 769
694 1026
695 1153
695 1036
695 1102
695 1039
695 1136
695 1144
695 750
695 760
695 985
695 795
696 724
696 918
696 991
697 803
697 1034
697 1150
697 861
697 1214
698 864
698 1025
698 739
698 965
698 1153
698 784
699 1122
699 746
699 781
699 1205
699 1241
699 1210
699 767
700 1233
700 986
702 929
702 835
702 1204
702 767
703 1169
703 1035
703 887
703 732
704 963
704 911
704 1137
704 1076
704 1097
704 727
705 803
705 1188
705 882
705 852
705 831
706 1178
706 830
706 767
707 1026
707 1222
707 919
707 948
707 1020
707 895
708 832
708 710
708 1161
708 1068
708 1033
709 998
709 1066
709 717
709 820
709 1047
710 1226
710 1100
710 829
710 1104
710 1161
710 938
711 1026
711 805
711 872
711 1229
711 1230
711 1010
712 871
712 970
712 1196
712 915
712 951
712 920
713 1154
713 1192
713 729
713 986
714 1033
714 818
714 822
715 905
715 1077
715 728
715 1055
716 1124
716 1220
716 906
716 954
716 1074
716 950
716 729
716 1082
716 1245
717 768
717 1061
717 907
717 1108
717 726
717 1044
717 923
718 806
718 793
718 732
718 991
719 960
719 740
719 774
719 1191
719 988
720 1249
720 1026
720 846
721 970
721 1100
721 749
721 1180
721 989
722 1169
722 975
723 1154
723 1092
723 1009
724 1061
724 935
724 872
724 1002
724 866
724 1137
724 1075
725 988
725 1069
726 1234
726 858
726 766
727 1192
727 1037
727 891
727 734
728 1088
728 866
728 760
728 1080
728 923
728 1150
729 1041
729 799
730 805
730 1129
730 874
730 955
731 1102
731 1167
732 864
732 1032
732 799
733 968
733 1244
734 841
734 749
734 1198
734 1116
735 1059
735 1099
735 1139
735 1237
735 890
735 764
736 824
736 890
737 1133
737 1174
737 919
738 848
738 807
738 1130
738 1104
738 787
738 981
739 932
740 1097
740 874
740 815
741 1063
741 1031
741 763
742 1188
742 966
742 1040
742 1178
743 1180
744 983
744 799
744 863
745 1237
745 1022
746 1110
746 959
747 902
747 1062
747 812
747 1172
747 1146
748 960
748 1220
748 1189
748 914
748 854
748 856
748 1241
749 1147
749 872
749 975
749 1109
749 793
749 894
750 935
750 973
750 1181
750 1202
750 1077
750 1046
750 1017
751 992
751 961
751 1226
751 764
751 863
752 868
752 1043
752 926
753 1126
753 936
753 1233
753 821
753 1111
753 1082
754 1181
754 829
756 874
756 1014
756 878
757 995
757 1074
758 1121
758 1009
758 1148
759 893
759 1235
760 938
760 1236
760 1053
761 1104
761 1062
761 783
761 1233
762 832
762 1138
762 1123
763 931
763 1234
763 1171
763 1050
763 965
764 1233
764 1084
764 1213
765 986
765 799
766 932
766 813
767 1216
767 1221
767 818
768 1001
768 1240
768 859
769 1122
769 1222
769 1000
769 938
769 1067
769 976
769 1178
770 1120
770 1032
770 981
770 1047
770 957
771 960
771 1155
772 871
772 1065
772 842
772 916
772 1173
772 1211
772 1150
773 930
773 991
774 859
774 942
774 1233
774 1150
775 838
775 1168
775 1137
775 855
775 920
775 794
776 864
776 1225
776 874
776 1146
776 1180
776 798
776 831
777 1063
777 1096
777 1225
777 1196
777 973
777 943
778 945
778 965
778 1160
778 972
778 1101
778 849
778 888
778 1118
779 1153
779 900
779 1225
779 1236
779 1156
779 829
780 931
780 1226
780 1038
780 1054
781 1232
781 1171
781 1181
783 994
783 1138
783 818
783 1172
784 1004
784 1231
784 1045
785 1120
785 1006
785 975
786 1189
786 1141
786 959
788 1073
788 863
790 1097
790 876
791 1167
791 1169
791 887
792 1123
792 920
792 1116
793 1000
793 850
793 1114
794 1248
794 1019
794 860
795 930
796 930
796 1048
796 1208
798 904
798 1174
798 887
798 1114
799 1057
799 934
799 1223
799 843
799 844
799 989
799 856
799 862
800 997
800 1236
800 1078
800 862
801 936
801 1101
801 975
801 1074
801 1142
802 1238
802 1157
802 1072
803 1090
803 810
803 817
803 1234
803 1143
803 874
803 1054
804 839
804 1102
804 1053
804 894
805 963
805 1244
806 1222
806 831
808 941
808 1214
808 1141
808 958
809 1025
809 1218
809 1187
809 881
810 853
811 1156
811 924
811 1111
811 1178
811 1247
812 1195
812 1037
812 860
813 988
813 1133
813 1040
813 1236
814 1063
814 1053
815 1209
816 845
816 1003
816 817
816 958
817 960
817 860
818 973
818 949
818 918
819 1059
819 935
819 1140
821 897
822 1249
822 968
822 914
822 1012
823 1066
824 1189
825 1236
826 1228
826 1006
826 1044
826 986
826 884
826 959
827 1088
827 1192
827 1066
827 939
827 1208
827 1060
828 1045
828 1016
829 962
829 898
829 950
830 1091
830 993
830 1079
830 1121
831 1057
831 896
831 1132
831 1167
831 1163
831 890
831 1159
832 943
833 1112
833 842
833 893
834 1115
834 1220
834 937
834 1003
834 1208
834 1215
835 1167
835 1044
835 981
835 1175
836 1057
836 880
836 1233
836 1212
836 1066
837 868
837 1198
837 1113
838 1092
838 1230
838 919
839 879
839 1174
839 1240
839 1150
840 976
841 1051
841 1158
841 936
841 1128
841 919
842 937
842 1238
842 1079
842 1055
842 894
843 1026
843 1000
843 1048
844 928
844 933
845 1059
845 949
846 867
846 901
846 966
846 1031
846 984
846 893
847 1144
847 889
847 997
848 1249
848 1126
848 1012
849 979
849 951
849 1016
850 1091
850 1229
850 1075
850 860
851 1184
851 930
851 963
851 1067
851 909
851 1074
852 1156
852 950
853 1124
853 1096
854 1056
854 963
854 1016
854 1087
855 1167
856 1037
857 1028
857 1029
857 1007
857 1080
857 901
857 959
858 1199
858 1202
858 1175
858 890
858 1167
858 1085
859 920
859 1210
859 924
860 1137
860 1150
861 1038
861 1173
861 1087
862 1233
862 921
862 987
863 1219
863 1206
863 1154
863 911
863 950
863 1244
864 892
865 1193
865 941
866 905
866 1166
866 1235
866 1053
867 929
868 1039
868 954
869 937
869 1179
870 1005
870 1078
871 1014
872 1187
872 1131
872 918
872 1086
873 910
873 1161
873 906
873 949
873 1007
874 1189
874 1128
875 916
875 1144
876 1104
876 1205
876 969
877 929
877 907
878 1240
879 1052
880 1243
880 914
880 1147
881 1068
881 976
881 981
881 1019
882 1026
883 1031
883 981
884 906
884 1132
884 1174
884 1051
885 888
886 1120
886 1113
887 1227
887 966
888 997
888 1016
889 1204
889 1206
889 1049
890 1100
890 1160
891 1133
891 1017
891 1244
892 1095
892 1019
892 989
892 894
893 1224
893 1072
894 950
894 1238
895 1197
896 967
896 1070
897 1156
897 937
899 1056
900 1056
900 1094
900 1007
901 1120
901 1107
901 1068
901 1235
901 1147
902 1125
903 1110
903 1087
904 1123
904 1039
905 1026
905 965
906 1003
906 1008
907 1128
907 1004
907 1240
908 1059
908 964
908 983
908 1235
908 1141
908 1149
910 1004
910 951
910 924
911 1137
911 1238
911 1118
912 1218
912 1086
912 1205
912 1113
912 923
913 992
913 1153
913 1192
914 1094
914 1002
914 982
916 1023
917 1013
918 1053
919 929
919 1116
920 1064
920 1194
920 1011
921 966
921 1129
921 944
921 1074
922 948
923 1091
923 1060
925 957
925 1204
926 961
926 1012
927 996
927 1135
927 952
927 1051
927 1182
928 1191
928 1196
928 1114
928 956
929 1033
931 1216
931 1192
931 1228
931 1143
931 953
931 1212
932 1161
932 1102
932 975
933 936
933 1033
934 974
934 946
935 1226
935 1242
936 993
937 998
937 1165
937 1199
937 1111
938 999
939 1227
939 1221
939 1099
939 1235
939 997
940 952
940 1053
942 1248
943 971
943 1206
943 1084
944 967
947 995
947 1105
947 1205
947 1078
949 978
949 1064
950 1075
950 1045
952 1003
952 1072
952 1210
953 1120
953 1125
953 1072
953 1137
953 1140
953 1017
953 981
954 1214
955 1000
955 969
955 1195
955 987
956 1122
956 1044
956 1175
956 1244
958 1058
958 997
958 966
958 1004
959 1136
959 1200
959 1168
959 1097
959 1244
960 992
960 968
960 1004
960 1050
960 1213
961 1126
961 1222
961 1064
961 1021
961 991
962 998
962 1149
963 1097
964 1030
964 1010
964 1077
965 968
965 982
965 1021
965 1054
966 1150
967 1218
967 1072
967 1078
967 1053
968 1186
968 1061
968 1111
968 1241
968 1022
969 1123
970 1026
970 986
971 1249
971 1090
971 1244
971 1023
972 1081
972 1111
973 1045
973 1082
974 1044
974 1239
974 1087
975 1101
976 1066
976 1004
976 1006
976 985
976 986
978 1028
978 1167
979 1154
979 1160
979 1034
979 1039
979 1017
980 1026
980 1006
981 1024
981 1096
981 1132
981 1111
981 1083
983 1075
984 1082
985 994
985 1226
986 1026
987 1108
988 1223
988 1014
989 1052
989 1103
989 1053
990 1153
991 1042
992 1020
994 1097
994 1099
996 1217
996 1224
997 1217
998 1132
998 1043
999 1089
999 1155
999 1078
1000 1143
1001 1198
1002 1036
1002 1237
1002 1244
1002 1182
1003 1249
1003 1077
1003 1141
1005 1070
1005 1175
1006 1067
1007 1239
1008 1163
1009 1156
1011 1089
1011 1206
1011 1117
1012 1168
1013 1025
1013 1172
1013 1114
1015 1217
1015 1098
1015 1134
1016 1214
1017 1104
1018 1163
1018 1234
1019 1135
1019 1087
1020 1093
1021 1141
1021 1207
1021 1225
1022 1237
1023 1026
1024 1187
1024 1160
1026 1161
1027 1048
1027 1215
1028 1066
1028 1042
1029 1244
1030 1131
1030 1052
1030 1215
1031 1167
1031 1086
1032 1121
1032 1139
1032 1099
1033 1121
1034 1037
1034 1150
1035 1091
1035 1207
1036 1147
1037 1201
1037 1226
1037 1144
1037 1247
1038 1042
1040 1193
1040 1132
1040 1210
1042 1157
1042 1247
1043 1063
1043 1192
1044 1193
1044 1232
1045 1249
1045 1108
1046 1191
1047 1180
1048 1102
1049 1096
1049 1053
1050 1071
1050 1181
1052 1214
1052 1118
1053 1188
1053 1168
1056 1199
1056 1200
1057 1088
1057 1108
1059 1152
1059 1128
1060 1221
1060 1076
1061 1232
1061 1144
1061 1141
1061 1208
1062 1146
1063 1103
1063 1110
1064 1185
1064 1095
1064 1207
1064 1178
1067 1092
1067 1074
1067 1236
1067 1147
1068 1187
1068 1082
1070 1200
1070 1147
1070 1212
1072 1223
1075 1205
1076 1115
1077 1094
1077 1212
1078 1249
1078 1145
1080 1162
1080 1237
1080 1148
1081 1217
1081 1221
1083 1185
1083 1158
1083 1235
1083 1215
1084 1128
1084 1167
1084 1107
1085 1227
1086 1248
1086 1188
1086 1181
1086 1246
1089 1121
1090 1225
1090 1141
1091 1216
1092 1125
1092 1208
1093 1229
1093 1145
1095 1141
1097 1121
1097 1160
1097 1228
1097 1229
1098 1249
1098 1107
1099 1159
1099 1228
1099 1139
1101 1105
1101 1142
1102 1245
1103 1178
1103 1246
1103 1215
1104 1172
1105 1230
1105 1176
1106 1200
1107 1138
1109 1122
1110 1159
1111 1248
1111 1224
1111 1167
1112 1193
1112 1139
1113 1236
1114 1154
1116 1137
1118 1184
1118 1241
1121 1166
1122 1139
1123 1230
1124 1213
1125 1235
1126 1204
1126 1172
1127 1176
1127 1209
1128 1240
1129 1247
1130 1140
1130 1220
1131 1219
1131 1199
1133 1194
1134 1147
1136 1169
1137 1156
1137 1198
1137 1203
1137 1240
1137 1151
1140 1247
1141 1189
1141 1157
1141 1169
1143 1157
1143 1177
1144 1237
1144 1243
1145 1154
1148 1217
1148 1205
1149 1238
1150 1224
1150 1161
1150 1239
1151 1243
1155 1212
1157 1231
1160 1223
1160 1172
1161 1201
1162 1184
1163 1176
1165 1234
1166 1208
1167 1237
1168 1173
1168 1177
1170 1248
1170 1195
1170 1200
1172 1216
1176 1186
1177 1240
1180 1203
1183 1198
1185 1186
1185 1213
1187 1203
1190 1213
1191 1228
1194 1202
1199 1217
1205 1215
1206 1247
1208 1225
1209 1235
1212 1229
1217 1231
1224 1231
1226 1244
1232 1243
1234 1249
