0 715
0 1062
0 327
0 265
0 42
0 1239
0 332
0 981
0 247
0 543
0 253
0 511
1 475
1 581
1 215
1 524
1 1012
1 1207
1 536
1 537
1 699
1 701
2 704
2 993
2 337
2 1233
2 338
2 373
2 566
2 607
3 992
3 1189
3 1033
3 335
3 1234
3 477
4 898
4 932
4 842
4 738
4 1235
4 471
4 1177
4 1053
4 190
4 607
5 512
5 321
5 1000
5 492
5 810
5 151
5 300
5 1173
5 855
5 938
6 384
6 321
6 44
6 519
7 1092
7 69
7 263
7 103
7 590
7 754
7 852
7 565
7 470
7 855
7 346
7 1115
7 734
7 607
8 129
8 578
8 481
8 552
8 720
8 248
9 1184
9 214
9 912
9 630
9 504
9 889
9 444
9 445
9 798
10 1057
10 803
10 868
10 965
10 750
10 306
10 1044
10 1243
10 28
10 671
11 581
11 678
11 776
11 843
11 789
11 537
11 665
11 1141
11 30
11 1093
12 329
12 491
12 718
13 929
13 578
13 550
13 465
13 328
13 1198
13 1201
13 826
13 200
13 61
13 1118
13 1215
14 129
14 684
14 965
14 297
14 1004
14 342
14 649
14 696
14 923
14 549
15 803
15 75
15 1006
15 527
15 1200
15 723
15 1078
15 154
15 123
15 862
15 575
16 384
16 577
16 293
16 520
16 74
16 427
16 620
16 273
16 761
16 94
17 736
17 801
17 898
17 710
17 60
17 940
17 754
17 1041
17 82
17 723
17 694
17 1193
17 1081
17 796
18 225
18 994
18 772
18 481
18 264
18 140
18 862
18 1196
18 142
18 143
18 936
18 105
18 622
18 310
18 73
18 601
18 154
18 27
18 318
19 98
19 840
19 1139
19 308
19 1016
19 1052
20 682
20 363
20 175
20 273
20 565
20 310
20 983
20 923
20 380
20 61
20 510
20 895
21 912
21 1125
21 941
21 590
21 560
21 1237
21 119
21 699
21 69
22 321
22 675
22 1156
22 261
22 327
22 1078
22 548
22 860
22 573
22 158
22 479
23 1034
23 131
23 700
23 854
23 46
24 240
24 35
24 849
24 392
24 298
24 332
24 1005
24 592
24 273
24 117
24 278
24 543
24 511
25 352
25 354
25 327
25 494
25 689
25 1246
25 950
25 1023
25 702
25 735
26 1152
26 776
26 586
26 1132
26 302
26 528
26 49
26 539
26 253
27 907
27 1094
27 551
27 1166
27 407
27 1074
27 462
27 437
27 247
27 349
28 544
28 321
28 899
28 708
28 173
28 279
28 569
28 362
29 99
29 581
29 294
29 807
29 1032
29 454
29 203
29 428
29 750
29 271
29 209
29 982
29 623
29 1159
30 160
30 834
30 1187
30 71
30 795
30 46
30 751
30 404
30 182
30 251
30 349
30 607
31 1058
31 162
31 271
31 176
31 915
31 1054
32 570
32 1159
32 840
32 364
32 719
32 48
32 414
32 826
32 1199
32 1053
32 350
32 757
33 449
33 578
33 971
33 513
33 843
33 430
33 1233
33 501
33 214
34 1062
34 425
34 713
34 491
34 942
34 375
34 1017
34 570
34 795
34 284
34 413
35 1186
35 423
35 874
35 655
35 529
35 338
35 662
36 97
36 1100
36 877
36 277
36 599
36 1241
36 828
37 1219
37 1159
37 168
37 811
37 939
37 184
37 698
37 283
37 604
37 1085
37 575
38 1191
38 1002
38 559
38 465
38 1236
38 798
39 901
39 668
39 84
39 341
39 1083
39 60
40 1157
40 586
40 1111
40 1197
40 1201
40 915
40 663
40 954
40 1180
40 1098
41 192
41 1232
41 866
41 422
41 994
41 893
41 624
41 566
41 285
42 994
42 355
42 646
42 561
42 418
42 625
42 1010
42 280
42 349
42 190
42 1119
43 114
43 167
43 766
43 702
43 487
44 481
44 547
44 1028
44 243
44 584
44 748
44 332
44 848
44 1107
44 597
44 56
44 732
44 972
44 766
44 1205
45 993
45 325
45 555
45 173
45 559
45 753
45 53
45 217
45 1048
45 249
45 1114
46 128
46 235
46 676
46 294
46 650
46 875
46 690
46 975
46 850
46 1075
46 1176
46 1051
47 550
47 296
47 554
47 846
47 1139
47 183
48 1043
48 609
48 555
48 878
48 1104
48 530
48 1139
48 1006
48 624
48 510
49 474
49 709
49 363
49 1233
49 1142
49 826
49 415
50 1184
50 487
50 1162
50 463
50 976
50 661
50 794
50 170
50 895
51 928
51 289
51 66
51 131
51 548
51 597
51 364
51 142
51 143
51 496
51 369
51 309
51 730
51 699
51 956
51 826
51 607
52 705
52 228
52 1089
52 209
52 808
52 781
52 369
52 693
52 1052
53 320
53 512
53 1186
53 808
53 844
53 488
53 146
53 406
53 763
53 893
54 112
54 440
54 1146
54 890
54 150
55 432
55 889
55 639
55 441
55 1135
56 987
56 811
56 272
56 371
56 340
56 469
56 955
56 828
56 990
57 801
57 1127
57 359
57 77
57 728
57 699
57 412
58 576
58 257
58 610
58 259
58 874
58 471
58 1035
58 1042
58 532
58 662
58 1015
58 888
58 826
58 158
59 451
59 1223
59 242
59 142
59 560
59 722
59 309
59 1015
59 122
59 604
60 675
60 869
60 1167
60 948
60 791
60 509
60 830
61 848
61 198
61 424
61 139
61 687
61 1008
61 626
61 662
61 471
61 93
61 222
62 1088
62 931
62 102
62 1128
62 1070
62 1167
62 343
62 89
62 1021
62 510
62 959
63 96
63 537
63 610
64 929
64 844
64 1208
64 1204
64 438
64 1176
64 148
64 252
65 771
65 517
65 328
65 781
65 430
65 274
65 404
65 1237
65 1110
65 1079
65 281
65 348
66 992
66 324
66 172
66 1229
66 334
66 1174
66 983
66 900
66 730
67 1056
67 840
67 1102
67 272
67 699
67 956
67 830
68 931
68 758
68 870
68 566
68 783
68 214
69 1043
69 771
69 932
69 999
69 394
69 975
69 984
69 1042
69 371
69 375
69 664
69 445
69 906
69 1118
69 383
70 1025
70 454
70 814
70 986
70 852
70 597
70 1080
70 538
70 604
70 925
71 928
71 356
71 741
71 424
71 1196
71 820
71 725
71 823
71 697
71 1247
71 1021
71 734
71 639
72 227
72 1124
72 328
72 746
72 79
72 80
72 659
72 983
72 1048
72 1050
72 988
73 1184
73 320
73 515
73 165
73 453
73 715
73 558
73 448
73 494
73 287
74 200
74 457
74 427
74 977
74 116
74 725
75 961
75 708
75 374
75 454
75 199
75 233
75 586
75 112
75 349
75 90
75 495
75 733
75 767
76 835
76 999
76 532
76 1080
76 410
76 605
77 129
77 966
77 142
77 752
77 760
78 160
78 1128
78 908
78 232
78 628
78 121
78 828
79 1027
79 426
79 812
79 1165
79 1141
79 566
79 923
80 769
80 706
80 773
80 609
80 1185
80 812
80 654
80 1236
80 213
80 598
80 700
80 1221
81 768
81 258
81 260
81 550
81 742
81 359
81 936
81 937
81 551
81 780
81 1132
81 172
81 378
81 479
82 480
82 508
82 651
82 208
82 915
82 885
82 633
82 284
82 125
82 255
83 451
83 1130
83 847
83 918
83 215
83 223
83 874
83 958
83 447
84 1184
84 770
84 1092
84 717
84 494
84 306
84 118
84 727
84 740
84 890
85 866
85 295
85 1225
85 194
85 918
85 856
85 894
85 511
86 449
86 548
86 865
86 168
86 1129
86 193
86 552
86 210
86 1108
86 887
86 152
87 256
87 1140
87 1163
87 900
87 107
87 492
87 1230
87 976
87 788
87 341
87 246
87 836
87 244
87 890
87 1243
88 483
88 388
88 1224
88 316
88 521
88 252
88 373
88 969
88 1060
88 1114
88 187
88 124
88 351
89 802
89 1190
89 1191
89 808
89 586
89 866
89 776
89 478
89 1146
89 476
89 1210
90 212
90 519
90 1012
90 761
90 476
91 1182
91 448
91 358
91 141
91 838
92 355
92 708
92 1158
92 1002
92 493
92 398
92 821
92 981
92 569
92 666
92 763
92 317
92 735
93 356
93 427
93 268
93 942
93 208
93 113
93 1043
93 505
94 1112
94 266
94 948
94 535
95 577
95 1157
95 299
95 268
95 431
95 1108
95 1240
95 985
95 410
95 1007
96 631
96 481
96 252
96 767
97 238
97 112
97 952
97 1207
97 472
97 1017
97 122
98 801
98 898
98 196
98 807
98 105
98 339
98 999
98 115
98 726
98 570
98 155
99 290
99 580
99 359
99 397
99 1043
99 1046
99 760
99 282
99 507
100 1056
100 1216
100 899
100 1093
100 1158
100 1159
100 681
100 199
100 236
100 614
100 814
100 1047
100 626
100 425
100 1112
100 570
101 480
101 135
101 426
101 651
101 1108
101 341
101 956
101 958
101 511
102 994
102 931
102 679
102 559
102 1136
102 177
102 467
102 511
103 960
103 290
103 131
103 804
103 489
103 514
103 404
103 1141
103 632
103 317
103 830
103 501
104 576
104 484
104 1223
104 233
104 780
104 274
104 979
104 732
104 649
104 1240
104 356
104 602
104 700
104 253
104 831
105 385
105 1027
105 929
105 668
105 874
105 476
105 430
105 337
105 1050
105 764
105 394
106 512
106 452
106 165
106 646
106 1031
106 169
106 880
106 658
106 947
106 345
106 955
106 348
107 259
107 234
107 620
107 109
107 727
107 789
107 471
107 1146
107 1148
107 253
108 353
108 805
108 489
108 266
108 848
108 241
108 982
108 217
108 688
108 816
109 262
109 519
109 489
109 751
109 1017
109 1086
110 608
110 1134
110 312
110 1178
110 1149
110 287
111 608
111 300
111 942
111 336
111 661
111 311
111 506
111 126
111 245
112 863
112 453
112 295
112 1009
112 1142
112 538
112 1019
112 671
113 726
113 139
113 284
113 302
114 322
114 356
114 646
114 617
114 494
114 1010
114 1203
114 405
114 1129
115 608
115 970
115 568
115 280
115 1082
115 413
115 1247
116 928
116 613
116 552
116 522
116 750
116 560
116 280
116 978
116 1011
116 533
116 536
116 443
116 1141
117 934
117 775
117 812
117 748
117 301
117 174
117 594
117 1176
117 989
117 830
117 159
118 419
118 548
118 389
118 775
118 1193
118 568
118 251
119 679
119 780
119 1039
119 948
119 950
119 600
119 596
119 730
119 1021
120 256
120 802
120 1227
120 744
120 969
120 826
120 685
120 291
120 425
120 248
120 538
120 157
121 443
121 846
121 1159
121 270
121 588
121 238
121 560
121 1170
121 499
121 377
121 1211
122 1025
122 545
122 1226
122 167
122 589
122 1145
122 380
123 929
123 262
123 828
123 939
123 717
123 882
123 307
123 535
123 984
123 700
123 925
124 1125
124 298
124 847
124 369
124 403
124 1077
124 502
124 727
124 985
124 731
124 655
124 1002
124 670
125 768
125 993
125 497
125 975
125 1104
125 472
125 1076
125 1144
125 858
125 190
126 896
126 384
126 1128
126 425
126 366
126 1167
126 464
126 168
126 368
126 794
127 289
127 834
127 1128
127 375
127 718
127 765
127 1015
127 637
128 779
128 524
128 690
128 815
128 368
128 1074
128 179
128 1205
128 1208
128 527
128 959
129 643
129 644
129 970
129 139
129 685
129 947
129 341
129 1112
129 1013
130 1123
130 364
130 1134
130 885
130 217
130 607
131 1243
131 1189
131 694
131 998
131 1191
131 791
131 974
131 1135
131 742
131 147
131 1014
131 792
131 639
131 945
131 863
132 721
132 644
132 174
133 224
133 740
133 646
133 135
133 906
133 469
133 182
133 440
133 639
133 1205
134 866
134 1029
134 486
134 844
134 1037
134 1200
134 625
134 148
134 821
134 1018
134 987
134 860
135 427
135 750
135 1136
135 690
135 318
135 438
135 218
135 381
135 670
136 482
136 996
136 293
136 682
136 974
136 1109
136 760
136 697
136 189
137 1056
137 1121
137 187
137 268
137 527
137 848
137 753
137 635
138 161
138 411
138 1124
138 1185
138 1132
138 589
138 1230
138 337
138 405
138 665
138 1146
138 763
138 381
139 578
139 1051
139 233
139 1164
139 239
139 211
139 666
139 1179
139 719
140 417
140 555
140 228
140 357
140 945
140 873
140 1067
140 1007
140 305
140 562
140 1208
140 399
141 964
141 293
141 394
141 843
141 301
141 1197
141 728
141 212
141 1143
141 792
141 362
142 1089
142 646
142 583
142 1034
142 751
142 344
142 1215
143 610
143 241
143 807
143 560
143 1105
143 211
143 694
144 322
144 229
144 937
144 1110
144 669
144 190
145 962
145 709
145 391
145 797
145 498
145 819
145 372
145 1238
145 1208
145 829
146 198
146 1128
146 940
146 204
146 1133
146 525
146 1171
146 1241
146 575
147 771
147 855
147 451
147 1201
147 306
147 1109
147 247
147 875
147 985
147 603
148 673
148 749
148 1156
148 744
148 970
148 429
148 847
148 305
148 1082
148 703
149 354
149 965
149 583
149 650
149 716
149 226
149 368
149 1012
149 408
150 976
150 1026
150 1174
150 358
150 1095
150 170
150 880
150 336
150 1051
150 797
151 576
151 837
151 424
151 553
151 683
151 1040
151 506
151 479
152 550
152 369
152 426
152 332
152 625
152 663
152 474
152 287
152 860
152 543
153 640
153 630
153 1159
153 300
153 1199
153 912
153 1235
153 534
153 1113
154 928
154 865
154 868
154 645
154 520
154 177
154 600
154 1162
154 176
154 856
154 518
154 470
154 728
154 187
154 234
155 800
155 741
155 294
155 654
155 337
155 306
155 663
155 984
156 578
156 1224
156 202
156 909
156 754
156 787
156 670
157 867
157 902
157 434
157 1110
157 791
157 381
158 1189
158 1034
158 1133
158 494
158 207
158 506
158 975
158 1084
159 384
159 480
159 164
159 300
159 330
159 364
159 175
159 505
159 559
160 544
160 709
160 1127
160 839
160 818
160 691
160 787
160 792
160 377
161 844
161 172
161 1230
161 400
161 1172
161 503
161 761
161 315
161 733
162 1188
162 198
162 903
162 363
162 814
162 180
162 1048
163 737
163 354
163 165
163 810
163 514
163 654
163 176
163 1246
163 959
164 969
164 1034
164 623
164 1172
164 1140
165 261
165 391
165 875
165 753
165 245
165 857
165 988
165 605
166 1154
166 644
166 1078
166 582
166 490
166 747
166 245
166 470
166 986
166 797
166 1054
167 800
167 706
167 1225
167 1194
167 363
167 562
167 307
167 539
167 218
167 926
168 711
168 841
168 683
168 1105
168 1080
169 514
169 196
169 360
169 873
169 811
169 815
169 370
169 469
169 836
170 801
170 1187
170 996
170 776
170 1073
170 1078
170 1048
170 982
170 634
170 284
170 1142
170 1125
171 1121
171 904
171 175
171 597
171 438
171 922
171 699
171 890
171 479
172 1157
172 327
172 816
172 505
173 417
173 557
173 658
173 1021
173 575
174 198
174 487
174 463
174 880
174 918
175 667
175 836
175 1125
175 1160
175 793
175 208
175 919
175 244
175 1183
175 1150
175 1087
176 706
176 870
176 551
176 525
176 431
176 497
176 1139
176 675
176 280
176 697
176 250
176 1181
177 224
177 939
177 781
177 990
177 767
178 576
178 608
178 322
178 740
178 293
178 869
179 1184
179 963
179 710
179 1025
179 681
179 721
179 536
179 697
179 705
179 795
179 1086
180 699
180 804
180 453
180 424
180 364
180 623
180 371
180 758
180 635
181 336
181 787
181 734
181 302
182 1186
182 644
182 485
182 1225
182 876
182 850
182 212
182 279
182 761
182 538
183 669
183 960
183 259
183 1056
183 712
183 746
183 683
183 590
183 184
183 1194
183 1175
183 1208
183 249
183 701
183 1087
184 440
184 1129
184 715
184 1037
184 957
184 472
184 663
184 1208
184 985
185 450
185 1051
185 667
185 423
185 849
185 467
185 243
185 900
185 603
186 903
186 1130
186 363
186 780
186 536
186 1053
187 513
187 1131
187 231
187 938
187 1227
187 844
187 754
187 505
187 1083
187 734
188 438
188 358
188 553
188 459
188 818
188 404
188 1014
188 696
188 510
189 484
189 773
189 968
189 461
189 531
189 533
189 986
189 222
190 993
190 934
190 265
190 1004
190 1069
190 397
190 996
190 954
191 640
191 833
191 996
191 1029
191 961
191 1228
191 605
191 1105
191 799
191 445
191 990
191 575
192 611
192 695
192 670
192 967
193 259
193 231
193 714
193 845
193 627
193 700
193 927
194 1154
194 1187
194 582
194 1065
194 951
194 814
194 535
194 280
194 220
195 864
195 263
195 998
195 455
195 487
195 474
195 414
196 903
196 423
196 494
196 590
196 502
196 1083
196 413
196 1215
197 1009
197 866
197 1036
197 485
197 1110
198 483
198 517
198 232
198 492
198 751
198 1165
198 1144
198 376
198 892
198 413
199 896
199 1107
199 439
199 390
199 425
199 270
199 530
199 887
199 692
199 470
199 279
199 280
200 960
200 546
200 1060
200 582
200 468
200 504
200 388
200 604
201 448
201 891
201 1064
201 754
201 723
201 756
201 219
201 892
201 1055
202 289
202 612
202 903
202 872
202 1003
202 748
202 438
202 921
202 1021
203 773
203 582
203 333
203 335
203 337
203 274
203 662
203 638
204 579
204 580
204 361
204 1035
204 306
204 1235
204 1204
204 1129
204 919
204 479
205 770
205 649
205 625
205 530
205 1075
205 990
205 631
205 252
205 1182
206 738
206 963
206 610
206 1145
206 376
206 1081
206 313
206 351
207 288
207 450
207 1211
207 870
207 625
207 1010
207 276
207 446
207 855
207 440
207 1012
207 574
207 1183
208 291
208 905
208 1070
208 304
208 761
208 315
208 446
209 706
209 1063
209 360
209 412
209 1132
209 834
209 1181
209 1100
209 700
210 1034
210 1068
210 562
210 846
210 818
210 307
210 633
210 1245
211 770
211 1187
211 486
211 583
211 396
211 977
211 979
211 574
211 231
212 963
212 1220
212 753
212 810
212 267
212 721
212 275
212 388
212 923
212 381
213 224
213 1232
213 932
213 677
213 426
213 1039
213 432
213 887
213 218
213 380
213 478
214 800
214 1096
214 819
214 409
214 572
215 331
215 267
215 1164
215 1005
215 1198
215 1215
215 1246
215 639
216 578
216 1092
216 262
216 777
216 1162
216 619
216 878
216 911
216 533
216 1174
216 568
216 1177
216 303
216 700
216 511
217 360
217 1193
217 785
217 393
218 257
218 687
218 1009
218 375
218 764
218 766
219 640
219 340
219 1150
219 753
220 705
220 490
220 1038
220 783
220 659
220 793
220 410
220 1083
221 227
221 422
221 1191
221 873
221 970
221 1227
221 492
221 813
221 501
221 1116
221 821
222 482
222 1092
222 1189
222 1126
222 295
222 946
222 1171
222 378
222 1085
223 1088
223 676
223 843
223 621
223 1230
223 1168
223 1234
223 1175
224 320
224 423
224 524
224 240
224 945
224 340
224 472
224 677
225 226
225 747
225 804
225 778
225 331
225 347
226 612
226 584
226 275
226 597
226 632
226 1017
226 763
226 767
226 959
227 1029
227 550
227 1233
227 1191
227 582
227 912
227 593
227 445
228 256
228 804
228 305
228 296
228 561
228 397
228 857
228 1208
228 818
228 563
228 894
228 790
228 567
228 696
228 1177
228 985
228 764
228 798
229 1026
229 965
229 940
229 844
229 492
230 324
230 1125
230 1192
230 811
230 1042
230 968
230 594
230 310
231 256
231 1058
231 388
231 805
231 710
231 1032
231 971
231 845
231 1113
231 378
232 354
232 516
232 526
232 751
232 859
233 736
233 1158
233 360
233 458
233 1023
234 832
234 641
234 1062
234 358
234 905
234 1069
234 774
234 694
234 599
234 921
235 353
235 450
235 1063
235 749
235 1040
235 1204
235 697
235 540
235 383
236 1096
236 491
236 556
236 1238
236 663
236 836
236 954
236 1143
236 1148
237 1185
237 260
237 993
237 588
237 949
237 664
237 633
237 1082
237 670
238 901
238 486
238 453
238 1203
238 725
238 502
238 571
238 421
239 929
239 996
239 614
239 465
239 531
239 1083
240 550
240 742
240 252
240 1167
240 784
240 914
240 403
240 694
240 956
240 349
240 959
241 288
241 325
241 1097
241 334
241 628
241 469
241 410
242 1059
242 775
242 777
242 781
242 530
242 979
242 724
243 996
243 881
243 818
243 1075
243 964
243 250
244 996
244 401
244 436
244 629
245 555
245 694
245 918
245 919
245 798
245 287
246 292
246 583
246 584
246 828
246 903
246 302
246 348
246 893
247 435
247 1220
247 1098
247 397
247 750
247 1136
247 657
247 914
247 891
247 1215
248 896
248 581
248 696
248 343
248 957
249 612
249 396
249 622
249 656
249 467
249 984
249 282
249 1213
250 384
250 673
250 322
250 612
250 1186
250 391
250 1165
250 405
250 1239
250 1049
250 700
250 414
251 608
251 646
251 651
251 306
251 595
251 884
251 634
251 764
251 510
252 645
252 1063
252 1194
252 1199
252 1044
252 805
252 279
252 980
252 1119
253 480
253 963
253 516
253 782
253 431
253 1009
253 723
253 884
254 450
254 932
254 969
254 717
254 905
254 950
254 713
254 923
255 355
255 972
255 399
255 690
255 1208
255 1147
255 1148
255 1085
256 467
256 334
256 275
256 341
256 1079
256 444
256 1215
257 640
257 867
257 1125
257 361
257 970
257 1074
257 916
257 309
257 745
257 314
257 763
257 956
257 831
258 1217
258 322
258 260
258 935
258 816
258 629
258 791
258 1214
259 678
259 1193
259 873
259 1037
259 1053
259 560
259 536
259 1143
259 1161
259 1241
259 924
259 1146
259 605
260 913
260 673
260 1155
260 453
260 657
260 523
260 1239
260 632
260 987
260 925
260 1029
261 519
261 776
261 684
261 561
261 1046
262 459
262 1029
262 808
262 1097
262 299
262 717
262 1006
262 687
262 273
262 693
262 598
262 860
263 298
263 1003
263 437
263 598
263 567
263 1079
263 380
264 769
264 579
264 321
264 552
264 941
264 499
264 533
264 698
264 1149
264 1173
265 1249
265 521
265 1168
265 401
265 788
265 374
265 381
266 737
266 747
266 325
266 454
266 641
266 268
266 651
266 749
266 560
266 1073
266 564
266 841
266 756
266 284
267 617
267 652
267 880
267 817
267 665
267 1209
267 1018
267 314
267 348
267 826
268 518
268 902
268 586
268 844
268 818
268 535
268 697
269 673
269 1122
269 1185
269 304
269 848
269 305
269 1205
269 699
270 1187
270 540
270 463
270 1123
270 572
271 869
271 458
271 651
271 685
271 827
272 1089
272 996
272 837
272 931
272 821
272 534
272 637
273 352
273 1121
273 773
273 870
273 490
273 299
273 1009
273 1234
273 314
273 347
273 349
273 709
274 960
274 1162
274 907
274 846
274 722
274 1155
274 462
274 731
274 1117
274 958
275 1185
275 675
275 644
275 1069
275 980
275 1116
275 575
276 388
276 488
276 494
276 304
276 1076
276 344
276 828
277 962
277 613
277 553
277 1228
277 847
277 629
277 1111
278 835
278 964
278 647
278 665
278 575
279 1248
279 290
279 487
279 588
279 340
280 482
280 836
280 1125
280 380
280 1234
280 1044
280 1113
280 858
280 571
280 444
280 319
281 706
281 1222
281 1226
281 332
281 943
281 848
281 658
281 435
281 1076
281 1143
281 1054
282 513
282 839
282 809
282 756
282 1108
283 585
283 1068
283 876
283 430
283 880
283 1239
283 1022
283 357
284 1220
284 710
284 754
284 559
284 691
284 632
284 729
284 954
284 762
285 520
285 1098
285 363
285 873
285 943
285 1232
285 1203
285 692
285 405
285 983
285 762
285 1179
286 418
286 547
286 1232
286 563
286 442
286 541
287 288
287 482
287 552
287 969
287 1133
287 561
287 1177
287 381
288 576
288 291
288 868
288 1029
288 648
288 904
288 1204
288 537
288 1178
288 1018
289 641
289 515
289 936
289 1004
289 780
289 563
289 1011
289 534
289 1065
289 664
289 1023
290 417
290 1079
290 529
290 483
291 325
291 1130
291 397
291 943
291 496
291 724
291 1209
291 315
291 746
292 858
292 347
292 574
293 1122
293 485
293 366
293 756
293 517
294 385
294 355
294 1092
294 773
294 1196
294 434
294 1182
294 959
295 1152
295 801
295 867
295 675
295 1111
295 863
296 932
296 613
296 616
296 426
296 744
296 303
296 789
296 443
296 1002
297 928
297 1121
297 1235
297 650
297 941
297 975
297 306
297 1171
297 664
297 859
298 326
298 842
298 1009
298 1235
298 724
298 606
298 958
298 533
299 898
299 611
299 450
299 1231
299 574
299 534
299 951
299 763
299 828
299 637
299 1214
300 649
300 330
300 1040
300 728
300 1075
300 312
300 1022
301 642
301 1067
301 535
301 410
301 668
301 766
301 895
302 654
302 1168
302 1180
303 830
303 806
303 1001
303 1068
303 1054
303 799
303 926
303 1055
304 464
304 615
304 361
304 817
304 500
304 958
304 662
304 473
304 924
304 606
305 642
305 1027
305 485
305 1109
305 1047
305 955
306 795
306 542
307 452
307 902
307 494
307 563
307 471
307 986
307 701
308 846
308 530
308 917
308 767
308 669
308 447
309 801
309 1171
309 358
309 1004
309 423
309 403
309 337
309 1011
310 609
310 1102
310 445
310 669
311 921
311 499
311 1012
311 817
312 769
312 963
312 359
312 1195
312 365
312 333
312 1136
312 497
312 818
312 661
312 918
312 1151
312 767
313 674
313 683
313 409
313 472
313 1209
314 368
314 535
314 1239
315 1058
315 1030
315 1097
315 554
315 845
315 798
315 816
316 704
316 994
316 1157
316 550
316 1000
316 334
316 947
316 628
316 827
317 321
317 328
317 780
317 973
317 721
317 705
317 893
318 833
318 427
318 1111
318 956
318 1053
319 489
319 859
319 620
319 925
320 1198
320 337
320 884
320 1142
320 889
321 484
321 586
321 797
321 741
322 1216
322 995
322 390
322 811
322 971
322 912
322 403
322 1013
322 566
322 905
322 986
322 1247
323 418
323 613
323 582
323 426
323 429
323 909
323 1200
323 471
323 920
323 763
323 605
324 752
324 819
324 629
324 761
324 379
325 737
325 866
325 392
325 361
325 751
325 1141
325 694
325 1082
325 379
325 892
326 1222
326 742
326 999
326 1036
326 1104
326 1207
326 1085
327 996
327 520
327 589
327 751
327 817
327 338
327 947
327 533
328 705
328 618
328 1102
328 1231
328 1201
328 565
328 955
328 700
329 1026
329 748
329 663
330 1037
330 534
330 888
330 891
330 733
331 675
331 774
331 1097
331 1006
331 465
331 626
331 915
331 1172
331 502
331 1082
332 518
332 922
332 763
333 773
333 716
333 728
333 1015
333 485
333 1086
333 351
334 1200
334 802
334 976
334 1112
334 536
334 1084
334 766
335 608
335 609
335 486
335 712
335 585
335 494
335 370
335 851
335 950
335 475
336 965
336 1047
336 1140
336 855
336 1083
336 478
337 970
337 531
337 634
337 1115
337 413
338 420
338 1001
338 844
338 749
338 462
338 557
338 478
339 640
339 897
339 773
339 513
339 458
339 1038
339 815
339 949
339 376
339 541
340 1211
340 807
340 1163
340 782
340 601
341 484
341 945
341 991
342 992
342 1097
342 588
342 673
343 864
343 453
343 430
343 760
343 1241
343 858
344 417
344 612
344 1190
344 1227
344 558
344 661
344 535
344 1087
345 1249
345 1186
345 878
345 815
345 1078
345 346
345 1194
345 959
346 866
346 419
346 1124
346 714
346 1228
346 1103
346 532
347 1122
347 835
347 1134
347 464
347 885
348 961
348 1131
348 1220
348 1201
348 1009
348 1076
348 634
348 1098
349 608
349 549
349 999
349 1193
349 557
349 782
349 877
349 851
349 810
350 866
350 1068
350 1170
350 1244
350 1246
351 353
351 1136
351 984
351 982
351 1214
351 735
352 588
352 645
352 711
352 1193
352 938
352 364
352 1169
352 1234
352 361
352 667
352 377
353 608
353 911
353 1136
353 1105
353 661
353 732
353 1245
354 1001
354 1003
354 684
354 432
354 1201
354 915
354 700
354 1160
354 572
355 1248
355 833
355 687
355 1075
355 1173
355 795
355 829
356 744
356 945
356 1140
356 1145
356 508
356 831
357 422
357 776
357 910
357 949
357 984
357 957
358 993
358 619
358 623
358 1241
358 1017
358 762
358 826
358 735
359 992
359 706
359 549
359 615
359 1008
359 414
360 1248
360 611
360 554
360 1167
360 592
360 402
360 495
361 519
361 748
361 1159
361 525
361 782
361 433
361 436
361 793
361 603
361 476
362 385
362 1058
362 771
362 712
362 649
362 969
362 915
362 1111
362 1149
363 485
363 809
363 531
363 863
364 848
364 538
364 443
364 698
365 914
365 1223
365 676
365 639
366 1088
366 1130
366 1036
366 819
366 663
366 602
366 677
367 960
367 707
367 1028
367 562
367 686
367 978
367 878
367 1149
368 1027
368 806
368 1223
368 621
368 433
368 983
369 1090
369 582
369 904
369 585
369 749
369 1133
369 817
369 946
369 664
370 593
371 1154
371 677
371 488
371 556
371 450
371 818
371 1242
371 666
372 772
372 934
372 967
372 1066
372 1044
372 921
372 507
372 1244
373 1217
373 994
373 647
373 527
373 824
373 1237
373 1118
373 511
374 805
374 423
374 719
374 953
374 503
374 665
374 634
374 762
375 895
375 964
375 1039
375 1144
375 644
375 988
375 836
375 415
376 1015
376 1037
376 782
376 717
376 567
376 851
376 1244
376 1246
377 915
377 909
377 787
377 404
377 405
377 694
377 952
377 1244
377 989
377 1118
378 1129
378 524
378 407
378 986
378 1086
379 673
379 932
379 1129
379 972
379 974
379 976
379 1000
379 467
379 569
379 952
379 1081
380 806
380 488
380 1031
380 492
380 942
380 1200
380 1210
381 484
381 1096
381 967
381 428
381 557
381 733
381 1174
381 420
382 496
382 1060
382 634
382 1155
382 1100
383 1025
383 1123
383 612
383 1204
383 825
383 666
384 416
384 583
384 392
384 1001
384 1076
385 486
385 488
385 779
385 1198
385 627
385 1173
385 509
385 639
386 930
386 923
386 838
386 648
386 585
386 875
386 908
386 847
386 442
386 1115
386 573
387 485
387 686
387 468
387 470
387 408
387 441
388 1112
388 964
388 913
388 969
388 1133
388 1072
388 401
388 446
388 634
388 859
388 427
388 734
388 789
389 1007
389 848
389 854
389 982
389 1071
390 1091
390 1028
390 585
390 920
390 793
390 1050
391 932
391 618
391 1196
391 1139
391 636
392 961
392 802
392 483
392 663
392 877
392 631
392 605
393 1026
393 840
393 566
393 570
393 894
393 607
394 866
394 484
394 406
394 946
394 821
394 1014
394 1016
394 996
394 1180
394 1077
395 777
395 407
395 511
396 704
396 964
396 613
396 678
396 972
396 781
396 497
396 914
396 870
396 1176
396 891
396 988
396 901
396 927
397 872
397 625
397 643
397 916
397 532
397 604
397 479
398 1187
398 549
398 1180
398 1166
398 756
398 602
398 702
399 928
399 993
399 866
399 1125
399 577
399 713
399 999
399 1101
399 500
399 1214
399 990
400 673
400 1126
400 801
400 819
400 1144
400 1241
400 764
401 595
401 1144
401 484
401 605
401 926
401 1060
402 956
402 1244
402 806
403 1120
403 417
403 677
403 585
403 842
403 461
403 1229
403 466
403 1246
404 677
404 1160
404 458
404 1039
404 698
404 572
404 508
404 670
404 1183
405 580
405 423
405 1159
405 908
405 1115
405 990
406 995
406 715
406 789
407 1089
407 452
407 1201
407 563
407 949
407 541
407 542
407 1013
408 1153
408 629
408 468
408 566
408 1141
409 674
409 419
409 1189
409 646
409 490
409 430
409 911
409 784
409 818
409 643
410 1004
410 619
410 658
410 596
410 894
411 1216
411 1009
411 841
411 941
411 593
411 562
411 1046
411 921
411 1116
412 1136
412 908
412 813
412 1072
412 1010
412 472
412 953
413 1120
413 672
413 835
413 1206
413 720
413 1238
413 740
414 1099
414 1005
414 589
414 504
415 1088
415 1158
415 1161
415 1131
415 534
415 841
415 604
415 638
416 1222
416 648
416 1039
416 432
416 1012
416 951
416 954
416 1087
417 1061
417 840
417 755
417 1081
417 1244
418 1071
418 1123
418 471
419 1091
419 676
419 1063
419 458
419 1238
419 826
420 1156
420 491
420 654
420 861
420 1171
420 597
420 504
420 507
421 1051
421 647
421 590
421 527
421 931
421 1012
421 438
421 635
421 637
421 574
422 742
422 968
422 1195
422 941
422 923
422 508
422 1117
423 584
423 489
423 817
423 1115
423 991
424 994
424 1123
424 901
424 1062
424 460
424 973
424 1008
424 1235
424 824
424 687
424 1149
424 767
425 579
425 549
425 584
425 771
425 660
425 861
425 453
426 448
426 962
426 1156
426 716
426 494
426 818
426 547
426 829
427 737
427 1066
427 780
427 596
427 794
427 479
428 1188
428 838
428 870
428 677
428 633
428 510
428 1189
429 833
429 1218
429 1031
429 1134
429 1208
429 955
429 1215
430 835
430 1032
430 651
430 983
430 688
430 949
430 534
431 833
431 524
431 915
431 667
432 1102
432 593
432 918
432 542
433 744
433 524
433 1230
433 1007
433 1046
433 1176
434 1004
434 622
434 1230
434 567
434 462
434 1114
434 895
435 513
435 485
435 646
435 459
435 614
435 1168
435 595
435 1013
435 1062
436 652
436 695
436 826
436 667
437 1157
437 844
437 1039
437 1085
438 1027
438 712
438 779
438 718
438 755
438 1049
438 571
438 1052
438 1098
438 447
439 866
439 485
439 1100
439 558
439 1007
439 891
440 584
440 781
440 1017
440 1012
440 727
440 1049
440 1178
440 1044
440 863
441 644
441 712
441 530
441 1047
441 1055
442 1044
443 724
443 902
443 487
443 809
443 1067
443 494
443 753
443 956
443 572
443 606
443 991
444 898
444 748
444 814
444 1137
445 1185
445 1098
445 687
445 1008
445 645
445 1079
445 665
445 938
446 976
446 722
446 602
446 764
447 534
447 1190
447 1223
447 681
447 1205
447 633
447 1082
448 495
448 594
448 537
448 957
449 1216
449 497
449 840
449 625
449 915
449 794
449 988
450 1121
450 930
450 899
450 910
450 1099
450 532
450 501
450 1079
450 1245
450 510
450 1087
451 459
451 1048
451 824
451 537
451 572
451 863
452 777
452 949
452 1240
452 1086
453 704
453 528
453 1186
453 583
453 744
453 713
453 917
453 824
453 1179
453 543
454 966
454 1127
454 822
454 1243
454 605
455 648
456 610
456 1161
456 1066
456 1007
456 949
456 760
457 1155
457 1067
457 908
457 658
457 500
457 951
457 859
458 673
458 871
458 1226
458 843
458 1240
458 890
458 1245
459 647
459 842
459 813
459 1210
459 860
459 831
460 833
460 740
460 1132
460 664
460 1018
460 1213
461 970
461 499
461 1149
461 1242
461 1052
461 1213
462 928
462 1039
462 1202
462 686
462 621
462 498
463 613
463 1031
463 1224
463 649
463 1095
463 1097
463 494
463 606
463 927
464 1057
464 505
464 604
464 926
464 1055
465 1000
465 784
465 472
465 697
465 826
465 1007
465 542
465 671
466 484
466 1094
466 868
466 827
466 1117
466 1182
467 929
467 1223
467 1195
467 1208
468 1089
468 1123
468 587
468 796
468 1182
468 1055
469 968
469 615
469 1000
469 662
469 1080
469 953
469 1073
469 645
470 588
470 493
470 515
470 1027
470 1144
471 645
471 1103
471 1138
471 1021
471 1177
472 896
472 933
472 849
472 744
472 1099
472 484
472 1021
472 1009
473 985
473 611
473 822
473 815
474 675
474 556
474 1228
474 978
474 1077
474 1018
474 603
474 573
475 860
475 865
475 887
476 711
476 1193
476 1005
476 559
476 728
476 825
476 766
477 608
477 943
477 601
477 667
477 1052
477 511
478 608
478 1027
478 903
478 939
478 792
478 1103
478 775
478 1207
478 1016
478 1244
478 957
478 1054
479 962
479 1088
479 1122
479 715
479 551
479 762
479 796
479 1215
480 935
480 685
480 1230
480 538
481 864
481 706
481 1059
481 1142
482 608
482 1185
482 809
482 1229
482 719
483 547
483 516
483 1157
483 940
483 757
484 555
484 1170
484 855
485 832
485 609
485 646
485 1000
485 793
486 544
486 1063
486 969
486 1130
486 502
486 728
487 1160
487 682
487 1164
487 1231
487 886
487 663
488 999
488 877
488 990
489 516
489 520
489 554
489 846
489 533
489 763
489 732
490 545
490 738
490 963
490 1116
490 1194
490 1218
490 494
490 995
490 762
490 671
491 1093
491 907
491 1133
491 891
492 770
492 715
492 977
493 773
493 1095
493 566
493 946
493 628
493 503
493 664
493 1212
494 1115
494 903
494 1074
494 720
495 1089
495 867
495 557
495 854
495 888
496 609
496 781
496 813
496 881
496 1022
496 758
496 826
496 1212
497 950
497 972
497 1014
497 681
497 985
497 1055
497 606
497 671
498 1123
498 915
498 821
498 953
499 576
499 992
499 548
499 742
499 617
499 875
499 942
499 657
499 1210
499 700
499 541
499 1151
500 560
500 652
500 742
500 1231
500 780
500 1134
500 911
500 785
500 541
500 637
501 772
501 845
501 1102
501 1011
501 984
501 830
502 654
502 1075
502 740
503 708
503 1079
503 1004
503 848
503 853
503 887
504 990
504 1136
504 563
504 1173
504 1111
504 1085
505 1157
505 653
505 783
505 602
505 956
506 1125
506 586
506 1196
506 877
506 621
506 959
507 1056
507 610
507 613
507 678
507 1031
507 1193
507 1194
507 551
507 1154
507 951
507 792
507 763
507 1212
508 838
508 1097
508 715
508 1070
508 1040
508 945
508 755
508 856
508 729
508 1082
508 733
508 670
509 994
509 1188
509 1094
509 551
509 1000
509 999
509 620
509 1134
509 1039
509 596
510 736
510 763
510 1156
510 1229
510 1041
510 706
510 793
510 1181
511 1060
511 977
511 649
511 588
511 849
511 1178
512 960
512 658
512 978
512 796
512 639
513 676
513 780
513 1069
513 1013
514 992
514 965
514 556
514 559
514 789
514 893
514 766
514 1023
515 674
515 525
515 1001
515 696
515 1210
516 619
516 1113
517 1079
517 1080
517 798
518 869
518 915
518 788
519 864
519 641
519 839
519 1066
519 783
519 528
519 1107
519 1119
520 848
520 1029
520 583
520 879
520 563
520 1011
520 1140
520 600
521 709
521 1002
521 747
521 1037
521 809
521 699
522 1003
522 709
522 966
522 970
522 523
522 1214
523 844
523 1037
523 1039
523 1042
523 540
524 635
524 932
524 959
524 742
524 1105
524 810
524 876
524 750
524 655
524 530
524 1038
524 604
524 1117
524 767
525 643
525 804
525 933
525 716
525 1104
525 629
526 768
526 933
526 968
526 720
526 631
526 601
526 1243
526 702
527 672
527 772
527 622
527 1206
527 569
527 891
528 844
528 631
528 1243
528 1181
528 606
528 645
529 849
529 787
529 812
530 806
530 907
530 949
530 1112
531 1185
531 838
531 872
532 1030
532 551
532 1141
532 568
533 611
533 1031
533 1073
534 675
534 839
534 1012
534 829
534 1086
535 684
535 622
535 1205
535 585
535 1244
535 572
536 640
536 967
536 620
536 788
536 1081
537 763
537 1223
537 1167
537 749
537 1105
537 539
538 641
538 675
538 1221
538 584
539 886
539 839
539 551
539 1168
539 883
539 1046
539 791
539 952
539 766
540 1219
540 1193
540 973
540 750
540 1214
540 1246
541 1216
541 1249
541 962
541 643
541 853
542 748
543 715
543 1080
543 915
543 1174
543 859
543 1084
544 807
544 553
544 714
544 1070
544 848
544 981
544 859
545 879
545 560
545 943
545 1020
545 863
546 868
546 1031
546 599
546 1018
546 796
547 1025
547 706
547 1103
547 1123
547 1206
547 847
548 705
548 840
548 778
548 744
548 825
548 1050
548 830
549 899
549 780
549 1164
549 1200
549 1012
549 1112
549 634
549 1020
549 991
550 1148
550 684
550 784
550 1014
550 663
550 702
551 932
551 874
551 783
551 602
551 1119
552 875
552 945
552 947
552 1211
553 736
553 1223
553 1244
553 1012
553 768
553 1023
554 995
554 1064
554 1081
554 1084
554 991
555 736
555 995
555 585
555 974
555 781
555 816
555 885
555 1111
555 890
555 1247
556 934
556 754
556 1054
557 928
557 1043
557 1167
558 1218
558 580
558 742
558 1068
558 1166
558 1171
558 562
558 1043
558 1172
558 790
558 729
558 1212
559 1184
559 699
559 671
559 678
559 854
559 950
559 735
560 1158
560 1031
560 679
560 670
560 991
561 1187
561 838
561 1226
561 909
561 1007
561 625
561 1188
562 1157
562 879
563 682
563 716
563 623
563 1174
564 1027
564 924
564 1162
564 622
565 1188
565 1037
565 590
565 757
565 633
565 1108
565 762
565 1119
566 640
566 1029
566 1036
566 1070
566 976
566 888
566 1180
567 1160
567 713
567 583
567 977
568 1088
568 769
568 900
568 1097
568 912
568 1213
569 675
569 1156
569 981
569 1113
570 640
570 1234
570 754
570 1148
570 734
570 1151
571 900
571 681
571 792
571 670
572 1185
572 1220
572 906
572 603
572 824
572 797
573 1026
573 1138
573 1087
574 1120
574 738
574 806
574 972
574 910
574 631
574 1210
575 1187
575 744
575 649
575 624
575 857
575 1115
575 914
576 1216
576 773
576 1076
576 854
577 912
577 664
577 843
577 1233
577 1234
577 984
577 1151
578 896
578 1159
578 970
578 779
578 1036
578 687
578 1109
578 591
579 998
579 915
579 628
579 691
579 826
580 645
580 854
581 907
581 1192
581 1135
581 1008
581 1015
581 927
582 938
582 812
582 785
582 628
582 1117
583 676
583 1223
583 647
583 685
583 814
583 851
583 830
584 640
584 1128
584 1039
584 755
584 886
584 687
585 704
585 1089
585 812
585 941
585 1200
585 1012
585 891
585 732
585 701
586 961
586 675
586 739
586 669
587 1184
587 835
587 709
587 679
587 851
587 634
587 959
588 960
588 1163
588 743
588 819
588 823
589 869
589 902
589 748
590 707
590 1034
590 775
590 1036
590 1074
591 995
591 1040
591 700
591 669
591 1246
592 1058
592 1093
592 967
592 905
592 750
592 1241
592 697
592 895
593 987
593 763
593 1162
593 1131
593 1180
594 708
594 836
594 668
594 734
594 853
595 996
595 712
595 892
595 1085
596 609
596 813
596 667
596 991
597 865
597 931
597 1033
597 874
597 756
597 604
598 972
599 1120
599 967
599 682
599 830
600 866
600 1092
600 1189
600 1003
600 942
600 789
600 1156
600 1082
601 848
601 1122
601 1029
601 687
601 944
601 787
601 1172
601 700
602 672
602 1048
602 1179
603 1063
603 1012
603 639
604 1164
604 688
604 817
604 1203
604 1076
604 816
604 990
605 823
605 1155
605 1239
605 1243
606 740
606 1137
606 953
606 996
607 886
607 996
608 896
608 770
608 656
608 1192
608 1246
608 693
608 969
608 843
608 1235
608 728
608 858
608 1004
609 616
609 1223
610 654
610 1140
610 759
610 1178
611 932
611 1064
611 1146
611 1054
612 745
612 753
612 925
612 734
613 1228
613 1004
613 1166
614 763
614 1128
614 948
614 1015
614 697
614 1083
615 1222
615 1015
615 1021
616 1195
616 727
617 962
617 1003
617 652
617 919
618 641
618 643
618 677
618 908
618 719
618 1232
618 936
618 1128
618 1244
618 895
619 828
619 1245
620 1170
620 758
620 894
621 985
622 1024
622 933
622 742
622 1031
622 973
622 917
623 1222
623 1229
623 688
623 983
623 952
624 1123
624 932
624 887
624 1084
624 1021
625 1218
625 1066
625 885
626 1024
626 1185
626 977
626 690
626 1139
627 662
628 801
628 743
628 1196
628 1100
628 815
628 791
628 703
629 871
629 1148
630 745
630 635
631 1037
631 1133
631 1210
632 712
632 1105
632 984
632 826
632 702
632 863
633 1188
633 906
633 853
633 770
634 916
634 926
634 1147
635 995
635 905
635 1079
635 859
636 1059
636 1127
636 1167
636 1042
636 1173
637 917
637 824
637 1149
639 773
639 806
639 1130
639 1197
639 690
639 984
640 770
640 771
640 961
640 877
640 744
640 819
640 922
641 837
641 936
641 972
641 1197
641 1101
641 776
641 921
641 760
641 889
642 1218
642 1173
642 1145
642 794
642 1243
643 740
643 1227
643 886
644 1220
644 968
644 875
644 1008
644 1237
644 1112
644 804
644 698
644 1084
645 1002
645 1132
645 920
645 1074
645 792
645 1241
645 1018
645 991
646 1154
646 1222
646 944
646 946
646 696
646 699
646 1147
646 924
646 990
647 898
647 977
647 1015
647 959
647 1179
647 1018
647 1215
648 977
648 978
648 1139
648 692
648 796
649 1216
649 768
649 1165
649 1134
649 817
649 914
649 951
649 799
650 1152
650 833
650 1031
650 732
650 944
650 924
652 993
652 752
652 1234
652 853
652 824
652 1209
653 1089
653 834
653 998
653 1095
653 790
653 855
654 1088
654 941
655 1156
655 712
655 815
655 722
655 963
655 1046
656 713
656 778
656 663
656 873
656 975
656 1238
656 855
656 859
656 829
656 1209
657 704
657 802
657 905
657 1101
657 910
657 1168
657 1016
657 883
658 833
658 1218
658 740
658 839
658 1101
658 718
658 881
658 1203
658 1166
658 824
658 927
659 870
659 744
659 718
659 945
659 916
659 699
660 992
660 1211
660 783
660 1142
660 760
660 927
660 765
660 1215
661 1060
661 726
662 666
662 1134
663 773
663 1042
663 1243
663 733
664 963
665 1092
665 714
665 1229
665 757
665 1050
666 726
666 902
666 1095
666 823
666 828
668 805
668 838
668 841
668 871
668 781
668 919
668 1179
669 1059
670 1170
670 1161
671 1154
671 873
671 1070
671 725
671 891
671 892
672 1223
672 746
672 876
672 1076
672 703
673 1027
673 917
673 856
673 1226
674 1122
674 1137
674 1077
674 923
675 1123
675 1199
675 1144
675 895
676 677
676 1200
677 780
677 910
677 1010
677 980
677 695
677 1048
677 916
677 1182
678 996
678 773
678 1085
679 1107
679 852
679 1017
680 1186
680 996
680 1160
680 877
680 718
680 1007
680 953
681 746
681 1229
681 781
681 1047
682 1122
682 878
682 976
682 754
682 920
682 953
682 924
683 962
683 968
683 1101
683 750
683 1038
683 726
684 706
684 1071
684 1017
685 746
685 711
685 942
685 1201
685 756
685 891
685 865
686 965
686 720
686 882
686 693
686 696
686 815
686 796
687 1120
687 860
688 939
688 718
688 789
688 1142
688 858
688 1013
689 737
689 1003
689 711
690 1057
690 843
690 943
690 750
691 816
691 818
691 1075
692 1025
692 1066
692 716
692 973
692 1007
692 850
692 1172
693 995
693 1074
693 766
694 1033
694 745
694 1035
694 1172
694 1067
694 924
695 1091
695 1080
695 980
695 863
696 872
696 943
696 1047
696 1148
697 1040
697 1107
697 932
697 1175
697 761
697 1028
697 1178
697 1054
698 1117
699 1091
699 1035
699 1004
699 1167
699 829
700 1009
700 1097
700 942
700 1172
701 736
701 1155
701 976
701 725
701 1240
702 1152
702 1110
702 1195
702 822
702 1093
703 1097
703 749
703 916
703 889
704 1237
704 891
705 967
705 875
705 918
706 1219
706 1008
706 1071
706 757
706 730
707 767
707 1151
708 843
708 844
708 716
708 881
708 1043
708 1114
708 797
709 867
709 749
710 928
710 1005
710 826
711 825
711 1155
711 724
711 1006
711 756
711 853
711 727
711 1140
712 886
712 1241
712 858
713 780
714 899
714 964
714 1217
714 880
714 887
714 731
714 860
715 832
715 850
715 1240
715 730
715 1055
716 1133
716 1093
716 1230
716 784
717 1004
718 736
718 944
718 837
718 1069
719 860
719 975
719 849
719 885
719 951
719 763
719 828
720 992
720 1095
720 729
720 827
721 928
721 844
721 880
721 1109
721 728
722 934
722 1126
722 907
722 979
722 1242
723 1096
723 857
724 836
724 869
724 1210
724 1213
725 852
725 1205
726 738
726 1238
727 1153
727 1126
727 937
727 1047
727 753
727 823
728 1108
728 1111
728 852
729 800
729 1025
729 865
729 782
729 850
729 1075
729 1046
729 1183
729 735
730 994
730 788
730 1238
731 1190
731 1202
731 1232
731 1108
731 1117
732 1218
732 1222
732 912
732 1138
732 1075
732 1076
732 954
732 1247
733 777
733 1202
733 985
734 1156
734 940
734 1234
734 989
735 900
735 796
735 1180
735 1247
735 1039
736 1154
736 872
736 791
736 1133
736 884
736 1175
736 987
736 831
737 868
737 1159
737 976
737 771
738 1075
738 1194
738 874
738 1151
740 871
740 1164
740 1001
740 760
740 1149
741 930
741 847
741 855
741 858
741 751
742 1060
742 840
742 944
742 942
742 1206
742 1084
742 989
742 1158
743 861
743 863
744 970
744 1075
744 886
744 1110
744 1178
744 1206
745 1194
745 921
745 1151
746 1197
746 809
747 864
747 996
747 791
748 1248
748 962
748 1028
748 753
748 1037
748 876
748 1197
748 1010
748 915
748 951
749 1197
749 1071
749 788
749 985
750 935
751 909
751 919
751 793
751 924
752 1191
752 1002
752 1131
752 1109
753 837
753 977
753 1246
754 795
754 1237
754 1115
755 804
755 1158
755 843
755 1081
756 1062
756 1032
756 817
756 1176
756 857
756 1082
757 1154
757 1188
757 1093
757 1236
757 958
757 1237
758 844
759 1226
759 1183
760 1207
761 974
761 1028
762 931
763 832
763 1187
763 986
764 1088
764 867
764 1189
764 1032
764 1207
764 1053
764 948
764 1111
764 1082
765 1056
765 837
765 882
765 1078
765 1177
765 1084
766 804
766 1040
766 817
767 1094
767 937
767 855
767 927
768 865
768 994
768 1188
768 1117
768 922
769 968
770 871
770 779
771 855
771 1207
771 860
771 1149
771 1023
772 904
772 810
772 1035
772 877
772 887
773 928
773 871
773 1162
774 969
774 1045
774 1249
775 1160
775 1076
775 1081
776 994
776 1027
776 912
776 791
776 1051
777 811
777 1159
777 1161
777 1183
778 945
778 1215
779 1121
779 810
779 889
779 798
780 1062
780 1050
781 1027
781 849
781 1135
781 819
781 1048
782 1248
782 910
782 1140
782 889
782 1210
783 1125
783 806
783 971
783 1135
783 917
783 1052
784 993
784 1190
784 935
784 907
784 813
784 953
785 1024
785 897
786 1130
786 1095
788 1222
788 953
788 1084
788 1209
789 1184
789 1109
791 865
791 1126
791 908
791 1242
791 1087
792 943
792 1214
793 835
793 1000
793 842
793 1105
793 980
793 1065
793 1175
795 960
795 1185
795 905
795 1131
795 909
795 937
796 843
796 908
796 1183
797 848
797 1172
798 1095
799 800
799 833
799 836
799 840
799 860
799 1241
799 1244
800 1173
800 821
801 1140
801 857
801 984
801 827
802 1195
803 911
803 831
804 961
805 865
805 1170
805 1013
806 1179
808 1197
808 977
808 1047
808 1245
809 867
809 1031
809 971
809 1008
809 1041
809 952
809 1181
810 1235
810 893
811 994
811 906
811 1068
811 1139
811 1142
812 961
812 1001
812 985
812 1115
812 880
813 814
813 1108
813 953
813 1245
814 931
814 1101
814 850
814 887
814 825
814 930
815 1031
815 968
815 1050
816 1025
816 931
816 1000
817 1218
817 872
817 906
817 1202
817 1145
817 1083
817 861
818 1120
818 955
818 1055
819 967
819 973
819 1103
820 1000
820 1234
820 1078
821 928
821 935
821 1202
822 1095
822 1162
822 1005
822 1177
822 1019
822 1245
823 876
823 1053
823 914
823 828
824 999
824 1068
824 1202
824 1181
824 1201
824 947
824 1175
824 1049
825 974
826 1153
826 1075
826 976
827 1221
827 1160
827 860
827 847
827 1016
827 953
828 864
828 965
828 902
828 872
828 1162
828 875
828 1038
828 944
828 1145
829 952
830 1030
830 1102
830 1139
831 1088
831 1200
831 1170
831 890
831 924
832 1165
833 941
833 1106
833 1170
833 1176
833 1212
834 1035
834 1046
835 969
835 970
835 973
835 1108
835 983
836 1062
836 1159
837 1067
837 1007
838 1043
838 973
838 1199
838 1007
838 1165
838 866
838 1143
838 1181
838 979
839 1026
839 1081
840 903
841 960
841 992
841 1094
841 857
842 857
842 891
842 925
843 1029
843 943
843 978
844 1123
844 1069
844 855
845 909
845 974
845 847
845 1040
845 957
846 1223
846 1069
846 1043
846 891
846 860
846 1086
847 973
847 1017
847 1237
848 870
848 1065
848 906
848 1176
848 1161
848 922
848 1148
849 1092
849 1038
849 887
850 867
850 907
850 1243
850 1150
851 865
851 1091
851 966
851 1096
851 1102
851 1099
851 1178
852 961
852 1177
853 1131
854 978
854 885
855 863
856 929
856 941
856 1176
857 1135
858 1222
858 1043
858 861
859 1139
859 1227
859 1203
859 919
859 885
859 915
860 868
860 1182
861 995
861 996
862 981
862 918
863 1041
864 937
864 1137
864 920
864 953
865 1046
865 964
865 903
865 969
865 886
865 1069
866 996
866 1169
868 1102
868 1112
868 987
869 1153
869 943
869 1175
869 890
871 899
871 1132
871 1172
871 981
871 1245
872 1224
872 918
873 961
873 1003
873 944
873 1048
874 886
875 1155
875 1094
875 1226
875 1096
875 1082
875 956
876 1179
876 1162
876 1178
877 932
877 895
877 1050
877 1247
878 928
878 1029
878 1212
879 982
879 921
879 1020
880 1024
880 963
880 1095
880 1196
880 1077
881 1067
881 945
881 1244
881 979
882 1166
883 910
883 1047
884 968
885 1061
885 968
885 1102
885 1017
886 910
886 1170
887 1169
887 1139
887 1226
887 1118
888 1093
888 1078
889 1115
889 1212
890 1003
890 1034
890 1228
890 977
891 1057
891 1092
891 1190
891 1097
891 1167
891 1232
891 1136
891 1211
892 1187
893 1067
893 1012
893 1241
893 1017
893 1212
893 906
894 1137
895 901
895 970
895 1100
896 972
896 1144
897 1188
898 999
898 996
899 1025
899 1134
900 1219
900 947
900 1050
900 1087
902 1056
902 1099
903 1227
903 1072
903 1138
904 936
904 970
904 1109
905 1219
905 916
905 919
906 907
906 1236
906 936
906 1076
906 954
906 1150
907 1059
908 1192
908 1011
908 989
909 987
909 911
910 1043
910 949
910 1053
911 1162
911 1132
911 1200
911 1010
911 947
911 951
912 967
913 1219
913 1137
913 1114
913 1051
914 1036
914 1004
914 1115
915 1105
916 1131
916 980
916 927
916 1246
917 1249
917 1090
917 1128
917 1217
918 1098
918 1229
918 1234
918 953
918 1054
919 969
919 1107
920 1100
921 1146
922 1155
923 1153
923 1192
923 968
923 1237
925 1248
925 1074
925 1207
926 1043
926 1014
926 927
928 1227
928 965
929 1146
930 1040
931 968
932 1161
933 1024
933 977
933 1021
934 1036
934 939
934 1007
935 1153
935 938
936 1100
936 1165
936 1233
936 1113
937 939
937 1148
937 1151
938 968
938 973
938 1245
938 1203
940 941
943 1164
943 1105
944 1037
944 1077
944 1144
944 1022
944 949
945 1059
945 1051
945 1021
946 1066
946 1079
947 1154
947 1035
947 1149
948 1069
948 1199
949 1059
949 1225
949 1099
949 1144
950 1172
950 952
950 1112
950 1071
951 1011
952 1222
952 1067
952 1113
953 1047
955 973
955 1174
955 1242
956 1121
956 984
956 1221
957 1003
957 1165
958 1088
958 1067
958 1170
958 1083
959 1133
959 1079
959 1210
960 1120
960 995
960 1134
960 1151
961 997
961 999
961 1064
961 1103
961 1170
961 1241
962 1131
962 1051
963 1166
963 979
963 1070
966 1224
966 1204
966 1011
966 1087
967 1126
967 1004
967 1042
967 1023
968 1094
969 1031
969 1192
969 981
970 1069
970 1074
970 1176
970 1246
971 1091
971 1064
971 1036
971 1181
972 1238
972 1012
973 1229
973 1070
974 1002
975 1187
976 1191
977 1060
977 1015
977 1209
977 1082
978 1105
978 1138
979 1077
979 1114
980 1106
980 1243
981 1248
981 1005
982 1013
983 1009
984 1196
984 1073
985 1169
985 1065
985 1034
986 1160
986 1241
987 1084
987 1023
988 1029
990 1080
991 1248
991 1114
992 1030
992 1049
993 1128
993 1034
993 1149
994 1167
995 1171
996 1246
996 1089
996 1093
996 1222
996 1194
997 1120
997 1241
997 1026
998 1090
998 1003
999 1093
1000 1019
1000 1209
1001 1154
1001 1231
1001 1060
1002 1051
1002 1066
1002 1107
1002 1083
1005 1228
1005 1151
1007 1189
1007 1213
1008 1027
1008 1165
1008 1115
1010 1232
1010 1201
1011 1230
1011 1238
1012 1224
1012 1015
1012 1032
1013 1163
1013 1196
1013 1229
1013 1244
1014 1134
1014 1046
1015 1179
1015 1234
1015 1048
1016 1216
1016 1189
1016 1247
1017 1222
1017 1074
1017 1078
1018 1249
1018 1040
1018 1083
1020 1179
1020 1182
1021 1098
1021 1229
1021 1134
1022 1248
1022 1099
1024 1138
1024 1134
1026 1057
1027 1151
1028 1225
1029 1094
1029 1104
1030 1226
1030 1075
1030 1237
1031 1161
1032 1088
1032 1174
1035 1070
1035 1074
1036 1088
1036 1132
1038 1157
1038 1107
1039 1097
1039 1183
1040 1125
1040 1106
1040 1204
1040 1214
1041 1188
1041 1150
1041 1116
1042 1229
1043 1096
1043 1067
1043 1074
1043 1061
1044 1171
1044 1176
1045 1063
1046 1130
1047 1090
1047 1163
1048 1227
1048 1165
1048 1077
1049 1166
1049 1237
1050 1160
1051 1199
1051 1203
1052 1057
1052 1107
1053 1180
1054 1066
1054 1073
1055 1059
1055 1071
1056 1121
1056 1083
1056 1158
1056 1213
1056 1115
1059 1095
1059 1244
1059 1165
1059 1235
1060 1243
1061 1168
1061 1105
1064 1154
1065 1236
1065 1140
1065 1206
1066 1137
1067 1160
1067 1137
1068 1153
1068 1210
1069 1214
1069 1205
1070 1104
1070 1175
1073 1233
1073 1212
1073 1141
1074 1191
1074 1245
1075 1214
1075 1087
1076 1094
1076 1170
1076 1203
1078 1120
1078 1096
1078 1178
1080 1185
1080 1106
1080 1175
1081 1205
1081 1082
1082 1212
1083 1154
1083 1122
1086 1097
1086 1143
1087 1153
1087 1245
1088 1204
1089 1133
1090 1154
1090 1210
1090 1150
1091 1152
1091 1233
1091 1107
1091 1241
1091 1146
1092 1135
1093 1129
1094 1234
1095 1119
1096 1123
1096 1170
1097 1218
1097 1213
1098 1231
1098 1245
1099 1107
1099 1194
1101 1196
1102 1143
1104 1176
1105 1249
1106 1200
1106 1109
1106 1113
1108 1226
1108 1228
1108 1142
1110 1164
1110 1244
1111 1113
1111 1128
1112 1152
1115 1134
1117 1234
1118 1152
1118 1200
1119 1214
1120 1187
1122 1233
1123 1128
1124 1233
1128 1206
1129 1222
1130 1171
1130 1201
1131 1231
1131 1180
1136 1168
1136 1182
1137 1220
1138 1222
1140 1219
1141 1165
1144 1221
1144 1230
1146 1232
1146 1170
1146 1208
1147 1242
1148 1163
1151 1194
1154 1228
1155 1228
1157 1189
1157 1201
1158 1191
1160 1199
1160 1238
1165 1229
1166 1229
1167 1185
1167 1168
1172 1204
1172 1205
1173 1184
1174 1209
1177 1207
1178 1210
1179 1238
1179 1245
1180 1230
1184 1220
1188 1193
1189 1217
1190 1243
1193 1232
1193 1208
1194 1230
1194 1233
1197 1238
1198 1228
1198 1240
1205 1210
1207 1235
1207 1238
1208 1242
1214 1221
1220 1248
1224 1241
1228 1231
