0 257
0 1202
0 1083
0 1061
0 662
1 1060
1 999
1 875
1 396
1 1165
1 174
1 402
1 886
1 863
2 739
2 525
2 589
2 532
2 1045
2 1012
2 1178
2 539
2 557
3 832
3 613
3 1191
3 113
3 117
3 310
3 89
4 512
4 865
4 196
4 709
4 1094
4 1194
4 683
4 492
4 1071
4 81
4 532
4 917
4 1014
4 956
4 677
5 1179
5 1140
5 461
5 110
5 511
6 1059
6 675
6 997
6 103
6 1098
6 112
6 690
6 499
6 52
6 1045
6 249
7 838
7 104
7 780
7 1228
7 208
7 81
7 245
7 346
7 1211
8 259
8 1188
8 197
8 200
8 649
8 266
8 683
8 397
8 880
8 59
9 811
9 495
9 1008
9 886
9 476
9 895
10 98
10 483
10 268
10 266
10 1004
10 899
10 470
10 727
10 472
10 379
10 860
11 997
11 1222
11 1226
11 1165
11 243
11 470
11 315
11 638
12 952
12 873
12 724
12 1149
12 337
13 1088
13 257
13 674
13 295
13 1182
13 143
13 181
13 527
13 925
13 606
13 751
14 929
14 1187
14 838
14 801
14 267
14 236
14 814
14 943
14 720
14 1174
15 866
15 772
15 231
15 519
15 875
15 48
15 151
15 1209
16 993
16 644
16 645
16 1190
16 39
16 1148
16 1068
16 957
16 573
16 1137
16 393
16 315
16 476
16 1245
17 808
17 746
17 843
17 204
17 1106
17 755
17 990
18 1088
18 37
18 1222
18 906
18 235
18 302
18 847
18 270
18 1070
18 527
18 155
18 837
19 704
19 208
19 196
19 358
19 904
19 329
19 1042
19 814
19 528
19 146
19 947
19 212
19 501
19 1080
19 1082
19 283
19 1087
20 1184
20 1136
20 898
20 197
20 806
20 549
20 207
20 720
20 755
20 478
20 1119
21 417
21 964
21 905
21 338
21 595
21 950
21 376
21 153
22 578
22 773
22 428
22 461
22 1102
22 657
22 660
22 790
22 1111
23 1184
23 1154
23 584
23 1196
23 557
23 1070
23 893
23 1102
23 186
23 317
23 126
23 639
24 64
24 1029
24 1001
24 76
24 305
24 1107
24 660
24 759
24 602
24 59
24 492
24 991
25 923
25 804
25 581
25 199
25 363
25 664
25 697
25 379
25 1214
26 835
26 710
26 275
26 969
26 141
26 115
26 500
26 1114
26 1211
26 252
26 701
27 288
27 1216
27 406
27 552
27 492
27 270
27 754
27 766
27 1046
27 1243
27 734
28 418
28 391
28 950
28 1063
28 456
28 939
28 174
28 430
28 1238
28 1209
28 571
28 541
28 159
29 289
29 1186
29 199
29 1223
29 322
29 846
29 1007
29 594
29 1076
29 277
29 759
30 352
30 361
30 76
30 1039
30 307
30 1108
30 1112
30 1081
30 573
31 1188
31 1094
31 1194
31 1196
31 562
31 1244
32 1161
32 138
32 175
32 850
32 1011
32 244
32 761
32 655
32 799
33 864
33 1003
33 1229
33 246
33 218
33 1245
34 448
34 485
34 938
34 875
34 236
34 435
34 565
34 858
34 1243
34 382
35 326
35 807
35 1193
35 1194
35 845
35 273
35 1042
35 1175
35 671
35 895
36 192
36 673
36 258
36 869
36 865
36 172
36 174
36 1144
36 441
36 602
37 219
37 740
37 741
37 1192
37 1225
37 874
37 331
37 48
37 235
37 443
37 351
38 960
38 676
38 456
38 1129
38 266
38 1235
38 1208
38 260
38 699
39 1121
39 1059
39 484
39 449
39 1225
39 652
39 495
39 307
39 1172
39 854
39 697
39 985
39 1114
39 604
39 799
40 997
40 648
40 266
40 460
40 1202
40 1167
40 872
40 1170
40 696
40 313
40 125
40 714
40 1023
41 265
41 389
41 92
41 715
41 1133
41 622
41 335
41 180
41 1177
41 792
41 52
41 412
41 125
42 865
42 135
42 1068
42 71
42 1164
42 81
42 470
42 701
42 319
43 416
43 1089
43 1093
43 907
43 878
43 433
43 114
43 822
43 766
44 673
44 297
44 876
44 430
44 79
44 345
44 954
44 923
44 61
44 606
45 515
45 933
45 775
45 1164
45 109
45 590
45 1072
45 311
46 740
46 231
46 583
46 748
46 654
46 915
46 893
47 897
47 738
47 774
47 1004
47 304
47 786
47 563
47 501
47 983
48 802
48 452
48 360
48 805
48 840
48 1192
48 693
48 57
48 985
48 309
48 249
48 924
48 725
49 425
49 995
49 1065
49 623
49 754
49 307
49 597
49 567
49 634
50 827
50 772
50 1189
50 1200
50 882
50 1236
50 981
50 121
50 571
50 125
51 992
51 1026
51 99
51 150
51 586
51 66
51 1041
51 1081
51 1142
51 1207
51 152
51 1209
52 263
52 729
52 924
52 350
53 1059
53 1062
53 71
53 524
53 110
53 852
53 1230
53 502
53 888
54 578
54 329
54 1036
54 782
54 144
54 1202
54 63
55 416
55 997
55 1067
55 308
55 279
55 1044
55 413
55 901
56 1093
56 774
56 364
56 694
56 503
56 121
56 346
56 414
57 1100
57 1221
58 930
58 871
58 137
58 1194
58 215
58 1211
59 69
59 614
59 1095
59 1032
59 882
59 555
59 301
59 754
59 571
59 381
60 160
60 744
60 713
60 174
60 1205
60 473
60 185
60 252
60 1119
61 1091
61 262
61 1002
61 1163
61 429
61 654
61 305
61 1074
61 366
61 666
62 1154
62 808
62 941
62 986
62 379
62 765
62 926
63 931
63 324
63 1061
63 457
63 86
63 186
63 795
64 611
64 371
64 559
64 370
64 147
64 1012
64 568
64 762
64 221
65 678
65 1062
65 71
65 970
65 306
65 565
65 438
65 760
66 358
66 679
66 427
66 1170
66 1040
66 818
66 181
66 917
67 641
67 706
67 739
67 646
67 577
67 1160
67 815
67 1107
67 513
67 506
67 1245
67 991
68 897
68 1220
68 1224
68 203
68 524
68 1133
68 77
68 1172
68 1173
68 250
68 1013
68 317
68 318
68 991
69 962
69 871
69 968
69 738
69 944
69 533
69 600
69 253
69 1150
70 708
70 613
70 358
70 680
70 905
70 426
70 108
70 272
70 561
70 594
70 723
70 1108
70 1045
70 726
70 1001
70 1048
70 319
70 741
71 131
71 196
71 1032
71 1135
71 562
71 505
71 1114
71 1231
72 994
72 358
72 585
72 427
72 1026
72 462
72 175
72 787
72 276
73 288
73 960
73 142
73 881
73 818
73 366
73 216
73 921
73 768
74 1064
74 618
74 267
74 1036
74 1232
74 1236
74 344
74 1052
75 1056
75 480
75 406
75 1065
75 918
75 317
75 1214
75 543
76 608
76 1219
76 646
76 113
76 916
76 822
76 121
77 866
77 521
77 450
77 272
77 500
77 457
77 1176
77 692
78 1157
78 1163
78 716
78 727
78 1201
78 181
78 855
78 798
78 389
79 866
79 708
79 421
79 105
79 834
79 1166
79 1039
79 690
79 1208
79 1115
80 128
80 1088
80 1062
80 401
80 648
80 1166
80 400
80 696
80 370
80 502
80 408
80 729
80 572
80 255
81 836
81 838
81 103
81 492
81 300
81 173
81 623
81 151
82 896
82 705
82 1094
82 721
82 1032
82 1065
82 1167
82 529
82 978
82 1011
82 1076
82 536
82 761
82 988
82 733
83 1153
83 514
83 579
83 1057
83 710
83 1089
83 904
83 1031
83 1237
83 859
83 734
84 299
84 1097
84 203
84 1070
84 207
84 400
84 950
84 827
85 672
85 98
85 172
85 1067
85 460
85 1165
85 238
85 337
85 1010
85 468
85 89
85 505
85 1116
86 804
86 1190
86 168
86 1193
86 1197
86 1103
86 920
86 249
87 353
87 931
87 356
87 294
87 1031
87 488
87 1132
87 622
87 753
87 1138
87 410
88 290
88 643
88 968
88 844
88 498
88 1201
88 626
88 403
88 566
88 1087
88 638
88 383
89 1028
89 455
89 809
89 715
89 1229
89 368
89 419
89 311
89 987
89 265
89 1141
89 991
90 288
90 869
90 874
90 1231
90 792
90 121
90 795
91 1089
91 166
91 737
91 1166
91 1040
91 1009
91 887
91 217
92 1025
92 739
92 454
92 394
92 215
92 1009
92 643
92 950
92 471
92 137
92 377
92 602
92 635
92 1146
93 944
93 482
93 1199
94 1185
94 394
94 179
94 983
94 606
94 607
95 416
95 992
95 226
95 390
95 616
95 1004
95 364
95 1008
95 744
95 480
95 822
95 377
95 762
95 1021
96 752
96 113
96 164
96 133
96 305
97 608
97 1161
97 844
97 1012
97 792
97 607
98 578
98 550
98 1198
98 1236
98 788
98 1246
99 1107
99 105
99 330
99 274
99 788
99 633
99 1180
99 1076
100 640
100 642
100 838
100 785
100 627
100 820
100 247
100 634
101 864
101 392
101 460
101 306
101 722
101 1171
101 436
101 701
101 446
102 930
102 935
102 904
102 329
102 556
102 878
102 783
102 464
102 565
102 822
102 1193
102 568
102 153
102 1246
102 757
103 1120
103 706
103 611
103 359
103 809
103 522
103 459
103 1170
103 504
103 285
103 670
103 1183
104 587
104 584
104 647
104 1134
104 1102
104 903
104 110
104 252
104 574
105 793
105 1106
105 612
106 1091
106 164
106 1061
106 430
106 401
106 579
106 280
106 921
106 899
106 771
107 902
107 557
107 529
107 377
107 1148
107 1119
108 291
108 485
108 1135
108 562
108 278
108 1051
108 477
109 418
109 841
109 587
109 748
109 431
109 1175
109 122
109 221
109 319
110 669
110 612
110 811
110 221
110 445
111 996
111 330
111 651
111 752
111 338
111 958
111 1146
111 286
112 1216
112 422
112 359
112 364
112 115
112 1111
112 539
112 1054
113 487
113 809
113 1173
113 1015
113 1144
113 1084
113 126
114 833
114 260
114 641
114 201
114 236
114 717
114 1138
114 756
114 469
114 1210
115 706
115 997
115 934
115 201
115 994
115 1171
115 502
115 923
116 707
116 131
116 310
116 649
116 1229
116 464
116 401
116 402
116 787
116 182
117 776
117 1226
117 878
117 1166
117 1209
117 506
117 189
118 323
118 551
118 649
118 142
118 144
118 407
119 165
119 1029
119 1193
119 1226
119 172
119 237
119 689
119 404
119 981
119 985
119 698
119 213
120 1153
120 869
120 968
120 813
120 1230
120 269
120 442
120 959
121 386
121 231
121 684
121 430
121 177
121 915
121 511
121 447
122 931
122 357
122 140
122 688
122 209
122 466
122 606
122 1115
122 318
122 853
123 424
123 262
123 808
123 746
123 812
123 624
123 136
123 406
123 888
123 1210
123 893
124 483
124 925
124 303
124 1104
124 305
124 534
124 536
124 826
124 527
124 698
124 447
125 931
125 335
125 433
125 1138
125 246
125 505
125 699
125 1020
125 413
125 429
125 479
126 834
126 827
126 133
126 145
126 1000
126 1226
126 683
126 173
126 857
126 1133
126 1044
126 885
126 463
126 921
126 923
126 829
127 424
127 345
127 252
127 661
127 329
128 1219
128 359
128 138
128 207
128 830
128 607
129 483
129 708
129 1157
129 1127
129 1096
129 522
129 287
129 1224
129 854
129 1144
129 153
129 763
129 511
130 1090
130 461
130 1055
130 557
130 911
130 1168
130 593
130 1140
130 695
130 890
130 187
130 1022
130 671
131 1136
131 547
131 965
131 877
131 302
131 515
131 1008
131 593
131 146
131 563
131 436
131 846
131 1014
131 988
131 1246
131 865
132 376
132 762
132 894
133 1237
133 814
133 484
133 520
133 361
133 586
133 780
133 546
133 206
133 931
133 990
133 831
134 613
134 588
134 911
134 370
134 692
134 1018
134 1115
134 634
134 927
135 843
135 199
135 200
135 555
135 1133
135 584
135 306
135 1111
135 1209
135 530
135 797
135 223
136 1027
136 675
136 548
136 166
136 1228
136 684
136 1168
136 499
136 276
136 376
136 313
136 764
136 509
137 1121
137 292
137 630
137 140
137 300
137 301
137 1135
137 596
137 438
137 537
137 868
137 1211
137 445
137 350
138 640
138 805
138 567
138 1151
138 429
138 205
138 855
138 410
138 239
138 1180
138 799
139 870
139 1007
139 1231
139 848
139 1171
139 564
139 598
139 954
139 591
139 860
140 578
140 650
140 873
140 855
140 346
140 606
141 384
141 1024
141 1069
141 882
141 821
141 188
142 1184
142 610
142 796
142 1148
142 558
142 433
142 188
142 505
142 953
142 847
142 156
143 640
143 225
143 203
143 273
143 1064
143 491
143 209
143 1173
143 967
144 225
144 520
144 970
144 1036
144 146
144 147
145 194
145 516
145 588
145 522
145 876
145 846
145 848
145 1210
145 543
146 769
146 514
146 934
146 807
146 169
146 1213
146 1011
147 641
147 386
147 807
147 650
147 903
147 1122
147 1167
147 310
147 511
148 384
148 547
148 1134
148 367
148 373
148 214
148 696
148 1113
148 990
149 682
149 746
149 683
149 461
149 497
149 183
149 1021
149 394
150 675
150 263
150 654
150 979
150 1102
150 886
150 951
150 1022
151 1057
151 1218
151 548
151 650
151 663
151 558
151 1073
151 918
151 761
151 825
151 623
151 189
151 990
152 1090
152 387
152 903
152 219
152 546
152 783
152 749
152 947
152 820
152 278
152 763
152 605
153 1212
153 973
153 847
153 848
153 626
153 1171
153 156
153 765
153 863
154 944
154 1067
154 560
154 1171
154 691
154 279
154 536
155 1024
155 802
155 1063
155 265
155 370
155 400
155 659
155 1097
155 1049
155 1018
156 802
156 580
156 455
156 1100
156 269
156 1171
156 1140
156 279
156 964
157 800
157 482
157 1093
157 966
157 585
157 747
157 1228
157 493
157 692
157 185
157 601
157 538
157 1122
157 1044
158 920
158 545
158 1242
158 293
158 1246
159 448
159 866
159 707
159 778
159 400
159 434
159 789
159 1019
159 767
160 1122
160 901
160 359
160 1022
160 203
160 1233
160 370
160 597
160 665
160 1018
160 893
160 1150
160 549
161 1120
161 923
161 591
162 288
162 935
162 1134
162 911
162 784
162 434
162 1013
162 731
162 925
162 638
162 917
163 374
163 390
163 495
163 950
163 1019
163 1183
164 358
164 486
164 908
164 206
164 720
164 754
164 1114
164 1242
164 991
165 386
165 179
165 723
165 1209
165 1116
166 387
166 393
166 655
166 822
166 1207
166 954
167 1024
167 1221
167 1162
167 947
167 564
167 409
167 539
167 540
167 542
167 927
168 1089
168 619
168 999
168 296
168 1099
168 748
169 964
169 586
169 780
169 559
170 615
170 1007
170 1041
170 722
170 406
170 191
171 227
171 580
171 582
171 808
171 700
171 759
171 281
171 504
171 377
171 217
171 860
172 485
172 679
172 808
172 1230
172 1108
172 1206
172 924
172 477
172 341
173 834
173 291
173 910
173 337
173 628
173 446
173 1147
174 868
174 1157
174 993
174 508
174 363
174 690
174 530
174 1077
174 1124
174 632
174 380
174 1051
174 349
175 898
175 347
175 201
175 434
175 398
175 274
175 841
175 539
176 192
176 515
176 325
176 1006
176 244
176 212
176 925
176 415
177 866
177 1030
177 1031
177 951
177 568
177 637
177 863
178 1122
178 694
178 999
178 1096
178 1034
178 526
178 190
178 278
178 218
178 894
179 659
179 760
179 1149
179 286
180 864
180 1156
180 586
180 1230
180 628
180 438
180 223
181 352
181 929
181 539
181 806
181 679
181 456
181 751
181 1139
181 379
181 735
182 352
182 449
182 932
182 1084
182 532
182 238
182 439
182 921
182 1148
182 637
182 606
183 705
183 963
183 741
183 552
183 899
183 1172
183 982
183 223
184 1091
184 324
184 901
184 263
184 551
184 391
184 844
184 723
184 325
185 801
185 1122
185 219
185 1124
185 924
185 809
185 782
185 815
185 1143
185 888
185 633
185 443
186 224
186 898
186 612
186 870
186 744
186 267
186 303
186 731
187 649
187 619
187 750
187 1239
187 1021
188 1184
188 1096
188 1098
188 887
188 1082
188 1211
188 1151
189 288
189 869
189 712
189 425
189 374
189 472
189 700
190 874
190 1227
190 237
190 856
190 1023
191 921
191 723
191 196
191 991
192 197
192 331
192 1230
192 655
192 1075
192 446
192 281
192 1124
192 318
192 1029
193 962
193 1221
193 491
193 1230
193 272
193 1142
193 1145
194 768
194 1156
194 713
194 842
194 408
194 893
195 580
195 838
195 1128
195 335
195 562
195 501
195 857
195 1080
195 377
195 795
195 671
196 712
196 873
196 795
196 1214
197 1154
197 931
197 906
197 846
197 616
197 1011
197 1050
198 967
198 266
198 717
198 366
198 237
198 1075
198 1012
198 248
198 223
198 394
198 927
199 1091
199 1156
199 453
199 358
199 298
199 550
199 1166
199 807
199 1159
200 963
200 552
200 428
200 1165
200 367
200 1109
200 794
200 734
201 642
201 914
201 474
202 357
202 615
202 1002
202 459
202 1166
202 1071
202 214
202 709
203 674
203 925
203 1130
203 514
203 431
203 1229
203 1016
203 884
203 986
203 586
203 671
204 1088
204 325
204 1227
204 556
204 498
204 473
204 410
204 476
205 794
205 641
205 570
205 325
205 620
205 1198
205 816
205 1011
205 1145
205 954
205 925
205 478
206 1058
206 1193
206 398
206 562
206 1013
206 708
206 1178
207 219
207 885
208 384
208 394
208 240
208 949
208 906
208 702
209 1243
209 1233
209 823
209 1240
209 667
209 1181
210 643
210 1188
210 1238
210 332
210 1070
210 495
210 789
210 918
210 1207
210 644
211 928
211 737
211 514
211 581
211 300
211 943
211 720
211 894
212 1220
212 741
212 681
212 842
212 620
212 722
212 436
212 405
212 1060
212 316
212 853
213 228
213 1005
213 273
213 595
213 1050
213 915
213 541
214 1185
214 515
214 938
214 1228
214 1165
214 246
214 568
214 1179
214 1086
215 617
215 689
215 1001
215 575
215 796
215 1149
215 735
216 421
216 1190
216 872
216 877
216 694
216 441
216 1049
217 521
217 982
217 442
217 318
218 1043
218 490
218 1147
218 996
218 522
218 555
218 1074
218 1038
218 993
218 483
218 638
218 803
218 494
218 1051
218 509
218 1246
218 895
219 774
219 1033
219 1234
219 1114
219 1158
220 264
220 644
220 1086
221 545
221 997
221 494
221 320
221 884
221 631
221 1148
221 957
221 670
221 373
222 611
222 680
222 778
222 1232
222 849
222 436
222 598
223 768
223 549
223 464
223 337
224 928
224 1216
224 1156
224 321
224 968
224 652
224 530
224 243
224 478
224 348
224 1246
225 1148
225 1140
225 669
226 396
226 429
226 366
226 728
226 787
226 632
226 857
226 1213
226 638
227 385
227 677
227 850
227 398
227 977
227 1202
227 983
227 698
227 507
227 1050
227 669
227 671
228 1231
228 912
228 658
228 884
228 1241
228 989
229 545
229 482
229 339
229 757
229 823
229 1017
230 577
230 390
230 944
230 369
230 636
230 893
230 767
231 460
231 301
231 688
231 306
231 501
231 975
231 590
231 1205
232 1208
232 1049
232 1153
233 1060
233 778
233 1003
233 496
233 279
233 826
233 959
234 1120
234 290
234 1192
234 365
234 552
234 1047
234 1224
234 541
234 319
235 836
235 1127
235 650
235 269
235 659
235 884
235 629
235 342
235 282
236 641
236 387
236 324
236 582
236 1001
236 717
236 849
236 466
236 504
236 358
236 509
237 1122
237 806
237 423
237 1033
237 1094
237 1076
237 926
237 828
238 996
238 487
238 493
238 532
238 666
238 251
238 637
238 255
239 1232
239 625
239 1130
239 451
240 624
240 547
240 289
240 241
240 268
240 398
240 273
240 323
240 699
240 668
240 1087
241 777
241 555
241 861
241 374
242 705
242 1221
242 1225
242 848
242 627
242 824
242 862
242 543
243 1028
243 902
243 1224
243 1130
243 399
243 1234
243 437
243 1143
244 736
244 1058
244 1223
244 363
244 290
244 404
244 376
244 409
244 636
245 1008
245 1155
245 560
245 851
245 788
245 1117
246 450
246 411
246 293
246 1000
246 1161
246 525
246 302
246 593
246 347
246 667
246 701
246 1087
247 513
247 710
247 1097
247 368
247 927
248 513
248 772
248 967
248 270
248 986
249 640
249 1121
249 987
249 1232
249 1133
249 494
249 498
249 663
249 250
249 411
249 476
250 837
250 998
250 844
250 752
250 945
250 466
250 1203
250 1079
251 900
251 1007
251 1107
251 760
251 639
251 478
251 703
252 833
252 290
252 356
252 701
252 1085
252 720
252 1160
252 601
252 1018
253 909
253 942
253 376
253 343
253 632
253 381
254 994
254 517
254 882
254 433
254 1106
254 566
254 313
255 1212
255 1102
255 621
255 846
255 557
255 600
255 598
255 760
255 892
256 867
256 484
256 718
256 467
256 662
256 442
256 381
257 402
257 489
257 490
257 459
257 1038
257 783
257 560
257 465
257 969
257 691
257 1239
257 1048
257 522
257 1023
258 1026
258 905
258 842
258 916
258 1012
258 730
259 864
259 418
259 872
259 553
259 1227
259 1160
259 409
259 729
260 1168
260 1188
260 581
260 685
260 496
260 1137
260 982
260 535
261 922
261 581
262 522
262 292
262 1095
262 1194
262 910
262 1072
262 501
262 762
263 374
263 580
263 918
263 523
263 623
263 1171
263 1142
263 313
263 1082
263 700
263 509
263 766
263 479
264 513
264 419
264 548
264 381
264 949
264 637
264 702
264 319
265 1024
265 1026
265 1192
265 1161
265 1130
265 418
265 689
265 595
265 441
265 1117
266 1222
266 486
266 1133
266 1167
266 936
266 821
266 794
266 894
266 1157
267 290
267 924
267 1066
267 1075
267 1001
267 732
267 575
268 1122
268 518
268 848
268 1010
269 1222
269 519
269 849
269 374
269 1178
270 899
270 1001
270 458
270 1172
270 629
270 279
270 986
271 579
271 972
271 786
271 1235
271 766
271 1150
272 832
272 353
272 1222
272 1123
272 292
272 325
272 909
272 529
272 1170
272 596
272 885
272 570
272 605
272 318
273 865
273 812
273 493
273 846
273 914
273 915
273 508
273 1023
274 804
274 933
274 489
274 529
274 946
274 660
274 1060
274 581
275 768
275 294
275 1225
275 875
275 1230
275 563
275 467
275 1182
275 342
275 825
275 859
275 1214
276 897
276 1104
276 1058
276 644
276 933
276 1127
276 490
276 1231
276 560
276 669
277 1017
277 442
277 451
277 313
278 293
278 742
278 391
278 871
278 910
278 405
278 763
279 742
279 880
279 1138
279 404
280 712
280 418
280 580
280 767
281 900
281 1226
281 305
281 1142
281 795
281 989
282 450
282 1128
282 393
282 494
282 499
282 472
282 506
282 475
282 346
282 602
283 1119
283 1071
283 1103
283 951
284 881
284 828
284 289
284 529
285 1226
285 1100
285 596
285 308
285 894
286 737
286 579
286 1094
286 970
286 811
286 780
286 815
286 794
286 318
286 511
287 1025
287 970
287 935
287 301
287 1038
287 752
287 915
287 985
287 826
288 833
288 1091
288 456
288 519
288 712
288 686
288 856
288 1170
288 371
288 1080
288 761
289 451
289 1190
289 621
289 781
289 497
289 341
289 1082
290 875
290 740
290 645
290 870
290 366
290 733
290 657
290 346
290 1018
290 410
291 825
291 517
291 439
292 1155
292 549
292 872
292 655
292 328
292 690
292 953
292 986
292 347
292 796
292 1214
293 604
293 928
293 731
293 806
293 1161
293 437
293 1110
293 1179
293 540
294 669
294 1064
294 907
294 1004
294 686
294 499
294 1040
294 724
294 1174
294 727
294 537
294 623
294 1085
295 672
295 1027
295 934
295 1000
295 1034
295 731
296 834
296 420
296 584
296 654
296 432
296 691
296 987
296 316
297 576
297 481
297 844
297 456
298 449
298 930
298 675
298 713
298 1002
298 399
298 369
298 1108
298 447
299 864
299 642
299 387
299 1001
299 810
299 1198
299 982
299 489
299 763
300 1107
300 388
300 1002
300 935
300 461
300 593
300 724
300 798
301 480
301 386
301 806
301 678
301 628
301 917
301 822
301 1012
301 1206
302 960
302 641
302 322
302 1222
302 738
302 1080
302 515
302 1175
302 728
303 612
303 1062
303 518
303 357
303 394
303 1068
303 528
303 501
303 409
303 863
304 865
304 583
304 651
304 433
304 818
304 854
304 603
304 1151
305 545
305 1100
305 942
305 1144
305 1013
305 489
305 603
305 956
305 958
306 738
306 1156
306 457
306 495
306 853
306 760
306 1113
306 923
306 412
307 579
307 1093
307 678
307 904
307 393
307 908
307 748
307 751
307 778
307 317
307 534
307 823
307 1085
307 1023
308 995
308 1227
308 1005
308 910
308 1197
308 564
308 731
309 600
309 403
309 845
309 1014
310 640
310 1122
310 388
310 935
310 394
310 1230
310 725
310 1174
310 759
310 376
311 577
311 1030
311 1161
311 1130
311 594
311 787
311 596
311 795
312 1163
312 989
312 658
312 438
312 1080
312 1018
312 1053
313 1024
313 576
313 484
313 876
313 339
313 651
313 684
313 462
313 463
313 657
313 658
313 563
313 1014
313 890
313 1179
313 543
314 1057
314 1158
314 1227
314 684
314 463
314 349
315 1024
315 803
315 964
315 1126
315 1032
315 1002
315 980
315 662
315 475
316 1185
316 834
316 475
316 1065
316 363
316 364
316 335
316 371
316 1239
316 1114
316 603
316 892
317 870
317 1031
317 370
317 340
317 636
317 413
318 587
318 1155
318 1192
318 331
318 493
318 360
318 471
318 988
318 574
318 543
319 802
319 584
319 557
319 849
319 538
319 1022
320 505
320 703
320 1037
320 937
321 1188
321 1157
321 838
321 1230
321 816
321 501
321 1019
321 1245
322 386
322 459
322 645
322 631
322 1036
322 596
322 759
322 660
322 1211
323 833
323 1061
323 1128
323 713
323 973
323 654
323 1007
323 686
323 567
323 1084
324 928
324 1028
324 840
324 1005
324 941
325 704
325 869
325 508
325 330
325 562
325 789
325 406
325 568
325 604
326 545
326 643
326 1191
326 560
326 665
326 572
326 735
327 775
327 1036
327 1102
327 751
327 372
327 508
328 454
328 550
328 924
328 942
328 1012
328 1070
328 1146
328 892
328 654
328 991
329 483
329 1191
329 487
329 987
329 1199
329 566
329 1176
329 923
329 732
329 510
330 968
330 428
330 1059
330 340
330 925
330 446
331 868
331 1029
331 625
331 1069
331 1073
331 677
331 1145
331 730
331 827
332 521
332 427
332 1140
332 873
332 692
332 508
332 734
333 736
333 768
333 936
333 393
333 1196
333 749
333 752
333 594
333 947
333 406
333 952
333 764
333 605
333 1086
334 417
334 1219
334 1189
334 1034
334 558
334 1199
334 977
334 690
334 980
335 516
335 698
335 589
335 1038
335 1181
335 918
335 889
335 1113
335 1178
335 1023
336 1029
336 522
336 1103
336 886
336 404
336 661
336 662
337 651
337 362
337 1047
337 1006
337 629
337 856
337 598
337 695
337 397
337 687
337 1212
337 670
338 955
338 517
338 358
338 521
338 970
338 1165
338 1009
338 532
338 699
338 1181
339 832
339 448
339 1129
339 938
339 370
339 474
340 784
340 904
340 364
340 848
340 435
340 1049
340 574
341 995
341 870
341 1234
341 659
341 441
341 603
341 963
342 935
342 399
342 1209
342 796
343 868
343 1094
343 808
343 620
343 402
343 687
343 658
343 446
343 409
343 382
344 609
344 1227
344 358
344 575
345 1095
345 1132
345 461
345 468
345 1017
345 380
345 1181
346 1153
346 1059
346 484
346 590
346 431
346 565
346 1015
346 700
347 870
347 876
347 946
347 883
347 1141
347 1051
347 1020
347 1085
347 670
347 1119
348 1218
348 966
348 775
348 1098
348 397
348 925
348 1162
348 956
348 1117
349 1121
349 955
349 759
350 352
350 737
350 1027
350 772
350 842
350 527
350 914
350 611
350 565
350 739
350 600
350 895
351 929
351 999
351 1032
351 877
351 530
351 571
352 992
352 1154
352 392
352 618
352 541
353 613
353 1002
353 427
353 946
353 1074
353 537
353 955
353 1150
354 416
354 741
354 715
354 562
354 820
354 1022
354 581
355 784
355 648
355 1208
355 1196
355 583
356 517
356 1052
356 559
356 1041
356 1050
356 794
357 1188
357 745
357 1195
357 975
357 819
357 504
357 477
358 512
358 459
358 910
358 626
358 827
358 893
359 1218
359 647
359 808
359 367
359 1072
359 722
359 1047
359 1049
359 768
359 607
360 688
360 1220
360 873
360 400
360 510
360 1081
360 989
361 1058
361 619
361 493
361 560
361 986
361 436
361 414
361 1174
361 762
361 603
361 858
362 475
362 1131
362 788
362 1016
362 986
362 411
363 672
363 482
363 1096
363 1067
363 468
363 1010
363 1043
363 475
364 517
364 1033
364 493
364 628
364 873
364 952
364 564
364 570
364 858
364 1150
365 896
365 513
365 546
365 548
365 523
365 496
365 1239
365 605
366 448
366 624
366 677
366 719
366 368
366 434
366 661
366 476
366 510
367 418
367 646
367 1180
368 800
368 704
368 426
368 459
368 591
368 944
368 628
368 1141
368 381
369 675
369 1035
369 847
369 599
369 669
369 1119
370 775
370 1002
370 1130
370 693
370 1016
371 1153
371 1221
371 742
371 616
371 907
371 469
372 480
372 1061
372 422
372 723
372 1241
373 945
373 1201
373 1234
373 566
373 921
374 1120
374 591
374 403
374 1238
374 922
374 894
375 485
375 681
375 942
375 1135
375 976
375 405
375 923
375 958
376 579
376 647
376 712
376 1194
376 952
376 956
376 862
377 839
377 688
377 691
378 1024
378 747
378 557
378 984
378 1023
378 991
379 615
379 392
379 1001
379 1202
379 950
379 887
379 798
380 737
380 483
380 678
380 679
380 906
380 957
380 722
380 1142
380 407
380 413
381 1201
381 1128
381 1149
382 773
382 549
382 653
382 1237
382 952
382 1114
382 797
382 447
383 1184
383 455
383 968
383 905
383 792
383 1076
383 597
383 1207
383 923
384 879
384 743
384 1003
384 719
384 466
384 569
384 911
384 1245
385 731
385 487
385 589
385 464
385 953
385 539
385 669
386 1200
386 547
386 1098
386 556
386 1104
386 475
387 578
387 972
387 466
387 886
387 474
387 636
387 414
388 961
388 615
388 910
388 403
388 1082
389 963
389 1030
389 717
389 413
389 500
389 950
389 1161
389 472
389 922
389 1210
390 808
390 1105
390 1238
390 441
390 666
390 700
390 858
390 1023
391 1088
391 1056
391 842
391 1165
392 579
392 840
392 460
392 707
392 723
392 954
393 485
393 775
393 454
393 983
394 485
394 1070
394 474
394 847
394 1245
395 869
395 1096
395 1195
395 940
395 432
395 977
395 402
395 787
395 830
396 1104
396 649
397 485
397 839
397 842
397 972
397 400
397 534
397 607
398 833
398 997
398 689
398 751
399 546
399 711
399 1128
399 681
399 590
399 851
400 970
400 760
400 697
400 830
401 878
401 423
401 553
401 748
401 654
401 1073
401 1010
401 1107
401 1076
401 846
401 948
401 989
401 1214
402 1056
402 939
402 845
402 722
402 856
402 980
402 762
402 733
403 995
403 519
403 594
403 515
403 476
404 928
404 506
404 422
404 935
404 1068
404 1167
404 562
404 922
404 861
404 414
405 610
405 773
405 1101
405 581
405 1173
405 440
405 473
405 543
406 1068
406 1010
406 1237
406 541
407 443
407 1188
407 588
407 987
408 1056
408 961
408 551
408 878
408 495
408 981
408 982
408 506
409 1025
409 836
409 1190
409 584
409 875
409 1165
409 1106
409 877
409 1047
409 1049
409 607
410 805
410 433
410 764
411 1158
411 845
411 945
411 884
411 414
412 865
412 1147
412 1220
412 455
412 756
412 1018
412 923
412 988
412 958
412 1055
413 441
413 466
413 1077
413 505
414 864
414 933
414 646
414 744
414 587
414 977
414 850
414 439
414 1214
414 677
415 836
415 650
415 558
415 687
415 1144
415 700
416 803
416 870
416 953
416 1151
416 732
416 895
417 1139
418 836
418 965
418 563
418 976
418 529
418 467
418 1046
418 1019
419 1189
419 527
419 949
419 603
419 605
420 611
420 933
420 1225
420 1011
420 474
420 954
421 1024
421 840
421 1130
421 584
421 915
421 852
421 575
422 832
422 571
422 1188
422 744
422 745
422 1234
422 1117
422 1039
422 688
422 690
422 505
422 463
422 970
422 1023
423 551
423 488
423 842
423 1004
423 1042
423 756
423 757
423 1144
423 571
423 479
424 505
424 556
424 630
425 640
425 1123
425 710
425 776
425 491
425 730
425 444
426 896
426 1026
426 1222
426 1035
426 656
426 793
427 768
427 515
427 1189
427 770
427 590
427 911
427 816
427 1106
427 979
427 1114
427 667
427 796
428 1056
428 548
428 869
428 1102
428 848
428 1013
428 1081
428 825
428 570
428 650
428 1151
429 864
429 515
429 1159
429 658
429 1083
429 671
429 605
429 751
430 673
430 1199
430 726
430 1112
430 1023
431 449
431 834
431 566
431 859
431 796
431 541
431 767
432 578
432 996
432 1062
432 582
432 586
432 1122
432 1038
432 655
432 697
432 668
433 864
433 976
433 899
433 486
433 1160
433 1133
433 946
433 1143
434 802
434 1188
434 1006
434 752
434 630
434 636
434 1117
435 1168
435 674
435 1060
435 807
435 1227
435 1229
435 976
435 503
435 889
436 1239
437 992
437 932
437 1196
437 877
437 817
437 946
437 1148
438 519
438 744
438 618
438 984
438 1245
438 511
439 685
439 529
439 1081
439 989
439 479
440 1153
440 678
440 825
440 1212
440 733
440 1205
441 1024
441 1185
441 836
441 1000
441 1162
441 652
441 814
441 1074
441 632
441 602
442 1025
442 906
442 747
442 780
442 788
442 661
442 543
442 1053
442 1151
443 1068
443 780
443 558
443 1136
443 599
443 1176
443 1246
444 1024
444 675
444 1102
444 755
444 918
444 1119
445 741
445 1126
445 1196
445 972
445 617
445 1019
445 1157
446 865
446 1121
446 1217
446 1197
446 499
446 825
446 634
446 1083
447 1090
447 963
447 529
447 1243
448 897
448 1060
448 753
448 625
448 915
448 564
448 570
448 542
449 1124
449 710
449 464
449 949
450 951
450 909
450 749
450 1043
450 1015
450 507
451 706
451 1068
451 1165
451 1006
451 1139
451 1143
451 538
452 1217
452 1122
452 836
452 460
452 1165
452 1202
452 690
452 989
452 926
453 1025
453 1174
454 581
454 1064
454 872
454 757
454 695
454 1019
454 485
455 736
455 930
455 1064
455 911
455 848
455 533
455 698
455 1246
456 1115
456 1062
456 807
456 528
456 1176
456 891
457 737
457 873
457 713
457 749
457 596
457 788
457 793
457 1177
457 1241
457 1055
458 1120
458 773
458 1033
458 1103
458 1143
458 792
458 1017
458 1147
459 1157
459 461
459 605
459 1136
459 778
460 1090
460 809
460 637
460 1171
460 756
460 983
460 1244
460 1021
461 1153
461 1219
461 1034
461 813
461 1247
461 848
461 887
461 793
461 1179
461 629
462 960
462 708
462 709
462 616
462 489
462 619
462 622
462 916
462 1080
462 1082
462 796
462 927
463 768
463 1129
463 1002
463 1195
463 1005
463 958
463 990
463 1247
464 738
464 711
464 720
464 1172
464 630
464 1044
464 890
464 1245
464 884
465 1120
465 1026
465 643
465 733
465 1105
465 1203
465 1108
465 1053
466 1100
466 526
466 1009
466 1177
467 1093
467 881
467 563
467 945
467 1078
468 1155
468 1233
468 1104
468 1105
468 692
468 660
468 1142
468 1209
469 1187
469 1128
469 970
469 495
469 688
469 978
469 596
469 1150
469 1087
470 739
470 487
470 1239
470 798
470 895
471 773
471 727
471 525
471 1074
471 983
471 1017
471 1247
471 1183
472 512
472 524
472 525
472 622
472 1211
473 527
473 1138
473 596
474 912
474 1096
474 779
474 988
474 531
474 504
474 644
474 922
474 1084
474 670
475 1024
475 1222
475 943
475 914
475 1203
475 1015
475 1080
476 1027
476 840
476 529
476 1172
476 726
476 995
476 957
476 511
477 992
477 487
477 751
477 1108
477 1029
478 815
478 934
478 522
478 1239
478 1165
478 1039
478 787
478 567
478 667
479 643
479 503
479 1073
479 690
479 923
479 925
479 735
480 1224
480 752
480 1011
480 885
480 1140
481 674
481 711
481 714
481 1003
481 820
481 639
482 544
482 679
482 682
482 844
482 949
482 1081
483 966
483 1041
483 1049
483 889
483 572
484 835
484 868
484 869
484 1071
484 952
484 1180
484 702
484 927
485 1185
485 1121
485 1198
485 1200
485 561
486 1093
486 583
486 564
486 951
486 692
486 1066
487 838
487 551
487 940
487 594
487 927
488 673
488 1006
489 972
489 1004
489 756
489 694
489 508
489 607
490 865
490 1219
490 1125
490 1226
490 876
490 1204
490 793
490 1179
491 1056
491 1186
491 680
491 648
491 1035
491 976
491 904
491 722
491 885
491 495
492 552
492 1033
492 720
492 785
492 530
492 660
492 533
492 1023
492 543
493 1165
493 948
493 1246
493 822
493 1015
493 1113
494 930
494 843
494 716
494 669
494 1009
494 630
494 574
495 545
495 675
495 1044
496 1186
496 548
496 1157
496 680
496 1122
496 658
496 1033
496 534
496 1047
496 826
496 1083
496 1085
497 553
497 1036
497 717
497 1137
497 1171
498 546
498 1187
498 900
498 1034
499 834
499 554
499 1167
499 1040
499 725
499 1103
499 670
500 835
500 969
500 1068
500 944
500 1132
500 534
500 1221
501 1029
501 577
501 843
501 782
502 1031
502 587
502 526
502 664
502 947
502 1176
502 1145
503 673
503 681
503 530
503 979
503 1111
503 669
504 531
504 567
504 990
505 715
505 743
505 758
505 1045
506 1197
506 911
506 758
507 615
507 911
507 1041
507 662
508 1186
508 821
508 537
508 892
509 837
509 806
509 1041
509 1145
510 1032
510 983
510 788
510 790
510 727
510 729
511 1125
511 1108
511 727
511 760
511 1204
511 826
512 741
512 1001
512 906
512 1170
512 1049
512 1115
512 1157
513 746
513 782
513 562
513 694
513 1082
513 970
514 672
514 614
514 680
514 588
514 844
514 814
514 780
515 610
515 685
515 753
515 543
515 1151
516 613
516 872
516 796
516 908
516 524
516 688
516 1009
516 947
516 760
516 847
516 1244
517 1024
517 961
517 1194
517 651
517 826
517 697
517 602
517 1060
517 895
518 640
518 769
518 837
518 519
518 751
519 948
519 791
519 1215
520 998
520 616
520 556
520 840
520 726
521 546
521 652
521 529
521 1214
521 735
522 869
522 1130
522 658
522 1142
522 666
522 540
522 1055
523 833
523 578
523 1060
523 777
523 686
523 1231
523 1136
523 533
523 1017
523 665
523 1082
523 958
524 877
524 749
524 1074
525 836
525 1062
525 683
525 876
525 603
526 1010
526 555
526 1106
526 1126
526 1035
526 1228
526 753
527 576
527 1036
527 790
527 696
528 769
529 864
529 624
529 1066
529 588
529 1148
529 696
529 605
530 935
530 810
530 775
530 719
530 639
531 897
531 1188
531 833
531 691
531 851
531 1045
531 1207
531 1115
531 830
532 747
532 945
532 946
532 663
532 1048
533 704
533 566
533 743
533 1036
533 622
533 1040
533 561
533 662
533 695
533 605
534 801
534 1006
534 720
534 1073
534 1202
534 1174
534 1113
535 705
535 806
535 971
535 1071
535 656
535 856
535 1150
536 583
536 843
536 1073
536 1011
536 1076
536 760
536 1115
537 934
537 1128
537 1194
537 873
537 1211
538 776
538 703
538 844
538 696
538 562
538 566
538 920
538 1147
538 798
539 1124
539 649
539 1202
539 1138
539 1247
539 671
540 739
540 780
540 1161
540 714
540 588
540 751
540 1100
540 613
541 1034
541 984
541 1146
542 1024
542 607
542 1221
542 746
542 653
542 978
542 1050
542 987
542 1148
542 575
543 768
543 1155
543 568
543 1210
543 991
544 1124
544 1061
544 596
544 758
544 1015
544 1213
545 864
545 800
545 803
545 1189
545 845
545 771
545 820
545 922
545 1244
546 869
546 626
546 1179
546 946
547 996
547 808
547 849
548 805
548 1222
548 812
548 979
548 852
548 1065
548 1142
548 1183
549 615
549 712
549 942
550 1188
550 1221
550 1073
550 1015
551 1189
551 1096
551 592
552 866
552 675
552 583
552 649
552 688
552 595
552 723
553 1153
553 802
553 627
553 822
553 890
553 1084
554 1144
554 753
554 1011
554 960
555 992
555 748
555 1037
555 911
555 1043
555 1049
555 915
555 926
556 1060
556 941
556 724
556 1174
556 766
556 607
557 695
557 1014
557 831
558 705
558 1115
558 1038
558 1073
559 1219
559 1190
559 615
559 745
559 972
559 1113
560 967
560 972
560 822
560 760
560 634
561 997
561 967
561 970
561 1144
561 789
561 984
561 1241
561 1146
561 669
561 607
562 611
562 1130
562 847
562 593
562 1199
562 733
563 763
563 581
563 840
563 978
563 1017
563 1051
564 1188
564 1062
564 683
564 980
565 864
565 832
565 934
565 1031
565 1135
565 816
565 852
565 1109
566 715
566 1144
566 690
566 670
566 693
567 1121
567 972
567 1245
567 970
567 1113
567 637
568 1136
568 847
568 752
568 792
568 825
568 730
569 992
569 745
569 586
569 620
569 653
569 818
570 717
570 846
570 1103
570 1077
570 1199
570 1055
571 1231
571 880
571 693
571 1145
571 697
571 1083
572 1189
572 611
572 1208
572 1148
572 1183
573 672
573 1062
573 907
573 816
573 861
574 1217
574 1123
574 827
575 577
575 770
575 711
575 1006
575 756
575 792
575 1245
576 1057
576 743
576 681
576 947
576 1205
576 1211
577 992
577 833
577 1125
577 1065
577 586
577 1040
577 1155
577 956
578 870
578 620
578 914
578 1213
579 742
579 798
579 760
579 988
579 1246
580 1064
580 719
580 754
580 756
580 1207
580 955
580 1149
581 711
581 1095
581 987
581 605
581 757
582 1068
582 719
582 1081
582 1183
583 1156
583 941
583 946
583 1043
583 949
583 771
583 1051
583 1183
584 672
584 1063
584 1016
584 1150
585 1124
585 656
585 968
585 1235
585 790
586 792
586 698
587 652
587 1007
587 1051
587 989
588 1152
588 1029
588 817
588 1003
588 653
588 935
588 857
588 1084
589 672
589 1088
589 805
589 945
589 659
589 884
589 596
589 826
589 668
589 671
590 1187
590 741
590 1033
590 1099
590 983
590 920
590 1148
591 878
592 1152
592 1063
592 1043
592 755
592 1244
593 1216
593 1152
593 1228
593 746
593 1105
593 1065
593 1146
593 1183
593 895
594 816
594 849
594 1143
594 1115
595 972
595 1230
596 647
596 744
596 919
596 1105
596 1012
596 956
597 917
597 793
597 1243
597 700
597 1054
598 997
598 1223
598 697
598 669
598 831
599 1147
599 967
599 623
599 1182
600 768
600 1223
600 939
600 1073
600 953
600 1214
601 1047
601 908
601 1201
601 658
601 887
601 952
601 670
602 784
602 935
602 1004
602 848
602 1169
602 723
602 755
602 795
602 1125
603 1005
603 757
603 1181
603 894
604 1058
604 1059
604 635
605 976
605 1071
606 1027
606 1051
607 1224
607 1097
607 650
607 956
607 884
607 728
607 857
607 988
608 904
608 1132
608 1040
608 1173
608 950
609 647
609 1001
609 717
609 1109
609 920
610 1249
610 615
610 875
610 748
610 1037
610 797
610 1181
610 1182
611 962
611 770
611 1194
611 1169
611 946
611 898
611 632
612 1027
612 1190
612 971
612 783
612 1172
612 917
612 681
612 1182
612 767
613 1098
613 909
613 627
613 756
614 1125
614 1095
614 1106
614 1181
615 833
615 1000
615 809
615 621
615 734
616 1118
617 1065
617 1234
617 635
618 1160
618 712
618 664
619 868
619 1029
619 692
619 950
620 1131
621 1147
622 1212
622 922
622 1148
622 894
623 1208
623 1081
623 1180
624 744
624 653
624 1233
624 916
624 878
624 1177
624 954
625 903
625 680
625 781
625 1076
625 952
626 1095
626 840
626 985
626 1211
627 800
627 1187
627 1042
627 823
627 1156
627 862
628 898
628 996
628 1032
628 1105
628 850
628 834
629 1138
629 1139
629 1236
629 828
630 902
630 1035
630 690
630 1108
630 1240
630 765
631 1228
631 1149
632 900
632 1229
632 828
632 735
633 1224
633 1122
633 678
634 1200
634 1226
634 1049
634 795
634 764
635 1056
635 715
635 822
636 675
636 943
636 1169
636 919
636 792
636 879
637 1063
637 1147
637 926
638 1092
638 774
638 1160
638 1177
638 1179
638 666
638 1053
638 735
639 704
639 1062
639 876
639 979
639 1145
639 667
640 654
640 756
640 1161
640 696
640 1179
641 993
641 871
641 1005
641 856
642 923
642 903
642 1128
642 744
642 1115
643 906
643 779
643 652
643 1039
643 913
643 1236
643 1148
643 1098
643 1119
644 1173
644 759
644 701
644 734
644 863
645 694
645 659
645 790
646 944
646 1068
646 656
646 819
646 1239
646 1212
647 802
647 1124
647 1226
647 1063
647 1040
647 839
647 883
647 1180
648 1160
648 821
648 732
649 704
649 667
649 1071
649 912
649 721
649 1219
649 982
649 829
649 926
650 748
650 966
650 809
650 1133
651 886
651 763
652 896
652 1156
652 848
652 1208
653 748
653 1202
653 727
653 1114
654 1064
654 810
654 816
654 1042
654 1027
655 1027
655 838
655 683
656 867
656 714
656 1230
656 850
656 1214
657 741
657 678
657 1126
657 959
658 1152
658 738
658 1241
658 1220
658 666
658 827
658 1212
658 1194
659 742
659 1095
659 681
659 1034
659 1177
660 1024
660 804
660 726
660 934
660 924
660 786
660 1062
660 977
660 1102
660 665
660 827
660 892
660 831
661 833
661 806
661 1137
661 847
661 817
661 893
662 859
662 1114
663 713
663 816
663 913
663 1075
663 1080
664 1249
664 708
664 825
664 1111
665 1174
665 891
666 744
666 1004
667 773
667 1031
667 776
667 969
667 713
667 1112
668 683
668 1078
668 1210
668 989
669 1070
669 874
669 683
669 1108
669 1019
669 798
670 1056
670 743
670 1167
670 817
670 1209
671 896
671 1222
671 873
672 1007
672 999
672 1207
673 774
673 987
674 1157
674 938
674 1009
674 1141
674 1215
675 1153
676 868
676 997
676 1065
676 1136
676 981
676 855
676 698
676 831
676 1237
677 803
677 903
677 1076
677 1134
677 1015
677 1210
678 961
678 929
678 1066
678 780
678 975
678 1182
678 700
678 1118
679 1103
679 818
679 821
679 1026
679 765
680 1056
680 688
680 1196
680 1167
680 764
681 1068
681 1104
681 851
681 821
681 694
682 746
682 948
682 965
683 1124
683 1071
683 799
684 1089
684 931
684 806
684 793
684 949
684 888
685 1100
685 972
685 719
685 1238
685 1209
685 1225
685 861
686 933
686 886
686 860
687 960
687 952
687 793
688 1193
689 1096
689 694
689 988
690 1217
690 931
691 1223
691 911
691 1074
691 1075
691 723
691 1054
692 1099
692 816
692 1050
693 1062
693 871
693 807
693 892
694 1039
694 858
694 975
695 1001
696 1104
696 994
696 952
697 705
697 1239
697 825
698 902
698 787
698 1046
699 994
699 1043
700 1120
700 1249
700 1125
700 848
700 1108
700 984
701 838
701 828
701 809
701 939
701 1245
701 853
701 950
701 1207
701 1178
701 1116
701 1214
701 799
702 841
702 715
702 974
702 1074
702 1014
702 952
702 900
702 1244
703 915
703 1222
704 774
704 1007
704 1169
704 950
704 826
704 795
704 860
704 1146
704 1214
705 1026
705 889
705 1040
706 1220
706 1235
706 1002
706 1166
706 1053
706 1140
706 874
707 1098
707 715
707 1005
707 734
708 896
708 1127
708 989
709 801
709 1080
709 1113
709 795
710 971
710 977
710 857
710 730
711 1248
711 960
711 963
711 832
711 1162
711 880
711 966
711 730
711 1007
712 1191
712 1035
712 1054
713 855
713 972
713 750
713 1076
713 782
713 1039
713 956
713 1214
714 1058
714 803
714 847
714 881
714 825
714 1054
715 809
715 1197
715 919
715 1048
716 968
716 876
716 1233
716 830
717 1014
718 1225
718 987
718 1150
719 997
719 977
719 1182
720 1190
720 873
720 877
720 845
720 1079
720 921
720 890
721 1049
721 871
722 930
722 1007
722 766
722 1176
722 794
722 1086
723 1094
723 1008
724 1152
724 1229
724 1165
725 1190
725 1068
725 1147
725 894
725 799
726 1139
726 1081
726 1017
726 989
727 1133
727 901
727 876
727 783
727 773
727 1147
728 937
728 1108
728 853
729 898
729 1127
729 1001
729 995
729 983
730 1057
730 779
730 1222
730 1231
730 1033
730 889
730 892
731 744
731 1103
731 1238
732 833
732 1026
732 805
732 1217
732 1167
732 965
733 1032
734 1024
734 897
734 1001
734 912
734 1076
735 1090
735 774
735 843
735 986
735 1245
735 926
736 1245
736 1239
737 851
737 855
737 1083
737 1244
738 802
739 773
739 1147
740 801
740 1162
740 1042
741 1071
741 754
741 1175
741 766
741 1055
742 774
742 761
743 915
743 1019
744 1244
744 1163
744 848
744 1041
744 1143
744 1087
745 904
746 934
746 1138
746 915
746 788
746 1049
746 1013
747 1164
747 1105
748 1088
748 1041
748 1038
748 926
749 833
749 1229
749 974
749 976
749 787
749 1136
750 928
750 1158
750 1067
750 1239
750 828
751 777
751 1077
752 804
752 1121
752 972
752 1004
752 954
753 850
753 1017
754 923
754 1065
754 778
754 1172
755 1187
755 773
755 1094
755 1127
755 828
755 970
755 1164
755 949
756 1249
756 865
756 876
756 980
756 1083
757 1187
757 1225
757 827
757 912
757 1075
757 1108
758 931
758 1067
758 981
758 982
759 1217
759 1028
759 1199
760 968
760 1034
761 968
761 815
761 1213
762 968
762 913
762 1142
762 951
762 1176
762 1113
763 914
763 818
763 766
763 1247
764 1058
764 840
764 946
764 859
765 768
765 892
765 989
766 1187
766 1141
766 1176
768 893
768 997
769 1025
769 869
769 1048
769 1117
770 994
770 1066
771 1030
771 943
771 1168
771 985
772 899
772 826
772 1019
773 961
773 1189
773 1224
773 783
773 1048
774 879
774 809
774 1207
774 863
775 1197
775 947
776 842
776 810
777 901
777 1095
777 942
777 976
777 1203
777 884
777 1242
777 957
778 832
778 996
778 1158
778 884
778 1179
779 929
779 1158
779 1002
779 797
779 1107
779 1172
780 1115
780 1125
781 1197
783 963
783 983
783 924
784 1194
784 1197
784 850
784 1236
785 849
786 1024
786 1057
786 875
786 884
786 820
786 894
787 866
787 1189
787 976
787 1173
787 991
788 1060
788 845
788 1117
788 1015
789 1025
789 1165
789 1045
790 1056
790 872
790 842
790 918
790 877
791 1120
791 937
791 878
791 1145
791 857
791 1242
791 924
792 1130
792 1013
792 887
793 800
793 1036
793 1021
794 1065
794 1172
794 1150
794 1174
794 1237
795 941
795 918
795 1110
795 1213
796 1184
796 992
796 841
796 1068
796 817
796 839
796 1045
796 1048
796 922
796 925
797 905
798 1223
798 1040
798 1091
798 1243
798 1055
799 966
799 878
799 1245
799 1137
800 1088
800 866
800 998
800 1166
800 890
801 1069
802 1025
803 1061
803 1069
803 1174
803 1214
804 1056
804 1153
804 1000
804 1131
804 977
804 1209
805 1038
805 1170
805 1209
806 1235
806 1044
806 890
807 1100
807 1220
807 964
808 872
808 1038
808 1072
808 947
808 814
809 899
809 1068
809 1110
809 1144
809 1178
809 987
809 892
810 864
810 994
810 909
811 1123
811 1033
811 859
812 1191
812 1097
812 981
812 950
812 1086
813 1228
814 900
814 1002
814 1074
814 1022
814 1125
815 906
815 1163
815 877
816 840
816 945
817 966
817 1242
817 1243
817 925
818 1033
818 824
818 861
819 1152
819 849
819 1200
820 845
820 1142
820 959
821 1123
821 903
821 972
821 970
821 1075
821 1078
821 1226
822 1164
822 918
822 982
823 1235
823 862
824 1056
824 847
825 1180
825 1149
826 1189
826 1067
826 1105
827 839
827 829
828 965
828 1118
829 1061
829 1126
829 1005
830 917
830 854
832 1057
832 1099
832 1210
832 1148
833 1139
833 1244
833 1054
834 933
834 936
834 884
834 888
834 1119
835 1025
835 944
835 1078
835 1176
836 1157
836 1031
836 1211
837 1061
837 953
838 1088
838 1123
838 1155
838 943
838 1151
839 864
839 901
839 1126
839 1074
839 854
839 1082
840 898
840 1205
840 1160
841 931
841 940
841 916
841 1242
842 1024
842 1088
842 1220
842 1073
843 870
843 979
843 918
843 1243
844 929
844 1159
844 1145
844 985
844 1018
845 1039
846 904
846 1048
847 869
847 1194
848 1058
848 1041
848 1038
849 1183
850 1085
851 961
851 1228
851 1037
851 1142
851 1113
851 986
851 1147
852 1160
852 906
852 1009
852 1022
853 1094
853 1193
853 1243
854 938
854 857
855 994
855 1048
856 936
857 965
857 1239
858 1248
858 961
858 1142
858 1191
858 1175
858 990
858 959
859 1123
859 903
859 1037
861 1037
862 904
862 1200
862 916
863 940
863 1074
863 1144
864 914
865 1025
865 1037
865 1105
865 978
865 1177
866 1005
866 1139
866 1176
866 1118
867 1164
867 916
867 1181
868 1228
868 954
868 1181
869 897
869 1238
870 992
870 960
870 1166
871 1246
871 1087
872 881
872 1042
872 954
873 1042
873 1232
873 888
874 1187
874 1031
874 1161
875 1101
875 1107
876 1226
876 911
876 882
876 1033
877 1037
877 974
877 1015
878 1187
878 1065
878 1098
878 945
878 1141
878 1020
878 970
879 966
880 970
881 1227
881 893
882 1128
883 1194
884 939
884 1016
884 890
884 1020
885 1157
885 1043
886 972
886 1023
887 962
887 1054
888 1042
888 1053
889 962
889 939
890 1230
890 1210
891 1241
892 1154
892 1094
892 1194
893 1059
893 1224
893 1242
893 923
893 1085
894 1243
894 1157
894 1020
895 1208
895 956
895 1183
896 1176
897 1235
897 1180
897 1008
897 1116
898 1238
899 1167
899 1245
899 1119
900 1059
900 912
900 1204
900 1020
901 1157
901 1223
901 1085
902 907
902 1192
902 971
902 1111
904 942
904 1085
905 1159
906 939
906 1246
907 1231
907 1237
907 1016
907 1017
908 1152
908 1127
908 1128
908 1210
909 1182
910 917
910 1143
911 1058
911 1108
912 1103
912 1097
912 1208
913 1061
913 1000
913 1131
913 1241
914 956
915 1155
917 1125
918 993
918 1007
918 1134
918 1209
919 1122
919 1227
920 1090
920 1193
920 1026
921 1136
921 1140
922 1166
922 1177
924 996
924 1063
924 1130
924 1106
924 1127
925 1011
925 1023
926 1170
926 1043
927 993
927 1147
928 1001
928 1110
929 970
929 1146
930 1089
930 1066
930 974
930 1117
931 1199
931 1234
931 1016
933 998
934 1086
934 1242
935 1187
935 1170
936 1164
937 992
937 1099
937 1115
938 951
939 984
939 1117
940 1123
941 962
941 1232
941 1011
941 1046
942 1155
942 969
942 1166
942 1072
942 1213
943 1026
943 1244
943 947
943 985
944 1063
944 1065
944 1100
945 960
945 1075
945 1216
945 1139
946 1000
946 1070
946 1150
947 1033
947 970
947 1178
947 1051
948 1143
949 1062
949 1015
949 1149
949 959
950 1224
950 1130
951 1015
953 1034
954 1092
954 1185
955 1219
955 1167
955 1200
955 977
956 1196
956 1018
957 968
957 975
958 1028
958 1197
960 980
961 992
961 1218
961 1133
961 1150
962 1163
962 1111
962 1212
963 1188
963 1099
963 1005
963 1242
963 1023
964 1061
964 1079
965 1116
966 1181
967 1200
967 1106
968 1229
968 1233
968 1077
968 1247
969 1194
969 1232
969 1138
971 1248
971 1154
971 1058
971 1107
971 1148
971 1221
972 1129
972 1130
972 1099
974 1023
975 1224
975 1231
975 1029
976 1232
977 1030
977 1224
977 1232
977 1233
977 1074
977 1206
977 1240
978 1224
978 984
979 1177
979 990
980 1218
980 1140
980 1237
981 1047
982 1190
982 1167
983 1138
983 1123
984 1027
984 1191
984 1014
985 1155
985 997
986 1051
987 1200
987 1169
987 1209
988 1001
988 1135
989 1097
989 1109
990 1110
991 1057
991 1207
992 1004
992 1102
993 1187
993 1157
993 1097
993 1116
994 1038
994 1174
994 1145
994 1180
995 1009
995 1209
995 1114
995 1020
996 1041
996 1102
996 1019
997 1235
997 1163
997 1164
997 1242
997 1019
998 1240
998 1147
998 1148
998 1022
999 1185
999 1072
1000 1092
1002 1234
1003 1030
1004 1171
1004 1146
1004 1111
1004 1180
1004 1213
1005 1213
1005 1084
1007 1248
1008 1060
1008 1240
1010 1083
1010 1180
1012 1136
1012 1047
1013 1081
1014 1059
1015 1071
1015 1132
1016 1125
1016 1170
1016 1112
1016 1081
1016 1114
1016 1020
1017 1220
1018 1134
1018 1242
1019 1056
1019 1207
1021 1126
1022 1155
1023 1063
1023 1100
1024 1075
1025 1234
1025 1115
1026 1037
1026 1090
1027 1153
1027 1135
1027 1200
1027 1147
1028 1201
1028 1202
1028 1046
1029 1082
1030 1039
1030 1075
1030 1063
1030 1167
1031 1217
1031 1160
1031 1194
1032 1039
1033 1222
1033 1128
1034 1245
1036 1097
1036 1175
1037 1078
1037 1176
1038 1071
1038 1209
1038 1051
1039 1059
1039 1183
1040 1179
1040 1213
1041 1063
1042 1094
1042 1145
1042 1243
1042 1085
1043 1089
1043 1158
1043 1136
1043 1242
1044 1106
1045 1152
1045 1218
1046 1121
1046 1135
1047 1184
1048 1198
1050 1232
1050 1242
1051 1228
1052 1151
1052 1071
1053 1124
1053 1108
1054 1077
1055 1106
1055 1140
1056 1059
1057 1171
1058 1145
1059 1132
1059 1228
1060 1070
1061 1235
1063 1091
1064 1244
1066 1163
1066 1235
1067 1187
1067 1104
1067 1237
1068 1159
1068 1149
1068 1182
1069 1186
1069 1246
1070 1185
1071 1158
1072 1130
1072 1203
1072 1236
1075 1202
1077 1249
1077 1186
1078 1188
1080 1173
1080 1237
1081 1239
1082 1097
1082 1134
1083 1116
1083 1087
1084 1161
1084 1187
1085 1089
1085 1221
1085 1233
1087 1227
1087 1210
1088 1201
1088 1119
1089 1208
1091 1097
1092 1120
1093 1233
1093 1172
1093 1209
1094 1216
1094 1140
1096 1154
1096 1176
1096 1247
1097 1215
1098 1182
1099 1135
1099 1150
1100 1112
1101 1107
1102 1103
1102 1206
1103 1186
1103 1135
1103 1182
1105 1132
1105 1241
1105 1208
1109 1127
1109 1181
1110 1132
1110 1242
1111 1211
1111 1214
1113 1142
1113 1209
1113 1183
1115 1219
1115 1222
1115 1207
1115 1241
1115 1135
1116 1227
1116 1133
1117 1248
1117 1220
1117 1158
1117 1148
1117 1242
1118 1133
1121 1131
1121 1173
1124 1153
1124 1198
1124 1146
1126 1218
1126 1131
1127 1152
1127 1182
1129 1221
1130 1202
1131 1210
1132 1226
1134 1203
1135 1152
1135 1173
1135 1245
1136 1158
1138 1151
1139 1229
1139 1179
1140 1239
1141 1187
1141 1245
1142 1247
1144 1235
1144 1237
1145 1169
1147 1159
1147 1167
1148 1214
1148 1191
1149 1248
1152 1203
1155 1222
1156 1233
1156 1239
1156 1208
1157 1218
1157 1197
1157 1214
1158 1225
1158 1172
1159 1224
1161 1189
1161 1197
1161 1171
1161 1193
1162 1202
1165 1183
1166 1168
1171 1231
1171 1214
1172 1193
1174 1233
1174 1208
1175 1184
1175 1236
1176 1223
1179 1222
1181 1202
1185 1227
1186 1194
1188 1203
1189 1217
1189 1220
1189 1230
1194 1234
1205 1236
1221 1224
1225 1244
1230 1231
1235 1241
