0 168
0 429
0 1006
0 785
0 50
0 186
1 1200
1 918
1 300
1 525
1 239
1 848
1 118
1 1143
1 719
1 991
2 578
2 139
2 398
2 593
2 504
2 506
2 1119
3 261
3 1063
3 1096
3 711
3 40
3 308
3 406
3 471
3 889
3 1020
3 701
3 447
4 258
4 805
4 394
4 972
4 45
4 178
4 1107
4 766
4 1117
4 222
5 480
5 118
5 230
5 745
5 266
5 55
5 905
5 177
5 853
5 950
5 521
5 682
6 736
6 1121
6 420
6 293
6 1073
6 1000
6 875
6 812
6 72
6 594
6 936
6 536
7 577
7 1221
7 588
7 746
7 332
7 976
7 1203
7 601
7 124
8 193
8 1186
8 1061
8 556
8 1234
8 373
8 502
8 282
8 150
8 351
9 834
9 677
9 1159
9 509
9 623
9 271
9 306
9 1178
9 795
9 285
10 386
10 67
10 1129
10 336
10 628
10 116
11 1242
11 535
11 1086
11 399
12 704
12 225
12 386
12 515
12 1192
12 335
12 1066
12 267
12 1132
12 845
12 141
12 240
12 753
12 1010
12 1171
12 918
12 383
12 220
12 639
13 105
13 1199
13 241
13 146
13 1011
13 981
13 923
13 860
13 318
14 555
14 484
14 453
14 423
14 648
14 1129
14 935
14 464
14 949
14 406
14 1175
14 68
14 252
15 224
15 394
15 1227
15 1199
15 981
15 598
15 1175
16 514
16 357
16 81
16 583
16 1097
16 258
16 589
16 433
16 51
16 767
17 513
17 163
17 939
17 332
17 191
17 286
17 831
18 187
18 260
18 392
18 1008
18 946
18 347
18 1055
19 898
19 867
19 72
19 493
19 1008
19 1138
19 157
20 706
20 732
20 560
20 979
20 1014
20 1239
20 889
20 380
20 766
21 65
21 891
21 868
21 1142
21 1161
21 458
21 1067
21 532
21 479
21 954
21 251
21 410
21 1246
21 351
22 1025
22 1061
22 108
22 824
22 563
22 820
22 949
22 695
22 760
22 446
23 1152
23 195
23 1188
23 135
23 299
23 466
23 914
23 83
23 1237
23 635
23 414
23 127
24 128
24 1123
24 719
24 624
24 629
24 1150
25 292
25 44
25 971
25 812
25 498
25 1010
25 984
25 218
25 253
25 382
26 162
26 515
26 75
26 1011
26 823
26 856
26 954
26 891
26 668
26 1085
27 579
27 998
27 329
27 971
27 307
27 246
27 504
27 729
27 154
27 635
28 194
28 965
28 230
28 74
28 491
28 780
28 220
28 1034
28 447
29 481
29 611
29 1158
29 1194
29 433
29 311
29 1080
29 474
29 797
30 1024
30 1026
30 35
30 1037
30 206
30 1010
30 595
30 853
30 1048
30 1045
30 62
30 543
31 1153
31 421
31 938
31 213
31 1046
31 727
31 249
31 698
31 763
31 924
31 1050
31 1189
32 644
32 455
32 712
32 491
32 1224
32 339
32 84
32 676
32 122
33 227
33 1220
33 572
33 266
33 1163
33 493
33 1203
33 150
33 314
33 699
33 700
34 289
34 674
34 1187
34 1222
34 1160
34 275
34 42
34 523
34 204
34 559
34 1096
34 274
34 435
34 86
34 151
34 1119
35 80
35 550
35 1223
35 1104
35 277
35 825
35 1112
35 377
36 738
36 1187
36 390
36 591
36 465
36 505
36 47
36 796
37 995
37 1092
37 1064
37 556
37 590
37 1171
37 1205
37 708
37 59
38 1248
38 288
38 450
38 67
38 231
38 85
38 54
39 895
39 453
39 359
39 551
39 1170
39 910
39 529
39 818
39 475
39 1023
40 1184
40 705
40 900
40 263
40 647
40 876
40 910
40 1136
40 764
41 1189
41 713
41 715
41 205
41 111
41 1197
41 1106
41 51
41 286
41 217
41 47
41 476
41 734
41 805
42 161
42 226
42 871
42 551
42 1195
42 142
42 534
42 506
43 748
43 1165
43 941
43 465
43 755
43 468
43 309
43 1140
43 380
43 894
44 1153
44 321
44 1192
44 108
44 787
44 148
44 853
45 710
45 936
45 468
45 697
45 220
45 638
46 232
46 275
46 236
46 625
46 1107
46 759
46 698
46 379
47 611
47 389
47 363
47 812
47 1039
47 214
47 319
47 182
47 831
48 1187
48 828
48 326
48 1063
48 252
48 401
48 419
48 827
48 1084
48 543
49 992
49 997
49 679
49 1234
49 499
49 628
49 598
49 830
50 706
50 707
50 167
50 427
50 175
50 1105
50 981
50 858
50 826
51 643
51 652
51 1174
51 444
52 64
52 962
52 934
52 1098
52 468
52 506
52 254
53 841
53 1084
53 281
54 433
54 953
54 468
54 383
55 514
55 173
55 782
55 1053
55 150
55 538
55 1085
56 579
56 773
56 746
56 637
56 528
56 792
56 500
56 245
56 87
56 1080
56 317
57 960
57 672
57 1155
57 1221
57 137
57 106
57 813
57 1043
57 983
58 1249
58 98
58 995
58 550
58 199
58 1132
58 1154
58 718
58 1231
58 786
58 885
58 535
58 281
59 98
59 580
59 145
59 810
59 1104
59 1169
59 373
59 537
60 515
60 527
60 468
60 1046
60 1208
60 924
61 960
61 714
61 332
61 366
61 1072
61 339
61 184
61 1086
61 1151
62 1221
62 111
62 976
62 180
62 885
62 1143
62 824
62 828
63 288
63 401
63 711
63 844
63 1102
63 529
63 598
63 1050
64 322
64 515
64 323
64 846
64 977
64 562
64 83
64 835
64 635
64 1183
65 480
65 357
65 1098
65 845
65 431
65 657
65 946
65 917
65 957
65 1055
66 512
66 148
66 1173
66 919
66 377
66 828
66 445
66 1022
67 640
67 930
67 805
67 552
67 104
67 74
67 336
67 849
67 1043
67 790
67 1082
67 511
68 1028
68 293
68 1096
68 812
68 844
68 429
68 1071
68 309
68 792
68 666
68 542
69 131
69 103
69 551
69 679
69 275
69 884
69 917
70 696
70 353
70 130
70 93
70 521
71 705
71 837
71 465
71 717
71 559
71 817
71 449
71 1110
71 733
71 862
71 95
72 1088
72 545
72 1122
72 1195
72 868
72 643
72 993
72 715
72 224
72 465
72 722
72 1204
72 376
72 1031
72 1246
73 962
73 809
73 684
73 162
73 623
73 849
73 886
73 823
73 634
73 606
74 148
74 996
74 774
74 939
74 589
74 580
74 882
74 115
74 372
74 889
75 235
75 267
75 150
75 345
75 1245
75 1150
76 1057
76 996
76 294
76 846
76 533
76 349
76 1214
76 757
77 864
77 451
77 292
77 807
77 845
77 1230
77 432
77 754
77 565
78 642
78 102
78 873
78 114
78 1075
78 506
78 222
79 961
79 324
79 236
79 367
79 597
79 964
79 1085
80 587
80 675
80 938
80 171
80 973
80 539
80 764
81 160
81 293
81 457
81 555
81 784
81 824
81 565
81 1144
81 1210
81 638
82 1090
82 587
82 101
82 870
82 743
82 1032
82 535
82 939
82 146
82 680
82 370
82 151
82 186
82 869
83 960
83 498
83 850
83 569
83 922
83 799
84 162
84 1139
84 211
84 1027
84 750
84 595
84 1044
84 663
84 409
84 543
85 549
85 339
85 813
85 1007
85 304
85 1169
85 1011
85 539
86 675
86 836
86 263
86 841
86 682
86 1133
86 149
87 609
87 866
87 1062
87 1162
87 204
87 685
87 815
87 505
87 1208
87 825
87 634
87 510
88 1120
88 1223
88 907
88 686
88 338
88 590
89 965
89 362
89 1071
89 784
89 1204
89 959
89 709
90 1157
90 807
90 1192
90 1039
90 816
90 243
90 1140
90 762
90 1203
90 572
90 221
90 734
91 833
91 1093
91 742
91 594
91 952
91 253
92 1068
92 877
92 1134
92 369
92 820
92 251
92 1119
93 258
93 1027
93 935
93 107
93 783
93 208
93 402
93 788
94 612
94 744
94 236
94 1069
94 943
94 1011
94 1111
95 129
95 1219
95 324
95 332
95 433
95 1144
95 755
95 436
95 886
95 1048
95 100
95 1215
96 704
96 422
96 968
96 234
96 317
96 337
96 278
96 170
96 1051
96 874
97 934
97 487
97 753
97 1139
97 1084
97 542
98 867
98 294
98 1223
98 632
98 492
98 593
98 981
98 216
99 608
99 1061
99 775
99 1020
99 882
99 468
99 311
99 404
99 442
99 924
100 641
100 549
100 812
100 653
100 722
100 948
100 731
101 544
101 1060
101 1036
101 462
101 1107
101 1013
101 441
101 309
102 160
102 262
102 168
102 1038
102 1071
102 720
102 1176
102 600
102 827
102 191
103 1219
103 804
103 271
103 1240
103 274
103 899
103 824
104 322
104 165
104 1161
104 1226
104 631
104 952
104 633
104 698
104 574
104 645
105 907
105 677
105 166
105 330
105 761
105 1196
105 877
105 402
105 569
105 121
106 976
106 674
106 611
106 422
106 270
106 464
106 985
106 707
106 500
106 439
106 729
107 1185
107 547
107 195
107 903
107 458
107 631
107 563
107 1203
107 247
108 358
108 649
108 1198
108 880
108 275
108 905
108 1146
109 672
109 747
109 712
109 567
109 367
109 278
109 1175
109 125
110 1216
110 258
110 644
110 124
110 1164
110 529
110 818
110 649
110 988
110 894
110 991
111 416
111 344
111 587
111 932
111 519
111 568
111 235
111 529
111 405
111 1176
111 216
112 769
112 898
112 779
112 268
112 370
112 308
112 670
113 612
113 166
113 333
113 246
113 984
113 603
113 1247
114 592
114 940
114 1054
114 638
115 1192
115 746
115 716
115 1167
115 790
115 1150
116 1248
116 545
116 195
116 485
116 907
116 1229
116 1199
116 1080
116 253
116 254
117 610
117 771
117 453
117 1127
117 500
117 472
117 766
118 873
118 170
118 720
118 1209
118 1215
119 641
119 902
119 175
119 531
119 1110
119 1241
119 991
120 737
120 1159
120 1244
120 810
120 215
120 1083
120 124
120 778
120 863
121 833
121 612
121 1130
121 144
121 1246
121 1111
121 601
121 634
121 414
122 344
122 962
122 1189
122 1222
122 366
122 1231
122 664
122 416
122 244
122 142
122 918
122 408
122 859
122 1180
123 1056
123 930
123 292
123 199
123 233
123 1236
123 918
123 1242
123 1051
123 508
123 957
123 543
124 481
124 1028
124 552
124 1002
124 203
124 1100
124 401
124 821
124 1241
124 686
125 822
125 581
125 938
125 779
125 620
125 718
125 1231
125 848
125 626
125 494
125 214
125 312
125 761
125 922
125 789
126 1184
126 1216
126 451
126 804
126 295
126 711
126 233
126 587
126 974
126 1041
126 660
126 856
126 1145
126 602
126 604
126 1117
126 222
127 1152
127 1185
127 737
127 1098
127 781
127 846
127 1009
127 884
127 1206
127 639
128 225
128 854
128 389
128 341
128 717
128 1043
128 148
128 149
128 790
128 901
128 986
128 764
128 766
128 1215
129 522
129 395
129 842
129 1163
129 1036
129 751
129 626
129 820
129 1206
129 986
129 1180
129 1053
130 168
130 377
130 1162
130 268
131 256
131 834
131 804
131 293
131 395
131 365
131 973
131 150
131 1048
131 1081
131 637
131 222
132 848
132 897
132 1106
132 883
132 569
133 705
133 1122
133 1065
133 942
133 1007
133 510
133 937
133 1049
133 826
133 158
134 483
134 810
134 1035
134 467
134 568
134 217
134 1020
135 1249
135 485
135 999
135 877
135 559
136 273
136 138
136 332
136 177
136 202
136 254
137 804
137 421
137 1030
137 508
137 1002
137 141
137 1108
137 1054
137 1110
137 601
137 1146
137 636
137 1018
137 446
138 1152
138 1089
138 642
138 1028
138 364
138 655
138 1169
138 661
138 765
139 763
139 932
139 394
139 235
139 1046
139 600
139 1179
140 321
140 290
140 1239
140 494
140 467
140 889
140 472
140 505
140 347
141 1184
141 613
141 232
141 695
141 1132
141 372
141 1097
141 567
141 404
141 378
141 666
142 480
142 865
142 677
142 146
142 969
142 651
142 236
142 1133
142 302
142 626
142 467
142 1108
142 1141
142 377
142 895
142 1183
142 1077
143 419
143 996
143 389
143 1066
143 1163
143 613
143 829
143 923
143 340
143 1112
143 154
143 298
143 732
143 925
143 549
144 182
144 1033
144 685
144 1069
144 1201
144 467
144 917
144 918
144 879
144 221
145 261
145 166
145 202
145 716
145 749
145 1039
145 979
145 436
145 822
145 248
145 380
145 766
146 323
146 1029
146 326
146 648
146 1132
146 1199
146 755
146 724
146 853
146 474
146 446
146 511
147 841
147 653
147 237
147 403
147 440
147 1082
148 513
148 1191
148 904
148 1026
148 592
148 465
148 384
148 308
148 252
148 318
149 232
149 428
149 813
149 400
149 338
149 1240
149 606
149 319
150 1093
150 262
150 263
150 780
150 174
150 464
150 336
150 1118
150 314
150 766
151 448
151 576
151 195
151 903
151 1001
151 802
151 756
151 342
151 841
151 216
151 185
152 199
152 936
152 557
152 270
152 719
152 1044
152 1205
152 1142
152 735
153 263
153 328
153 587
153 593
153 469
153 1019
153 1021
154 374
154 1000
154 681
154 1035
154 878
154 912
154 210
154 982
154 1050
155 1158
155 558
155 911
155 1207
155 345
155 655
155 348
155 1246
156 720
156 584
156 1186
156 251
156 1246
157 680
157 398
157 1071
157 1105
157 595
157 1141
157 989
158 609
158 898
158 196
158 326
158 711
158 585
158 1063
158 685
158 334
158 1017
158 693
158 279
158 632
158 761
158 794
158 469
159 450
159 803
159 840
159 971
159 952
159 1140
159 661
159 790
159 215
159 1208
159 244
160 463
160 594
160 693
160 827
160 671
161 1088
161 484
161 615
161 423
161 403
161 1156
161 829
162 960
162 836
162 167
162 808
162 747
162 1170
162 271
162 402
162 725
162 1238
162 180
162 700
162 383
163 1184
163 1097
163 523
163 1235
163 279
163 1148
164 289
164 902
164 295
164 282
164 346
164 383
165 1216
165 355
165 676
165 1061
165 615
165 461
165 629
165 600
165 665
165 414
166 992
166 1008
166 1094
166 554
166 364
166 399
166 368
166 466
166 853
166 841
166 1149
167 547
167 520
167 265
167 843
167 429
167 238
167 1117
167 400
167 562
167 500
167 681
167 1178
167 1053
168 1158
168 875
168 1105
168 600
169 549
169 1000
169 298
169 1138
169 307
169 857
169 506
169 188
169 714
170 290
170 615
170 810
170 684
170 1134
170 313
170 603
171 321
171 644
171 267
171 306
171 852
171 185
172 192
172 769
172 290
172 485
172 618
172 875
172 879
172 1145
172 1113
173 1093
173 1182
174 1030
174 296
174 1010
174 824
174 506
174 1055
175 1186
175 517
175 1233
175 953
175 252
175 254
175 767
176 1090
176 551
176 779
176 718
176 208
176 350
177 608
177 1025
177 995
177 676
177 1031
177 1033
177 275
177 600
177 379
177 957
177 990
178 672
178 481
178 963
178 422
178 353
178 652
178 310
178 286
179 486
179 583
179 622
179 597
179 183
179 793
179 635
179 862
180 192
180 1153
180 263
180 843
180 237
181 260
181 1000
181 713
181 523
181 399
181 438
181 506
181 475
181 412
181 1213
182 835
182 519
182 1004
182 890
182 879
182 1149
183 385
183 758
183 614
183 776
183 234
183 811
183 1197
183 1102
183 574
183 886
183 666
183 1098
183 606
183 831
184 1194
184 270
184 1138
184 788
184 379
184 638
185 801
185 270
185 815
185 1107
185 910
185 438
186 642
186 677
186 535
186 599
186 427
186 621
186 274
186 594
186 663
186 1049
187 868
187 807
187 782
187 1103
187 854
187 767
188 753
188 488
188 715
188 1073
188 949
188 937
188 799
189 488
189 1027
189 828
189 917
190 320
190 503
190 235
190 688
190 439
190 473
191 1024
191 641
191 835
191 1189
191 328
191 703
192 625
192 748
192 695
193 1191
193 295
193 1064
193 569
193 633
194 1121
194 566
194 554
194 555
194 1042
194 624
194 402
194 1173
194 886
194 1082
194 570
195 449
195 262
195 647
195 873
195 588
195 752
195 530
195 1178
195 731
195 701
195 620
196 898
196 1238
196 934
196 969
196 397
196 366
196 690
196 630
196 1129
196 553
196 411
197 672
197 996
197 421
197 1244
197 1162
197 300
197 882
197 444
198 707
198 1221
198 522
198 331
198 941
198 626
198 472
198 506
198 348
198 946
199 201
199 208
199 755
199 344
199 1055
200 422
201 929
201 964
201 299
201 525
201 654
201 765
201 639
202 709
202 1033
202 491
202 754
202 1140
202 1013
202 756
202 991
202 1215
203 1186
203 1091
203 517
203 806
203 841
203 753
203 508
203 244
203 1237
203 233
203 317
204 549
204 262
204 402
204 212
204 635
204 222
205 320
205 1128
205 715
205 404
205 759
205 989
206 485
206 812
206 658
206 820
206 757
206 566
206 700
206 255
207 932
207 332
207 882
207 468
207 350
207 436
207 251
207 734
207 575
208 1184
208 289
208 931
208 1193
208 1159
208 332
208 846
208 975
208 499
208 373
208 822
208 1239
208 952
209 956
209 1218
209 1068
210 963
210 1158
210 618
210 279
210 312
210 764
211 675
211 910
211 1171
211 285
211 223
212 928
212 323
212 359
212 552
212 714
212 660
212 1014
212 634
212 700
212 702
213 418
213 845
213 526
213 1202
213 1075
213 670
213 478
214 483
214 486
214 252
214 299
214 428
214 528
214 1201
214 466
214 694
214 283
214 476
215 356
215 421
215 678
215 297
215 874
215 646
215 240
215 758
215 1028
215 571
216 1223
216 425
216 1127
216 1198
216 1136
216 822
216 793
216 1212
216 253
217 449
217 354
217 782
217 1234
217 889
217 1241
217 1082
217 541
218 1160
218 651
218 1068
218 690
218 720
218 978
218 660
218 344
218 505
218 1116
218 1150
219 961
219 291
219 1007
219 319
220 324
220 1128
220 917
220 889
220 1180
221 1061
221 1129
221 305
221 1106
221 1046
221 375
221 889
221 506
222 290
222 1062
222 968
222 653
222 691
222 1045
222 598
222 472
222 697
222 1019
222 885
223 581
223 399
223 532
223 1078
223 440
223 987
224 902
224 369
224 273
224 660
224 1078
224 1199
224 637
225 1187
225 548
225 1053
226 257
226 324
226 646
226 680
226 1065
226 1140
226 918
226 585
226 858
226 252
227 1220
227 261
227 961
227 427
227 652
227 1103
227 1072
227 785
227 540
227 383
228 292
228 486
228 903
228 1003
228 1196
228 1010
228 243
228 922
229 833
229 804
229 869
229 298
229 688
229 891
229 1029
230 867
230 356
230 692
230 918
230 1046
230 347
231 864
231 1154
231 290
231 1074
231 644
231 1189
231 1007
231 501
231 274
231 687
231 432
231 882
231 405
231 1177
231 1147
231 1040
232 449
232 258
232 903
232 873
232 679
232 1026
232 273
232 722
232 595
232 852
232 950
232 300
232 760
232 1114
232 669
232 799
233 545
233 579
233 996
233 581
233 998
233 1223
233 296
233 1138
233 309
233 988
234 827
234 657
234 1070
234 689
234 1247
234 575
235 1026
235 624
235 401
235 698
235 731
235 830
236 260
236 1222
236 903
236 1128
236 265
236 778
236 560
236 408
236 462
236 442
237 257
237 610
237 1003
237 557
237 911
238 353
238 771
238 844
238 339
238 908
238 1165
238 782
238 365
238 307
238 470
238 959
238 828
238 1022
238 511
239 1216
239 292
239 1221
239 456
239 778
239 1227
239 882
239 720
239 786
239 281
240 356
240 552
240 1003
240 1182
241 1186
241 259
241 901
241 1159
241 808
241 602
241 891
241 734
242 992
242 869
242 1042
242 1071
242 1233
242 530
242 724
242 951
242 856
242 923
242 607
243 1249
243 1222
243 1066
243 716
243 305
243 531
243 949
243 859
244 1249
244 1154
244 654
244 373
244 920
245 1196
245 462
245 303
245 592
245 341
245 758
245 924
245 669
245 725
246 704
246 1152
246 1009
246 1121
246 454
246 289
246 903
246 909
246 783
246 821
247 322
247 433
247 1192
247 362
247 711
247 465
247 1077
247 313
247 472
247 657
248 608
248 450
248 836
248 422
248 559
248 885
248 1207
248 862
249 546
249 772
249 1223
249 265
249 1026
249 1167
249 287
249 788
249 408
249 1115
250 1226
250 1229
250 686
250 519
251 257
251 386
251 924
251 331
251 1200
252 1154
252 674
252 407
252 697
253 795
253 996
253 325
253 710
253 460
253 1074
253 1038
253 1170
253 562
253 1016
253 476
254 808
254 1101
254 504
254 954
254 956
254 1021
255 929
255 580
255 1062
255 577
255 362
255 263
255 1053
255 822
255 408
255 349
256 1188
256 389
256 1193
256 746
256 430
256 560
256 1010
256 915
256 755
256 900
256 851
256 795
257 992
257 673
257 1122
257 935
257 527
257 1079
257 734
258 866
258 603
258 1095
258 1196
258 571
258 1086
259 1217
259 933
259 1191
259 936
259 999
259 525
259 321
259 879
259 840
259 1144
259 890
259 828
260 736
260 865
260 771
260 804
260 421
260 839
260 621
260 1246
260 721
260 708
260 830
260 1247
261 993
261 295
261 619
261 750
261 483
261 883
261 413
261 1214
261 287
262 775
262 487
262 750
262 1137
262 535
262 689
262 762
262 764
263 1216
263 1072
263 322
263 901
263 1036
263 845
263 270
263 1071
263 752
263 264
263 757
263 309
263 517
264 398
264 1073
264 1173
264 566
264 1176
264 441
264 1210
264 1020
265 1152
265 360
265 906
265 503
265 987
265 1212
266 481
266 524
266 1164
266 494
266 1104
266 533
266 472
267 448
267 386
267 1065
267 468
267 1178
267 763
267 765
267 1246
267 1247
268 451
268 708
268 1047
268 496
268 739
268 663
268 1242
268 1114
268 447
269 673
269 997
269 1031
269 1200
269 369
269 1042
270 561
270 1056
270 931
270 548
270 1096
270 428
270 484
270 526
270 815
270 1040
270 337
270 1179
270 437
270 911
271 1120
271 513
271 805
271 1002
271 750
271 785
271 1150
272 1089
272 1091
272 388
272 336
272 947
272 1046
272 1244
272 733
273 1088
273 739
273 1159
273 395
273 845
273 1102
273 723
273 660
273 789
273 376
274 1009
274 1041
274 1006
274 561
274 707
274 756
274 661
274 1113
275 320
275 1154
275 808
275 1066
275 662
275 634
275 317
275 485
276 1058
276 612
276 1065
276 874
276 1122
276 981
276 826
276 763
276 349
277 1120
277 482
277 419
277 615
277 584
277 780
277 340
277 727
277 820
277 891
278 736
278 1192
278 689
278 788
279 336
279 996
279 774
279 906
279 493
279 430
279 528
279 308
279 917
279 1174
279 824
279 825
279 602
279 987
280 632
280 1010
280 851
280 596
280 439
280 760
280 347
280 1117
280 383
281 667
281 453
281 647
281 1166
281 445
281 1233
281 692
281 886
281 284
281 285
282 476
282 523
282 1231
282 944
282 600
282 956
282 285
283 545
283 520
283 605
283 1043
283 1141
283 727
283 986
283 1210
284 1185
284 866
284 1093
284 521
284 366
284 342
284 375
284 830
285 994
285 650
285 1199
285 976
285 463
285 988
285 362
286 776
286 1037
286 628
286 666
286 731
287 587
287 433
287 843
287 856
287 1009
287 1112
287 986
287 924
287 1150
288 485
288 1000
288 653
288 335
289 352
289 752
289 546
289 356
289 1046
289 650
289 881
289 478
289 1015
289 344
289 698
289 1150
289 479
290 1122
290 1028
290 565
290 531
290 1118
290 1238
290 1145
290 757
291 329
291 944
291 337
291 370
291 1014
291 664
291 345
291 954
292 897
292 386
292 923
292 804
292 775
292 1227
292 593
292 625
292 1191
292 980
292 982
292 728
292 1114
292 1210
292 1135
293 734
293 645
293 1128
293 1035
293 1137
293 755
293 446
293 414
293 986
293 382
293 447
294 674
294 332
294 490
294 397
294 915
294 763
294 733
295 387
295 614
295 737
295 490
295 492
295 564
295 664
296 769
296 1058
296 515
296 1126
296 710
296 1067
296 909
296 304
296 756
296 1173
296 585
296 824
296 569
296 894
297 1060
297 465
297 331
297 1009
297 758
297 798
298 514
298 747
298 631
298 472
299 1153
299 945
299 611
299 903
299 776
299 810
299 1031
299 1041
299 755
300 644
300 934
300 616
300 590
300 1176
300 1051
301 576
301 546
301 1062
301 966
301 816
301 503
301 984
301 1081
301 1180
301 831
302 1121
302 962
302 419
302 787
302 342
302 766
303 523
303 842
303 843
303 1188
304 901
304 753
304 744
304 745
304 528
304 532
304 756
304 1174
304 1209
304 767
304 351
305 327
305 679
305 627
305 580
305 639
306 741
306 727
306 883
306 949
306 311
307 1057
307 457
307 684
307 518
307 777
307 748
307 1103
307 1112
307 719
308 617
308 966
308 497
308 1084
308 337
308 826
308 1180
308 445
308 319
309 777
309 527
309 662
309 795
309 929
309 809
309 567
309 701
309 447
309 709
309 843
309 719
309 1115
309 363
309 880
309 639
309 383
310 805
310 935
310 713
310 662
310 1040
310 690
310 467
310 885
310 982
310 1047
310 347
311 773
311 392
311 460
311 814
311 785
311 467
311 598
311 1079
311 345
311 319
312 739
312 1195
312 854
312 439
312 414
313 356
313 944
313 950
313 794
314 998
314 940
314 1004
314 1007
314 1168
314 881
314 1012
314 926
314 1014
314 335
314 989
314 702
315 864
315 901
315 486
315 616
315 1034
315 400
315 631
315 1146
315 542
315 869
316 1090
316 939
316 564
316 973
317 392
317 1001
317 1003
317 664
317 500
317 374
318 480
318 425
318 1193
318 746
318 467
318 1173
318 409
318 665
318 1052
318 479
319 898
319 343
319 879
319 1067
319 595
319 411
319 1085
319 799
320 1122
320 1139
320 911
320 325
320 1231
320 1039
320 1083
320 1170
320 827
320 894
321 384
321 1228
321 658
321 1179
321 799
322 968
322 809
322 1239
322 1069
322 563
322 1142
323 1120
323 771
323 417
323 905
323 1075
323 700
323 1181
324 1249
324 515
324 572
324 972
324 1040
324 818
324 537
325 449
325 388
325 1052
325 685
325 849
325 820
325 452
325 476
326 1234
326 1180
326 1066
326 940
326 557
326 469
326 924
326 607
327 801
327 553
327 1099
327 1112
327 699
328 674
328 804
328 806
328 359
328 1193
328 1067
328 462
328 784
328 1041
328 819
328 1013
328 342
328 471
328 721
329 800
329 706
329 475
329 934
329 1163
329 1231
329 861
330 1040
330 740
330 358
330 1132
330 493
330 752
330 758
330 964
330 1247
331 740
331 970
331 690
331 1075
331 599
331 669
332 1249
332 868
332 904
332 490
332 1132
332 1050
332 757
332 600
332 989
333 816
333 1158
333 1098
333 396
333 526
333 560
334 929
334 395
334 647
334 555
334 620
334 817
334 1249
335 769
335 1191
335 1000
335 1228
335 783
335 616
335 754
335 821
335 369
336 912
336 996
336 1094
336 552
336 1001
336 649
336 1145
336 473
337 866
337 1124
337 463
337 338
337 696
337 1242
337 635
337 348
338 1075
338 985
338 604
339 833
339 804
339 1158
339 529
339 821
339 567
339 409
340 355
340 550
340 979
340 788
340 437
340 348
341 769
341 610
341 1028
341 965
341 1165
341 345
341 921
341 581
342 1220
342 535
342 492
342 1170
342 463
342 752
342 1042
342 436
343 588
343 818
343 1141
343 406
343 504
343 345
343 893
343 629
344 954
344 824
344 821
344 568
344 1215
344 1240
344 957
344 1183
345 363
345 908
345 1166
345 1214
345 981
346 450
346 424
346 777
346 692
346 757
346 828
347 736
347 1124
347 742
347 620
347 559
347 373
347 855
347 732
347 1245
347 1109
348 544
348 737
348 422
348 897
348 1224
348 686
348 661
348 1047
348 1094
349 642
349 707
349 677
349 1094
349 357
349 780
349 880
349 499
349 724
349 1175
349 741
350 448
350 1121
350 837
350 1161
350 956
350 861
350 755
350 700
350 541
351 1136
351 1094
351 1066
351 430
351 403
351 664
352 1058
352 963
352 905
352 778
352 1067
352 939
352 623
353 963
353 1094
353 895
354 486
354 742
354 1195
354 1132
354 494
354 975
354 1011
354 826
354 623
354 719
355 673
355 775
355 530
355 754
355 1079
355 952
355 1244
356 809
356 567
356 1009
356 731
357 867
357 1038
357 1073
357 1240
358 770
358 427
358 1158
358 679
358 968
358 1223
358 559
358 808
358 659
358 476
358 894
358 959
359 513
359 1188
359 974
359 497
359 788
359 1111
360 771
360 1179
360 485
361 1088
361 522
361 1133
361 881
361 1011
361 853
361 572
361 1213
362 449
362 1190
362 999
362 1127
362 1215
362 754
362 1203
362 661
362 731
362 700
362 1149
362 862
362 479
363 647
363 936
363 971
363 1200
363 1169
363 370
363 601
363 1049
364 1218
364 1188
364 966
364 424
364 969
364 1071
364 612
364 540
364 669
365 1184
365 741
365 1063
365 680
365 976
365 791
365 572
365 989
365 1247
366 650
366 682
366 973
366 536
366 636
367 737
367 714
367 747
368 1248
368 997
368 391
368 744
368 915
368 949
368 1174
368 567
368 888
369 640
369 1078
369 678
369 394
369 563
369 1139
369 534
369 1081
369 957
370 1061
370 505
370 1242
370 667
370 924
370 826
371 865
371 459
371 1035
371 849
371 531
371 757
371 695
371 825
371 637
372 1192
372 1132
372 395
372 588
372 850
372 563
372 821
372 598
372 722
372 473
372 938
373 741
373 1005
373 1037
373 435
373 855
373 1150
374 611
374 773
374 681
374 1132
374 765
374 451
374 567
375 519
375 680
375 587
375 909
375 400
375 568
375 474
376 690
376 812
376 1077
377 964
377 497
377 776
377 457
377 656
377 849
377 1205
377 1015
377 987
377 1085
377 1087
378 1222
378 455
378 936
378 785
378 1074
378 1210
379 454
379 429
380 747
380 387
380 655
380 1059
380 835
380 1148
380 1150
381 1144
381 777
381 603
381 915
381 966
382 1065
382 399
382 656
382 873
382 1146
382 669
382 1182
383 512
383 1126
383 1149
383 1202
383 1017
383 1021
383 639
384 837
384 968
384 1195
384 1169
384 499
384 691
384 411
384 412
384 709
385 1027
385 1131
385 621
385 504
385 499
385 792
386 834
386 1164
386 1039
386 981
386 1053
387 1088
387 1249
387 1058
387 519
387 583
387 851
387 1210
387 778
387 830
388 976
388 737
388 1193
388 524
388 754
388 793
388 1213
389 1072
389 681
389 684
389 880
389 820
389 757
389 521
389 752
390 1219
390 1061
390 717
390 1040
390 531
390 660
390 789
390 859
391 897
391 997
391 519
391 489
391 689
391 1138
391 852
391 857
391 1236
391 1051
391 752
391 990
392 1058
392 1099
392 1068
392 622
392 498
392 1106
392 1211
392 1020
393 482
393 1162
393 396
393 1178
393 506
393 650
394 867
394 1073
394 839
394 776
394 590
394 850
394 974
394 951
394 1019
395 1160
395 434
395 887
396 486
396 1000
396 504
396 1181
397 809
397 951
397 713
397 639
398 706
398 1095
398 1001
398 846
398 693
399 1097
399 652
399 846
399 1014
399 553
399 1178
399 1151
400 631
400 462
400 431
400 408
400 794
400 443
401 656
401 1010
401 563
401 439
402 736
402 1121
402 989
402 769
402 810
402 946
402 1139
402 918
402 637
403 487
403 1228
403 1012
403 577
403 1083
404 708
404 421
404 1039
404 528
404 470
405 807
405 715
405 429
405 878
405 1233
405 562
405 1044
405 725
405 1142
405 440
405 980
406 800
406 673
406 963
406 644
406 614
406 1170
406 1236
406 473
407 929
407 580
407 741
407 744
407 1068
407 1236
407 892
408 1033
408 1226
408 810
408 1197
408 503
408 633
408 700
408 746
409 672
409 1105
409 1046
409 1079
409 1208
410 872
410 812
410 1102
410 412
410 1151
411 803
411 1096
411 425
411 875
411 908
411 628
411 574
411 1227
411 985
411 798
412 1028
412 1029
412 1043
412 439
412 1069
412 942
412 1075
412 713
412 574
412 585
412 843
412 846
412 857
412 730
412 866
412 746
412 885
412 760
412 638
413 1184
413 745
413 1130
413 1207
413 1145
413 442
413 574
414 1056
414 898
414 646
414 710
414 522
414 812
414 825
414 1072
414 497
414 1106
415 865
415 507
415 645
415 966
415 1231
415 1240
415 857
415 858
415 1051
415 445
416 833
416 1122
416 1186
416 1065
416 940
416 754
416 818
416 1001
416 1145
417 1227
417 1140
417 503
417 1020
417 1214
417 959
418 771
418 532
418 757
418 758
419 1190
419 1107
419 596
419 1175
419 635
419 1054
420 609
420 482
420 906
420 546
420 525
420 1234
420 756
420 470
420 1204
420 554
421 616
421 1108
422 849
422 1194
422 504
422 437
422 1083
422 981
423 1056
423 1064
423 1067
423 791
423 476
424 676
424 456
424 490
424 590
424 1043
424 682
425 739
425 950
425 746
425 1022
425 1142
425 536
426 448
426 512
426 581
426 781
426 1197
426 1136
426 1075
426 1109
426 1238
426 763
427 1188
427 1073
427 1166
427 903
427 1004
427 1070
427 592
427 881
427 434
427 1109
427 1227
427 1240
427 761
427 698
427 575
428 544
428 706
428 1189
428 877
429 864
429 960
429 866
429 1015
429 479
430 712
430 1194
430 781
430 881
430 978
430 470
430 539
430 938
431 897
431 707
431 713
431 783
431 1180
431 951
431 539
431 604
431 765
432 482
432 1027
432 805
432 1230
432 818
432 436
432 1173
432 663
432 500
433 752
433 546
433 515
433 1130
433 1047
433 857
434 449
434 1212
434 910
434 975
434 1202
434 979
434 1244
435 993
435 518
435 554
435 1003
435 812
435 1199
435 1071
435 438
435 847
435 938
436 512
436 945
436 624
437 1026
437 613
437 1064
437 1129
437 876
437 1007
437 976
437 662
437 1044
437 958
438 588
438 460
438 1038
438 1137
438 1208
439 636
439 581
439 1084
439 852
439 441
439 765
440 706
440 836
440 1031
440 777
440 1067
440 1166
440 943
440 669
441 704
441 514
441 1042
442 862
442 1207
443 1115
443 1077
443 527
444 1226
444 1227
444 688
444 886
444 983
444 537
445 993
445 1218
445 616
445 1228
445 625
445 983
445 669
446 1024
446 961
446 1122
446 1032
446 848
446 830
446 982
446 1246
446 895
447 611
447 806
447 1227
447 1181
447 661
448 780
448 1038
448 753
448 634
448 1212
449 961
449 996
449 865
449 845
449 719
449 787
449 1106
449 505
449 1242
449 1086
449 511
450 641
450 931
450 676
450 775
450 776
450 777
450 715
450 911
450 823
450 858
450 1150
451 610
451 635
451 932
451 903
451 937
451 1151
451 781
451 815
451 1232
451 753
451 846
451 1179
451 1245
451 959
452 593
452 466
452 1108
452 888
452 505
453 579
453 676
453 662
453 1161
453 906
453 1137
453 1013
453 790
453 489
453 981
454 929
454 715
454 784
454 785
454 946
454 1203
454 1209
454 1210
454 895
455 1211
456 618
456 780
456 942
456 530
456 662
456 1047
456 600
456 987
456 574
456 1087
457 741
457 678
457 970
457 1197
457 1049
457 958
458 613
458 713
458 881
458 1106
458 987
459 962
459 1171
459 871
459 554
459 620
459 770
460 802
460 968
460 842
460 783
460 632
460 793
460 767
461 898
461 1158
461 1224
461 1133
461 911
461 560
461 1000
461 697
462 675
462 972
462 847
462 510
463 1056
463 610
463 1123
463 616
463 1002
463 915
463 724
463 638
464 801
464 610
464 1069
464 469
464 539
464 1116
464 926
465 563
465 789
465 760
466 544
466 705
466 646
466 752
466 785
466 1047
466 794
466 860
466 895
467 1001
467 1004
467 476
467 911
467 745
467 956
467 761
467 540
467 925
468 837
468 972
468 557
468 1203
468 469
468 1197
468 1048
468 799
469 898
469 1000
469 910
469 1044
470 743
470 956
470 1119
471 706
471 773
471 589
471 718
471 1139
472 770
472 869
472 1064
472 745
472 1134
472 1048
472 665
473 1061
473 541
473 1125
474 1091
474 747
474 687
475 699
475 777
475 883
475 952
475 1211
476 546
476 1076
476 570
476 859
476 863
477 944
477 507
477 1095
478 1031
478 587
478 848
478 950
478 633
478 860
478 574
479 1090
479 1170
479 632
480 1221
480 1073
480 915
480 1070
481 518
481 682
481 905
481 1132
481 722
481 656
481 948
482 555
482 847
482 562
482 659
482 628
482 543
483 623
483 949
483 925
484 1057
484 738
484 1063
484 1100
484 792
484 1046
484 1129
484 1176
484 540
485 772
485 497
485 1111
486 998
486 583
486 588
486 1104
486 1011
487 1186
487 1036
487 1163
487 492
487 751
487 1013
487 1212
488 544
488 1219
488 1060
488 505
489 1160
489 854
489 534
489 671
490 942
490 1039
490 727
490 1084
491 1030
491 875
491 972
491 1008
491 627
491 1019
492 556
492 915
492 788
492 798
492 671
493 578
493 997
493 1039
493 1204
494 929
494 516
494 1061
494 524
494 1005
494 783
494 785
494 978
494 853
494 1110
494 920
494 1122
494 1023
495 968
495 1135
495 785
495 789
495 1078
495 863
495 511
496 1024
496 780
496 713
496 973
496 561
496 1086
496 639
497 1218
497 651
497 811
497 619
497 1171
497 634
498 864
498 1059
498 792
498 862
499 612
499 1162
499 686
499 1124
499 1018
499 987
500 1060
500 819
500 1014
500 607
500 565
501 522
501 943
501 1072
501 1140
501 858
501 506
502 601
502 636
503 1063
503 791
503 573
503 887
503 893
503 1150
504 672
504 1091
504 1093
504 871
504 521
504 1035
504 1072
504 627
504 854
504 888
504 1212
504 959
505 579
505 1060
505 1028
506 1154
507 1028
507 777
507 555
507 856
507 676
507 1242
508 710
508 711
508 968
508 1003
508 1143
508 1203
508 567
508 863
509 538
509 1238
510 801
510 585
510 785
510 1230
510 922
510 667
511 1057
511 802
511 877
511 656
511 633
511 834
511 1055
512 1090
512 1110
512 845
512 1142
512 799
512 1021
513 816
513 676
513 935
513 970
513 1040
513 855
513 568
513 635
513 861
514 1154
514 965
514 774
514 622
514 911
514 885
515 864
515 1186
515 1125
515 1135
515 625
515 855
515 921
516 1062
516 657
516 681
516 1194
516 848
516 1144
516 600
516 817
517 1079
517 1205
517 758
517 1111
517 1085
518 1159
518 523
518 694
518 999
518 795
518 1022
519 676
519 683
519 835
519 725
519 637
520 804
520 845
520 911
520 1177
521 1052
522 676
522 1161
522 695
522 908
522 945
522 853
523 673
523 962
523 646
523 656
523 819
523 604
523 1181
523 1125
524 928
524 545
524 588
524 918
524 890
524 1213
525 587
525 820
525 668
526 1217
526 1187
526 1126
526 774
526 636
526 1197
526 560
526 995
526 828
527 772
527 705
527 842
527 620
527 1231
527 1073
527 947
528 933
528 551
528 873
528 761
528 827
528 604
528 894
529 1193
529 1036
529 917
530 641
530 648
530 1246
531 578
531 731
531 1092
531 571
532 840
532 1098
532 985
532 1246
533 1249
533 1027
533 1156
533 619
533 1162
533 1111
533 573
534 674
534 1062
534 906
534 816
534 760
534 970
534 798
534 671
535 1025
535 609
535 819
535 887
535 926
536 899
536 1036
536 888
536 892
537 1217
537 968
537 906
537 1102
537 593
538 833
538 936
538 1164
538 1195
538 1068
538 751
538 1049
538 1210
538 700
539 1161
539 972
539 1078
539 567
539 783
539 988
539 1086
540 898
540 843
540 580
540 1157
540 937
540 1003
540 645
540 1138
540 894
540 574
540 671
541 1132
541 1037
542 770
542 1193
542 663
542 1048
542 732
542 637
542 1247
543 1097
543 971
543 787
543 1110
543 1113
544 1059
544 1229
544 818
545 706
545 586
545 1101
545 752
545 691
545 1047
545 1112
545 575
546 866
546 1201
546 720
546 946
546 1014
547 609
547 645
547 745
547 766
547 1023
548 1107
548 767
549 1027
549 582
549 652
549 758
550 705
550 584
550 1161
550 605
550 670
551 896
551 649
551 652
551 1167
551 1072
551 663
551 734
552 1121
552 706
552 806
552 614
552 815
553 1070
553 657
553 1204
553 821
553 1017
553 1199
553 574
554 611
554 1092
554 658
554 635
554 701
555 1121
555 644
555 609
555 974
555 775
555 562
555 1235
556 559
556 983
556 761
557 806
557 1096
557 1162
557 670
557 824
557 602
557 1086
558 945
558 709
558 881
558 648
558 620
558 654
558 797
558 912
558 1201
558 978
558 758
558 1213
558 569
558 573
558 862
559 590
559 1013
560 1124
560 838
560 1225
560 1007
560 663
561 896
561 646
561 1066
561 1131
561 1111
561 1023
562 836
562 749
562 1117
562 1242
562 636
562 831
563 879
563 665
563 1082
563 1244
564 1216
564 673
564 1165
564 1234
564 1115
564 1246
565 1121
565 1003
565 1135
565 849
565 1022
566 999
566 1132
566 1247
567 811
567 1102
567 981
567 888
567 858
567 1039
568 1204
568 1109
568 852
569 909
569 589
569 1179
569 668
570 995
570 1160
570 1167
570 760
570 574
571 1102
571 692
571 859
572 739
572 655
572 1143
572 761
572 1053
573 1122
573 988
573 590
573 600
573 633
573 698
573 1180
573 1181
574 1096
574 1194
574 822
574 824
574 735
575 640
575 1001
575 1034
575 1110
575 1103
575 958
576 864
576 811
576 1137
576 885
576 1179
577 1105
577 1042
577 1016
577 986
578 1163
578 1169
578 732
579 929
579 789
579 777
579 1242
580 769
580 796
580 711
580 745
580 1138
580 1145
580 1242
581 686
581 624
581 1106
581 1198
581 650
582 1218
582 1085
582 644
582 652
582 1101
582 750
582 605
582 756
582 1077
582 762
582 1021
583 704
583 942
583 1008
583 1105
583 1174
583 601
583 1082
584 611
584 712
584 878
584 1084
584 1150
585 802
585 1219
585 1132
585 876
585 1138
585 981
585 728
585 1086
586 933
586 1065
586 1108
586 981
586 1215
586 862
586 1055
587 678
587 989
587 911
587 1008
587 724
587 829
588 752
588 612
588 1153
588 1070
588 911
588 720
588 1245
588 1006
588 1213
589 870
589 1231
589 629
589 655
589 734
590 931
590 1102
590 990
591 992
591 1063
591 1046
591 888
591 1212
591 605
592 871
592 754
592 598
592 1210
592 863
593 1098
593 1218
593 1231
593 676
593 836
593 1092
594 614
594 1069
594 819
594 1204
594 1020
594 794
595 867
595 900
595 742
595 845
596 674
596 1128
596 1005
596 626
596 1012
596 890
596 1020
597 1025
597 967
597 1031
597 854
598 841
598 1003
598 1165
598 1230
598 1021
598 949
598 633
598 763
598 1117
599 928
599 1044
600 744
601 1057
601 771
601 676
601 1034
601 1012
601 759
602 1026
602 979
602 893
603 835
603 646
603 717
603 685
603 995
603 738
603 1115
604 987
604 1050
604 1019
605 728
605 825
605 699
606 964
606 934
606 650
606 664
607 1190
607 913
607 1078
607 1148
607 797
608 768
608 1226
608 1072
608 948
609 807
609 1119
610 611
610 923
610 925
611 1153
611 943
612 837
612 1162
612 1151
613 768
613 1030
613 878
613 786
613 827
613 686
614 866
614 936
614 1006
615 673
615 710
615 1000
615 845
615 712
615 662
616 911
616 1044
616 1214
617 1076
617 710
617 1047
618 1221
618 805
618 1195
618 1096
618 1215
619 883
619 929
620 853
620 1209
621 987
621 842
622 1186
622 835
622 1163
622 813
622 1009
622 698
622 764
622 671
623 931
623 774
623 654
623 751
623 756
623 1143
623 1117
623 1086
623 1151
624 802
624 713
624 846
624 1232
624 1183
625 999
625 756
625 1240
625 1049
625 1146
625 799
626 1223
626 841
626 820
627 1120
627 930
627 1030
627 874
627 653
627 819
627 661
627 1015
627 1114
628 1030
628 826
628 763
628 668
628 1002
629 736
629 1226
629 1104
630 850
630 812
630 743
631 832
631 716
631 951
632 1156
632 935
632 1042
632 1071
632 1234
632 1022
633 769
633 1003
633 912
634 672
634 736
634 996
634 801
634 1162
634 1068
634 685
634 827
635 1156
635 742
635 1238
636 1029
636 1203
636 981
637 869
637 934
637 1017
637 890
637 1245
638 800
638 1148
638 1101
638 1010
638 851
638 1174
638 1247
640 1090
640 804
640 965
640 905
640 682
640 1099
640 1132
640 1133
640 1039
640 1027
640 696
640 699
640 767
640 645
641 799
641 985
641 823
641 1070
641 1012
641 789
641 1144
641 868
641 1114
641 1119
641 1117
641 884
642 868
642 795
643 935
643 649
643 908
643 1010
644 929
644 834
644 790
644 1037
644 660
645 654
645 856
645 828
646 1217
646 647
646 714
646 1043
646 788
646 1177
647 1138
647 884
647 758
647 855
647 670
648 800
648 1136
648 1159
648 651
648 944
648 690
648 1240
649 736
649 993
649 1154
649 870
649 775
649 973
649 658
649 853
649 1143
649 792
649 839
650 1094
650 842
650 686
650 825
651 826
651 1080
651 858
652 1032
652 1193
652 786
652 1046
652 1054
653 896
653 1029
653 1224
653 883
653 1084
654 1159
654 1206
654 1050
655 704
655 944
655 976
655 1143
655 1209
655 666
656 1003
656 1019
657 1093
657 966
657 1006
657 728
658 1222
659 836
659 903
659 716
659 1069
659 949
659 886
659 1208
659 1209
660 801
660 874
660 1231
660 688
660 1012
660 1206
661 1098
661 943
661 688
661 1017
662 873
662 1072
663 937
663 970
663 1005
663 1049
663 1214
664 676
664 990
664 1051
665 969
665 1130
665 717
666 936
666 1100
666 821
666 730
666 991
667 1225
667 1195
667 791
667 1147
667 1119
668 896
668 936
668 1132
668 1234
668 1181
668 927
669 966
669 871
669 850
669 729
670 737
670 899
670 875
670 757
671 1241
671 1244
672 1232
672 873
672 976
672 1169
672 978
672 728
673 1057
673 1133
673 751
674 1130
674 1132
674 729
674 761
674 703
675 992
675 705
675 1155
675 1188
675 1158
675 968
675 745
675 1207
675 1106
675 884
675 949
675 695
675 760
675 735
675 1181
675 768
675 1205
676 897
676 1195
676 857
677 1164
677 946
678 1002
678 764
678 1194
679 742
679 1064
679 1049
679 831
680 992
681 1000
681 746
681 844
681 694
681 1208
681 773
682 1061
682 1126
682 1193
682 1067
682 1112
682 767
683 875
683 1039
683 1236
683 975
683 1244
684 1249
684 905
684 1100
684 1142
684 921
684 1213
685 770
685 1174
685 923
685 701
686 1179
687 786
687 1044
687 920
687 732
687 922
688 1093
688 1050
688 1115
688 989
688 735
689 1059
689 836
689 776
689 1031
689 1103
689 980
689 772
690 1077
690 932
690 735
691 1248
691 769
691 1186
691 1047
691 959
692 968
692 1035
692 985
693 1093
693 1002
693 1015
693 1211
693 861
694 1123
694 721
694 1108
694 920
694 991
694 1119
695 1057
695 1163
695 1081
695 863
696 739
696 823
696 1182
696 959
697 1131
697 907
697 1212
697 989
698 965
698 1240
698 1093
699 994
699 1125
699 715
699 1164
699 848
699 821
699 1240
699 763
699 860
700 1093
700 823
700 1050
701 1248
701 1173
701 1194
701 1165
701 1140
701 757
702 913
703 1017
703 714
703 854
704 906
704 984
704 856
704 751
705 802
705 1137
705 885
705 1239
706 1027
706 997
706 1137
706 1046
706 1087
707 1136
707 1204
707 766
707 735
708 1156
708 997
708 1128
708 938
708 1107
708 1174
708 792
708 955
708 1086
708 799
709 807
709 942
709 1083
709 821
710 1219
710 933
711 778
711 1047
712 760
712 745
712 875
712 1006
712 816
712 945
712 1080
712 802
713 996
713 934
713 809
713 874
713 883
713 788
713 989
714 898
714 1240
714 762
715 844
715 940
715 1132
715 920
715 1128
715 770
716 1123
716 1137
717 896
717 1228
717 1104
717 727
717 1213
718 833
718 836
718 1104
718 828
719 1056
719 740
719 1075
719 1064
720 1064
720 1001
720 1118
720 890
720 798
721 1216
721 1221
721 742
721 1064
721 1135
721 773
722 735
723 936
723 1214
723 1118
723 751
724 1028
724 877
724 1019
725 774
725 938
725 1149
725 1055
725 765
726 993
726 1219
726 938
726 1210
726 1181
726 926
727 871
727 1000
727 1182
727 1237
728 770
728 855
729 936
729 809
729 1195
729 782
729 1007
729 1002
729 778
729 1102
729 919
729 984
729 859
730 737
730 1064
730 751
730 915
730 1110
730 1119
731 1095
731 815
731 787
731 985
731 922
731 827
732 1217
732 1226
732 907
732 755
732 760
733 1064
733 883
733 823
734 962
734 867
734 932
734 1158
734 1041
734 1207
734 1176
735 1196
736 1026
736 1246
736 953
736 1022
737 968
737 754
737 788
737 1174
737 823
738 1037
738 883
738 758
738 857
738 952
738 767
738 831
739 1121
739 1123
739 938
739 1132
739 1076
740 1099
742 994
742 752
743 1232
743 758
743 1173
743 1113
744 746
744 783
744 1114
744 827
744 990
745 1117
745 1170
745 1208
745 804
745 923
745 831
746 1188
746 999
746 779
746 877
746 782
746 1072
746 1239
746 1019
747 1138
747 948
747 1044
747 987
747 1214
747 1055
748 866
748 998
748 846
748 945
748 1177
748 1179
749 848
749 1180
749 1194
750 907
750 1003
750 879
750 949
750 1050
751 1090
751 1053
751 883
752 1036
753 961
753 1158
753 906
753 941
753 829
754 1165
754 1140
754 1086
755 1221
755 868
755 1094
755 1013
756 1016
757 994
757 1187
757 765
757 1074
757 1012
758 932
758 872
758 909
758 794
758 1151
759 969
759 781
759 990
760 1014
760 814
760 762
760 1078
761 1200
761 779
761 957
762 820
763 898
763 1174
763 1112
764 835
764 910
764 849
764 1177
764 1082
765 1185
765 1063
765 918
765 878
765 945
765 809
765 1240
766 1236
766 919
766 953
767 877
767 855
767 956
768 922
768 890
769 1037
770 1038
770 1204
770 1046
771 1092
771 1009
772 1075
772 1061
773 1068
773 819
773 1246
774 992
774 1004
774 1075
774 916
774 1175
774 1084
775 1221
775 1038
775 911
775 948
776 1154
776 1163
776 1064
776 971
776 1021
777 1123
777 779
777 844
777 994
777 1101
777 1200
778 1133
778 1031
778 1036
778 941
778 913
778 915
778 825
778 1118
778 863
779 896
779 1207
779 923
780 880
780 1173
780 1126
780 949
780 1156
780 1210
780 1055
781 1154
781 934
782 958
783 1092
783 858
784 1166
784 1072
784 988
784 798
785 842
785 814
785 1162
785 789
786 1207
786 1013
786 823
786 890
786 1212
786 1085
787 1068
787 814
787 847
787 1047
788 974
788 1196
789 1156
789 840
789 899
789 1044
790 1163
791 1128
792 1158
792 1002
792 886
792 1220
793 864
793 805
793 1005
793 1072
793 978
793 1142
794 962
794 916
794 983
795 1152
795 1024
795 1090
795 942
795 911
796 1166
796 1040
796 1078
796 1111
796 956
797 1128
797 1069
797 1177
797 1114
797 1052
798 812
798 1095
798 1233
798 1014
799 1105
799 813
800 938
800 1132
800 1136
800 1054
801 1123
801 841
801 1194
801 978
801 849
801 1074
801 1204
801 956
802 880
802 1063
802 1067
802 1204
803 835
803 940
803 847
803 1022
803 831
804 1006
804 829
804 1168
804 1182
804 1210
804 1020
804 1085
805 1088
805 1078
806 1169
806 1231
806 922
806 1082
807 1015
808 929
808 909
808 858
808 1085
809 835
809 822
809 1240
809 1243
810 901
810 816
810 857
810 1066
811 874
811 1242
812 977
812 1147
812 862
813 1058
813 836
813 1065
813 1118
813 1231
814 1001
814 1098
814 887
815 832
815 1198
815 1123
815 951
816 1089
816 967
816 1178
817 1185
817 839
817 1071
817 822
817 1177
817 954
817 955
818 1248
818 1100
818 1005
818 882
818 910
819 1204
820 872
820 873
820 850
820 1209
820 1083
820 989
821 985
821 1179
821 863
822 901
822 1022
822 1077
823 1235
824 1186
824 1067
824 1218
824 1175
824 829
825 1205
825 1162
825 1247
826 1175
827 1026
827 1056
827 879
828 992
828 930
828 1100
828 1171
828 980
828 1049
828 1076
829 1076
829 1017
829 923
829 959
830 855
831 1220
831 876
831 1235
833 1147
833 1232
833 1044
834 905
834 946
834 1091
834 1208
834 889
834 1115
835 911
835 1109
836 1120
836 1075
836 1003
836 838
836 1067
836 1201
837 904
837 1098
837 850
837 893
838 1153
838 1075
838 918
839 1008
839 1209
840 896
840 1249
840 1218
841 1236
841 854
841 884
841 1149
842 901
843 902
843 1139
845 1075
845 874
845 968
847 871
847 1039
847 1236
848 894
848 1149
848 1208
848 868
848 1115
850 898
850 1037
850 1105
851 1140
852 1106
852 1101
852 1170
852 1085
853 1220
853 1158
853 1137
853 957
854 992
854 1122
854 1126
854 1162
854 989
855 992
856 1228
856 1073
856 1048
856 1119
857 1038
857 1039
857 1051
858 1220
858 1197
858 1000
858 927
859 1227
859 1125
859 1163
859 1040
860 1186
860 1162
860 920
861 1060
861 1029
861 903
861 906
861 1049
861 1114
862 1064
862 1065
862 976
862 1113
862 1182
863 1094
863 1194
863 1228
863 1105
863 1213
863 1119
864 865
864 1107
864 867
864 1190
864 1096
864 971
864 880
864 980
865 1062
866 1224
866 1097
866 956
866 944
866 1064
866 894
867 1141
867 1240
868 1056
868 1128
868 1206
869 896
870 1202
870 880
870 1049
870 889
870 925
871 1128
871 1001
871 1071
871 1234
871 990
871 1182
871 1087
872 1125
872 1094
872 945
872 1194
872 913
872 1018
873 1177
873 1019
873 957
874 1220
875 1164
875 1104
875 1107
876 1198
876 1167
877 1071
877 1113
878 1102
879 963
879 1193
879 978
879 1012
881 998
881 902
881 979
881 926
883 972
883 985
883 1087
884 996
884 1163
885 1225
885 1098
885 1245
885 1137
885 1021
886 1200
886 1246
887 1029
887 1168
887 1203
888 936
888 1067
888 913
888 983
889 1228
890 1091
890 1059
890 1052
891 897
891 1221
891 973
891 1206
892 1161
892 978
892 964
893 1026
893 1225
893 1132
893 1068
893 1041
894 1184
894 1067
894 1034
894 1202
894 953
895 1129
895 1036
896 937
896 1206
897 1155
897 959
897 970
897 1163
897 1087
899 926
899 1147
900 929
901 1206
901 1197
901 1044
902 1091
902 1230
904 1224
904 1066
904 976
904 981
904 1116
904 1085
905 1064
906 1193
907 1058
907 969
908 1044
908 1177
908 927
909 1049
909 1207
909 912
909 1044
909 1064
909 922
909 925
910 960
910 1199
910 979
910 1177
910 1149
910 1045
911 1045
912 933
912 1137
914 1108
914 1045
915 1160
915 1065
915 1209
916 1128
916 1106
916 1114
916 1180
917 932
917 1149
918 935
918 1108
918 1178
918 965
919 1148
920 1093
920 976
920 1237
920 1172
921 1092
921 1240
921 922
921 1083
921 1214
922 1203
922 1033
922 1042
922 1240
923 1023
924 1097
924 1230
925 1217
925 1058
925 1134
925 1166
927 1177
928 1175
928 1007
928 1084
929 1001
929 956
930 1076
930 1080
930 1053
931 933
931 999
931 942
932 1118
933 1129
933 1194
933 1175
934 947
934 1246
935 1063
935 1034
935 1240
935 1014
935 1054
936 1114
936 1243
937 1249
937 1125
938 1186
938 1008
938 1048
939 1101
939 1016
940 1154
941 1053
942 1158
942 995
942 1113
944 1028
945 1031
946 1228
946 1007
947 1229
947 1048
947 1211
948 1168
949 1152
949 1148
949 1150
950 961
950 1229
951 1199
952 1148
953 959
954 1126
955 1149
955 1182
956 1128
956 1236
956 1209
958 1242
959 1221
959 1010
959 980
959 1109
959 1151
960 1225
960 1035
960 1234
961 977
961 1187
961 1137
961 1176
962 1091
962 1003
962 1213
964 1168
964 1232
964 980
965 1033
965 1054
966 1012
967 1152
967 1218
967 1064
967 1114
967 1179
968 1092
968 1146
968 1150
969 1057
969 1081
970 1195
970 1188
970 1157
970 1133
970 984
971 1182
972 1079
972 1180
973 1058
973 1228
974 978
974 983
975 1190
975 1228
975 1197
976 1199
977 1089
977 1234
977 1111
978 1197
978 1168
979 1163
979 1074
980 1232
980 1050
980 989
981 1227
983 1134
984 1067
984 1092
984 1227
984 1197
984 1244
985 1166
985 1003
985 1209
985 1114
986 1131
986 1107
986 1054
987 1112
988 1154
988 1068
988 1033
988 1241
989 1073
990 1059
990 1008
990 1020
991 1026
991 1004
992 1237
993 1122
993 1095
994 1088
994 1061
994 1238
994 1018
995 1116
996 1243
996 1233
996 1123
997 1054
998 1021
999 1078
1000 1152
1000 1137
1001 1032
1001 1142
1002 1206
1003 1238
1003 1153
1003 1019
1003 1214
1004 1026
1004 1175
1004 1209
1004 1050
1006 1061
1006 1096
1006 1018
1006 1178
1008 1057
1008 1168
1008 1233
1009 1012
1009 1015
1010 1093
1010 1128
1011 1016
1012 1092
1013 1159
1013 1102
1013 1168
1013 1109
1014 1170
1014 1081
1014 1053
1015 1075
1015 1189
1015 1167
1015 1045
1015 1175
1016 1095
1016 1143
1016 1244
1017 1068
1017 1176
1017 1048
1018 1096
1018 1192
1018 1023
1019 1094
1019 1203
1019 1076
1019 1085
1020 1162
1020 1022
1021 1060
1022 1132
1022 1104
1022 1048
1023 1101
1024 1029
1024 1065
1024 1087
1024 1046
1025 1139
1025 1116
1025 1119
1029 1133
1029 1165
1029 1086
1030 1217
1030 1107
1030 1221
1032 1061
1032 1172
1035 1056
1035 1063
1035 1233
1037 1136
1037 1176
1038 1134
1038 1109
1038 1085
1039 1100
1040 1215
1041 1137
1041 1182
1042 1188
1042 1125
1042 1049
1044 1226
1045 1089
1045 1228
1045 1238
1046 1202
1046 1051
1047 1105
1048 1249
1048 1127
1049 1222
1049 1196
1049 1071
1050 1110
1051 1163
1054 1192
1054 1195
1054 1073
1054 1209
1055 1120
1055 1215
1056 1171
1057 1154
1057 1127
1057 1174
1057 1144
1058 1071
1058 1109
1060 1101
1060 1199
1060 1140
1060 1143
1060 1241
1061 1107
1061 1109
1061 1110
1063 1220
1064 1090
1065 1106
1066 1221
1066 1087
1067 1075
1068 1153
1069 1212
1070 1122
1070 1093
1070 1199
1072 1190
1073 1167
1074 1239
1074 1119
1075 1081
1075 1179
1075 1118
1075 1237
1076 1176
1077 1084
1079 1218
1079 1173
1080 1217
1080 1233
1081 1158
1083 1127
1084 1124
1084 1192
1087 1181
1088 1097
1091 1199
1092 1185
1092 1234
1092 1109
1092 1144
1093 1193
1094 1223
1095 1127
1095 1107
1097 1191
1098 1187
1098 1160
1099 1205
1100 1195
1100 1236
1101 1205
1101 1197
1101 1241
1102 1233
1102 1210
1104 1143
1106 1159
1107 1155
1107 1222
1108 1207
1108 1245
1109 1239
1110 1248
1111 1175
1111 1149
1112 1141
1113 1184
1113 1200
1116 1184
1116 1132
1116 1228
1117 1168
1117 1242
1118 1245
1122 1158
1124 1192
1126 1216
1126 1164
1126 1212
1127 1149
1128 1190
1128 1212
1130 1173
1131 1159
1131 1164
1131 1237
1135 1171
1135 1242
1136 1156
1136 1208
1137 1219
1137 1153
1137 1173
1139 1187
1139 1237
1140 1222
1143 1186
1144 1146
1144 1150
1146 1220
1146 1190
1148 1176
1148 1236
1148 1174
1149 1219
1152 1235
1152 1212
1154 1233
1154 1209
1154 1215
1155 1227
1155 1201
1156 1186
1156 1212
1157 1249
1158 1232
1159 1179
1161 1220
1162 1230
1164 1245
1165 1224
1165 1200
1165 1172
1171 1181
1175 1212
1176 1224
1176 1207
1181 1202
1183 1217
1190 1218
1193 1222
1196 1198
1198 1242
1207 1226
1211 1222
1212 1239
1214 1242
1218 1235
1225 1236
1225 1238
1227 1236
1229 1247
1232 1248
1235 1240
1238 1248
