0 200
0 76
0 492
0 141
0 1231
0 242
0 339
0 500
0 1240
0 25
0 1052
0 286
1 706
1 115
1 197
1 1192
1 973
1 1071
1 243
1 1203
2 160
2 1026
2 899
2 293
2 265
2 1099
2 1196
2 48
2 915
2 22
2 668
2 92
2 829
3 544
3 513
3 1222
3 342
3 581
3 966
3 743
3 201
3 714
3 1063
3 844
3 464
3 403
3 54
4 1121
4 1124
4 1157
4 362
4 1197
4 945
4 1012
4 1078
4 248
5 100
5 390
5 1073
5 136
5 810
5 811
5 783
5 1105
5 184
5 953
5 218
5 347
5 828
6 256
6 1030
6 263
6 520
6 1193
6 1198
6 271
6 20
6 441
6 602
7 67
7 327
7 970
7 1038
7 1155
7 666
7 1119
7 1210
7 831
8 1216
8 354
8 399
8 561
8 308
8 277
8 633
8 1085
9 992
9 675
9 237
9 144
9 532
9 1080
9 217
9 380
10 1187
10 40
10 1084
10 490
10 626
10 306
10 660
10 1077
10 1244
10 970
10 830
11 738
11 931
11 1226
11 1229
11 46
11 498
11 980
11 953
11 795
11 1213
12 832
12 811
12 784
12 1041
12 149
12 534
12 922
12 797
13 1217
13 514
13 548
13 134
13 1094
13 1224
13 426
13 587
13 621
13 1103
13 240
13 627
13 212
13 1207
13 388
13 827
13 1029
14 288
14 212
14 391
14 621
14 77
14 1108
14 373
14 121
14 991
15 384
15 803
15 964
15 1148
15 109
15 718
15 655
15 530
15 948
15 438
15 504
15 1049
15 124
16 577
16 65
16 433
16 1065
16 1233
16 717
16 1112
16 244
16 152
16 90
17 672
17 612
17 1067
17 620
17 269
17 978
17 889
17 349
18 737
18 1122
18 138
18 365
18 270
18 239
18 241
18 1013
18 1017
19 603
19 612
19 38
19 202
19 683
19 431
19 404
19 735
19 60
19 799
20 865
20 163
20 385
20 744
20 274
20 462
20 431
20 721
20 626
20 21
20 126
21 150
21 647
21 360
21 302
21 880
21 405
21 726
21 855
21 571
22 454
22 428
22 1218
22 493
22 177
22 1171
22 52
22 438
23 320
23 1120
23 803
23 740
23 1222
23 1190
23 1031
23 746
23 935
23 365
23 1070
23 1072
23 468
23 760
23 677
24 742
24 49
24 342
24 247
24 509
24 1055
25 263
25 229
25 294
25 615
25 776
25 268
25 647
25 524
25 599
26 963
26 744
26 267
26 784
26 759
26 317
27 450
27 902
27 774
27 842
27 973
27 182
27 377
27 666
27 316
28 291
28 101
28 914
28 245
28 218
28 348
28 506
29 993
29 278
29 1125
29 1191
29 680
29 201
29 74
29 50
29 340
29 1142
29 921
29 986
29 1114
29 1221
30 1248
30 872
30 904
30 370
30 214
30 1113
30 346
30 987
30 701
30 287
31 864
31 362
31 396
31 1242
31 831
31 508
31 989
31 766
31 383
32 514
32 933
32 391
32 265
32 1069
32 558
32 1105
32 791
32 728
32 348
32 1151
33 352
33 358
33 106
33 972
33 657
33 889
33 442
34 513
34 226
34 648
34 938
34 428
34 674
34 1135
34 848
34 1192
34 1011
34 191
34 285
34 1151
35 366
35 965
35 554
35 718
35 627
35 106
35 987
35 637
36 832
36 930
36 771
36 1125
36 1128
36 1129
36 269
36 483
36 922
36 282
36 414
37 251
37 70
37 657
37 872
37 363
37 880
37 561
37 917
37 795
37 477
37 254
37 1023
38 224
38 571
38 874
38 835
38 644
38 406
38 833
38 362
38 419
38 688
38 770
38 259
38 950
38 985
38 922
38 1115
38 508
38 1034
38 287
39 1124
39 228
39 231
39 650
39 89
39 987
40 1248
40 76
40 797
40 181
40 187
40 540
40 138
41 1153
41 710
41 301
41 813
41 878
41 111
41 977
41 370
41 1235
41 789
41 280
41 90
41 1051
41 1023
42 667
42 555
42 844
42 922
42 592
42 1201
42 530
42 1210
42 735
42 317
42 990
42 1183
43 1216
43 876
43 205
43 399
43 816
43 113
43 1043
43 536
43 831
44 133
44 744
44 138
44 303
44 945
44 980
44 1077
44 537
44 1053
44 734
45 992
45 706
45 611
45 326
45 170
45 48
45 1106
45 281
45 476
46 1024
46 1153
46 546
46 903
46 746
46 236
46 719
46 593
46 510
46 217
46 474
46 704
46 765
46 606
47 352
47 496
47 1154
47 451
47 324
47 1130
47 399
47 176
47 114
47 467
47 916
47 533
47 189
47 670
48 673
48 906
48 176
48 1009
48 212
48 283
49 480
49 1061
49 646
49 1096
49 140
49 206
49 1040
49 306
49 565
49 826
49 891
49 1020
49 637
49 478
49 149
50 865
50 54
50 905
50 1213
50 1110
50 184
50 604
50 799
51 321
51 643
51 453
51 1062
51 71
51 402
51 468
51 421
52 256
52 320
52 763
52 484
52 982
52 119
52 536
52 923
53 1137
53 1042
53 1050
53 1198
53 493
54 230
54 1159
54 328
54 649
54 682
54 365
54 1104
54 856
54 601
54 1018
55 964
55 586
55 1227
55 1036
55 241
55 147
55 117
55 886
55 119
55 315
56 1209
56 916
56 1127
57 1153
57 771
57 676
57 653
57 402
57 468
57 1081
57 571
57 1028
58 1025
58 290
58 613
58 207
58 306
58 1110
58 985
58 442
59 266
59 528
59 497
59 1042
59 566
59 669
60 129
60 546
60 1118
60 574
60 535
60 665
60 126
61 737
61 837
61 614
61 871
61 1165
61 465
62 518
62 134
62 104
62 1032
62 1140
62 822
62 250
62 318
62 351
63 560
63 678
63 711
63 551
63 236
63 1234
63 1071
63 464
63 722
63 595
63 1232
64 65
64 1058
64 267
64 741
64 823
64 140
64 436
64 117
64 855
65 419
65 742
65 425
65 587
65 110
65 1171
65 693
65 249
65 186
65 558
65 654
65 715
66 259
66 136
66 76
66 654
66 242
66 1080
66 379
66 381
67 672
67 914
67 1139
67 1110
67 1211
67 381
67 735
67 895
68 1240
68 729
68 919
68 1094
68 471
69 577
69 325
69 431
69 818
69 1237
69 342
69 159
69 668
69 479
70 806
70 235
70 301
70 1006
70 591
70 753
70 1236
70 244
70 1083
70 1084
71 1091
71 292
71 101
71 966
71 243
71 366
71 465
71 505
71 793
72 1220
72 934
72 1222
72 745
72 1130
72 1068
72 400
72 405
72 1188
73 416
73 1163
73 548
73 616
73 235
73 556
73 1069
73 1074
73 948
73 350
74 98
74 419
74 805
74 360
74 1033
74 589
74 305
74 1079
74 1082
74 510
75 1217
75 361
75 407
75 1201
75 1014
75 1001
75 1209
75 249
75 1085
76 773
76 872
76 693
76 281
76 925
77 708
77 613
77 1190
77 491
77 885
77 698
78 705
78 996
78 773
78 1132
78 1162
78 844
78 175
78 1171
78 633
78 378
78 453
79 966
79 680
79 842
79 428
79 365
79 1104
79 820
79 597
79 1014
79 156
79 1022
80 408
80 478
80 1066
80 365
80 502
81 229
81 653
81 910
81 600
81 788
81 597
81 823
81 376
81 538
81 989
82 582
82 847
82 1172
82 629
82 1050
82 508
82 477
83 771
83 1220
83 552
83 394
83 620
83 143
83 209
83 85
83 538
83 348
84 965
84 743
84 367
84 144
84 913
84 1015
84 677
85 993
85 243
85 545
85 296
85 1002
85 461
85 1137
85 180
85 152
85 746
85 479
86 1184
86 545
86 931
86 331
86 1048
86 313
86 1118
87 872
87 943
87 401
87 335
87 468
87 539
88 576
88 961
88 771
88 326
88 1034
88 205
88 1019
88 178
88 155
88 1116
89 99
89 964
89 422
89 1190
89 753
89 631
89 857
89 698
89 571
90 931
90 1004
90 716
90 785
90 468
90 188
91 1184
91 135
91 968
91 1199
91 499
91 431
92 97
92 772
92 201
92 107
92 248
92 283
92 1213
93 353
93 453
93 294
93 1223
93 524
93 909
93 1205
93 507
93 860
94 105
94 1067
94 332
94 621
94 944
94 1132
94 766
94 989
94 542
95 611
95 771
95 1156
95 228
95 1201
95 1182
95 842
95 779
95 430
95 432
95 945
95 211
95 757
95 792
95 665
95 252
95 222
96 262
96 201
96 266
96 1068
96 207
96 112
96 951
96 367
97 608
97 257
97 1218
97 1000
97 1165
97 1086
98 704
98 355
98 214
98 811
98 1228
98 1134
98 203
98 116
98 726
98 123
98 444
98 413
99 1185
99 322
99 677
99 648
99 1225
99 428
99 136
99 927
100 136
100 554
100 1175
100 238
100 637
100 343
100 925
100 638
101 213
101 145
101 108
101 812
101 305
101 468
101 501
101 375
101 1209
101 607
102 451
102 900
102 841
102 971
102 562
102 1060
103 835
103 330
103 748
103 525
103 110
103 177
103 627
103 884
103 1182
103 1210
103 539
103 572
103 286
104 872
104 529
104 1109
104 1097
105 864
105 800
105 481
105 936
105 330
105 126
105 432
105 499
105 1045
105 609
105 987
105 253
106 320
106 162
106 972
106 943
106 624
107 769
107 529
107 1223
107 908
107 1137
107 563
107 577
107 641
107 475
107 191
108 326
108 817
108 588
108 497
108 854
108 924
109 1248
109 450
109 552
109 204
109 141
109 177
109 534
110 1203
110 1158
110 776
110 1069
110 622
110 307
110 821
110 604
110 703
111 610
111 196
111 587
111 1068
111 910
111 1232
111 1203
111 636
112 226
112 1190
112 1192
112 1122
112 401
112 440
112 191
112 861
112 255
113 1249
113 386
113 210
113 970
113 877
113 942
113 1008
113 369
113 1138
113 1075
113 1146
113 1048
113 311
113 1240
113 1050
113 251
113 413
113 543
114 260
114 1062
114 169
114 683
114 428
114 814
114 794
115 1145
115 834
115 563
115 717
116 966
116 975
116 392
116 556
116 716
116 525
116 590
116 559
116 1106
116 268
116 568
116 794
116 539
116 1042
116 702
116 1206
117 193
117 610
117 131
117 150
117 966
117 545
117 201
117 1131
117 822
117 957
117 286
117 1119
118 290
118 137
118 1227
118 525
118 445
118 1040
118 853
118 218
118 303
118 284
118 541
119 768
119 906
119 711
119 298
119 523
119 663
119 750
119 561
119 952
119 666
119 893
120 1059
120 1060
120 677
120 551
120 333
120 467
120 639
121 1026
121 774
121 1223
121 1064
121 618
121 487
121 1142
121 283
121 572
122 549
122 1190
122 880
122 594
122 950
122 1207
122 952
122 793
122 954
122 986
122 862
123 508
123 461
123 711
124 320
124 299
124 452
124 1067
124 923
124 535
124 559
124 427
125 1056
125 162
125 163
125 262
125 588
125 306
125 405
125 828
125 797
126 1089
126 769
126 330
126 1131
126 434
126 143
126 1138
126 181
126 151
126 1081
126 186
126 573
126 415
127 1088
127 1186
127 675
127 297
127 491
127 307
127 912
127 963
127 425
127 315
127 1179
127 796
127 1053
128 977
128 869
128 583
128 1166
128 598
128 142
128 872
128 1073
128 789
128 630
128 887
129 554
129 1226
129 216
129 1098
129 920
129 906
130 744
130 625
130 227
130 364
130 231
131 1058
131 132
131 520
131 1227
131 392
131 275
131 1079
131 1215
131 296
131 287
132 992
132 640
132 521
132 485
132 353
132 732
132 1134
132 495
132 947
132 1015
132 1156
132 704
132 1183
133 993
133 770
133 1060
133 1191
133 682
133 402
133 886
133 1144
133 1117
134 672
134 1249
134 420
134 801
134 652
134 174
134 576
134 921
134 764
134 445
135 453
135 421
135 554
135 523
135 526
135 275
135 846
135 533
136 1120
136 1223
136 140
136 428
136 653
136 942
136 143
136 1168
136 1139
136 1135
137 616
137 1226
137 747
137 684
137 1010
137 852
137 669
138 673
138 962
138 199
138 1137
138 563
138 789
138 982
138 1175
138 1209
138 218
138 187
139 513
139 386
139 771
139 551
139 1099
139 495
139 788
139 342
139 855
139 794
139 541
139 762
139 575
140 930
140 701
140 1181
140 1080
140 151
140 568
140 826
140 860
140 189
141 289
141 900
141 647
141 1032
141 178
141 853
141 151
141 608
141 346
141 221
142 1023
142 749
142 337
142 413
142 1041
142 662
142 890
142 827
142 636
142 509
142 159
143 171
143 211
143 785
143 1067
143 940
143 206
143 369
143 722
143 308
143 886
143 1113
143 473
144 480
144 353
144 356
144 613
144 391
144 416
144 340
145 482
145 230
145 519
145 872
145 765
145 176
145 884
145 151
145 185
145 858
145 637
146 769
146 835
146 1203
146 745
146 746
146 1167
146 531
146 1044
146 472
146 665
146 186
146 559
146 799
147 609
147 707
147 805
147 359
147 871
147 1069
147 592
147 661
147 1213
148 455
148 1037
148 749
148 1198
148 207
148 502
148 826
148 623
149 312
149 974
149 353
150 1186
150 1220
150 773
150 329
150 746
150 1234
150 558
150 817
150 210
150 758
150 279
150 410
150 1148
150 669
151 392
151 1028
151 1186
151 552
151 654
151 1202
151 403
151 284
151 1213
152 1168
152 546
152 516
152 459
152 525
152 495
152 567
152 932
152 542
153 1216
153 225
153 1091
153 485
153 1159
153 809
153 591
153 369
153 628
153 1238
153 695
153 529
153 991
154 1216
154 172
154 303
154 594
154 467
154 1206
154 539
154 927
155 609
155 1058
155 806
155 1111
155 270
155 207
155 848
155 174
155 214
155 919
155 894
156 513
156 1188
156 1138
156 833
156 971
156 1197
156 910
156 431
156 336
156 1170
156 275
156 438
156 365
156 1021
157 1249
157 870
157 780
157 748
157 781
157 763
158 897
158 356
158 871
158 1068
158 1176
158 346
158 603
159 1072
159 1220
159 1191
159 1064
159 257
159 626
159 591
159 880
159 690
159 1244
160 641
160 324
160 1221
160 550
160 877
160 306
160 301
160 881
160 1202
160 594
160 698
160 826
160 890
161 800
161 551
161 1099
161 750
161 369
161 807
161 1171
161 599
161 1208
162 1120
162 360
162 393
162 1164
162 238
162 1192
162 1203
162 727
162 335
162 605
163 449
163 1154
163 421
163 1127
163 872
163 1132
163 1107
163 718
163 1068
163 435
163 948
163 408
163 1115
163 766
164 400
164 1123
164 976
164 757
164 1016
164 799
165 1187
165 240
165 337
165 803
165 532
165 927
165 1181
165 478
165 895
166 1193
166 266
166 1196
166 1230
166 912
166 625
166 846
166 568
166 409
166 682
166 575
167 1248
167 368
167 1070
167 285
167 1168
167 1012
167 1142
167 1047
167 508
167 797
168 904
168 943
168 312
168 436
168 757
168 696
168 184
168 949
169 802
169 483
169 1188
169 679
169 616
169 585
169 333
169 931
169 533
169 1078
169 1181
170 550
170 752
170 247
170 536
170 1017
170 762
170 894
171 644
171 840
171 784
171 306
171 755
171 862
172 450
172 899
172 790
172 1128
172 617
172 812
172 717
172 398
172 1236
172 1046
172 541
172 1182
172 645
173 545
173 931
173 1057
173 967
173 1227
173 782
173 629
173 183
173 222
174 1056
174 288
174 325
174 454
174 296
174 466
175 483
175 966
175 1203
175 405
175 886
175 567
175 410
175 1054
175 917
176 977
176 1041
176 274
176 468
176 831
177 576
177 322
177 342
177 358
177 550
177 840
177 1194
177 877
177 975
177 498
177 1075
177 660
177 918
177 410
177 954
177 434
178 544
178 1235
178 226
178 870
178 386
178 1167
178 339
178 755
179 897
179 386
179 935
179 393
179 519
179 1197
179 1112
179 1172
179 312
179 1241
179 251
179 604
179 1053
180 483
180 869
180 842
180 844
180 910
180 238
180 211
180 409
180 637
180 1087
181 198
181 588
181 1101
181 685
181 1240
181 505
181 891
181 1119
182 1121
182 236
182 1207
182 760
182 1145
182 380
183 1026
183 1061
183 1127
183 232
183 329
183 430
183 314
183 987
183 220
184 1185
184 269
184 955
184 574
184 485
185 1123
185 1158
185 968
185 942
185 1234
185 575
186 361
186 1066
186 1199
187 1122
187 315
187 528
187 643
187 246
187 633
187 1243
188 678
188 1041
188 499
188 406
188 1047
188 699
188 830
189 737
189 771
189 324
189 813
189 301
189 590
189 597
189 895
190 580
190 1222
190 776
190 620
190 1005
190 334
190 1135
190 762
190 927
190 959
191 609
191 491
191 772
191 357
191 233
191 555
191 658
191 1012
191 1207
191 346
191 795
192 240
192 1060
192 1126
192 423
192 295
192 1006
192 335
192 560
192 534
192 1144
192 604
192 286
192 816
193 728
193 1210
193 645
193 485
194 736
194 515
194 901
194 935
194 647
194 684
194 333
194 1235
194 312
195 1059
195 360
195 841
195 813
195 1102
195 307
195 1141
195 443
196 483
196 519
196 1096
196 1130
196 300
196 296
196 947
196 731
196 957
197 524
197 909
197 756
197 635
197 668
198 514
198 1189
198 489
198 618
198 637
198 253
198 735
199 544
199 868
199 1100
199 590
199 1167
199 243
199 823
199 638
199 415
200 1154
200 707
200 612
200 275
200 696
200 313
200 666
200 797
201 928
201 720
201 1104
201 457
201 1227
201 656
201 274
201 1014
201 727
201 505
201 672
201 1182
202 1154
202 955
202 839
202 301
202 662
202 1049
202 536
202 281
202 827
202 702
203 992
203 1190
203 849
203 489
203 842
203 555
203 844
203 497
203 722
203 211
203 820
203 728
203 348
204 388
204 999
204 1160
204 586
204 269
204 272
204 819
204 243
204 548
204 1018
204 1180
204 1053
204 478
205 806
205 403
205 1077
205 1207
205 825
205 1115
205 254
206 704
206 1024
206 748
206 1005
206 1239
206 1082
206 911
206 862
207 771
207 456
207 1068
207 1000
207 307
207 1108
207 1239
207 216
207 830
208 352
208 321
208 290
208 229
208 745
208 1068
208 755
208 1141
208 285
209 395
209 456
209 299
209 623
209 948
209 762
209 444
209 474
210 544
210 355
210 516
210 1097
210 661
210 882
210 915
210 468
210 213
210 408
210 379
210 380
210 703
211 449
211 674
211 1029
211 903
211 264
211 396
211 1133
211 309
212 1122
212 1130
212 750
212 687
212 1108
212 821
212 1019
212 957
213 1089
213 354
213 552
213 970
213 1151
214 485
214 265
214 1203
214 215
214 869
215 599
215 500
215 1142
215 279
215 600
215 859
216 835
216 612
216 517
216 626
216 946
216 632
216 314
216 444
216 378
217 1039
217 1166
217 374
217 407
217 861
218 675
218 742
218 903
218 1116
218 427
218 1037
218 720
218 340
218 1207
218 852
218 794
218 1179
219 336
219 988
219 992
219 388
219 845
220 355
220 1142
220 360
220 906
220 366
220 239
220 438
220 569
220 763
221 288
221 432
221 803
222 833
222 424
222 273
222 1202
222 373
222 859
222 882
223 640
223 611
223 234
223 974
223 515
223 1012
223 949
223 282
224 1249
224 770
224 618
224 1102
224 431
224 818
224 595
224 1198
224 313
224 604
225 256
225 546
225 995
225 743
225 617
225 810
225 919
225 570
225 345
226 1186
226 555
226 782
226 593
226 1012
226 1077
226 346
226 1054
227 960
227 321
227 830
227 581
227 1164
227 810
227 427
227 716
227 1003
227 1173
227 887
227 347
227 892
227 1118
228 384
228 1089
228 973
228 511
228 888
228 671
229 483
229 453
229 678
229 268
229 749
229 1198
229 792
229 314
230 931
230 804
230 438
230 775
230 730
230 874
230 557
230 1165
230 786
230 342
230 666
230 701
230 1151
231 328
231 571
231 510
232 609
232 1187
232 993
232 264
232 1003
232 300
232 1071
232 1073
232 242
232 243
232 565
232 762
232 827
232 1018
233 354
233 483
233 936
233 873
233 522
233 962
233 265
233 283
234 480
234 450
234 936
234 779
234 815
234 1168
234 561
234 914
234 1239
234 952
235 930
235 643
235 935
235 1035
235 268
235 1038
235 626
235 405
235 1174
235 1240
235 667
235 715
236 417
236 484
236 528
236 478
237 419
237 465
237 297
237 362
237 263
237 1149
237 1199
237 561
237 707
237 469
237 247
237 859
237 701
238 352
238 388
238 456
238 580
238 471
239 551
239 713
239 692
239 410
240 940
240 909
240 690
240 308
240 885
240 1243
240 1118
241 988
241 696
241 443
241 380
241 1214
242 1024
242 1090
242 259
242 422
242 849
242 1010
242 439
243 958
243 519
243 844
243 589
243 464
243 440
243 784
244 1088
244 1202
244 404
245 672
245 801
245 970
245 459
245 308
245 697
245 602
246 354
246 645
246 265
246 339
246 726
246 503
246 477
246 1182
247 1188
247 623
247 568
247 435
247 660
247 953
247 1034
247 830
248 512
248 1124
248 681
248 973
248 1172
248 1220
248 318
248 543
249 622
249 335
249 916
249 853
249 605
250 621
250 878
250 912
250 530
250 562
250 254
250 918
250 255
251 385
251 644
251 774
251 871
251 1198
251 833
251 697
251 828
251 1214
252 707
252 816
252 497
252 1010
252 758
253 450
253 902
253 585
253 983
253 277
253 598
253 1079
253 507
254 836
254 587
254 1072
254 724
254 731
254 348
255 800
255 1218
255 539
255 1032
255 695
255 972
255 335
255 328
255 818
255 596
255 1142
255 793
255 857
255 827
255 862
256 598
256 263
256 264
256 876
256 300
256 1134
256 661
256 662
256 600
256 1140
256 509
257 322
257 260
257 262
257 520
257 1162
257 747
257 1070
257 272
258 992
258 312
258 847
258 733
258 1045
259 901
259 328
259 627
259 888
259 511
260 547
260 1110
260 747
260 1174
261 742
261 680
261 937
261 494
261 719
261 435
261 500
261 885
261 279
261 276
261 602
262 1187
262 1062
262 774
262 967
262 649
262 427
262 749
262 1137
262 657
262 732
262 413
263 705
263 1218
263 868
263 869
263 1000
263 457
263 559
263 752
263 530
263 1109
263 303
264 1189
264 1193
264 1066
264 1196
264 751
264 1012
264 350
264 1209
264 862
264 1125
265 802
265 589
265 913
265 1047
265 570
265 604
265 794
266 482
266 355
266 485
266 650
266 686
266 593
266 370
266 518
266 446
267 353
267 268
267 526
267 669
267 665
267 893
267 798
268 687
268 739
268 596
269 482
269 1065
269 1226
269 496
269 1074
269 691
269 1239
269 473
269 508
269 831
270 928
270 640
270 1000
270 658
270 687
270 346
271 936
271 876
271 810
271 1228
271 783
271 816
271 915
271 1173
271 1199
271 543
272 1184
272 353
272 361
272 1217
272 427
272 275
272 980
272 629
272 822
273 1128
273 640
273 487
274 288
274 1000
274 370
274 1115
274 733
275 675
275 1072
275 812
275 847
275 752
275 1105
275 1139
275 468
275 757
276 476
276 424
276 713
276 715
276 1101
276 754
276 916
276 316
276 890
276 796
277 899
277 966
277 873
277 1199
277 378
277 731
278 1205
278 602
278 734
278 663
279 352
279 355
279 1007
279 1108
279 1208
279 571
279 1093
279 1119
280 960
280 892
280 391
280 1068
280 716
280 681
280 1072
280 497
280 1244
281 645
281 361
281 907
281 692
281 436
281 682
281 997
282 288
282 1024
282 930
282 620
282 907
282 556
282 365
282 400
282 1097
283 1185
283 1026
283 580
283 426
283 843
283 418
283 846
283 337
283 1110
283 824
283 612
283 1225
283 507
283 413
284 678
284 296
284 621
284 696
284 630
284 312
285 1220
285 552
285 560
285 1137
285 900
285 996
286 417
286 1135
286 308
286 1079
286 856
287 549
287 295
287 712
287 649
287 1130
287 440
287 825
288 1153
288 546
288 309
288 1067
288 687
288 1104
288 885
288 607
288 319
289 395
289 680
289 299
289 1228
289 301
289 328
289 819
289 377
289 1084
289 510
290 869
290 1231
290 888
290 922
291 992
291 1249
291 1158
291 935
291 426
291 347
291 1021
292 1001
292 433
292 728
292 860
292 509
293 705
293 868
293 1222
293 455
293 680
293 937
293 1098
293 787
293 1194
293 612
293 1034
293 350
294 1057
294 963
294 420
294 357
294 840
294 1114
294 863
295 736
295 322
295 1095
295 857
295 1210
295 636
295 826
296 387
296 1128
296 412
296 335
296 466
296 980
297 867
297 430
297 624
297 1009
297 498
297 436
297 622
298 1121
298 843
298 678
298 769
298 855
298 524
298 1233
298 658
298 1043
298 660
298 469
298 984
298 1246
298 661
299 1202
299 887
299 429
299 943
299 335
299 1203
299 407
299 888
299 730
299 719
299 1247
300 1184
300 898
300 1093
300 495
300 1140
300 725
300 822
300 869
300 955
300 1148
300 629
301 1155
301 626
301 827
302 1194
302 535
302 504
302 473
302 1054
303 662
303 490
303 503
303 848
303 436
303 537
303 408
303 1113
304 504
304 874
304 1124
305 359
305 604
305 487
305 366
305 1038
305 869
305 475
305 1052
305 415
306 417
306 874
307 1217
307 1090
307 1224
307 1165
307 598
307 407
307 990
308 859
308 645
308 1219
308 443
308 828
308 861
309 480
309 865
309 868
309 454
309 1094
309 871
309 873
309 1007
309 471
309 705
310 482
310 902
310 712
310 1090
310 622
310 1133
310 592
310 1145
310 1087
311 1188
311 1189
311 551
311 1002
311 365
311 789
311 1018
312 483
312 325
312 456
312 367
312 407
312 771
312 1049
312 1007
312 819
312 1055
313 903
313 1102
313 1106
313 377
313 889
313 349
314 772
314 487
314 779
314 556
314 1198
314 1010
314 1205
314 629
315 727
315 907
315 526
315 1168
315 788
315 792
315 1111
316 647
316 1031
316 880
316 1105
316 1106
317 492
317 908
317 1077
317 598
317 407
317 541
317 702
318 998
318 549
318 807
319 707
319 425
319 451
319 1103
319 595
319 1199
319 700
320 896
320 994
320 1165
320 333
320 984
320 378
320 1212
321 770
321 1124
321 457
321 587
321 1164
321 685
321 533
321 695
321 1049
321 377
321 501
322 1057
322 644
322 1093
322 329
322 549
322 686
322 368
322 899
322 1038
322 1033
322 347
322 1180
322 926
322 865
323 610
323 644
323 554
323 562
323 1081
323 346
324 353
324 1058
324 422
324 1228
324 973
324 497
324 1023
325 1085
325 784
325 1145
325 1181
326 903
326 1012
326 344
326 1204
327 1024
327 493
327 604
327 613
328 649
328 940
328 626
328 724
328 756
328 1241
328 702
329 1228
329 1058
329 1050
330 578
330 1093
330 465
331 772
331 586
331 1039
331 946
331 1050
332 417
332 643
332 583
332 776
332 1140
332 469
332 502
332 794
332 415
332 671
332 575
333 736
333 1091
333 777
333 975
333 632
333 538
333 892
333 858
334 577
334 802
334 1164
334 1039
334 1047
334 602
334 1243
334 543
335 1219
335 940
335 397
335 559
335 1075
335 662
335 441
335 879
335 797
336 1153
336 451
336 1133
336 1141
336 1113
336 699
337 740
337 998
338 1060
338 645
338 616
338 532
338 726
338 631
338 600
338 895
339 483
339 424
339 521
339 1044
339 761
339 985
339 667
339 956
339 1087
340 679
340 1033
340 462
340 627
340 632
341 905
341 930
341 812
341 502
341 1183
342 354
342 393
342 620
342 1122
342 1199
342 634
342 829
342 1214
343 641
343 770
343 1065
343 685
343 1070
343 463
343 752
343 849
343 527
344 1028
344 1128
344 362
344 523
344 813
344 883
344 724
344 664
344 478
345 836
345 906
345 651
345 1004
345 527
345 952
345 1180
346 424
346 632
346 360
346 851
346 728
347 550
347 774
347 1113
347 987
347 829
348 736
348 583
348 393
348 476
348 397
348 726
348 851
348 892
349 708
349 1099
349 428
349 1005
349 846
349 1231
349 956
350 930
350 1124
350 1128
350 941
350 1103
350 1233
350 1046
350 412
351 960
351 709
351 584
351 683
351 1164
351 463
351 1032
351 819
351 1044
351 1177
351 795
352 1056
352 843
352 1040
352 727
352 684
352 814
352 917
352 406
353 899
353 773
353 468
353 920
353 825
353 539
353 989
354 571
354 619
354 1046
354 1235
354 362
354 956
354 937
354 723
354 535
354 891
354 700
355 705
355 998
355 897
355 396
355 952
355 953
355 1211
355 412
355 669
356 738
356 1155
356 901
356 807
356 840
356 617
356 839
356 891
356 1125
357 1128
357 810
357 1100
357 1101
357 664
357 820
357 568
358 1187
358 868
358 1094
358 855
358 716
358 563
358 724
358 675
358 1175
358 1047
358 607
359 1057
359 835
359 426
359 750
359 1113
359 383
360 1190
360 743
360 477
360 913
360 370
360 1044
360 1021
360 767
361 1160
361 723
361 700
362 1025
362 774
362 647
362 1032
362 780
362 710
363 701
363 1201
363 1140
363 982
363 1178
363 379
363 1245
363 1118
364 578
364 1014
364 1225
364 822
364 411
365 632
365 465
365 979
365 856
365 987
366 1233
366 1107
366 469
366 569
366 699
366 991
367 865
367 516
367 832
367 1128
367 841
367 426
367 844
367 591
367 1132
367 1114
367 702
368 1154
368 964
368 1098
368 555
368 559
368 1009
368 504
368 793
368 1245
368 638
369 1201
369 852
369 925
370 1074
370 683
370 1165
370 685
370 532
370 601
370 682
371 1217
371 810
371 399
371 400
371 1175
371 1083
371 542
372 858
372 1027
372 1110
372 726
372 491
373 935
373 652
373 943
373 880
373 817
373 466
374 773
374 714
374 845
374 527
374 1201
374 466
374 756
374 695
374 477
374 901
375 1043
375 988
375 1150
375 750
376 1120
376 555
376 1155
376 580
376 1057
376 801
376 715
376 718
376 1123
376 468
377 800
377 583
377 873
377 1002
377 433
377 766
378 960
378 516
378 870
378 1030
378 844
378 468
378 1142
378 856
378 1044
379 482
379 648
379 493
379 1074
379 1212
380 1061
380 617
380 908
380 1008
381 384
381 1026
381 873
381 976
381 1010
381 419
381 823
381 989
381 830
382 994
382 869
382 490
382 721
382 917
382 766
383 896
383 718
383 1058
383 941
383 814
383 591
383 625
383 1044
383 1045
383 599
383 409
383 1018
383 1147
384 1026
384 645
384 1036
384 1132
384 1170
384 926
385 1056
385 1156
385 1095
386 750
386 403
387 1220
387 1064
387 938
387 751
387 816
387 1128
387 722
387 1205
387 759
387 728
387 959
387 543
388 1124
388 1010
388 1236
388 414
388 1151
389 545
389 743
389 904
389 624
389 530
389 404
389 1146
389 508
390 1242
390 658
390 1134
390 402
390 952
390 698
390 829
391 1089
391 984
391 1204
391 405
391 795
392 448
392 647
392 427
392 853
392 471
392 1016
393 1026
393 516
393 744
393 1197
393 787
393 406
393 959
394 1154
394 582
394 839
394 456
394 1035
394 780
394 1139
394 568
395 611
395 1156
395 1127
395 652
395 781
395 621
395 1015
395 696
395 794
395 1213
395 959
396 1223
396 435
396 1115
396 989
397 608
397 807
397 746
397 534
397 527
398 480
398 419
398 836
398 1225
398 1200
398 1236
398 1045
398 1046
398 1065
398 820
398 1212
398 895
399 677
399 715
399 486
399 811
399 557
399 1075
400 420
400 1029
400 701
400 816
400 754
400 695
400 603
400 765
401 549
401 615
401 839
401 435
401 1204
401 1114
402 486
402 1033
402 590
402 436
402 1083
402 1022
403 870
403 936
403 1203
403 757
403 478
404 1032
404 567
404 820
404 1172
404 571
405 832
405 1184
405 674
405 997
405 1030
405 445
406 960
406 770
406 1000
406 936
406 1109
406 1242
407 1066
407 643
407 901
407 840
407 938
407 919
407 732
407 733
408 893
408 1227
408 466
408 846
408 495
408 1027
408 823
408 669
409 619
409 879
409 466
409 826
409 1082
410 771
410 807
410 1081
410 506
410 1179
410 573
411 675
411 583
411 1001
411 1230
411 631
412 993
413 955
413 871
413 1063
413 687
413 1136
413 1048
413 1140
413 632
413 1050
414 578
414 1091
414 940
414 556
414 962
414 530
414 822
414 989
415 1080
416 608
416 642
416 1220
416 421
416 1026
416 910
416 660
416 606
417 1220
417 780
417 1035
417 720
417 852
417 1045
417 537
417 636
417 893
418 451
418 582
418 904
418 521
418 781
418 686
418 1241
418 1081
419 870
419 1032
419 746
419 726
419 1242
419 1098
420 898
420 811
420 1162
420 1131
420 884
421 649
421 625
421 731
422 1088
422 1153
422 1036
422 561
422 724
422 570
422 988
423 775
423 971
423 717
423 879
423 1041
423 604
424 512
424 1075
424 1067
424 1201
424 872
424 1225
424 1098
424 1099
424 915
424 1137
424 821
424 852
424 1052
425 1009
425 948
425 1147
425 668
426 1098
426 940
426 626
426 727
426 990
427 743
427 778
427 1195
428 1248
428 709
428 710
428 1198
428 1174
428 607
429 896
429 1026
429 843
429 457
429 1005
429 819
429 692
429 857
429 766
430 640
430 480
430 707
430 960
430 965
430 849
430 1135
430 976
430 1233
430 1010
430 979
430 495
431 676
431 820
431 607
432 706
433 774
433 647
433 878
433 975
433 473
433 847
433 701
434 642
434 651
434 592
434 787
434 468
434 950
434 858
435 569
435 935
435 795
435 554
435 1235
435 821
435 793
435 539
435 1244
436 643
436 1034
436 747
436 942
436 1212
436 670
437 992
437 450
437 579
437 1224
437 585
437 525
437 493
437 1010
437 728
438 549
438 966
438 747
438 439
438 1018
438 925
438 702
438 511
439 1190
439 710
439 841
439 1166
439 528
439 499
439 825
439 958
440 869
440 492
440 684
440 845
440 1136
440 1168
440 505
440 1055
441 930
441 904
441 846
441 861
441 606
442 712
442 842
442 620
442 589
442 1115
443 960
443 876
443 716
443 498
443 695
443 538
443 987
444 1192
444 940
444 755
444 660
444 956
445 835
445 1132
445 915
445 468
445 730
446 704
446 1169
446 1067
446 688
446 728
446 726
446 952
446 635
447 823
447 994
447 507
447 995
448 962
448 934
448 1165
448 463
448 1233
448 885
448 887
448 636
448 501
449 1185
449 806
449 747
449 531
449 852
449 1244
449 1149
450 1058
450 1124
450 1221
450 1132
450 1005
450 1138
450 470
450 600
450 847
450 1206
451 587
451 779
451 1235
451 1131
451 812
451 785
451 1075
451 789
451 469
451 1093
451 670
452 944
453 627
453 1191
453 912
453 823
453 1175
453 1079
454 804
454 553
454 618
454 818
454 984
454 1051
454 1055
455 1121
455 868
455 534
455 504
456 1220
456 1196
456 781
456 911
457 1014
457 1035
457 846
457 1103
457 884
457 758
457 777
457 569
457 1199
457 1052
457 509
457 837
458 1157
458 460
458 588
458 621
458 721
458 474
458 506
458 767
459 661
459 668
459 1109
459 1013
460 608
460 769
460 643
460 872
460 787
460 980
461 1088
461 674
461 1133
461 1103
461 1105
461 824
462 1090
462 963
462 585
462 603
463 801
463 589
463 689
463 466
464 1024
464 1031
464 1109
464 1182
465 864
465 610
465 579
465 1219
465 994
465 503
465 1022
466 1153
466 582
466 717
466 1119
467 1155
467 681
467 1201
467 569
468 912
468 1041
468 668
468 830
468 1095
468 1224
468 598
468 1240
468 1135
469 1056
469 641
469 1028
469 1158
469 913
469 1070
469 752
469 1048
469 788
469 470
469 472
469 1242
470 545
470 523
470 806
470 1192
470 1195
470 498
470 798
470 1205
471 774
471 841
471 940
471 591
471 792
471 1077
472 1129
472 522
472 619
472 1006
472 1039
472 499
472 692
472 952
472 1081
472 506
472 1085
473 967
473 980
473 763
474 800
474 832
474 611
474 804
474 977
474 940
474 532
475 773
475 583
475 1103
475 999
476 1056
476 892
476 524
476 1134
476 1135
476 1210
476 635
476 956
477 514
477 1194
477 494
477 785
477 891
477 956
477 1117
478 1157
478 520
478 664
478 1204
478 763
478 1245
479 643
479 790
479 1194
479 1104
479 1240
479 722
479 952
479 500
479 1046
479 1048
479 1052
480 802
480 1166
480 713
480 752
480 532
480 955
481 1240
481 1184
482 1121
482 997
482 1071
482 753
482 1044
483 992
483 1024
483 611
483 679
483 760
483 659
483 604
484 1125
484 1069
484 606
484 670
485 518
485 975
485 688
485 565
485 1080
485 953
485 923
485 989
486 963
486 711
486 973
486 947
486 692
486 574
486 601
486 734
487 1160
487 872
487 1225
487 941
487 499
487 722
487 723
487 570
487 827
488 938
488 791
488 1133
488 879
488 599
488 1049
488 830
488 639
489 1120
489 750
489 1203
489 535
489 985
489 539
489 733
490 1028
490 614
490 974
490 690
490 692
491 624
491 866
491 848
491 497
491 632
492 739
492 1028
492 1093
492 1097
492 982
492 1079
492 632
492 1147
492 1052
492 798
493 923
493 740
493 838
493 1166
493 819
493 888
493 629
494 514
494 1196
494 1042
494 567
494 794
494 733
494 766
495 800
495 930
495 1233
495 1064
495 1100
495 1239
495 957
495 734
495 767
496 1249
496 962
496 1204
496 846
496 1138
496 1012
496 661
496 726
496 631
496 916
496 1210
496 751
496 980
496 1213
497 1008
497 1190
497 687
497 560
497 664
497 767
498 672
498 907
498 551
498 648
498 1138
498 936
498 759
498 540
498 959
499 995
499 554
499 1070
499 593
499 963
499 725
499 630
499 1246
500 1152
500 881
501 514
501 1092
501 712
501 651
501 720
501 693
501 505
501 1243
501 990
501 735
502 708
502 1101
502 703
502 1180
502 1151
503 835
503 645
503 631
503 788
503 849
503 532
503 1143
503 1113
503 603
503 573
504 608
504 554
504 1189
504 938
504 1068
504 1166
504 849
504 664
504 1050
504 666
504 965
505 683
505 1131
505 588
505 1071
505 1108
505 1176
506 1024
506 1090
506 1124
506 973
506 946
506 663
506 890
506 797
507 549
507 598
507 760
507 1081
508 1000
508 1163
508 754
508 914
508 634
508 1214
508 767
509 1093
509 1003
509 1199
509 1146
509 1023
509 703
509 895
510 836
510 869
510 999
510 1015
510 1115
510 1116
511 1128
511 1042
511 846
511 1005
511 785
511 1138
511 986
512 547
512 836
512 678
512 625
512 787
512 612
512 1116
513 998
513 970
513 1004
513 655
513 848
513 1123
513 756
513 1045
513 1022
514 643
514 1099
514 659
514 951
514 1053
515 644
515 805
515 1064
515 1040
515 785
515 563
515 892
516 578
516 741
516 530
516 905
517 1217
517 839
517 717
517 1109
517 953
517 1083
517 862
517 575
518 1158
518 998
518 976
518 786
518 756
519 935
519 1131
519 718
519 820
519 663
519 540
520 741
520 526
520 882
520 1079
521 1088
521 549
521 907
521 1140
521 634
522 584
522 650
522 1102
522 885
522 918
522 1180
523 866
523 579
523 822
523 743
523 591
523 880
523 1077
523 1046
524 674
524 680
524 585
524 880
524 842
525 740
525 1067
525 1144
526 1056
526 647
526 824
526 698
526 668
526 730
527 609
527 682
527 556
527 1134
527 853
528 967
528 873
528 683
528 557
528 688
528 817
528 1013
528 600
528 729
529 674
529 937
529 874
529 1202
529 981
529 726
529 1082
529 891
529 575
530 592
530 626
530 1112
530 670
530 735
531 577
531 894
531 824
531 1147
531 606
532 708
532 697
532 602
533 586
533 749
533 590
533 1101
533 990
534 928
534 1157
534 976
534 977
534 598
534 698
534 731
535 643
535 1006
535 955
535 1205
536 1127
536 945
536 1078
536 1015
536 1083
537 860
537 1223
538 869
538 747
538 668
539 779
539 943
539 1110
539 596
539 955
540 674
540 549
540 1002
540 910
540 1233
540 1143
541 1026
541 1187
541 793
541 1180
541 989
541 574
542 896
542 833
542 970
542 568
542 1086
542 1014
542 1243
543 713
543 948
543 1175
543 797
543 1214
544 1090
544 684
544 987
545 1097
545 908
545 670
546 618
546 652
546 1040
546 916
546 628
546 799
547 928
547 615
547 639
547 618
547 651
547 652
547 845
547 1040
547 946
547 853
547 1207
547 923
547 927
548 704
548 967
548 591
548 1040
548 1074
548 1173
548 559
548 795
549 752
549 1010
549 628
549 989
550 903
550 970
550 859
550 670
551 1025
551 1001
551 937
551 831
552 1218
552 1004
552 732
552 991
553 1155
553 1021
554 1078
554 777
554 1196
554 915
554 758
555 875
555 1125
555 883
555 1207
555 954
555 575
555 766
556 1195
556 612
556 659
556 587
556 867
556 884
556 1243
556 1215
557 578
557 714
557 1003
557 1076
557 887
557 858
558 642
558 1061
558 972
558 1050
558 1115
558 701
559 608
559 897
559 963
559 1212
559 812
559 790
559 631
559 719
560 733
560 724
561 928
561 898
561 906
561 622
561 981
561 923
562 569
562 872
562 1129
562 1000
562 1142
562 745
562 856
562 633
562 933
563 602
563 933
563 1126
563 586
563 1071
563 1175
563 667
564 568
564 715
564 1196
564 925
564 814
565 931
565 813
565 729
566 800
566 738
566 875
566 715
566 994
566 594
566 1140
566 1013
566 631
566 1149
567 898
567 1124
567 965
567 1191
567 1128
567 619
567 635
567 605
568 1068
568 1099
568 1073
568 729
568 821
568 762
568 1210
569 806
569 810
569 1170
569 695
569 957
570 965
570 978
570 632
571 1206
571 619
571 948
572 952
572 667
572 717
573 778
574 1116
574 844
574 1169
574 1175
574 1087
575 1001
575 711
575 1233
575 927
576 833
576 613
576 1047
576 983
576 1114
576 1062
577 840
577 1201
577 758
578 835
578 811
578 916
578 983
578 607
579 832
579 930
579 752
579 759
579 949
579 1178
579 955
579 959
580 598
580 734
581 1088
581 1058
581 840
581 661
581 1172
581 725
581 1117
581 607
582 896
582 932
582 587
582 1140
582 629
583 704
583 1063
583 1001
583 1084
583 887
583 856
583 1082
583 701
584 1130
584 735
585 609
585 932
586 1184
586 867
586 1061
586 1035
586 783
586 1045
586 1176
586 917
587 1121
587 870
587 1223
587 813
587 724
587 959
588 813
588 749
588 1048
588 764
589 804
589 1191
589 680
589 777
589 810
589 785
589 1098
589 797
589 787
590 1090
590 1137
590 970
590 834
590 945
590 723
591 1041
591 631
591 996
592 1206
592 839
592 1144
592 1045
592 918
592 856
592 828
593 673
593 1155
593 966
593 712
593 770
594 667
595 897
595 699
595 1183
595 1145
595 922
595 1179
595 732
595 1245
596 1126
596 655
596 818
596 1014
596 700
597 1218
597 772
597 1159
597 842
597 781
597 882
597 829
597 1246
598 1062
599 675
599 613
599 684
599 1136
599 945
599 988
600 1005
600 1203
601 1122
601 1156
601 1206
601 714
601 715
601 662
601 1170
601 618
601 709
602 1177
602 702
603 936
603 1131
603 1198
604 785
604 729
604 1119
605 1130
605 940
605 994
605 686
605 1008
605 1171
605 1214
606 809
606 691
606 621
606 1070
606 1179
607 1192
607 1228
607 1215
608 1102
608 1236
608 765
608 1216
609 1121
609 675
609 837
609 840
609 1110
610 1091
610 1093
610 1132
610 717
610 917
611 813
611 1155
611 1050
612 996
612 710
612 1201
612 1193
612 892
612 1077
612 1124
612 1052
612 787
612 1205
613 896
613 962
613 848
613 906
613 728
613 1014
613 856
614 772
614 1031
614 878
614 1021
614 764
615 1094
615 1085
615 655
615 637
615 959
616 1190
616 904
616 1107
616 980
616 728
616 666
617 1190
617 1010
617 1170
617 988
617 1150
618 1104
618 952
618 729
619 870
619 1095
619 909
619 724
619 628
619 734
620 785
620 1193
620 1197
620 919
620 761
620 732
621 1162
621 1071
621 629
621 949
621 815
621 1205
622 967
622 904
622 1193
622 650
622 786
622 1108
622 698
622 923
623 655
623 724
623 1046
623 860
624 1197
624 920
624 831
625 863
626 1138
626 1135
626 895
627 736
627 743
628 1061
628 1039
628 634
629 736
629 1131
629 816
629 820
629 1049
629 1209
629 752
630 1122
630 1126
630 681
630 846
630 1079
631 871
631 657
631 1239
631 735
632 1088
632 1089
632 805
632 920
632 702
632 959
633 1027
633 805
633 1159
633 1228
633 782
633 1231
633 915
633 725
634 993
634 900
634 1029
634 710
634 999
634 1212
634 1035
634 1006
634 988
634 989
635 929
635 898
635 710
635 1245
635 754
635 921
635 1050
635 1247
635 669
635 1087
636 1189
636 935
636 1098
636 721
637 648
637 1199
637 824
637 1175
637 1144
637 1149
637 671
638 1067
638 1070
638 755
638 822
639 801
639 738
639 1037
639 1205
639 729
639 796
639 703
640 1056
640 930
640 1061
640 903
640 1178
641 1249
641 899
641 783
641 947
641 1078
641 1242
641 989
642 1161
642 1002
642 847
642 820
642 661
642 1211
642 655
643 800
643 865
643 676
643 906
643 1115
644 679
644 1162
644 1005
644 909
644 1073
644 1145
645 1153
645 1074
645 724
645 1042
646 1211
646 900
646 1071
647 1240
647 1037
647 848
647 916
647 1237
647 1080
648 776
648 919
648 849
648 1075
648 887
648 862
649 993
649 865
649 807
649 1160
649 1180
650 899
650 1128
650 1036
650 1192
650 702
650 1241
650 1022
650 881
651 1160
651 694
652 943
652 1233
652 1143
652 699
652 1085
652 927
653 1027
653 1124
653 683
653 856
653 1042
653 1240
653 761
654 1089
654 740
654 1221
654 1227
654 781
654 881
654 1140
654 1174
654 699
655 1104
655 881
656 965
656 679
656 779
656 1018
656 933
657 1155
657 1060
657 1222
657 939
657 721
657 1172
657 1173
657 1176
658 966
658 681
658 845
659 836
659 911
659 699
660 1125
660 840
660 1047
660 794
660 1118
661 1043
661 1158
661 787
661 1245
661 703
662 1217
662 677
662 1008
662 754
662 824
663 896
663 931
663 1220
663 1014
663 1132
663 1133
663 1165
663 688
664 1155
664 1156
664 715
664 951
664 1113
664 1178
664 895
664 1213
664 799
665 1108
665 1111
665 733
666 1187
666 1226
666 1237
666 1142
666 1224
666 746
666 1055
667 1122
667 817
667 1205
667 1020
667 861
667 830
668 897
668 835
668 967
668 905
668 1228
668 1070
668 958
669 1217
669 1061
669 1098
669 1071
669 1040
669 855
670 1190
670 1104
670 879
670 792
670 1082
670 731
671 906
671 1021
672 1126
672 712
672 758
672 808
672 918
673 1091
673 695
673 892
673 926
674 960
674 904
674 905
674 728
674 887
674 696
674 1086
675 975
676 927
676 1099
676 877
676 891
676 1150
676 1151
677 775
677 781
677 1231
677 1241
677 955
678 818
678 732
678 893
679 844
679 1168
679 851
679 1241
679 828
680 1230
680 1205
681 993
681 1078
681 1245
682 1110
682 838
682 1039
682 751
682 980
683 938
683 844
683 1039
684 1120
684 804
684 1030
684 838
684 993
684 781
685 1027
686 807
686 687
686 1106
686 990
687 807
687 1000
687 1131
687 1235
687 852
687 819
688 802
688 868
688 913
688 883
688 870
688 1220
689 780
689 1041
689 1173
689 824
689 1177
689 1084
690 1248
690 900
690 1127
690 777
690 1003
690 1105
690 1193
691 721
691 753
691 1205
691 857
692 1024
692 1127
692 1038
692 794
693 1070
693 1039
693 1243
693 1141
694 1088
694 898
694 1182
694 799
695 832
695 718
696 1005
697 995
697 1207
698 928
698 748
699 1249
699 741
699 942
699 1064
699 1071
699 851
699 703
700 1153
700 819
701 1089
701 1186
701 1014
701 942
701 783
701 1182
701 886
701 1146
701 957
701 735
702 714
702 909
702 1041
702 821
703 928
703 741
703 778
703 1178
703 1029
704 1191
704 940
704 1236
704 1044
705 1074
705 814
705 990
706 1128
706 1130
706 1234
706 1210
706 955
706 1086
707 736
707 1102
707 725
707 1112
708 768
708 1185
708 1035
708 913
708 786
708 1018
708 736
709 932
709 1074
709 726
710 768
710 1022
710 1112
710 862
711 1123
711 1220
711 1223
711 873
711 1076
711 1050
712 768
712 965
712 1025
712 1161
712 747
712 1033
713 1025
713 918
713 1229
713 790
714 840
714 748
714 1123
714 1242
714 860
715 964
715 785
715 1095
715 858
716 727
716 889
716 991
717 809
717 743
717 1141
717 984
718 1161
718 1196
718 957
719 996
719 884
719 887
720 774
720 1159
720 943
720 1148
720 884
720 764
721 843
721 1209
722 1024
722 875
722 1227
722 824
722 733
722 990
723 812
723 1099
723 940
724 867
724 1124
724 746
724 1165
724 762
724 895
725 962
725 776
725 1235
725 1244
726 988
726 1039
726 1146
727 774
728 745
728 1071
728 822
728 794
729 880
729 918
729 1116
729 1136
730 930
730 1028
730 869
730 1191
730 752
730 758
730 1214
731 930
731 1099
731 906
731 1227
731 754
731 1083
731 1115
731 1194
732 909
732 886
733 832
734 1151
735 1093
735 1234
735 948
735 1083
736 919
737 868
738 749
738 911
738 859
739 1064
739 849
739 1014
739 1129
739 990
740 1192
740 1039
740 978
740 1242
740 955
741 939
741 779
741 845
741 1166
741 1069
741 1040
742 853
742 795
743 1121
743 957
743 847
743 1245
744 874
744 829
745 933
745 1134
745 1200
745 1080
746 904
747 1095
747 850
748 998
748 843
749 804
749 1221
749 1195
749 754
749 1145
749 1119
749 980
750 967
750 1195
750 1207
750 895
751 1056
751 1036
751 1102
751 911
751 1107
751 888
752 802
752 950
752 760
752 1018
753 1104
753 813
753 944
754 934
754 1095
754 1013
754 1213
755 772
756 1069
756 1102
756 1137
756 952
757 810
757 846
757 1092
757 1023
758 874
758 851
759 1091
759 874
759 1228
759 1230
759 1014
759 1213
760 881
760 922
760 1050
761 1155
761 841
761 780
761 1213
761 1104
761 765
761 990
761 1023
762 1227
762 1199
762 1104
762 850
763 1205
763 1174
763 857
763 828
764 960
764 1190
764 1096
764 970
764 1195
765 1120
765 772
765 998
765 1035
765 1167
765 1006
766 1024
766 1128
767 988
767 1238
767 891
768 779
768 1140
768 1045
768 1049
769 1018
769 1243
770 834
770 813
770 782
770 1174
770 1049
770 891
770 796
771 994
771 1061
771 871
771 776
771 1067
771 940
771 959
772 774
772 1160
772 1020
772 985
772 921
773 780
773 1067
773 817
773 1114
774 898
774 1233
774 1172
774 1104
774 1076
774 1087
775 1067
775 817
775 884
775 1079
775 952
776 896
776 1024
776 1103
776 1238
776 920
776 1071
777 934
777 824
778 1056
778 808
778 1046
778 953
779 1202
779 915
779 788
779 1085
779 1150
780 964
780 968
780 782
780 1009
780 1011
781 1132
781 829
781 847
781 1086
781 799
782 891
783 1116
784 1028
784 1100
785 809
785 932
785 1223
785 969
785 983
785 829
785 1037
786 811
786 847
786 1189
787 944
787 890
788 992
788 930
788 1102
789 933
789 902
789 1176
789 1211
790 950
791 923
791 1070
791 1103
792 816
792 1154
792 827
792 1068
792 912
792 950
792 1015
793 1208
794 967
794 982
794 1146
795 1185
795 801
795 1032
795 1038
795 1128
795 846
795 828
796 1158
796 1139
796 915
796 1213
797 1031
797 1050
797 916
798 1068
798 989
798 1182
799 993
799 1012
799 1084
799 893
800 1156
800 1002
800 1168
800 915
801 832
801 1217
801 1195
801 980
801 927
802 935
802 1237
802 1244
803 943
803 956
804 866
804 1090
804 946
804 1013
804 1208
805 1197
806 938
806 1200
806 1077
806 1018
807 924
808 929
808 1137
808 1107
808 826
808 1082
809 1073
809 1097
810 827
810 1166
810 1073
810 1202
810 1014
810 1083
811 903
812 1043
812 876
812 908
812 913
812 918
813 1112
813 1113
814 1062
814 894
815 902
815 1226
815 973
815 845
815 1214
816 908
816 991
817 1072
817 1191
817 872
817 1204
817 1179
819 931
819 873
819 1141
819 894
820 1042
821 1057
821 1158
821 827
822 865
822 840
822 1203
822 1079
823 1083
823 1037
823 916
823 951
823 1051
823 1053
824 842
824 1011
825 1187
825 1130
825 863
827 856
827 1075
827 1243
827 1181
828 1150
828 1214
829 974
829 1215
830 857
831 1095
831 835
831 1045
831 1023
832 1200
833 1128
834 960
834 1191
834 904
834 1046
835 1085
836 1028
836 1191
837 962
837 974
837 889
837 953
838 866
838 962
838 978
838 1177
839 1249
839 1221
839 845
839 1071
839 1137
840 1090
840 1134
840 944
840 1119
842 992
842 1162
842 1107
842 887
844 926
844 1238
844 1044
845 966
845 1127
845 1031
845 1196
845 1013
845 861
845 1215
846 865
846 1127
846 1010
847 1153
847 1064
847 1143
847 882
847 1053
848 955
848 1125
848 1170
848 954
849 963
849 1110
850 874
850 949
850 1015
850 1051
850 1045
851 1106
851 852
851 954
852 1163
852 950
852 1149
852 1086
853 1004
853 1010
853 1044
853 1055
854 976
854 1106
854 879
855 1121
855 930
855 897
855 907
856 871
856 1164
856 1076
856 1242
856 1211
856 1244
857 1033
857 967
857 1020
858 1147
858 1221
858 1166
858 1207
858 923
859 963
859 1133
860 997
860 1203
860 1244
861 898
861 1046
862 939
862 985
863 994
863 963
863 1188
863 944
863 1108
863 1173
863 1207
863 1048
863 987
864 1057
864 874
864 973
864 1106
864 1054
864 890
864 1022
865 1094
865 968
865 905
865 1005
865 1240
865 989
866 1099
866 996
866 1238
866 1244
868 1192
869 1186
869 1011
870 1185
870 1035
870 1166
870 975
870 1053
871 1249
871 911
871 1023
872 1059
872 1183
873 1217
873 1149
873 1018
873 1052
874 1154
874 1176
874 1021
875 1009
875 1125
876 1153
876 916
877 1153
877 1175
878 897
878 1169
878 948
878 894
879 994
879 885
879 893
879 894
880 903
880 1116
880 1170
880 986
881 1092
881 1220
881 1082
882 1121
882 962
882 1226
882 1006
883 1143
883 1047
884 1101
884 1182
885 1223
886 1089
886 1233
886 1210
887 1025
887 1177
887 1050
888 992
888 901
888 904
888 1226
888 1171
889 910
890 960
890 1149
892 1248
892 1167
892 952
892 923
893 1186
893 1071
894 1057
894 1027
894 968
894 1214
894 1241
894 981
895 912
895 954
896 1129
896 987
897 1128
897 917
898 1001
898 1102
898 1136
898 1202
898 1045
898 1110
898 952
899 1180
899 1237
900 978
901 1092
902 972
903 1194
903 1005
903 959
904 1052
905 1221
905 1186
905 1105
905 1011
906 1219
906 1001
906 1007
906 1108
907 1161
907 1010
907 1048
907 1183
908 966
908 1051
909 1024
909 994
909 1038
909 1169
909 948
910 1157
910 1003
910 912
910 1239
910 1086
911 1011
912 930
913 1026
913 1170
913 1001
913 1077
914 1212
915 1170
916 1008
916 1063
916 1080
916 1019
916 1214
917 1068
917 1143
918 1219
918 969
919 1004
919 1006
920 1249
920 995
920 1095
920 1051
921 1163
921 1176
921 1247
922 940
922 1040
922 1235
923 1002
923 1070
924 1112
924 1109
925 1070
925 1231
925 1080
925 1117
926 1221
926 1086
927 987
927 988
928 1026
928 1063
928 1170
928 1103
928 1042
929 1024
929 1059
929 1099
929 1233
930 961
931 1032
932 1094
932 1240
933 1066
933 1131
933 982
934 939
934 1045
935 1230
935 1012
935 1023
936 965
936 1047
936 1137
936 1076
936 1206
937 1187
937 1142
937 986
939 995
939 1136
940 1216
940 1096
941 1026
941 1179
942 1014
942 957
943 1077
944 1097
944 1231
944 1150
945 1042
947 1139
948 1029
949 970
949 1105
949 1049
949 1244
950 1046
950 1085
951 1189
951 1034
953 962
953 1162
954 1007
954 1010
954 1247
955 1090
955 1198
956 1141
956 1017
956 1213
957 1124
957 1005
957 1165
958 1063
958 969
958 1101
958 1116
959 1027
959 1148
960 1066
960 1058
960 1219
960 1109
960 1014
960 1182
961 1017
961 1009
962 1158
962 969
963 1163
964 1198
964 1114
965 1245
966 1096
966 1223
966 1198
967 1031
967 1132
967 1017
968 1196
968 1234
968 1208
968 1145
971 1096
971 1092
972 1220
972 1189
972 1065
973 999
973 1067
973 1078
973 1176
974 1085
975 1125
975 1070
975 1014
976 1065
976 1117
976 1201
977 1102
979 1129
983 1060
983 989
983 1110
983 1180
984 1069
984 1143
984 1084
986 992
986 1249
986 1043
988 1152
988 1024
989 1135
990 1158
990 1034
990 1246
991 999
991 1192
991 1170
991 1020
992 1042
992 1019
992 1118
994 1049
994 1116
996 1219
996 1036
997 1160
997 1005
997 1038
997 1111
997 1119
999 1039
1000 1026
1000 1110
1000 1166
1001 1173
1001 1050
1003 1190
1003 1167
1005 1028
1006 1195
1006 1210
1007 1217
1007 1189
1008 1047
1008 1051
1009 1163
1009 1019
1009 1118
1010 1050
1011 1073
1012 1184
1013 1053
1014 1170
1016 1203
1017 1096
1017 1069
1019 1166
1019 1144
1020 1090
1020 1067
1020 1049
1020 1111
1020 1245
1021 1205
1022 1059
1022 1245
1023 1154
1023 1140
1023 1246
1025 1032
1026 1181
1026 1044
1027 1191
1028 1157
1028 1062
1028 1133
1028 1119
1029 1152
1029 1233
1029 1181
1030 1235
1033 1138
1034 1192
1034 1226
1034 1139
1034 1108
1034 1085
1034 1119
1035 1078
1035 1162
1035 1114
1036 1048
1037 1110
1038 1218
1038 1048
1038 1178
1039 1226
1039 1077
1040 1189
1041 1075
1041 1151
1042 1152
1043 1126
1043 1144
1044 1189
1045 1205
1045 1114
1046 1071
1046 1197
1046 1107
1047 1075
1047 1186
1047 1200
1049 1165
1049 1116
1049 1118
1050 1173
1051 1165
1052 1056
1052 1230
1052 1206
1052 1055
1053 1249
1053 1200
1053 1074
1054 1060
1054 1208
1058 1228
1058 1086
1059 1177
1060 1187
1062 1241
1063 1098
1064 1226
1064 1194
1065 1110
1066 1074
1067 1240
1068 1185
1068 1091
1069 1215
1070 1085
1070 1208
1070 1146
1071 1124
1071 1078
1071 1149
1071 1206
1071 1207
1072 1243
1074 1184
1075 1244
1076 1208
1076 1245
1077 1223
1080 1219
1080 1168
1080 1202
1080 1143
1081 1156
1081 1098
1081 1133
1081 1145
1081 1113
1082 1158
1082 1214
1084 1160
1085 1090
1086 1217
1086 1156
1086 1224
1088 1249
1088 1091
1088 1226
1088 1215
1089 1214
1091 1186
1091 1151
1092 1152
1092 1101
1095 1245
1096 1145
1097 1218
1097 1220
1097 1158
1097 1132
1097 1203
1099 1136
1100 1196
1100 1109
1100 1247
1101 1193
1101 1143
1101 1214
1101 1215
1102 1234
1102 1235
1104 1122
1106 1156
1106 1181
1107 1157
1108 1185
1108 1193
1109 1203
1109 1148
1112 1120
1112 1229
1113 1185
1113 1162
1113 1208
1113 1117
1114 1122
1114 1210
1115 1118
1116 1205
1117 1139
1117 1243
1118 1236
1118 1209
1119 1192
1120 1196
1120 1148
1120 1213
1121 1194
1122 1168
1122 1166
1122 1245
1123 1229
1123 1207
1125 1191
1127 1210
1127 1147
1129 1176
1130 1177
1132 1219
1132 1238
1132 1166
1132 1234
1132 1142
1133 1224
1136 1155
1137 1173
1137 1148
1139 1200
1140 1203
1140 1147
1143 1145
1145 1179
1146 1193
1146 1168
1147 1198
1148 1249
1150 1186
1150 1177
1151 1195
1151 1244
1152 1193
1152 1175
1154 1248
1154 1226
1163 1177
1167 1202
1168 1196
1169 1188
1172 1243
1174 1245
1175 1247
1177 1185
1178 1231
1184 1222
1190 1243
1195 1198
1199 1237
1202 1235
1208 1219
1213 1234
1216 1219
1216 1220
1216 1224
1218 1225
1219 1229
1222 1243
1223 1233
1228 1237
1229 1231
1229 1244
1239 1241
1239 1242
