0 967
0 1065
0 686
0 305
0 853
0 696
0 316
0 190
1 323
1 196
1 1228
1 333
1 317
1 946
1 853
1 573
1 445
1 190
2 1121
2 5
2 968
2 396
2 784
2 849
2 603
2 933
3 1091
3 1147
3 548
3 746
3 238
3 1245
3 883
3 667
3 1213
4 749
4 913
4 114
4 1054
4 406
4 1207
4 604
4 798
5 899
5 772
5 165
5 48
5 916
5 734
5 639
6 804
6 490
6 399
6 474
6 828
6 735
7 642
7 963
7 37
7 778
7 654
7 272
7 401
7 952
7 377
7 248
8 1123
8 804
8 711
8 356
8 679
8 911
8 915
8 1015
8 917
8 793
8 89
8 26
8 1013
8 125
8 575
9 866
9 1187
9 421
9 134
9 40
9 681
9 554
9 846
9 240
9 210
9 266
9 842
9 831
10 289
10 900
10 998
10 390
10 231
10 264
10 841
10 89
10 1010
10 758
10 823
10 836
10 409
10 378
10 923
10 1245
10 383
11 783
11 495
11 453
11 102
11 249
11 631
11 47
11 308
11 1047
11 550
11 601
11 826
11 463
12 390
12 519
12 168
12 1033
12 394
12 116
12 282
12 444
13 443
13 936
13 398
13 1135
13 1219
13 56
13 1083
13 1246
14 547
14 933
14 39
14 649
14 43
14 657
14 1140
14 472
14 795
14 167
15 993
15 933
15 358
15 1127
15 200
15 1231
15 936
15 982
15 189
15 510
16 833
16 226
16 161
16 649
16 970
16 748
16 526
16 85
16 155
17 96
17 131
17 772
17 647
17 873
17 880
17 1233
17 915
17 1076
17 885
17 23
17 852
17 729
17 702
17 277
18 464
18 692
18 1164
18 517
18 593
19 918
19 232
19 203
19 1076
19 1142
19 282
19 1020
19 734
19 31
20 964
20 1061
20 902
20 503
20 1069
20 1015
20 697
20 1051
20 765
21 866
21 581
21 359
21 521
21 554
21 219
21 1034
22 290
22 219
22 134
22 904
22 1052
22 492
22 642
22 246
22 1207
22 602
22 283
22 444
22 926
23 740
23 49
23 407
23 688
23 1044
23 887
23 218
24 675
24 1124
24 329
24 235
24 1046
24 919
24 90
24 123
24 444
24 247
25 963
25 324
25 933
25 1194
25 1042
25 1075
25 85
25 1155
25 949
25 59
25 638
25 735
26 641
26 68
26 551
26 843
26 652
26 591
26 401
26 917
26 407
26 184
27 992
27 1090
27 452
27 564
27 950
27 535
27 500
27 36
28 608
28 1222
28 136
28 1225
28 1226
28 43
28 624
28 147
28 118
28 472
28 349
29 195
29 584
29 925
29 248
29 381
29 887
29 888
29 125
29 126
30 353
30 1187
30 548
30 613
30 365
30 1008
30 1243
30 580
30 31
30 604
30 319
31 355
31 934
31 199
31 579
31 1112
31 690
31 948
31 213
31 1208
31 891
32 833
32 802
32 261
32 148
32 694
32 1143
32 796
32 989
32 805
33 160
33 613
33 999
33 168
33 491
33 882
33 1045
33 406
33 503
33 87
33 251
33 959
34 452
34 644
34 989
34 1246
35 359
35 681
35 460
35 207
35 849
35 980
35 981
35 278
35 380
35 446
36 1217
36 706
36 327
36 846
36 593
36 210
36 307
36 1070
36 1209
36 376
36 185
36 317
37 867
37 580
37 294
37 170
37 235
37 1203
37 565
37 727
37 667
37 554
37 979
38 729
38 1123
38 646
38 839
38 842
38 567
38 844
38 621
38 397
38 1176
38 205
38 355
38 535
38 568
38 1113
38 1167
38 125
39 475
39 132
39 711
39 137
39 1226
39 331
39 1007
39 567
39 1243
39 382
40 931
40 566
40 231
40 616
40 971
40 718
40 944
40 139
40 790
40 1079
40 664
40 605
40 415
41 130
41 1091
41 828
41 716
41 1073
41 1140
41 86
41 888
41 764
42 704
42 677
42 300
42 1235
42 246
42 1147
43 130
43 1029
43 81
43 235
43 369
43 52
43 398
43 632
43 697
43 1082
43 925
44 1184
44 400
44 708
44 1189
44 1094
44 929
44 848
44 56
44 420
44 925
44 1086
45 930
45 115
45 964
45 808
45 585
45 559
45 1041
45 1011
45 920
45 1017
45 335
45 188
46 68
46 869
46 939
46 1071
46 272
46 977
46 86
46 601
46 975
46 125
46 1157
47 656
47 838
47 294
47 240
47 915
47 1237
47 358
47 1051
47 766
47 51
48 1091
48 996
48 74
48 203
48 1230
48 824
48 395
48 221
49 1188
49 133
49 614
49 713
49 623
49 273
49 212
49 341
49 1050
49 988
49 1244
50 962
50 101
50 459
50 534
50 1145
50 345
51 1192
51 489
51 308
51 472
51 1114
51 316
52 930
52 100
52 614
52 422
52 808
52 882
52 467
52 661
53 932
53 1189
53 733
53 848
53 981
53 278
53 1177
53 637
53 1182
53 1221
54 96
54 997
54 727
54 338
54 343
54 379
54 1086
55 960
55 231
55 105
55 878
55 1072
55 593
55 916
55 987
55 188
55 1022
56 199
56 172
56 624
56 529
56 1170
56 470
56 535
56 1052
56 959
57 465
57 626
57 1116
57 222
58 896
58 194
58 683
58 747
58 392
58 1065
58 490
58 491
58 557
58 552
58 530
58 1048
58 954
58 1213
58 350
59 393
59 1248
59 473
59 180
59 108
59 1195
59 524
59 994
59 145
59 595
59 340
59 1174
59 249
59 636
60 772
60 553
60 591
60 1168
60 532
60 982
60 666
61 998
61 847
61 926
61 443
61 860
61 990
62 489
62 209
62 361
62 719
62 369
62 483
62 788
62 949
62 1111
62 1145
63 475
63 950
63 70
63 746
63 235
63 274
63 1173
63 406
63 120
63 857
63 1051
63 1098
63 318
64 739
64 1065
64 812
64 623
64 945
64 1170
64 1107
64 180
64 1193
64 920
64 156
65 129
65 226
65 165
65 776
65 840
65 396
65 306
65 942
65 657
65 690
65 948
65 664
65 1128
65 667
65 445
65 1215
66 71
66 107
66 333
66 655
66 112
66 788
66 86
66 281
66 154
66 1019
66 634
67 288
67 611
67 263
67 1096
67 556
67 652
67 816
67 739
67 1076
67 981
67 438
67 1211
67 1116
67 926
68 913
68 792
68 818
68 814
68 81
68 1106
68 88
68 89
68 636
68 733
69 448
69 1025
69 198
69 273
69 623
69 1041
69 562
69 956
70 641
70 137
70 651
70 657
70 1139
70 917
71 777
71 170
71 395
71 332
71 274
71 886
71 924
71 573
71 831
72 906
72 1135
72 345
72 953
72 476
72 682
73 678
73 1158
73 265
73 1227
73 812
73 337
73 916
73 1241
73 799
74 167
74 1137
74 724
74 1174
74 564
75 1153
75 379
75 1220
75 741
75 294
75 1224
75 491
75 753
75 217
75 120
75 153
75 282
75 571
76 168
76 521
76 1195
76 110
76 984
76 434
76 344
77 865
77 482
77 742
77 471
77 1196
77 815
77 1207
77 1050
77 1180
78 396
78 426
78 492
78 560
78 1042
78 150
78 920
78 282
78 442
78 511
79 1059
79 997
79 647
79 619
79 272
79 81
79 1077
79 203
79 925
79 511
80 481
80 1186
80 118
80 112
80 683
80 706
80 1005
80 1232
80 1202
80 626
80 502
80 1115
80 380
80 958
81 871
81 455
81 107
81 236
81 1233
81 1010
81 243
81 692
81 378
81 638
82 260
82 549
82 295
82 555
82 973
82 339
82 1013
82 861
82 1119
83 770
83 1186
83 431
83 850
83 153
83 1050
83 830
84 705
84 547
84 262
84 363
84 1135
84 304
84 659
84 756
84 1110
84 349
85 889
85 179
85 1236
85 761
85 351
86 1090
86 291
86 805
86 1135
86 305
86 835
86 856
87 672
87 168
87 1161
87 299
87 205
87 659
87 951
87 765
88 796
88 380
88 746
88 311
88 284
88 766
89 545
89 1211
89 388
89 1063
89 1127
89 908
89 943
89 626
89 629
89 664
89 571
89 956
89 223
90 919
90 845
90 240
90 287
90 1013
90 886
90 791
90 857
90 955
90 1087
91 609
91 1189
91 742
91 556
91 814
91 605
91 432
91 221
91 446
91 986
91 762
91 1246
91 1151
92 613
92 296
92 457
92 330
92 1079
92 1132
92 407
92 760
92 250
92 1210
92 485
93 825
93 220
93 765
93 341
93 991
94 389
94 906
94 342
94 599
94 121
94 453
95 164
95 485
95 1053
95 407
95 665
95 698
95 543
95 410
95 223
96 865
96 706
96 643
96 676
96 529
96 1193
96 108
96 931
97 964
97 389
97 744
97 524
97 365
97 720
97 787
97 281
97 346
97 283
97 1023
98 987
98 871
98 519
98 943
98 400
98 658
98 213
98 631
98 699
98 188
98 1215
99 673
99 945
99 1191
99 879
99 816
99 1233
99 691
99 1014
99 922
100 130
100 678
100 519
100 621
100 344
100 533
100 856
100 381
100 287
101 226
101 1164
101 1071
101 1104
101 1045
101 889
101 927
102 801
102 293
102 966
102 487
102 552
102 749
102 942
102 1016
102 601
103 993
103 962
103 420
103 581
103 1159
103 596
103 607
103 412
103 383
104 226
104 1059
104 636
104 501
104 535
105 1124
105 775
105 1160
105 173
105 208
105 1235
105 276
106 843
106 1034
106 331
106 562
106 195
106 246
106 126
107 321
107 547
107 870
107 1000
107 620
107 624
107 433
107 178
107 211
107 597
107 952
107 400
107 1119
108 992
108 480
108 450
108 837
108 1132
108 857
108 793
108 219
108 1116
108 318
109 641
109 387
109 1129
109 555
109 973
109 369
109 1140
109 1054
110 160
110 865
110 871
110 296
110 170
110 1067
110 780
110 270
110 216
110 665
110 640
110 699
110 605
111 992
111 931
111 901
111 1030
111 273
111 268
111 524
111 1102
111 472
111 882
111 1070
111 184
111 348
111 460
111 767
112 258
112 228
112 840
112 169
112 906
112 1099
112 788
112 949
112 411
112 445
113 709
113 198
113 214
113 1209
113 575
113 1020
113 1213
113 223
114 576
114 513
114 262
114 781
114 398
114 593
114 819
114 468
114 662
114 544
114 282
114 479
115 1122
115 964
115 325
115 423
115 142
115 146
115 654
115 503
115 888
115 516
115 348
116 193
116 1154
116 1190
116 998
116 373
116 843
116 813
116 1204
116 789
116 890
116 191
116 351
117 165
117 839
117 841
117 715
117 1069
117 207
117 1106
117 1241
117 217
117 252
117 861
117 126
118 1185
118 836
118 1032
118 523
118 624
118 1043
118 152
118 511
118 799
119 482
119 315
119 516
119 138
119 272
119 1107
119 277
119 1206
119 503
119 952
119 1013
119 222
119 1215
120 352
120 1088
120 802
120 1248
120 333
120 495
120 1076
120 185
120 826
120 1021
120 351
121 513
121 455
121 618
121 406
121 1017
121 539
122 769
122 1123
122 161
122 968
122 651
122 812
122 878
122 400
122 473
122 574
122 991
123 227
123 836
123 424
123 394
123 176
123 920
123 505
123 762
123 636
123 767
124 1131
124 1096
124 747
124 300
124 557
124 399
124 1040
124 596
124 438
124 1172
124 506
124 1211
125 769
125 964
125 486
125 449
125 1045
125 472
125 1183
126 837
126 839
126 405
126 137
126 1199
126 886
126 822
126 885
126 917
126 954
127 417
127 258
127 356
127 401
127 1143
127 1100
127 654
127 625
127 1142
127 1015
127 314
127 507
127 895
128 612
128 1061
128 1224
128 458
128 392
128 595
128 278
128 1210
128 925
129 609
129 803
129 901
129 1038
129 499
129 1169
129 723
129 980
129 537
129 1021
129 351
130 1035
130 965
130 711
130 1161
130 782
130 978
130 467
130 212
131 707
131 774
131 625
131 940
131 628
131 472
131 221
131 382
132 256
132 368
132 200
132 1037
132 622
132 752
132 849
132 600
132 1149
133 1025
133 1000
133 1070
133 975
133 179
133 445
133 1039
133 605
133 574
134 1160
134 884
134 276
134 1243
135 379
135 1019
136 928
136 1243
136 358
136 232
136 600
136 140
136 1019
136 783
136 1144
136 722
136 343
136 152
136 987
136 1245
137 704
137 1218
137 581
137 747
137 236
137 1169
137 1075
137 935
138 706
138 838
138 295
138 493
138 622
138 536
138 210
138 468
138 1238
138 1240
138 798
138 703
139 1156
139 483
139 324
139 198
139 455
139 1067
139 463
139 243
139 196
139 1063
139 285
139 287
140 1187
140 1137
140 584
140 493
140 1075
140 1012
140 1206
140 727
140 1016
140 410
140 1115
140 1242
141 768
141 801
141 450
141 677
141 865
141 1065
141 1227
141 332
141 244
141 694
141 1241
141 762
141 702
142 1091
142 227
142 388
142 566
142 583
142 808
142 1004
142 427
142 876
142 580
142 328
142 1078
142 1177
142 484
142 1211
143 920
143 912
143 707
143 836
143 733
144 912
144 386
144 996
144 358
144 1224
144 172
144 720
144 147
144 596
144 630
144 216
144 1052
145 1058
145 517
145 614
145 1033
145 1003
145 814
145 178
145 1011
145 500
145 981
145 841
145 604
146 233
146 617
146 266
146 939
146 910
146 210
146 982
146 489
146 1083
146 1117
146 394
147 881
147 201
147 972
147 973
147 785
147 531
147 1045
147 1147
148 580
148 648
148 171
148 877
148 336
148 342
148 599
148 890
148 413
149 545
149 963
149 586
149 1230
149 756
149 373
149 921
149 346
150 225
150 293
150 1249
150 585
150 619
150 237
150 784
150 242
150 729
150 984
150 281
150 666
151 737
151 514
151 516
151 648
151 652
151 1040
151 946
151 342
151 538
152 668
152 1059
152 489
152 656
152 371
152 1174
152 316
152 1053
153 1010
153 595
153 694
153 1083
153 284
154 480
154 709
154 657
154 488
154 202
154 747
154 610
154 815
154 1128
154 691
154 756
154 1143
154 760
154 665
154 1148
155 1216
155 240
155 930
155 968
155 459
155 1134
155 1167
155 755
155 476
155 253
156 611
156 581
156 1191
156 715
156 601
156 1181
157 640
157 481
157 740
157 197
157 774
157 1000
157 1152
157 748
157 659
157 475
157 800
158 323
158 1030
158 550
158 717
158 1167
158 594
158 1172
158 729
158 217
159 769
159 582
159 1222
159 519
159 552
159 811
159 812
159 392
159 1010
159 435
159 600
159 218
159 1019
159 479
160 833
160 278
160 995
160 519
160 647
160 1075
160 494
160 598
160 985
160 1051
161 417
161 1126
161 801
161 811
161 816
161 882
161 917
161 886
161 409
161 571
161 796
161 319
162 448
162 609
162 1002
162 491
162 558
162 303
162 946
162 1213
162 606
163 488
163 1228
163 1133
163 495
163 242
163 499
163 950
163 249
163 850
163 1085
163 798
163 1151
164 1186
164 393
164 866
164 1052
164 625
164 978
164 691
164 245
164 1111
164 633
164 186
164 1020
164 1109
165 1186
165 803
165 645
165 993
165 234
165 815
165 528
165 1048
165 687
166 847
166 877
166 582
166 1094
166 519
166 333
166 399
166 977
166 818
166 246
166 345
166 644
166 540
166 831
167 770
167 483
167 454
167 393
167 529
167 634
167 671
168 354
168 230
168 812
168 327
168 181
168 632
168 443
168 253
169 641
169 226
169 870
169 872
169 905
169 203
169 659
169 735
169 734
169 1087
170 770
170 1233
170 971
170 845
170 918
170 369
170 1206
170 1149
171 904
171 275
171 949
171 567
171 859
171 925
172 579
172 506
172 282
172 1182
173 228
173 966
173 391
173 202
173 1165
173 949
173 1142
173 887
174 514
174 868
174 582
174 298
174 235
174 305
174 1042
174 440
174 347
174 650
175 1040
175 1057
175 323
175 919
176 576
176 641
176 579
176 1105
176 1128
176 749
176 334
176 463
176 1040
176 625
176 886
176 316
176 510
176 1247
177 616
177 1065
177 762
177 1067
178 514
178 1091
178 1073
178 1223
178 910
178 655
178 756
178 1108
178 1039
178 785
178 925
178 1214
179 395
179 390
179 1162
179 875
179 217
179 970
180 224
180 483
180 747
180 526
180 733
180 561
180 691
180 1079
180 697
180 573
180 510
181 544
181 416
181 1035
181 620
181 558
181 1064
181 1246
181 444
181 1022
181 1183
182 769
182 258
182 356
182 399
182 819
182 1017
182 440
182 825
182 506
182 507
182 765
183 1189
183 845
183 239
183 1105
183 237
183 1238
184 1248
184 1217
184 315
184 1124
184 935
184 491
184 718
184 1135
184 807
184 871
184 513
184 814
184 452
184 732
184 829
185 1189
185 295
185 360
185 342
185 217
185 571
185 540
185 1150
185 965
186 449
186 1187
186 978
186 1107
186 1238
186 763
187 296
187 342
187 365
187 926
187 951
188 961
188 771
188 296
188 1131
188 1224
188 346
188 232
189 833
189 804
189 1062
189 779
189 687
190 732
190 758
190 1001
190 218
190 1084
190 989
191 301
191 213
192 482
192 1062
192 968
192 778
192 748
192 445
192 947
192 407
192 409
192 986
192 1199
192 1082
192 830
193 353
193 1186
193 324
193 1003
193 268
193 1039
193 656
193 1243
193 382
194 960
194 1091
194 390
194 200
194 786
194 825
194 285
195 1249
195 866
195 517
195 614
195 1162
195 750
195 818
195 430
195 214
195 567
195 920
195 602
196 708
196 694
196 1131
196 1038
196 975
196 784
196 1141
196 950
196 346
196 959
197 1057
197 619
197 964
197 459
197 274
197 595
197 1111
198 288
198 1091
198 1193
198 1068
198 440
198 573
198 542
199 672
199 1126
199 358
199 595
199 1204
199 535
199 637
200 1024
200 611
200 461
200 1139
201 832
201 292
201 294
201 871
201 840
201 362
201 876
201 814
201 687
201 744
201 1012
201 758
201 279
201 824
201 580
201 1020
202 262
202 552
202 943
202 945
202 984
202 1049
202 412
203 592
203 563
203 698
203 506
204 1084
204 910
204 303
204 1018
204 284
204 1119
205 1122
205 843
205 710
205 465
205 1031
205 652
205 759
205 913
205 628
205 724
205 830
206 673
206 1125
206 1121
206 557
206 947
206 1172
206 757
206 313
206 1242
206 283
207 928
207 513
207 901
207 267
207 941
207 1201
207 312
207 923
207 926
208 323
208 549
208 999
208 296
208 878
208 915
208 351
209 354
209 870
209 394
209 398
209 215
209 1116
210 362
210 850
210 247
210 728
211 992
211 491
211 1190
211 807
211 715
211 781
211 433
211 1105
211 914
211 662
211 604
211 350
212 966
212 583
212 330
212 587
212 1080
212 697
213 387
213 710
213 456
213 623
213 433
213 660
213 951
214 385
214 546
214 900
214 1061
214 935
214 296
214 636
214 812
214 271
214 531
214 1141
214 1241
214 314
214 1180
214 1181
214 894
215 480
215 642
215 579
215 711
215 876
215 300
215 1040
215 949
215 689
215 1018
215 1053
215 410
216 651
216 619
216 1036
216 724
216 534
216 792
216 411
216 316
217 832
217 480
217 389
217 423
217 1128
217 560
217 808
217 595
217 534
217 1146
217 636
218 547
218 540
218 951
218 243
218 825
218 956
219 964
219 456
219 628
219 1050
220 359
220 938
220 1167
220 757
220 1145
220 783
220 1022
221 579
221 586
221 1132
221 239
221 568
221 1066
221 639
222 776
222 618
222 235
222 783
222 881
222 883
222 917
222 765
223 384
223 1072
223 997
223 529
223 240
223 691
223 308
223 726
224 480
224 816
224 802
224 452
224 997
224 912
224 580
224 697
224 891
224 1086
224 389
225 514
225 299
225 518
225 231
225 456
225 651
225 304
225 1233
225 375
225 573
225 767
226 1153
226 423
226 1228
226 270
226 561
226 1075
226 654
226 471
227 482
227 579
227 261
227 295
227 943
227 754
227 1187
227 254
227 1113
227 638
227 351
228 256
228 1104
228 343
228 1195
228 260
228 449
228 552
228 330
228 491
228 691
228 823
228 631
228 794
229 518
229 328
229 1003
229 1136
229 246
229 1051
230 496
230 1102
230 688
230 374
230 445
230 639
231 1060
231 263
231 1096
231 690
231 787
231 921
231 348
232 288
232 1156
232 240
232 712
232 665
232 637
233 484
233 464
233 787
233 826
233 538
233 383
234 1089
234 835
234 422
234 391
234 744
234 583
234 372
234 474
234 1181
234 455
235 323
235 516
235 1128
235 653
235 1117
235 530
235 1091
235 285
235 893
236 292
236 389
236 518
236 919
236 582
236 975
236 1174
236 951
236 859
236 1182
236 959
237 251
237 807
237 264
237 362
237 1031
237 1036
237 493
237 496
237 530
237 533
237 1048
237 697
237 858
237 1179
237 829
237 341
238 968
238 876
238 1132
238 1074
238 883
238 662
238 1015
238 858
238 893
239 1184
239 515
239 260
239 359
239 1066
239 1045
239 600
239 636
240 258
240 527
240 666
240 1051
240 289
240 932
240 714
240 962
240 838
240 970
240 1105
240 852
240 1237
240 624
240 881
240 1010
240 639
241 544
241 296
241 429
241 792
241 573
241 1182
242 484
242 874
242 1227
242 332
242 1204
242 470
242 728
242 794
242 517
243 641
243 440
243 644
243 293
243 360
243 388
243 590
243 558
243 758
243 1048
243 1081
243 285
243 1086
244 1121
244 418
244 483
244 523
244 845
244 430
244 312
245 609
245 1156
245 291
245 810
245 1133
245 750
245 881
245 1011
245 1045
245 534
245 313
245 804
245 1149
245 917
246 1157
246 419
246 1028
246 453
246 1033
246 428
246 1101
246 785
246 1204
246 602
246 383
247 800
247 928
247 898
247 1000
247 316
247 748
247 1134
247 661
247 598
247 1116
247 478
248 1058
248 395
248 1100
248 979
249 740
249 470
249 262
249 913
249 585
249 842
249 620
249 461
249 1201
249 969
249 822
249 1194
249 377
249 669
249 511
250 1056
250 1081
250 944
251 1219
251 676
251 933
251 1081
251 831
252 1028
252 329
252 651
252 813
252 944
252 433
252 914
252 790
252 344
252 315
252 405
253 739
253 523
253 971
253 368
253 648
253 1045
253 1212
253 255
254 835
254 324
254 869
254 745
254 1005
254 1231
254 1045
254 342
255 673
255 739
255 284
255 522
255 301
255 336
255 788
255 633
255 1145
255 1052
256 673
256 706
256 549
256 264
256 875
256 878
256 821
256 952
256 1054
257 792
257 1184
257 1042
257 268
257 349
258 992
258 802
258 868
258 901
258 1121
258 1099
258 334
258 1199
258 469
258 1048
258 441
259 577
259 867
259 1124
259 1228
259 977
259 632
260 579
260 358
260 551
260 492
260 1111
260 300
260 1230
260 1136
260 916
260 1207
260 445
260 382
260 319
261 676
261 745
261 750
261 820
261 981
261 635
261 1182
261 469
262 1159
262 520
262 436
262 428
262 658
262 855
262 318
263 704
263 323
263 840
263 844
263 973
263 592
263 803
263 726
263 830
264 1024
264 864
264 1249
264 904
264 1198
264 512
264 465
264 532
264 757
264 1206
264 695
265 482
265 1028
265 998
265 938
265 509
265 561
265 403
265 730
265 476
265 298
266 673
266 419
266 961
266 360
266 523
266 463
266 275
266 340
266 471
266 699
266 735
266 959
267 897
267 911
267 435
267 752
267 562
267 851
267 1206
267 1247
267 479
268 1120
268 611
268 460
268 686
268 434
268 984
268 895
269 545
269 323
269 938
269 877
269 847
269 466
269 691
269 1019
269 542
270 847
270 501
270 1206
270 280
271 355
271 586
271 334
271 1041
271 462
271 1078
271 633
272 965
272 876
272 784
272 469
272 1240
272 1085
272 637
273 992
273 897
273 1003
273 780
273 718
273 572
273 734
274 539
274 1222
274 424
274 969
274 1068
274 465
274 498
274 883
274 568
274 1244
274 933
275 1153
275 617
275 601
275 1084
276 963
276 879
276 663
276 921
276 410
277 993
277 962
277 939
277 873
277 599
277 880
277 914
277 1172
278 389
278 1130
278 524
278 493
278 566
279 465
279 781
279 942
279 783
279 1169
280 391
280 809
280 1045
280 536
280 825
280 570
280 735
281 907
281 310
281 1032
281 715
281 594
281 366
281 1170
281 419
281 916
281 311
281 634
281 1021
281 491
282 450
282 1125
282 839
282 523
282 1167
282 526
282 921
282 923
283 384
283 417
283 929
283 586
283 1111
283 588
283 525
283 432
283 311
283 536
283 700
283 573
284 1188
284 871
284 424
284 1003
284 462
284 436
284 758
284 516
284 799
285 901
285 614
285 405
285 790
285 1143
285 379
285 350
286 513
286 516
286 709
286 1036
286 788
286 1079
286 793
286 765
287 1075
287 368
287 915
287 629
287 375
287 601
288 320
288 738
288 1028
288 677
288 618
288 900
288 317
289 593
289 1012
289 405
289 758
289 762
290 480
290 418
290 515
290 1093
290 1190
290 648
290 1116
290 767
291 1089
291 963
291 678
291 1121
291 850
291 654
291 1136
291 369
291 818
291 1204
292 546
292 675
292 742
292 940
292 354
292 1134
292 945
292 1174
292 1114
293 453
293 746
293 1232
293 732
293 831
294 454
294 1192
294 1131
294 978
294 727
294 987
295 434
295 302
295 534
296 804
296 1157
296 1191
296 971
296 1004
296 1133
296 435
296 1173
296 950
297 609
297 743
297 712
297 513
297 1143
297 1213
298 409
298 1015
299 452
299 1072
299 400
299 1238
299 443
300 1184
300 483
300 1096
300 812
300 527
300 1113
300 406
300 516
300 868
301 896
301 895
301 996
301 809
301 524
301 496
301 853
301 537
302 738
302 387
302 455
302 1032
302 873
302 748
302 1230
302 978
302 822
302 409
302 1241
302 380
303 672
303 964
303 361
303 843
303 880
303 594
303 756
303 317
304 864
304 328
304 817
304 315
304 1151
305 386
305 1224
305 523
305 913
305 782
305 1019
305 1148
305 1118
306 1249
306 651
306 684
306 397
306 1231
306 569
306 602
306 698
307 418
307 1159
307 552
307 1098
307 825
307 372
307 1047
307 409
307 573
308 360
308 918
308 603
309 345
309 522
309 668
309 900
309 1174
310 505
310 998
310 1064
310 489
310 687
310 424
310 1205
310 1015
310 719
310 349
311 866
311 598
311 1137
311 423
311 780
311 610
311 719
311 499
311 1046
311 376
311 956
312 842
312 908
312 886
312 983
312 1240
312 340
312 943
313 642
313 1091
313 517
313 1126
313 743
313 330
313 839
313 974
313 849
313 374
313 439
313 857
313 1147
313 949
314 502
314 1063
314 979
314 885
314 887
314 895
314 703
315 349
315 370
315 852
315 949
315 538
315 987
315 733
315 511
316 590
316 1040
316 787
316 502
316 350
317 993
317 423
317 775
317 878
317 376
317 1139
317 728
318 960
318 1218
318 739
318 965
318 776
318 1162
318 1040
318 1074
318 950
318 987
318 380
319 1059
319 581
319 550
319 476
319 336
319 348
320 801
320 1060
320 1104
320 786
320 1236
320 636
320 766
321 1216
321 707
321 549
321 935
321 809
321 1071
321 807
322 623
322 527
323 454
323 360
323 462
323 753
323 1110
324 486
324 904
324 1033
324 1208
325 363
325 1032
325 1132
325 427
325 1004
325 1108
325 438
325 638
326 716
327 395
327 1010
327 1142
327 665
327 1147
327 1182
328 1249
328 712
328 632
328 1162
328 1227
328 684
328 881
328 374
328 440
328 607
329 1088
329 680
329 713
329 363
329 364
329 532
329 495
329 628
329 340
329 568
329 1049
329 1208
330 641
330 1128
330 1199
330 904
330 595
330 1077
330 1111
330 633
330 1116
330 1117
330 1150
330 671
331 899
331 518
331 646
331 1192
331 653
331 1103
331 691
331 948
331 440
331 475
331 1130
331 645
332 998
332 826
332 1087
333 673
333 924
333 815
333 914
333 980
333 821
333 668
333 703
334 960
334 513
334 548
334 716
334 1154
334 855
334 858
335 355
335 845
335 596
335 407
335 379
336 481
336 583
336 459
336 999
336 538
336 767
336 381
337 644
337 551
337 749
337 433
337 786
337 629
337 727
337 1017
337 574
338 1056
338 712
338 476
338 560
339 1124
339 646
339 746
339 501
339 708
339 827
340 675
340 1139
340 679
340 585
340 364
340 750
340 691
340 511
340 1077
340 504
340 1241
340 853
341 645
341 1069
341 1234
341 860
341 735
342 894
342 1190
342 872
342 489
342 1099
342 460
342 1051
342 524
342 627
342 439
342 571
343 682
343 1227
343 464
343 785
344 360
344 1192
344 853
344 855
344 856
344 1050
345 608
345 749
345 1135
345 598
345 376
346 881
346 917
346 1048
347 577
347 1123
347 396
347 1133
347 1008
347 629
347 510
347 415
348 352
348 564
348 572
349 912
349 784
349 1014
349 474
349 735
349 991
350 768
350 929
350 811
350 708
350 613
350 423
350 1180
350 938
350 1063
350 1200
350 634
350 987
351 608
351 960
351 513
351 715
351 783
351 981
352 742
352 359
352 616
352 1066
352 749
352 590
352 943
352 721
352 916
352 862
352 799
353 996
353 1233
353 1239
353 890
353 1149
354 547
354 1073
354 362
354 628
354 1236
354 537
354 1211
354 925
355 674
355 515
355 745
355 523
355 1101
355 847
355 1045
355 602
356 971
356 518
356 870
356 711
356 843
356 1102
356 559
356 848
356 1049
356 927
356 476
356 574
357 962
357 643
357 362
357 941
357 597
357 728
357 959
358 681
358 1104
358 531
358 1028
358 634
358 1151
358 1178
358 1247
359 1121
359 741
359 422
359 1163
359 1197
359 911
359 694
359 408
359 859
359 636
360 1043
360 804
360 1070
360 435
360 1175
360 954
360 476
360 1182
360 959
361 420
361 904
361 521
361 622
361 754
362 1155
362 1032
362 1106
362 593
362 1087
363 609
363 585
363 557
363 627
364 628
365 966
365 937
365 435
365 438
365 1112
366 998
366 909
366 942
366 562
366 948
367 834
367 764
367 1117
367 658
367 943
368 611
368 904
368 495
368 465
368 474
368 1214
369 706
369 683
369 998
369 1041
369 803
369 404
369 761
370 849
370 749
370 1175
371 679
371 687
371 697
371 730
371 379
371 991
372 608
372 577
372 1060
372 967
372 814
372 791
372 829
373 832
373 864
373 489
373 1227
373 879
373 881
373 659
373 448
373 501
373 601
373 670
374 646
374 746
374 1012
374 1237
374 631
374 506
375 801
375 452
375 614
375 840
375 874
375 659
375 691
376 1121
376 1030
376 988
376 905
376 1170
376 500
376 796
376 957
376 639
377 1011
378 386
378 419
378 486
378 871
378 622
378 759
378 778
378 702
379 865
379 796
379 688
379 1148
379 526
379 400
379 725
379 509
379 508
380 554
380 1234
380 468
380 470
380 695
380 920
380 633
380 1151
381 741
382 1186
382 1220
382 1191
382 461
382 623
382 402
382 947
382 597
382 506
382 767
383 1057
383 452
383 712
383 812
383 456
383 612
383 1130
384 417
384 546
384 923
384 1224
384 1207
384 866
384 783
384 1169
384 756
384 1054
384 1113
384 495
384 600
384 948
384 670
385 775
385 1193
385 1127
385 1042
385 1235
385 713
385 664
385 542
385 447
386 627
386 387
386 1126
386 518
386 906
386 1219
386 983
386 892
387 640
387 1026
387 1156
387 743
387 905
387 601
387 1141
387 1247
388 1137
388 488
388 618
388 1036
388 750
388 783
388 680
388 590
389 676
389 423
389 452
389 957
389 767
390 1128
390 1005
390 949
390 407
390 917
390 1077
391 929
391 962
391 517
391 1063
391 1127
391 942
391 879
391 1040
391 468
391 855
391 1012
392 552
392 554
392 1135
392 824
392 879
393 867
393 490
393 1004
393 1038
393 1135
393 944
394 675
394 902
394 1159
394 490
394 811
394 560
394 980
394 1022
395 1222
395 1172
395 709
395 902
395 724
395 664
395 601
395 605
395 1108
396 1225
396 692
396 398
396 893
396 639
397 1184
397 815
397 738
397 1068
397 1202
397 975
397 1045
397 598
397 727
397 1231
398 576
398 480
398 1163
398 572
398 682
398 988
399 1220
399 616
399 518
399 1227
399 662
399 1167
399 1106
399 948
399 501
399 630
399 855
399 635
400 421
400 939
400 955
401 993
401 1124
401 1029
401 871
401 617
401 1101
401 1139
401 468
401 725
401 969
401 924
401 597
402 1191
402 843
402 1228
402 974
402 1118
402 471
402 665
403 1187
403 806
403 945
403 1173
403 857
404 615
404 557
404 1166
404 1167
404 759
404 959
405 705
405 1192
405 764
405 621
405 1072
405 1246
406 1125
406 1073
406 972
406 493
406 1006
406 719
406 1169
406 756
406 534
406 983
407 930
407 874
407 432
407 978
407 1172
407 637
407 410
408 1059
408 934
408 522
408 1044
408 955
408 606
409 482
409 1124
409 620
409 1109
409 1080
409 516
409 1243
410 1153
410 1188
410 679
410 701
410 816
410 1045
410 1239
410 863
410 1149
411 520
411 777
411 664
411 879
411 1224
411 658
411 439
411 1148
412 609
412 930
412 654
412 766
413 800
413 1014
413 1160
413 1097
413 982
413 1117
414 1155
414 433
414 974
414 1073
414 819
414 1076
414 1087
415 613
415 874
415 661
415 1239
415 572
416 960
416 432
416 1042
417 1188
417 904
417 873
417 620
417 953
417 1149
418 930
418 484
418 883
418 702
419 612
419 939
419 1162
419 666
420 1125
420 596
420 822
420 631
420 852
421 1216
421 739
421 617
421 1036
421 1244
421 856
421 442
421 1020
421 1182
422 1057
422 964
422 1061
422 488
422 718
422 945
422 1205
422 1178
422 991
423 1024
423 675
423 1166
423 527
423 562
423 500
423 821
423 1145
423 956
423 479
424 448
424 646
424 583
424 1133
424 685
424 1118
425 994
425 451
425 555
425 1007
425 980
425 600
425 724
426 1094
426 1158
426 584
426 585
426 630
426 974
426 502
426 894
426 741
427 763
427 1029
427 781
427 1017
427 858
427 443
427 830
428 1156
428 584
428 722
428 1048
428 953
428 1242
428 540
428 511
429 936
429 1106
429 819
429 441
429 1178
430 1187
430 1009
430 599
430 468
431 1120
431 1193
431 461
431 526
431 816
431 471
431 792
432 1185
432 779
432 1035
432 1103
432 1041
432 787
432 919
432 694
432 536
432 1113
433 640
433 769
433 1014
433 598
433 989
434 906
434 1003
434 974
434 1198
434 816
434 821
434 854
434 797
434 597
435 833
435 617
435 523
435 680
435 797
436 496
436 612
436 871
436 873
436 906
436 747
436 524
436 912
436 788
436 1124
436 767
436 671
437 1233
437 1226
437 842
438 756
438 1244
438 1023
439 933
439 1006
439 1140
439 630
440 1122
440 1064
440 584
440 722
440 989
441 929
441 780
441 1075
441 1052
441 861
442 1188
442 659
442 889
442 1052
442 1119
443 833
443 515
443 1032
443 1059
443 1000
443 1243
444 969
444 970
444 916
444 575
445 942
445 1170
445 788
445 1147
445 541
446 1196
446 987
446 1117
446 931
446 469
446 664
446 603
446 765
447 1198
447 945
447 504
447 508
447 542
448 489
448 938
448 776
448 1075
448 667
449 1249
449 999
449 521
449 967
449 910
449 1168
449 982
449 791
449 1051
449 1150
450 736
450 571
450 483
450 772
450 551
450 744
450 920
450 539
450 734
450 1119
451 643
451 710
451 1062
451 873
451 1102
451 528
452 896
452 1231
452 1049
452 602
452 925
453 859
453 932
453 1070
453 1199
453 592
453 659
453 1013
453 730
453 847
453 794
453 661
454 937
454 765
454 696
454 1213
454 895
455 609
455 1091
455 741
455 1159
455 620
455 739
455 756
455 1015
456 1156
456 685
456 883
456 1045
456 636
457 902
457 1000
457 491
457 844
457 1133
457 689
458 929
458 1127
458 905
458 1069
458 525
458 481
458 1044
458 664
458 1172
459 912
459 742
459 913
459 881
459 627
459 500
459 710
459 1081
459 474
459 603
459 572
460 864
460 582
460 744
460 1162
460 957
461 1238
462 1216
462 1059
462 901
462 813
462 502
462 1247
462 863
463 580
463 613
463 466
463 852
463 1141
463 516
463 858
463 1243
463 522
463 799
464 518
464 1161
464 652
464 1071
464 858
465 466
465 1209
466 480
466 898
466 716
466 825
466 794
466 815
467 1160
467 1131
467 620
467 558
467 889
467 508
468 578
468 1155
468 618
468 525
468 814
468 1103
468 1076
468 1114
468 733
469 578
469 996
469 938
469 654
469 847
469 1173
469 954
469 893
470 677
470 1166
470 885
470 632
470 789
471 1096
471 821
472 1121
472 679
472 713
472 586
472 941
472 918
472 762
472 671
473 1249
473 610
473 1169
473 589
473 656
473 817
473 925
474 976
474 1091
474 1052
474 562
474 819
474 956
475 704
475 872
475 935
476 1217
476 1211
476 612
476 979
477 806
477 558
477 947
477 622
477 1082
477 925
478 1220
478 677
478 1037
478 526
478 1197
479 1185
479 550
479 719
479 1149
480 995
480 551
480 778
480 1172
480 1046
480 699
481 955
481 517
481 646
481 1230
481 1201
481 1083
481 666
481 571
481 741
482 642
482 1227
482 1164
482 1138
482 698
482 1050
482 894
483 1217
483 492
483 881
483 1074
483 1196
483 696
483 1146
484 583
484 659
484 1022
485 676
485 613
485 1101
485 734
485 1177
485 825
485 1021
485 894
486 513
486 743
486 1153
486 671
487 579
487 848
487 1140
487 534
487 1047
488 1171
488 842
488 1008
488 787
488 694
488 728
488 766
489 770
489 616
489 650
489 1051
490 1223
490 776
490 939
490 945
490 755
490 821
490 731
490 892
491 1216
491 1235
491 1110
492 544
492 866
492 1160
492 739
492 1013
492 580
492 1181
492 671
493 1218
493 686
493 594
494 1061
494 520
494 1194
494 840
494 658
494 884
494 500
494 682
495 805
495 881
495 939
495 1073
495 979
495 1116
495 965
496 1056
496 781
496 1125
496 872
496 841
496 1067
496 1038
496 1040
496 530
496 947
496 691
496 822
496 989
497 1032
497 602
497 876
497 597
498 873
498 1099
498 590
498 530
498 1087
499 1184
499 966
499 1048
499 732
499 798
500 694
500 679
500 688
500 1201
500 883
500 918
500 537
500 817
501 581
501 678
501 1166
501 687
501 734
501 575
502 996
502 1165
502 1106
502 565
502 1142
502 828
502 1118
503 963
503 1156
503 659
503 912
503 849
503 1110
503 543
504 1187
504 938
504 975
504 1116
504 618
505 577
505 842
505 747
505 629
505 1050
505 543
506 715
506 789
506 598
506 1111
507 994
507 963
507 662
507 726
507 728
507 793
507 767
508 545
508 1187
508 836
508 614
508 870
508 1194
508 556
508 1237
508 630
508 669
509 1211
509 967
509 1066
509 1134
509 1075
509 660
509 981
509 1239
509 1209
510 609
510 1060
510 1189
510 841
510 523
510 535
510 572
510 701
510 517
511 929
511 557
511 1104
511 891
512 841
512 933
512 709
513 675
513 740
513 1190
513 1207
513 884
513 1013
513 1142
513 1015
513 1083
514 684
514 753
514 757
514 569
514 1085
515 731
515 904
515 748
515 628
515 852
515 927
516 768
516 577
516 804
516 1222
516 556
516 592
516 531
517 1142
517 650
517 551
517 790
517 1061
517 991
518 1056
518 579
518 935
518 521
518 654
519 1218
519 560
519 757
519 662
519 1113
519 1020
520 521
520 1043
520 788
520 926
520 540
520 798
521 929
521 961
521 1039
521 668
521 1150
522 1056
522 1185
522 763
522 1065
522 1006
522 699
523 736
523 650
523 1135
523 675
523 959
524 900
524 812
524 1115
525 770
525 719
525 882
525 788
525 823
525 916
525 666
526 934
526 742
526 781
526 1202
526 636
527 553
527 778
527 700
527 669
528 994
528 873
528 620
528 1104
528 946
528 1235
528 1239
528 1210
528 1178
528 979
529 928
529 1064
529 828
529 718
529 911
529 1204
529 1020
530 1092
530 807
530 653
530 663
530 761
530 868
530 1021
531 589
532 867
532 935
532 826
532 570
532 573
533 647
533 989
533 664
533 537
533 826
533 1114
534 1147
534 914
534 826
534 859
535 569
536 704
536 1249
536 808
536 1003
536 718
536 1020
536 989
537 813
537 950
537 1240
537 1245
538 896
538 720
538 653
538 1011
538 1204
539 641
539 875
539 588
539 558
539 754
539 814
539 573
539 830
540 1058
540 1083
540 840
540 1196
540 845
540 808
540 824
540 987
540 924
540 703
541 1096
541 593
541 1202
541 661
541 892
542 864
542 962
542 899
542 690
543 802
543 1130
543 818
543 760
543 1210
543 637
543 959
544 566
544 838
544 1097
544 750
544 902
544 1044
544 886
545 686
545 823
545 1082
545 573
546 706
546 1125
546 725
546 923
546 773
547 651
547 978
547 1020
547 798
548 898
548 583
548 675
548 990
549 1160
549 717
549 721
549 631
549 904
550 1089
550 780
550 690
550 1046
550 572
550 1213
550 671
551 832
551 562
551 566
551 900
551 635
551 828
552 644
552 712
552 658
552 1220
552 1020
553 999
553 808
553 584
553 916
553 724
553 890
553 1007
554 582
554 908
554 926
554 1022
555 736
555 673
555 656
555 849
555 1141
555 1079
555 1208
555 767
556 1120
556 737
556 1219
556 1092
556 636
556 1137
556 1022
557 805
557 1132
558 865
558 967
558 1110
558 920
559 868
559 1199
559 628
559 1175
559 1145
559 639
560 960
560 1225
560 972
560 1041
560 789
560 1046
560 1019
561 1168
561 1185
561 622
561 1232
561 566
561 1239
561 664
561 924
562 640
562 867
562 714
562 963
562 667
563 652
563 806
563 1127
564 737
564 1090
564 806
565 1195
565 1220
565 1226
565 1035
566 800
566 966
566 1191
566 595
566 1110
566 667
566 1180
567 822
567 886
567 627
567 981
567 726
568 579
568 746
568 889
568 1114
568 1052
568 639
569 1123
569 1135
569 1187
570 618
570 758
570 1078
571 624
571 1112
571 1242
571 1118
572 1172
572 657
572 976
572 1012
572 862
572 760
572 1214
573 769
573 685
573 1209
574 1248
574 867
574 749
574 690
574 825
575 866
575 714
575 688
575 595
575 629
575 889
576 1104
576 755
576 918
577 932
577 1043
577 764
578 1020
578 1019
579 896
579 877
579 719
579 636
580 1248
580 1160
580 845
580 1104
580 722
581 673
581 993
581 1131
581 1005
581 1246
582 611
582 965
582 650
582 1004
582 1103
582 1008
582 625
582 1161
582 632
582 1147
583 816
583 995
583 1226
583 1045
583 920
583 795
583 988
584 642
584 1236
584 598
584 1178
584 796
585 836
585 903
585 1231
585 819
585 1113
586 1027
586 905
586 686
586 723
587 668
587 670
588 960
588 804
588 842
588 1197
588 752
588 951
589 618
589 1139
589 1058
590 1089
590 1249
590 651
590 630
591 1132
591 757
591 1142
591 703
592 1203
592 921
592 728
592 1209
592 958
592 1029
593 936
593 910
593 880
593 964
593 607
594 740
594 1193
594 973
595 1241
595 665
596 1221
596 1073
596 1082
597 608
597 1089
597 939
597 1248
597 1039
597 1207
598 833
598 1027
598 900
598 1217
598 620
598 803
598 1155
598 823
598 1148
598 1245
598 1055
599 836
599 1223
599 1232
600 977
600 671
601 1217
601 614
601 622
602 1026
602 982
602 774
602 746
602 1005
602 1229
602 1174
603 708
603 779
603 781
603 720
603 990
603 728
603 793
603 1116
604 643
604 774
604 1000
604 1065
605 1060
605 785
605 1241
606 899
606 938
606 747
606 653
606 1053
607 643
608 1216
608 1204
608 996
608 613
608 1063
608 877
608 784
608 991
608 828
609 1147
609 901
609 710
609 1249
609 706
609 791
609 1077
609 822
609 983
610 1127
610 779
610 679
610 784
610 1242
611 653
611 936
611 1051
611 699
611 860
611 926
612 1157
612 614
612 649
612 813
612 622
612 867
612 1140
612 958
613 768
613 1172
613 663
614 1136
614 655
614 848
614 1027
614 1077
615 641
615 984
615 757
615 696
615 1146
616 1222
616 651
616 1104
617 932
617 1062
617 685
617 911
617 1144
618 1184
618 644
618 697
618 787
618 1017
618 1028
618 987
618 895
619 1088
619 1184
619 898
619 676
619 622
619 787
620 943
620 1170
620 631
620 956
620 1150
621 677
621 806
621 1244
621 815
621 732
622 1001
622 814
622 1008
622 1014
622 635
623 967
623 1238
623 701
624 993
624 898
624 643
624 1130
624 748
624 653
624 1204
624 1079
624 827
625 899
625 806
625 718
625 758
625 1176
625 765
625 862
626 1201
626 985
626 1047
626 1018
626 703
627 687
627 1115
627 799
628 1090
628 839
628 1034
628 895
629 1232
629 1059
629 679
630 838
630 631
630 1196
630 785
630 1143
631 1188
631 694
631 650
631 782
631 1046
631 827
632 1027
632 970
632 939
632 720
632 643
632 1108
632 701
633 996
634 1130
634 948
634 825
634 1051
635 833
635 711
636 1088
636 870
636 718
636 976
636 1177
636 932
637 681
637 1232
637 1010
637 703
638 907
638 717
638 1145
639 771
639 1163
639 755
639 852
639 953
640 939
640 1180
641 1091
641 1125
641 967
641 1074
641 681
642 960
642 713
642 650
642 1197
642 688
642 882
642 1016
642 732
642 926
642 863
643 1170
643 945
643 681
643 748
643 882
643 655
643 1074
643 883
643 792
644 1220
644 646
644 871
644 680
644 1069
644 1009
644 981
644 793
644 1114
645 1217
645 1094
645 1176
646 981
646 1179
646 1053
647 1128
647 1195
647 1168
647 853
647 1208
648 682
648 749
648 1167
649 997
649 721
649 760
650 927
651 993
651 788
651 1110
652 738
652 708
652 1129
652 746
652 1037
652 1016
652 795
652 986
653 672
653 1070
653 830
653 984
654 835
654 828
654 1223
654 1160
654 972
654 884
654 1213
655 1102
655 976
655 862
656 838
656 946
656 1042
656 819
656 859
656 1086
657 777
657 1072
657 1011
657 794
657 1053
658 1057
658 1027
658 1092
658 842
658 815
658 818
658 696
658 1087
659 683
659 679
659 1080
659 895
660 960
660 692
660 1204
661 1029
661 1087
661 877
661 976
661 1203
661 923
661 1149
662 847
662 1046
662 697
663 737
663 970
663 720
663 754
664 1030
664 976
664 954
664 737
665 901
665 1065
665 716
665 1069
665 1229
665 1072
665 849
665 691
665 1086
666 864
666 1195
666 1040
666 1233
666 1108
666 1144
666 701
666 830
667 769
667 997
667 1018
668 1127
668 1014
668 1245
668 1183
669 1084
669 716
669 817
669 981
669 1017
670 1056
670 1159
670 969
670 1132
670 1235
670 1205
671 840
671 1001
671 690
671 1113
672 961
672 1209
672 732
672 959
673 1126
673 913
673 735
673 1246
674 804
674 1194
674 974
674 723
674 1208
675 705
675 1142
675 1131
675 975
675 822
676 836
676 1094
676 1201
676 1012
676 996
677 1006
677 1182
678 1222
678 1245
679 987
679 901
679 746
679 973
679 852
679 1203
680 1056
680 1227
680 1112
680 708
681 1223
681 1037
681 1139
681 689
681 1238
681 1209
681 979
682 1191
682 858
682 893
683 768
683 1115
683 847
683 1235
683 815
683 989
684 996
684 1190
684 1198
685 899
685 1093
685 870
685 815
685 950
685 1118
686 864
686 931
686 804
686 1160
686 736
687 1090
687 1123
687 1194
687 881
687 1042
687 1204
687 969
687 1178
687 1083
687 956
688 704
688 972
688 1137
688 698
689 706
689 1219
689 1020
689 1042
689 824
689 1079
689 1244
690 1123
690 1197
690 1037
690 1083
690 786
690 789
690 1019
691 739
691 797
692 1104
692 1078
692 1176
692 921
693 1216
693 1080
693 1138
693 1051
693 941
694 907
695 857
695 1158
695 801
696 994
696 913
696 862
697 989
698 772
698 1189
698 1186
698 982
698 792
698 790
699 896
699 950
700 1103
700 925
700 1214
701 971
701 906
701 875
701 1133
701 881
701 818
701 1034
702 1038
702 978
702 728
703 1249
703 965
703 747
703 1230
703 1213
703 786
703 915
703 1109
703 1135
703 895
704 1056
704 1195
705 870
705 1102
706 1073
706 924
707 1002
707 724
707 1176
707 938
708 768
708 937
708 797
708 912
708 1137
708 1075
708 918
708 1117
708 1055
709 897
709 834
709 939
709 1189
709 1196
709 748
709 724
709 925
710 951
710 734
711 1216
711 931
711 1104
712 1234
714 740
714 943
714 982
715 1033
715 940
715 1068
715 1104
715 1208
716 1017
716 1241
716 1116
716 895
717 1159
717 1003
717 1112
718 896
718 868
718 1105
718 782
719 770
719 990
719 987
719 1180
720 800
720 847
720 909
720 846
720 1165
720 1174
720 1143
720 954
721 870
721 725
721 829
722 992
722 896
723 1139
724 1031
724 1231
724 1200
724 1048
724 807
724 1016
725 1025
725 1162
726 870
726 1053
726 1139
726 765
726 1214
727 868
727 1066
727 1035
727 1100
727 877
727 1202
727 1065
727 827
728 752
728 901
728 850
728 788
728 997
728 732
729 880
729 737
729 878
729 944
729 785
730 1134
730 1108
730 790
730 841
731 898
731 1172
731 855
731 1052
731 1002
731 1215
732 840
732 1043
732 976
732 1082
732 1021
733 1195
733 944
733 1077
733 1145
733 772
733 1148
734 747
734 1007
734 735
734 1018
734 1167
734 1210
734 1054
735 837
735 1136
735 1078
735 1146
736 836
737 1218
737 804
737 747
737 1114
737 1054
739 1191
739 754
739 979
739 1183
740 875
740 756
740 906
741 932
741 926
741 1087
742 1189
742 1086
743 1172
743 1094
743 747
743 1017
743 1179
743 1015
743 1211
744 999
744 776
744 861
745 811
745 1036
745 1009
745 1204
746 1237
746 927
746 1244
747 1065
747 1106
747 987
748 902
748 875
748 1091
748 1146
749 996
749 847
749 1072
749 1050
749 895
750 838
750 1101
750 1188
750 998
750 1018
751 1226
753 1067
753 853
753 1179
753 1181
754 928
754 903
754 1099
754 1200
754 824
755 841
755 1232
755 1042
755 1181
756 782
756 1136
756 1140
756 863
757 1200
757 974
757 1241
757 1245
758 1248
758 977
758 1095
758 1046
759 945
759 837
760 1000
760 1229
760 1183
761 1129
761 940
762 1090
762 901
762 951
762 797
763 994
763 996
763 781
763 827
764 1188
764 1065
764 1244
765 997
765 941
765 1133
765 910
765 847
765 1204
765 1062
766 1141
766 925
767 1164
767 1232
767 913
767 947
767 949
767 854
767 1081
768 1096
768 879
769 1088
769 790
769 1126
769 1103
769 1133
769 1204
769 1081
769 1148
770 804
770 1164
771 902
771 870
771 971
771 1082
771 927
772 1081
772 956
772 1214
773 961
773 1039
774 953
775 1186
775 845
775 880
775 1176
775 892
775 925
776 1221
776 1094
777 1156
777 1094
777 847
778 931
778 801
778 1008
778 1202
779 851
779 958
780 1152
780 1194
781 935
781 943
781 1107
781 1015
781 890
782 1140
782 1068
782 913
782 985
782 948
784 838
784 1126
784 1000
784 937
784 1194
784 1197
784 1117
784 1073
784 1048
784 1021
784 1182
784 1055
785 898
785 1169
786 833
786 1190
786 1185
786 817
786 790
786 862
787 1214
788 964
788 910
789 803
789 1222
789 999
789 874
789 919
789 1149
790 963
790 966
790 1001
790 1230
790 849
790 859
791 1195
791 1101
792 1127
792 1112
792 830
793 1014
793 1215
794 1105
794 904
794 1065
794 1167
795 800
795 937
795 1039
796 1152
796 1186
796 1059
796 951
797 1152
797 943
797 1072
798 907
798 941
798 880
798 1236
798 983
799 965
799 1224
799 1173
799 856
799 921
799 943
799 1135
800 1120
800 1123
800 1001
800 1229
800 821
801 992
802 975
802 1140
803 1160
803 967
803 1085
804 1088
804 808
804 979
804 852
804 1108
805 809
805 880
805 1043
805 854
805 1181
806 902
806 1049
807 1084
807 1181
807 1022
807 1023
808 1132
808 945
808 1010
808 1053
809 940
809 1138
809 883
809 953
809 1215
810 954
811 1154
811 1028
811 1126
811 979
811 1225
811 888
811 922
812 966
812 1095
812 890
813 1248
813 963
813 840
813 1134
813 1082
813 894
814 1216
814 864
814 997
814 1053
814 1144
815 1087
815 1211
815 828
816 962
817 1162
817 1231
817 819
817 950
818 1159
818 1001
818 1068
818 1039
818 852
818 1243
819 913
819 1209
819 923
820 1216
821 1068
822 1161
822 1232
822 1071
823 1181
823 1053
823 863
824 868
824 871
824 1066
824 1067
824 991
825 1140
825 860
826 997
826 1191
826 984
826 1048
826 1148
826 1215
827 1155
827 837
827 973
827 981
827 1017
827 1215
828 1089
828 1187
829 928
829 980
829 855
829 1211
829 1054
830 965
830 1209
831 1121
831 1158
831 872
831 1013
831 1213
832 855
833 1000
833 1130
833 972
833 1096
834 1216
834 1065
834 884
834 1013
834 1054
835 1202
836 1088
836 873
836 941
836 855
837 877
837 909
837 1183
838 1046
838 1201
839 984
839 1243
840 848
840 1155
840 851
840 1146
841 1240
841 1212
842 1083
842 1023
843 870
843 1034
843 1100
843 1012
843 1162
844 1141
845 1184
845 899
845 1157
845 1114
845 1004
845 1181
846 1058
846 1117
846 1174
846 957
847 998
849 928
849 851
849 1019
849 1084
850 1195
850 1135
851 996
852 1215
853 864
853 896
853 1153
854 1057
854 1094
854 976
856 1090
856 905
856 868
857 997
857 934
857 1141
857 1115
858 932
858 1116
858 1053
859 982
859 1065
860 1223
860 872
860 1110
860 1048
861 1093
861 1210
862 1056
862 1031
862 1040
862 883
862 1112
862 1247
863 933
863 1235
863 1205
863 1241
863 891
863 1045
864 1153
864 962
864 869
864 943
864 1179
865 1201
865 1207
866 961
867 993
868 1215
869 963
869 968
869 1166
869 1213
870 886
870 1210
870 958
871 1088
871 962
871 883
872 1217
872 1229
872 980
872 1111
873 1090
873 1061
873 1064
873 1054
873 1039
873 882
873 1046
873 1111
873 1150
874 1154
874 1126
874 1064
874 969
874 973
874 991
875 1243
875 966
875 948
876 1129
876 954
877 1242
877 1083
877 1020
878 935
878 936
878 975
878 1011
878 1142
878 954
879 1248
880 1060
880 985
880 892
881 994
881 1069
882 1057
882 975
882 1149
883 1203
883 1051
883 1077
884 972
884 1134
885 1193
885 1022
885 991
886 1008
886 1092
886 1205
887 992
887 1066
887 1100
887 1171
887 1109
887 1048
887 889
888 1004
888 1200
888 921
890 962
890 1003
890 1079
891 1200
892 1128
893 1025
893 1121
893 1032
893 951
893 1179
893 927
894 1190
894 1104
894 987
894 988
894 959
895 1089
895 971
895 1099
895 1240
895 1210
895 1213
896 967
896 1080
896 1018
897 1163
897 946
897 1227
897 1183
897 1093
898 1121
898 1003
898 978
898 1054
899 998
900 1046
900 1049
900 1021
901 968
901 1039
901 908
901 1133
901 1199
901 1075
901 1047
902 1004
902 977
903 910
905 1223
905 1137
905 950
906 1031
907 1193
907 1199
907 1145
908 1217
908 1151
910 1227
910 1239
912 994
912 1131
912 955
913 965
913 1072
914 960
914 1144
915 1130
915 948
916 992
916 1194
916 919
916 1168
916 1238
919 1030
919 1036
919 1130
919 1099
920 1238
920 1143
921 1167
921 1209
922 1072
922 926
922 1047
923 1014
924 1096
925 1123
926 1080
926 982
927 1120
927 1048
927 963
927 1176
928 1223
928 1051
929 1068
930 1218
931 1057
931 1225
931 1006
932 1008
932 1159
932 1131
933 1000
933 1239
933 950
934 1166
934 1075
934 1198
934 1054
935 1036
936 966
936 1232
937 1069
937 1104
937 984
937 953
938 1164
938 948
938 1086
939 1027
940 1205
941 1218
941 1187
941 1203
941 1241
943 1001
943 1044
943 982
944 1190
944 1010
948 1045
948 952
949 1124
949 1074
949 1240
949 1019
950 1211
950 1247
951 1026
951 1029
952 1011
952 1239
953 1049
954 1006
954 1226
956 1094
956 1175
956 1202
956 1140
957 1223
957 1142
957 1082
958 998
958 1082
959 1086
960 1106
960 1077
961 996
961 1225
961 975
961 1181
962 1248
962 1214
963 1091
963 1073
964 1007
964 1239
965 1091
965 997
965 1103
965 1067
965 1219
966 1217
967 1155
967 987
968 973
969 1248
969 1190
969 1212
969 1040
969 1148
969 1119
970 1124
971 1219
971 1182
973 1193
973 1112
974 1249
975 1099
975 976
975 1233
976 1217
976 1188
976 1061
976 1074
976 1236
976 988
977 1236
978 1089
978 1077
978 1060
981 1127
981 1188
981 1220
981 1086
982 1126
982 987
983 1088
983 1223
983 986
983 987
984 1071
984 1243
986 1211
986 1079
986 1049
986 1210
986 1086
988 1094
989 1105
989 1111
991 1165
991 1230
991 1245
992 1185
992 998
992 1054
993 1025
993 1096
994 1082
994 1054
995 1014
996 1083
996 1227
996 1239
997 1073
1001 1128
1002 1128
1002 1070
1004 1195
1004 1134
1004 1016
1004 1234
1005 1212
1006 1091
1008 1188
1008 1172
1009 1120
1009 1224
1009 1165
1009 1138
1011 1154
1011 1194
1011 1167
1012 1066
1012 1070
1012 1040
1013 1141
1014 1124
1014 1198
1015 1192
1015 1112
1015 1215
1017 1018
1018 1207
1018 1167
1019 1216
1019 1144
1019 1247
1020 1088
1020 1066
1020 1183
1022 1163
1023 1238
1023 1101
1023 1151
1025 1153
1025 1198
1025 1040
1028 1248
1028 1036
1028 1103
1028 1237
1029 1183
1030 1219
1030 1038
1030 1241
1031 1121
1031 1058
1031 1220
1032 1190
1032 1045
1032 1112
1032 1086
1033 1063
1033 1144
1033 1117
1034 1234
1035 1061
1035 1100
1035 1101
1035 1174
1035 1214
1037 1092
1037 1051
1038 1071
1038 1203
1039 1062
1039 1202
1040 1049
1040 1149
1041 1043
1041 1208
1043 1202
1044 1126
1045 1226
1045 1240
1046 1246
1047 1088
1047 1123
1048 1162
1049 1120
1050 1091
1050 1126
1051 1122
1051 1196
1054 1079
1054 1104
1054 1239
1054 1082
1054 1103
1055 1172
1056 1126
1057 1212
1059 1215
1059 1201
1060 1186
1060 1117
1060 1104
1060 1147
1061 1143
1062 1063
1062 1131
1062 1136
1062 1111
1063 1207
1063 1247
1064 1148
1065 1130
1065 1099
1065 1196
1067 1161
1067 1207
1067 1144
1069 1085
1071 1176
1072 1239
1073 1219
1073 1226
1073 1091
1074 1081
1074 1119
1075 1077
1077 1234
1077 1107
1078 1157
1078 1138
1081 1122
1081 1187
1081 1228
1082 1091
1083 1219
1084 1230
1084 1168
1085 1122
1085 1092
1088 1202
1088 1181
1089 1218
1089 1151
1090 1167
1090 1232
1090 1151
1091 1179
1092 1208
1093 1181
1093 1207
1094 1189
1095 1137
1095 1114
1098 1163
1098 1204
1099 1190
1100 1187
1103 1142
1106 1143
1106 1118
1107 1152
1107 1113
1107 1242
1108 1229
1109 1135
1110 1153
1110 1169
1111 1118
1111 1162
1113 1173
1113 1244
1114 1143
1116 1200
1116 1178
1117 1248
1117 1196
1118 1220
1121 1196
1121 1242
1122 1125
1123 1227
1123 1137
1124 1141
1127 1167
1130 1248
1130 1153
1131 1136
1133 1233
1134 1137
1137 1213
1137 1209
1139 1167
1140 1165
1141 1151
1142 1158
1143 1160
1146 1197
1146 1178
1147 1190
1147 1202
1149 1187
1150 1231
1152 1182
1153 1191
1153 1233
1155 1244
1156 1192
1157 1194
1157 1165
1157 1172
1160 1186
1160 1241
1160 1212
1161 1242
1163 1199
1163 1212
1167 1179
1169 1215
1171 1186
1171 1174
1173 1204
1177 1218
1183 1238
1185 1243
1186 1194
1186 1229
1187 1199
1192 1210
1194 1239
1196 1210
1198 1214
1203 1241
1208 1223
1209 1219
1211 1222
1213 1228
1222 1239
1226 1243
1233 1240
