0 867
0 134
0 945
0 712
0 168
0 625
0 882
0 859
1 449
1 450
1 547
1 130
1 113
1 434
1 791
1 187
1 767
2 457
2 202
2 587
2 816
2 58
2 24
2 282
2 634
3 129
3 322
3 1099
3 594
3 1137
3 1138
3 373
3 1087
3 447
4 832
4 1057
4 994
4 566
4 839
4 1034
4 532
4 303
4 980
4 622
4 886
4 1176
4 537
4 1054
5 232
5 906
5 431
5 1234
5 499
5 1049
5 186
5 95
6 386
6 894
6 458
6 190
6 1143
6 1114
6 490
6 1246
7 1046
7 843
7 335
7 1168
7 1170
7 692
7 725
7 438
7 570
7 959
8 928
8 115
8 582
8 967
8 269
8 623
8 755
8 724
8 862
8 472
8 1213
8 1118
9 833
9 325
9 166
9 327
9 364
9 1039
9 624
9 884
9 693
9 698
9 1020
9 285
9 767
10 295
10 713
10 1162
10 142
10 399
10 752
10 342
11 224
11 64
11 70
11 614
11 391
11 1008
11 593
11 978
11 1076
11 788
11 956
12 1089
12 583
12 523
12 878
12 112
12 402
12 670
13 33
13 358
13 200
13 106
13 1231
13 117
13 278
13 250
13 29
14 1207
14 141
14 494
14 943
14 942
14 1143
14 984
14 631
15 482
15 612
15 743
15 489
15 943
15 241
15 659
15 148
15 1174
15 887
15 667
15 157
15 414
16 1104
16 411
16 742
16 842
16 491
16 1037
16 814
16 592
16 434
16 595
16 884
16 1134
16 951
16 26
16 891
17 676
17 679
17 360
17 785
17 884
17 55
17 1082
17 958
17 639
18 555
18 772
18 101
18 1195
18 908
18 1230
18 889
18 337
18 919
18 953
18 1093
18 447
19 427
19 40
19 73
19 1099
19 48
19 689
19 681
19 730
19 764
19 893
20 1153
20 614
20 871
20 1022
20 242
20 1070
20 976
20 113
20 1042
20 213
20 126
21 1185
21 391
21 103
21 209
21 363
21 1100
21 878
21 79
21 817
21 626
21 792
21 376
21 890
21 859
21 124
22 35
22 484
22 293
22 1063
22 969
22 1066
22 1229
22 1102
22 986
22 1244
23 1024
23 387
23 932
23 197
23 298
23 107
23 685
23 657
23 1141
23 452
23 603
23 767
24 448
24 99
24 101
24 360
24 1129
24 1154
24 877
24 1064
24 756
24 438
24 634
24 1086
24 197
25 1220
25 584
25 589
25 1008
25 531
25 503
25 248
25 379
26 929
26 34
26 771
26 324
26 967
26 1098
26 131
26 148
26 981
26 630
26 568
26 251
27 608
27 389
27 590
27 500
27 918
27 727
27 125
27 1119
28 355
28 676
28 233
28 1165
28 560
28 1169
28 797
28 926
28 95
29 803
29 487
29 490
29 1006
29 434
29 624
29 562
29 375
29 1112
29 1054
30 1024
30 487
30 1100
30 77
30 1040
30 850
30 1076
30 245
30 374
30 569
30 1211
31 713
31 239
31 401
31 532
31 278
31 1047
32 36
32 649
32 429
32 590
32 720
32 1108
32 1082
32 59
32 700
33 289
33 996
33 551
33 265
33 266
33 683
33 856
33 402
33 948
33 695
33 344
33 697
33 795
34 1154
34 73
34 906
34 1068
34 622
34 207
34 752
34 1169
34 1202
34 371
34 499
35 768
35 962
35 99
35 999
35 75
35 527
35 508
36 544
36 418
36 99
36 870
36 1235
36 227
36 458
36 300
36 483
36 769
37 356
37 69
37 1031
37 403
37 756
37 245
37 156
38 641
38 385
38 556
38 1173
38 824
38 731
38 349
39 992
39 387
39 1096
39 810
39 1206
39 729
39 1150
40 1024
40 740
40 296
40 457
40 621
40 879
40 689
40 530
40 1174
40 600
40 612
40 957
41 161
41 197
41 966
41 583
41 616
41 1052
41 421
41 591
41 1136
41 1010
41 853
41 377
41 1148
41 829
41 1189
42 642
42 841
42 269
42 914
42 756
42 734
43 384
43 1107
43 527
43 464
43 595
43 568
43 862
44 777
44 666
44 445
44 798
44 1061
45 384
45 1224
45 620
45 337
45 82
45 824
45 799
45 767
46 518
46 490
46 752
46 594
46 441
46 1244
46 1066
47 450
47 294
47 200
47 201
47 983
47 1106
47 1174
47 663
47 857
47 831
48 864
48 477
48 254
49 704
49 485
49 1130
49 435
49 145
49 306
49 915
49 180
49 343
49 1178
50 225
50 103
50 712
50 1159
50 1197
50 370
50 791
50 571
51 1115
51 453
51 775
51 777
51 881
51 899
51 443
51 252
51 639
52 129
52 1156
52 1189
52 519
52 362
52 143
52 676
52 633
52 1020
53 552
53 1192
53 912
53 1160
53 1012
53 410
54 1060
54 261
54 550
54 1031
54 936
54 1005
54 750
54 209
54 979
54 948
54 661
54 247
54 184
54 218
54 539
54 381
55 768
55 97
55 290
55 771
55 388
55 454
55 737
55 1033
55 209
55 779
55 524
55 909
55 499
55 665
55 409
55 507
55 1017
56 604
56 1102
56 713
56 1176
56 667
56 284
56 381
57 226
57 582
57 743
57 907
57 1228
57 784
57 472
57 402
57 568
58 384
58 1153
58 740
58 170
58 625
58 402
58 628
58 118
58 874
58 478
59 160
59 738
59 1155
59 204
59 386
59 240
59 854
59 345
59 827
59 478
59 703
60 292
60 1125
60 558
60 111
60 403
60 1109
61 644
61 388
61 109
61 685
61 559
61 401
61 115
61 1171
61 473
61 1124
62 1089
62 135
62 239
62 1136
62 1201
62 155
62 765
63 224
63 962
63 364
63 235
63 172
63 181
63 120
63 217
64 832
64 748
64 678
64 876
64 106
64 364
64 86
64 508
64 317
65 480
65 802
65 1125
65 646
65 267
65 386
65 1166
65 849
65 498
65 610
65 727
65 345
65 219
65 892
65 541
65 223
66 1063
66 618
66 331
66 117
66 1083
66 860
67 1122
67 70
67 1037
67 368
67 115
67 692
67 725
67 1081
67 250
68 1152
68 801
68 1211
68 1220
68 199
68 905
68 209
68 114
68 341
68 1176
68 891
68 223
69 1154
69 427
69 514
69 654
69 472
69 892
69 799
70 416
70 226
70 1061
70 526
70 400
70 131
70 1109
70 535
70 569
71 292
71 966
71 680
71 938
71 459
71 819
72 1057
72 1221
72 646
72 75
72 405
72 506
72 773
73 832
73 929
73 998
73 265
73 843
73 271
73 989
74 389
74 649
74 1086
74 399
74 659
74 212
74 1077
74 521
74 1080
74 574
74 1023
75 544
75 800
75 931
75 390
75 1095
75 668
75 295
75 1143
75 771
75 380
76 417
76 1026
76 466
76 952
76 315
76 574
77 160
77 1185
77 1122
77 566
77 1078
77 1022
77 1077
78 513
78 514
78 228
78 1168
78 301
78 1072
78 177
79 226
79 707
79 489
79 722
79 1012
79 570
79 988
79 797
80 952
80 994
80 702
81 1158
81 1063
81 969
81 490
81 807
81 689
81 362
81 595
81 788
81 1176
81 890
81 394
81 702
82 160
82 487
82 697
82 970
82 812
82 1037
82 592
82 1009
82 1010
82 695
82 1113
83 641
83 770
83 554
83 460
83 527
83 1052
83 926
83 1183
84 195
84 774
84 170
84 459
84 559
84 1015
84 1021
85 704
85 608
85 164
85 549
85 1001
85 394
85 430
85 720
85 851
85 533
85 151
85 475
85 1021
86 640
86 694
86 1030
86 872
86 1193
86 1182
86 416
86 181
86 534
86 186
86 668
86 1085
86 510
86 671
87 813
87 133
87 936
87 969
87 1005
87 1198
87 975
87 917
87 374
87 281
87 250
87 541
87 573
88 700
88 721
88 931
88 1011
88 383
89 360
89 292
89 1221
89 520
89 812
89 783
89 336
89 241
89 627
89 596
89 1049
89 644
89 218
89 111
89 861
90 960
90 355
90 902
90 207
90 755
90 918
90 791
91 514
91 234
91 398
91 786
91 948
91 500
91 925
92 193
92 772
92 710
92 1033
92 1162
92 301
92 781
92 1072
92 178
92 435
92 570
92 733
93 106
93 699
93 764
93 1205
94 105
94 976
94 1239
94 568
94 1177
94 154
95 324
95 1061
95 1094
95 529
95 298
95 431
95 689
95 947
95 596
95 533
95 857
95 1044
95 266
95 318
96 594
96 235
96 124
97 706
97 579
97 580
97 455
97 842
97 209
97 1187
97 984
97 219
97 127
98 695
98 1128
98 247
98 1229
98 782
98 625
98 658
98 403
98 1140
98 438
98 1079
98 216
99 528
99 113
99 629
99 919
99 442
100 708
100 614
100 781
100 1007
100 272
100 497
100 338
100 572
101 417
101 742
101 1129
101 907
101 749
101 430
101 527
101 246
101 1081
101 634
101 798
102 1123
102 214
102 680
102 887
102 1005
102 253
102 1040
102 787
102 854
102 755
102 733
103 273
103 1132
103 1226
103 748
103 1069
103 1051
103 1105
103 114
103 116
103 1076
103 986
103 607
103 474
103 222
103 831
104 844
104 769
104 939
104 124
104 357
105 993
105 379
105 709
105 1249
105 136
105 271
105 945
105 120
105 155
105 817
106 1029
106 583
106 874
106 948
106 1148
106 958
106 1183
107 1057
107 482
107 1059
107 1030
107 1192
107 365
107 1101
107 707
107 602
107 1055
108 758
108 998
108 295
108 208
108 1142
108 185
108 953
108 538
108 826
109 1248
109 194
109 635
109 709
109 1033
109 620
109 1202
109 694
109 248
109 698
109 475
109 799
110 1024
110 132
110 1068
110 528
110 985
111 1161
111 1130
111 436
111 310
111 189
111 958
112 960
112 133
112 1127
112 399
112 880
112 1077
112 762
112 175
112 446
113 866
113 969
113 267
113 1005
113 685
113 785
113 818
113 308
113 855
113 314
113 863
114 130
114 933
114 1122
114 884
114 629
114 1125
115 800
115 836
115 870
115 135
115 523
115 692
115 376
115 452
115 1082
115 1052
115 127
116 1028
116 1125
116 599
116 632
116 506
116 1212
116 730
117 1120
117 929
117 1028
117 832
117 201
117 375
117 175
117 1074
117 275
117 781
117 1015
117 376
117 218
117 286
118 202
118 125
118 659
118 239
118 554
118 223
119 1121
119 420
119 390
119 961
119 508
119 714
119 556
119 1197
119 144
119 124
119 1204
119 921
119 916
119 732
120 426
120 1164
120 306
120 1209
120 1247
120 1052
121 737
121 802
121 1187
121 612
121 966
121 241
121 150
121 855
121 958
121 1151
122 1157
122 583
122 1165
122 1169
122 532
122 981
122 888
122 189
122 1055
123 160
123 354
123 131
123 708
123 1062
123 620
123 970
123 1100
123 589
123 923
123 221
123 607
124 1041
124 1233
124 593
124 947
124 917
124 790
124 343
124 536
124 249
124 831
125 488
125 1065
125 714
125 624
125 596
125 795
125 510
126 641
126 1154
126 330
126 397
126 1103
126 658
126 1140
126 670
126 916
127 1089
127 310
127 1002
127 526
127 502
127 1213
127 574
127 581
128 724
128 1085
128 398
128 327
129 1248
129 576
129 1219
129 376
129 1240
129 569
129 191
130 416
130 482
130 358
130 841
130 1004
130 751
130 534
130 281
130 670
131 705
131 1062
131 199
131 652
131 497
131 443
131 447
132 704
132 1026
132 934
132 294
132 404
132 472
133 192
133 406
133 808
133 332
133 1134
133 797
133 1074
133 723
133 886
133 919
133 1149
133 414
134 450
134 1126
134 231
134 1233
134 871
134 753
134 756
134 149
134 568
134 154
134 957
135 544
135 937
135 1067
135 472
135 601
135 347
135 381
136 709
136 966
136 1127
136 1007
136 755
136 918
136 888
136 506
137 305
137 634
137 722
138 512
138 768
138 226
138 579
138 179
138 661
138 540
138 1150
139 1249
139 996
139 1057
139 871
139 205
139 464
139 822
139 569
139 894
140 577
140 165
140 906
140 719
140 401
140 277
140 892
140 997
141 1224
141 393
141 1162
141 786
141 1166
141 1079
141 570
141 1243
142 1088
142 674
142 451
142 965
142 1036
142 684
142 690
142 208
142 754
142 693
142 396
142 667
142 828
143 832
143 387
143 164
143 556
143 1168
143 565
143 1014
143 188
144 859
144 612
144 932
144 1171
144 792
144 825
144 635
145 387
145 292
145 457
145 458
145 1105
145 186
145 1208
145 570
145 987
145 426
146 248
146 184
146 403
146 925
147 1040
147 930
147 1179
147 453
147 870
147 225
147 811
147 1069
147 239
147 528
147 1042
147 596
147 763
147 1053
148 1152
148 763
148 844
148 720
148 980
148 666
148 1083
148 1084
149 1139
149 645
149 998
149 521
149 1163
149 291
149 531
149 510
149 759
149 348
150 604
150 834
150 489
150 1125
150 329
150 427
150 691
150 982
150 1177
150 284
151 192
151 867
151 1062
151 969
151 1045
151 858
151 797
152 1191
152 585
152 1162
152 1227
152 241
152 969
152 346
152 635
153 168
153 481
153 418
153 759
154 1026
154 932
154 1004
154 1207
154 1116
155 1152
155 768
155 676
155 781
155 566
155 887
155 891
155 1054
156 352
156 580
156 721
156 941
156 175
156 913
156 472
156 734
157 224
157 516
157 1160
157 490
157 1015
157 179
157 247
157 537
157 1019
157 1246
157 639
158 1124
158 581
158 742
158 188
158 337
158 338
158 981
158 252
159 513
159 419
159 549
159 619
159 1042
159 183
159 1245
160 187
160 293
160 871
160 1164
160 592
160 849
160 566
160 183
160 856
160 345
160 411
160 1086
161 194
161 454
161 999
161 1000
161 558
161 495
161 744
161 310
161 312
161 986
161 380
162 320
162 1227
162 1220
162 425
162 715
162 366
162 884
162 1078
162 1081
163 352
163 482
163 371
163 170
163 887
164 1161
164 332
164 621
164 917
164 374
164 937
164 478
165 867
165 1094
165 870
165 617
165 845
165 846
165 303
165 689
165 503
165 600
166 1094
166 753
166 200
166 556
166 590
166 209
166 1077
166 1132
166 1085
167 705
167 226
167 1093
167 802
167 303
167 278
167 376
167 761
167 813
168 704
168 368
168 824
168 798
169 257
169 650
169 715
169 338
169 1043
169 572
169 317
169 286
170 977
170 903
170 976
170 209
171 928
171 453
171 711
171 1128
171 491
171 496
171 563
171 863
171 1245
171 837
172 1024
172 832
172 290
172 547
172 1229
172 253
172 1105
172 899
172 853
172 989
173 512
173 960
173 385
173 392
173 1071
173 919
173 600
173 603
173 476
173 1055
174 260
174 1063
174 296
174 426
174 1101
174 211
174 949
174 214
175 1124
175 549
175 1105
175 873
175 941
175 1166
175 568
175 374
175 1193
175 408
175 1049
175 1247
175 831
176 770
176 451
176 1169
176 589
176 752
176 753
176 760
176 1210
176 539
176 348
177 970
177 1199
177 1235
177 852
177 1212
178 1120
178 324
178 847
178 719
179 450
179 231
179 264
179 653
179 1037
179 594
179 563
179 182
179 378
179 335
180 640
180 357
180 844
180 658
180 595
180 631
180 378
180 188
181 386
181 359
181 804
181 615
181 523
181 562
181 786
181 821
181 1063
181 700
181 638
182 868
182 293
182 198
182 551
182 1162
182 1195
182 346
182 735
183 515
183 205
184 800
184 320
184 836
184 1217
184 1227
184 524
184 1170
184 591
184 208
184 475
184 284
185 992
185 776
185 425
185 210
185 1107
185 895
186 865
186 294
186 1073
186 729
186 786
186 462
186 1232
186 1048
186 210
186 339
186 758
186 921
186 472
186 889
186 475
186 298
186 1206
187 737
187 994
187 228
187 198
187 683
187 1109
187 799
188 288
188 327
188 1001
188 462
188 698
188 475
188 892
188 415
189 617
189 924
189 494
190 888
190 345
190 548
191 1184
191 547
191 1107
191 309
191 1015
191 575
192 865
192 482
192 1219
192 1030
192 316
192 1227
192 396
192 898
192 624
192 1074
192 1013
192 569
192 508
192 959
193 1124
193 486
193 679
193 619
193 813
193 717
193 695
193 891
194 928
194 641
194 771
194 613
194 775
194 1175
194 529
194 819
194 790
194 855
195 482
195 1225
195 970
195 461
195 910
195 221
195 565
195 988
195 1181
196 356
196 549
196 550
196 295
196 489
196 586
196 813
196 430
196 665
196 573
196 1150
197 1033
197 456
197 240
197 660
197 695
198 580
198 950
198 1225
198 778
198 780
198 281
198 923
198 607
199 993
199 432
199 852
199 1078
199 985
199 251
200 1216
200 833
200 290
200 676
200 1224
200 201
200 1154
200 724
200 919
200 964
200 783
201 1124
201 326
201 843
201 1247
202 896
202 1156
202 742
202 423
202 687
202 661
202 893
202 606
203 561
203 878
203 1117
203 1174
204 865
204 1091
204 998
204 778
204 235
204 1228
204 849
204 931
204 374
205 331
205 357
205 775
205 648
205 971
205 1069
205 723
205 438
205 761
205 349
205 1119
206 705
206 546
206 229
206 290
206 1134
206 338
206 853
206 855
206 632
206 506
206 540
207 388
207 590
207 464
207 529
207 526
207 793
208 745
208 1165
208 782
208 781
208 1097
208 378
208 479
209 672
209 615
209 1036
209 655
209 273
209 1204
209 311
210 310
210 624
210 662
210 344
211 480
211 1027
211 996
211 902
211 1214
211 1071
211 564
211 661
211 1085
211 1118
212 964
212 486
212 263
212 975
212 401
212 500
212 537
213 704
213 609
213 1033
213 1098
213 528
213 1049
213 636
213 829
214 777
214 815
214 819
214 373
214 1111
215 393
215 868
215 228
215 766
215 1089
216 804
216 263
216 1015
216 749
216 337
216 1203
216 630
216 755
216 635
216 604
216 286
217 784
217 610
217 862
217 997
217 614
217 1038
217 811
217 300
217 594
217 1134
217 560
217 1202
217 307
217 309
217 1142
217 697
217 314
217 1045
217 1214
218 1184
218 1199
218 726
218 542
219 1130
219 1133
219 750
219 880
219 689
219 851
219 1204
219 1098
220 675
220 421
220 262
220 552
220 334
220 1062
220 956
220 1189
221 848
221 548
221 229
221 300
221 622
221 720
221 372
221 375
222 961
222 1203
222 936
222 647
222 492
222 912
222 1234
222 691
222 341
222 1079
222 633
222 571
222 765
223 336
223 358
223 1200
223 1168
223 338
223 439
223 477
223 319
224 1061
224 366
224 1008
224 785
224 1044
224 1084
225 577
225 355
225 229
225 778
225 780
225 726
225 752
225 1144
225 564
225 886
225 312
225 249
226 386
226 452
226 518
226 1143
226 403
226 270
226 856
226 786
226 563
226 276
226 1113
226 248
226 999
226 637
226 989
226 799
227 512
227 997
227 743
227 776
227 1066
227 652
227 240
227 1238
227 1046
228 848
228 1057
228 439
228 593
228 617
228 779
228 336
228 1073
228 914
228 371
228 596
228 1081
228 284
229 1093
229 523
229 592
229 342
229 700
230 576
230 1025
230 898
230 1051
230 871
230 1128
230 1131
230 1167
230 339
230 660
230 538
230 431
231 289
231 706
231 420
231 467
231 1134
231 573
232 784
232 489
232 1162
232 720
232 1205
232 1143
232 637
233 864
233 965
233 534
233 911
233 598
233 645
234 418
234 1123
234 1126
234 620
234 1197
234 241
234 884
234 408
234 1086
234 415
235 268
235 909
235 464
235 236
235 823
235 728
236 733
236 1030
236 265
236 1131
236 829
236 1075
236 1142
236 602
236 605
236 446
237 737
237 1156
237 1089
237 907
237 590
237 433
237 403
237 310
237 932
237 314
237 541
238 992
238 611
238 914
238 915
238 339
239 288
239 260
239 358
239 296
239 297
239 554
239 980
239 1210
240 384
240 1159
240 490
240 363
240 1164
240 365
240 431
240 338
240 854
240 522
241 1009
241 485
241 775
241 625
241 741
241 724
241 1019
241 255
242 322
242 300
242 994
242 623
242 435
242 540
243 1194
243 877
243 783
243 882
243 819
243 1108
243 250
243 412
243 894
244 518
244 743
244 668
244 521
244 892
244 670
244 572
245 998
245 360
245 521
245 1007
245 1041
245 275
245 437
245 1015
245 1215
246 484
246 1129
246 687
246 433
246 914
246 1076
246 661
246 655
246 325
247 930
247 1174
247 582
247 566
247 656
247 626
247 1013
247 442
247 927
248 736
248 1152
248 662
248 530
248 1105
248 499
248 533
248 374
248 795
248 508
249 834
249 292
249 1225
249 333
249 430
249 403
249 1077
249 537
249 1146
249 285
249 959
250 740
250 1222
250 422
250 839
250 872
250 371
250 718
250 1005
250 279
250 1116
251 676
251 1036
251 344
251 1115
252 1217
252 1064
252 1003
252 1080
252 282
252 348
252 637
253 932
253 869
253 583
253 840
253 444
253 907
253 265
253 590
253 789
253 1193
253 356
253 1116
254 290
254 837
254 966
254 362
254 944
254 849
254 914
254 371
254 1047
254 472
254 383
255 619
255 434
255 528
255 1010
255 887
255 442
255 827
255 573
256 1153
256 1029
256 712
256 398
256 469
256 758
256 430
256 1147
256 573
257 1196
257 1228
257 341
257 534
257 1018
258 354
258 840
258 298
258 652
258 686
258 1107
258 310
259 848
259 1211
259 1047
260 656
260 299
260 784
260 281
261 547
261 996
261 1110
261 1105
261 809
261 682
261 1071
261 465
261 466
261 1123
261 1207
261 474
261 1181
262 416
262 1088
262 1028
262 1032
262 466
263 418
263 713
263 458
263 1004
263 876
263 757
263 823
264 1169
264 520
264 393
264 430
264 776
264 914
264 659
264 983
264 922
264 350
265 662
265 1240
266 996
266 554
266 940
266 333
266 1041
266 347
266 989
267 1025
267 295
267 1234
267 1045
268 1057
268 354
268 1099
268 813
268 1133
268 963
268 1014
268 602
269 1059
269 421
269 406
269 732
269 333
269 718
269 1043
269 980
269 302
269 662
269 1161
269 696
269 635
269 860
269 1022
270 576
270 392
270 457
270 943
270 882
271 452
271 427
271 1042
271 733
271 1202
271 471
271 794
271 831
271 829
271 415
272 1025
272 994
272 1191
272 935
272 1070
272 433
272 890
273 1105
273 779
273 743
273 529
273 1148
274 304
274 379
274 848
274 1074
274 627
274 693
274 1174
274 411
274 669
275 896
275 1089
275 707
275 645
275 779
275 721
275 793
275 474
275 1051
276 1153
276 771
276 423
276 1097
276 780
276 306
276 323
276 308
276 633
276 701
277 488
277 810
277 1227
277 404
277 567
277 1176
277 1146
277 925
277 703
278 583
278 1226
278 555
278 624
278 343
278 986
278 1213
279 801
279 709
279 492
279 461
279 1023
280 768
280 321
280 581
280 939
280 1135
280 338
280 1045
280 345
280 314
281 960
281 389
281 998
281 1031
281 1228
281 814
281 822
281 1118
282 488
282 1091
282 914
283 1219
283 777
283 555
283 492
283 1197
283 849
283 1044
283 503
284 384
284 1090
284 1126
284 871
284 715
284 621
284 1199
284 1150
284 959
285 291
285 708
285 1084
285 894
285 543
286 774
286 391
286 424
286 344
286 820
286 922
287 512
287 1190
287 998
287 464
287 989
287 767
288 770
288 394
288 813
288 826
288 829
289 1218
289 1103
289 369
289 692
290 1186
290 1078
290 555
290 557
290 686
290 400
290 726
290 950
291 480
291 1028
291 359
291 969
291 623
291 304
291 1105
291 691
291 788
292 1188
292 1033
292 971
292 753
292 1241
292 376
292 507
292 1213
292 414
293 930
293 1188
293 680
293 464
293 401
293 371
293 413
294 576
294 683
294 998
294 838
294 615
294 1224
294 811
294 1073
294 1140
294 889
294 820
294 395
295 481
295 420
295 391
295 743
295 525
295 944
295 659
295 727
295 1018
295 990
296 1249
296 898
296 1219
296 1126
296 1225
296 1234
297 1027
297 954
297 339
297 1206
298 1224
298 1037
298 750
298 469
299 1154
299 707
299 359
299 674
299 1103
299 536
299 658
299 916
299 792
299 862
300 1185
300 481
300 617
300 652
301 1010
301 733
302 417
302 386
302 833
302 1129
302 353
302 621
302 594
302 342
302 567
303 928
303 993
303 977
303 786
303 307
303 960
303 826
303 1179
304 736
304 644
304 360
304 522
304 1195
304 653
304 622
304 655
304 1043
304 1102
304 733
305 801
305 1220
305 709
305 646
305 394
305 1196
305 654
305 678
305 750
305 535
305 764
305 1118
306 581
306 1137
306 1106
306 855
306 984
306 1049
307 1227
307 804
307 454
307 555
307 493
307 1047
308 516
308 1061
308 1191
308 594
309 804
309 808
309 584
309 493
309 1169
309 819
309 343
309 1147
309 1180
309 574
310 896
310 1106
310 581
310 1077
310 887
310 634
310 559
310 730
311 385
311 1243
311 1092
311 1235
311 591
311 435
311 1237
311 804
311 1071
311 668
312 896
312 450
312 649
312 367
312 314
312 943
312 1150
313 967
313 584
313 522
313 785
313 1080
313 618
314 674
314 409
314 444
315 1062
315 487
315 1103
315 1043
315 980
315 377
315 1212
315 541
316 840
316 411
316 484
316 399
317 1136
317 995
317 1191
317 393
317 1200
317 372
317 472
317 1177
317 991
318 1220
318 520
318 908
318 912
318 1041
318 1206
318 699
318 798
319 417
319 458
319 429
319 1231
319 510
320 908
320 461
320 626
320 982
320 412
321 1027
321 758
321 555
321 591
321 1091
321 438
321 507
321 1212
322 352
322 749
322 1239
322 444
323 1029
323 616
323 843
323 685
323 558
323 591
323 817
323 788
323 598
324 608
324 1135
325 969
325 439
325 588
325 876
325 1040
325 401
326 932
326 389
326 937
326 439
326 463
326 472
326 1243
326 1023
327 1121
327 452
327 524
327 1040
327 696
327 600
328 1097
328 619
328 472
328 794
328 988
328 1118
328 1087
329 1089
329 964
329 458
329 1164
329 1202
329 815
329 562
330 420
330 1101
330 1039
330 337
330 372
330 728
330 699
330 525
331 995
331 975
331 371
331 642
331 857
331 701
332 544
332 551
332 1128
332 1193
332 814
332 655
332 912
332 497
333 1248
333 993
333 1028
333 529
333 811
333 1007
333 1073
333 882
333 567
333 657
334 388
334 1206
334 391
334 745
334 810
334 879
334 688
334 1116
334 470
334 953
334 484
335 450
335 355
335 484
335 966
335 1234
335 715
335 403
335 461
335 946
335 631
335 1143
336 1094
336 905
336 718
336 1235
336 734
337 962
337 1001
337 368
337 1202
337 887
337 1050
337 1242
338 743
338 654
338 516
338 668
339 577
339 418
339 1057
339 808
339 428
339 1106
339 788
339 956
340 679
340 456
340 457
340 778
340 1230
340 846
340 937
340 473
340 1020
341 832
341 588
341 620
341 974
341 1104
341 849
341 914
341 372
341 952
342 577
342 780
342 1004
342 367
342 690
342 851
342 446
342 853
342 734
342 885
343 1217
343 359
343 1228
343 373
343 663
344 770
344 805
344 1096
344 556
344 1099
344 972
344 759
344 572
345 577
345 867
345 388
345 550
345 844
345 1230
345 595
345 916
345 910
345 729
345 826
345 1213
346 1039
346 653
346 815
346 948
346 565
346 443
347 932
347 1199
347 722
347 536
347 605
348 1221
348 1001
348 716
348 941
348 950
348 890
349 677
349 681
349 1068
349 438
349 599
350 736
350 608
350 1098
350 656
350 565
351 512
351 483
351 1171
351 713
351 1131
351 496
351 434
351 883
351 809
351 1144
352 871
352 623
352 628
352 661
352 856
352 825
352 1214
353 1186
353 745
353 914
353 820
353 905
353 984
353 762
353 475
354 514
354 600
354 434
354 1171
354 728
354 765
355 772
355 997
355 945
355 501
355 795
355 702
355 773
356 1152
356 1088
356 968
356 628
356 1076
356 932
356 732
356 703
357 832
357 929
357 1123
357 630
357 903
357 477
357 696
357 374
357 376
357 943
357 701
357 1119
358 992
358 577
358 387
358 658
358 532
358 847
359 1130
359 1068
359 723
359 1211
360 960
360 1068
360 435
360 1074
360 883
360 886
360 795
361 1056
361 897
361 642
361 426
361 973
361 1204
361 770
361 746
362 1185
362 962
362 1095
362 428
362 1036
362 782
362 1071
362 535
362 1016
362 564
363 1096
363 521
363 382
363 939
363 524
363 568
363 958
363 927
364 640
364 1061
364 425
364 1101
364 375
364 1022
364 997
365 909
365 656
365 854
365 952
366 992
366 624
366 792
366 469
366 1016
366 382
367 914
367 925
368 770
368 859
368 739
368 665
368 473
368 1115
368 893
369 768
369 1075
369 899
369 1028
369 371
369 756
369 1079
369 852
370 385
370 1211
370 594
370 1054
371 706
371 642
371 1198
371 499
371 1092
372 418
372 455
372 441
372 408
372 729
372 638
373 1217
373 482
373 784
373 725
373 1178
373 603
374 993
374 994
374 1127
374 1193
374 1067
374 719
374 1138
374 789
375 430
375 976
375 534
375 463
376 393
376 619
376 687
376 691
376 859
376 829
376 613
377 1067
377 589
377 592
377 659
377 1204
377 1018
378 906
378 394
378 587
378 814
378 593
378 861
379 704
379 933
379 934
379 682
379 1227
379 628
379 1107
379 980
380 1154
380 459
380 746
380 943
380 885
380 761
380 411
381 640
381 1126
381 1199
381 560
381 1020
382 896
382 577
382 867
382 1061
382 679
382 1192
382 970
382 1159
382 1175
382 615
382 1063
382 1242
382 955
382 575
383 749
383 997
383 745
383 989
383 427
383 620
383 717
383 1135
383 567
383 1149
383 589
383 799
384 432
384 592
384 806
384 1094
384 1001
384 431
384 787
384 1173
384 727
384 474
385 737
385 831
386 1121
386 1003
386 876
386 471
386 958
387 1120
387 578
387 587
387 612
387 625
387 850
387 470
387 471
388 1184
388 680
388 1239
388 660
388 1134
388 575
389 993
389 707
389 489
389 1039
389 918
389 1178
389 733
390 738
390 773
390 1031
390 873
390 749
390 976
390 760
390 631
391 801
391 991
391 1055
392 678
392 745
392 717
392 976
392 823
392 570
393 838
393 623
393 913
393 687
393 767
394 736
394 1157
394 1096
394 1161
394 1164
394 1133
394 434
394 982
394 1080
394 665
394 1119
395 1232
395 680
395 1133
395 1103
395 688
395 628
395 917
395 598
395 699
396 1024
396 1093
396 929
396 971
396 722
396 915
396 981
396 536
396 665
397 552
397 499
397 876
397 582
398 1028
398 1097
398 628
398 585
398 508
398 510
398 959
399 1021
399 405
400 739
400 1234
400 1090
400 818
400 659
400 1110
400 798
401 772
401 1163
401 908
401 1037
401 1240
401 920
401 600
401 1114
401 1116
402 1024
402 868
402 773
402 550
402 808
402 844
403 1062
403 523
403 718
403 909
403 1168
403 605
404 545
404 998
404 583
404 813
404 751
404 926
405 578
405 726
405 753
405 883
405 754
405 499
405 982
405 791
405 891
406 585
406 1235
406 926
407 1220
407 710
407 553
407 1039
407 819
407 1173
407 412
408 577
408 443
408 1095
408 1136
408 1042
408 819
408 923
409 1136
409 833
409 607
410 1025
410 679
410 555
410 622
410 1201
410 824
410 863
411 449
411 578
411 1096
411 1099
411 834
411 494
411 628
411 917
411 860
412 930
412 612
412 965
412 601
412 490
412 1045
412 729
413 1152
413 1218
413 740
413 1035
413 1005
413 622
413 432
413 1074
413 500
413 1150
413 1093
414 737
414 620
414 976
414 913
414 1146
414 1147
414 863
415 539
415 581
415 892
415 1099
415 725
415 918
415 1193
415 824
415 665
415 698
415 1231
415 1053
416 544
416 780
416 913
416 818
416 1015
416 603
417 1095
417 648
417 787
417 478
418 490
418 1192
418 1066
419 1025
419 903
419 1227
419 575
419 1023
420 1216
420 449
420 1028
420 1024
420 744
420 1067
420 1165
420 884
420 1182
421 1188
421 679
421 553
421 765
422 518
422 712
422 1004
422 494
422 1235
422 1142
422 698
423 739
423 806
423 841
423 1131
423 528
423 979
423 852
423 597
423 586
424 480
424 674
424 1000
424 1161
424 1230
424 721
424 821
424 1078
424 1086
425 680
425 572
425 813
425 918
425 1049
425 1116
425 477
425 478
425 831
426 871
426 593
426 798
427 865
427 706
427 581
427 813
427 1233
427 796
428 1019
428 488
428 451
428 879
428 456
428 1202
428 502
428 1048
428 443
428 764
428 586
429 608
429 609
429 773
429 653
429 1008
429 1073
429 538
430 992
430 699
430 1127
430 626
430 978
430 1070
430 985
430 1208
430 1115
430 733
430 734
430 799
431 809
431 1068
431 1235
431 1142
431 988
431 677
432 515
432 709
432 925
432 797
432 691
432 1081
432 478
433 840
433 1002
433 524
433 573
433 886
433 602
433 1021
433 1022
434 1024
434 684
435 836
435 486
435 808
435 684
435 848
435 1043
435 600
435 569
435 666
436 611
436 966
436 870
436 783
436 656
436 1013
436 954
436 798
437 1248
437 1147
437 613
437 582
437 945
437 1070
437 623
437 563
437 1043
437 575
437 539
437 860
437 543
438 932
438 1094
438 519
438 623
438 1127
438 748
438 807
438 1205
438 1053
438 1049
438 783
438 861
439 772
439 1103
439 670
439 959
440 824
440 659
440 500
440 949
440 845
441 466
441 1123
442 872
442 905
442 687
442 945
442 1145
442 729
442 990
443 743
443 712
443 1034
443 1167
443 978
443 787
443 1172
443 1146
443 890
443 795
443 798
444 765
444 708
444 847
445 640
445 1063
445 679
445 846
445 1142
445 602
446 486
446 588
446 1098
446 788
446 696
446 474
446 1194
447 999
447 745
447 1067
447 679
447 1079
447 634
448 801
448 977
448 1219
448 743
448 663
448 785
448 786
448 567
449 579
449 614
449 1039
449 1200
449 757
449 858
449 831
450 1029
450 1095
450 841
450 462
450 693
450 983
450 1114
450 1189
451 516
451 965
451 713
451 650
451 1164
451 974
451 983
451 1115
452 965
452 1227
452 748
452 493
452 1009
452 664
453 704
453 802
453 907
453 868
453 518
453 780
453 914
453 1138
453 1212
453 627
454 1220
454 1094
454 744
454 523
454 909
454 753
454 754
455 673
455 1154
455 566
455 1249
455 719
455 1232
455 692
455 1013
455 662
455 1210
455 955
455 533
456 643
456 1221
456 807
456 1198
456 1019
457 805
457 938
457 904
458 609
458 1091
458 933
458 1127
458 1234
459 1170
459 750
459 754
459 693
459 1209
459 542
460 576
460 932
460 1035
460 536
460 573
460 979
461 513
461 582
461 1228
461 816
461 469
462 944
462 741
462 488
462 684
462 940
462 994
462 1168
462 1137
462 1144
462 635
462 509
463 1219
463 932
463 549
463 906
463 876
463 579
463 888
463 835
464 647
464 1013
464 472
464 1214
465 704
465 609
465 808
465 620
465 1070
465 893
465 1232
465 566
465 669
466 489
466 940
466 844
466 880
466 1012
466 777
466 1179
466 542
467 866
467 995
467 840
467 747
467 850
467 632
467 955
467 1191
467 510
468 805
468 966
468 1031
468 1002
468 1102
468 723
468 916
468 1198
468 980
468 959
469 641
469 928
469 807
469 1226
469 718
469 850
469 532
469 910
469 535
469 664
469 602
469 958
470 875
470 1011
471 1115
471 535
472 640
472 610
472 891
472 999
472 939
472 877
472 821
472 1188
472 731
473 871
473 1001
473 754
473 599
473 540
473 862
474 865
474 896
474 675
474 932
474 1190
474 1128
474 696
475 772
475 838
475 906
475 1102
475 1092
476 522
476 1197
476 685
476 658
476 1051
477 1043
477 1130
477 622
477 605
477 915
477 1206
477 984
477 889
477 1018
477 842
478 591
478 1170
478 728
478 1188
478 764
479 1027
479 1206
479 1222
479 566
479 1239
479 1051
480 489
480 1076
480 697
480 506
481 1063
481 1069
481 954
481 828
481 831
482 675
482 587
482 984
483 1063
483 688
483 692
483 1181
484 1094
484 648
484 496
484 759
484 824
485 883
485 1065
486 866
486 1203
486 966
486 1002
486 555
486 716
486 1150
486 694
486 829
487 979
487 755
487 1181
488 515
488 679
488 935
488 813
488 593
488 1114
488 566
488 634
488 1117
488 511
489 930
490 878
490 1030
490 1102
490 826
490 1214
491 899
491 934
491 520
491 906
491 1004
491 1192
491 499
491 980
491 1141
491 925
492 577
492 930
492 771
492 943
492 495
492 882
492 1013
492 952
493 898
493 1059
493 904
493 594
493 568
493 1116
493 1246
494 512
494 772
494 582
495 675
495 550
495 1213
495 916
495 815
495 509
496 904
496 778
496 565
496 956
496 703
496 575
497 896
497 673
497 1185
497 1103
497 1219
497 662
497 1167
497 1117
498 1248
498 865
498 1123
498 1220
498 1061
498 999
498 553
498 1226
498 645
498 741
498 784
498 701
498 1022
498 709
499 1024
499 644
499 855
499 1004
499 1012
499 824
499 548
500 739
500 667
500 934
500 618
500 1102
500 624
500 1137
500 1110
500 1111
500 570
500 670
500 511
501 632
501 937
501 506
502 704
502 546
502 837
502 552
502 980
502 1207
502 1236
503 1050
504 1056
504 1110
504 526
505 586
505 1214
505 918
506 865
506 1148
506 909
506 949
506 1236
506 1180
507 1090
507 626
507 956
508 896
508 1061
508 646
508 1233
508 1130
508 1137
508 1235
508 704
509 1095
509 1193
509 749
509 724
509 713
509 858
509 573
509 1022
510 546
510 681
510 1241
510 926
511 1067
511 1100
511 983
511 1081
511 922
512 1129
512 1035
512 528
512 1079
512 792
513 1190
513 939
513 877
513 656
513 1010
513 1205
513 1110
513 667
513 1109
514 840
514 1170
514 725
514 697
515 994
515 842
515 721
515 855
515 1143
515 1081
516 672
516 834
516 901
516 839
516 618
516 1068
516 1104
516 629
517 1120
517 1232
517 954
517 1148
517 1014
518 896
518 708
518 1026
518 1242
518 764
518 1181
519 598
519 1159
519 1230
519 918
519 1168
519 767
519 1206
520 656
520 889
520 921
520 594
520 756
520 1017
521 1025
521 1001
521 940
521 621
521 754
522 930
522 1062
522 1035
522 944
523 734
523 929
523 899
523 586
523 1086
523 724
523 921
523 1051
523 1022
524 1091
524 911
524 1008
524 1048
524 1236
524 1237
524 591
525 1187
525 533
525 1144
525 890
525 1148
526 576
526 1057
526 913
526 1097
526 682
526 787
526 1016
526 893
527 1127
527 1006
527 1039
527 824
527 1114
528 1216
528 1037
528 1049
528 602
529 737
529 631
529 1201
529 1207
530 943
530 852
530 1173
530 1175
530 858
530 879
530 927
531 584
531 619
531 910
531 948
531 759
531 1113
532 1056
532 675
532 996
532 624
532 1014
532 794
532 540
533 1062
533 555
533 717
533 1010
533 1054
534 581
534 1129
534 818
534 601
534 538
534 869
535 1184
535 641
535 1034
535 1170
536 710
536 774
536 743
536 749
536 877
536 886
536 1175
536 894
537 1186
537 999
537 1119
538 896
538 1221
538 1159
538 1197
538 910
538 991
539 736
539 992
539 557
539 653
539 758
539 1247
539 894
540 811
540 1131
540 1139
540 858
541 644
541 908
541 1197
541 557
541 980
541 1212
541 638
542 1131
542 1197
542 947
542 1179
542 765
543 708
543 870
543 653
543 751
543 1079
543 1178
544 896
544 741
544 1004
544 1229
544 734
544 697
544 1150
544 1055
545 928
545 645
545 682
545 594
545 850
545 725
546 962
546 964
546 678
546 1136
546 691
547 942
547 1167
547 733
548 713
548 1103
548 1069
548 751
548 826
548 635
548 733
549 747
549 557
549 782
549 911
549 1167
550 609
550 611
550 1014
550 571
550 908
550 947
550 1173
550 1083
551 1026
551 932
551 1125
551 1032
551 1161
551 946
551 612
551 954
551 924
552 806
552 595
553 672
553 992
553 835
553 702
554 964
554 614
554 1224
554 941
554 1101
554 1010
554 851
554 1119
555 1126
555 1127
555 1001
555 1069
556 768
556 737
556 1218
556 964
556 577
556 795
556 702
557 804
557 1125
557 898
557 758
558 1056
558 1098
558 940
558 1198
558 821
558 918
558 1144
558 767
559 1152
559 1057
559 1157
559 646
559 904
559 919
559 764
560 1090
560 716
560 1132
560 674
560 822
560 855
560 830
561 611
561 615
561 785
561 1111
561 1055
562 836
562 776
562 779
562 1168
562 817
562 882
562 1014
563 771
563 932
563 1232
563 723
563 1178
563 734
563 757
564 968
564 624
564 984
564 701
565 906
565 718
565 1115
565 949
565 1087
565 892
565 810
565 895
566 686
566 883
567 1218
567 1155
567 967
567 1001
567 1009
567 663
567 729
568 1225
568 788
569 684
569 979
569 760
569 1146
569 828
570 1056
570 796
570 746
570 680
570 663
571 1248
571 580
571 876
571 909
571 1038
572 1094
572 1237
572 856
572 764
573 1152
573 1062
573 648
573 1037
573 1106
573 982
573 929
574 1159
574 712
575 739
575 621
575 1022
575 1039
575 594
575 885
575 759
575 1161
576 904
576 1234
576 1114
577 930
577 618
577 876
577 948
577 699
577 915
578 627
578 802
578 1029
578 847
578 1043
578 1011
579 844
579 1136
579 920
579 1016
579 1145
580 1056
580 681
580 1227
580 858
581 1130
581 1006
581 1198
582 1168
582 1202
582 718
582 880
582 658
582 760
582 1147
582 638
583 835
583 939
583 622
583 688
583 1240
583 734
583 703
584 1161
584 1163
584 717
584 688
584 1201
584 693
584 585
584 760
584 987
585 998
585 881
585 1170
586 736
586 847
586 1139
586 884
586 916
586 1071
587 1152
587 902
587 651
587 1102
587 946
587 952
587 667
588 900
588 1062
588 878
588 976
588 1213
588 1189
589 875
589 943
589 881
589 1244
589 1246
590 1057
590 616
590 617
590 970
590 1229
590 765
590 723
590 607
590 1084
590 735
591 1031
591 1230
591 1136
591 1013
591 893
591 639
592 1218
592 1132
592 652
592 1077
592 1078
592 1048
592 1017
592 956
592 1087
593 606
593 1112
593 702
594 1193
594 1101
594 1014
594 1086
595 710
595 614
595 1005
595 910
595 1047
595 827
596 1188
596 841
596 812
596 830
597 653
597 621
598 737
598 1218
598 1222
598 1064
598 1139
598 788
598 791
598 1209
598 1243
598 861
598 831
599 1171
600 769
600 740
600 615
600 1103
600 1015
600 1182
601 1144
601 934
602 992
602 784
602 1189
602 1070
602 857
602 1050
602 988
603 672
603 1138
603 624
603 978
603 728
604 833
604 711
604 1005
604 943
604 1173
604 1047
605 966
605 620
605 713
605 849
605 631
605 889
606 1157
606 779
606 947
606 919
606 1182
606 1011
607 608
607 1026
607 675
607 950
607 760
607 636
608 1115
608 775
608 1096
608 1144
608 953
608 893
609 866
609 675
609 913
609 967
609 755
609 1206
609 1021
609 863
610 1126
610 633
610 792
610 891
610 1020
611 1125
611 649
611 816
611 1041
611 1134
611 730
611 923
611 700
611 1061
612 1064
612 1020
612 875
612 717
612 977
612 1223
613 1196
613 940
613 984
613 820
613 825
614 693
614 1085
615 769
615 994
615 717
615 824
615 701
616 1249
616 1035
616 648
616 843
616 1006
616 849
616 1118
617 649
617 815
618 1121
618 1127
618 651
618 1036
618 923
618 764
619 673
619 1155
619 644
619 653
619 878
619 881
619 1175
619 953
619 705
620 960
620 1185
620 1218
620 1224
620 851
620 920
620 1178
621 1056
622 672
622 807
622 1192
622 682
622 1140
622 836
623 641
623 807
623 1237
623 760
623 957
624 750
624 680
624 1223
624 1135
624 853
624 759
624 1048
625 681
625 852
625 889
625 1147
626 1124
626 678
626 1191
626 877
626 1044
626 916
626 925
627 1185
627 1155
627 937
627 1009
627 990
628 1089
628 934
628 935
628 739
628 667
628 926
629 1224
629 1034
629 814
629 686
629 856
630 1006
630 1236
630 1079
630 956
630 1021
631 992
631 912
631 938
631 812
631 1165
631 848
631 1213
631 1023
632 803
632 879
632 916
632 794
633 1068
633 778
633 716
633 654
633 1017
633 986
633 799
635 770
635 1004
635 1236
635 804
635 767
635 734
635 959
636 1218
636 679
636 834
636 912
636 1211
637 1220
637 649
637 1227
637 1110
638 1058
638 1035
638 1105
638 1074
639 680
639 1097
639 1014
639 855
639 666
639 668
640 878
640 1201
640 979
640 1183
641 1171
641 1013
641 1086
641 685
641 1083
641 949
642 751
642 790
642 1178
642 827
643 649
643 1186
643 1228
643 997
644 1233
644 885
645 1224
645 1001
645 746
645 876
645 1228
645 824
645 810
646 996
646 908
646 796
646 1087
647 801
647 712
647 941
647 813
647 1133
647 788
647 1015
647 856
648 1218
648 797
648 944
648 1140
649 807
649 886
650 1176
650 954
650 745
651 928
651 708
651 851
651 888
651 1211
651 990
652 967
652 910
652 978
652 1043
652 760
652 740
652 923
653 966
653 1050
654 1095
654 1036
654 1167
654 1040
654 1205
654 1117
655 657
655 1066
655 688
655 850
656 1095
656 712
656 716
656 763
657 1239
657 782
657 946
657 887
657 1023
658 961
658 1068
658 914
658 1054
658 825
658 1209
658 1126
659 704
659 1186
659 901
659 1196
659 938
659 1151
660 1216
661 709
661 1200
661 1110
661 954
661 1149
661 895
662 928
662 1155
662 759
662 749
662 944
662 887
662 1116
663 1056
663 1024
663 1232
663 799
664 871
664 1048
664 761
664 1051
665 771
665 971
665 815
665 913
665 1080
666 769
666 1188
666 1203
666 873
667 1066
667 1035
667 945
667 889
667 857
667 763
668 790
668 814
669 676
669 1160
669 920
669 825
670 801
670 844
670 714
670 1100
670 979
670 1178
670 1245
671 1227
672 1026
672 836
672 1101
672 1008
672 694
672 681
673 752
673 1141
674 1154
674 1029
674 970
674 1110
675 905
675 843
675 751
675 765
676 962
676 1035
676 972
676 685
676 911
676 848
676 1087
677 895
677 1226
677 908
677 847
677 1207
677 751
678 880
678 1225
678 718
678 1072
679 1120
679 1160
679 742
679 731
680 741
680 942
680 887
680 1080
680 1177
680 1150
681 1029
681 1127
681 1228
681 894
681 1081
682 710
682 1008
682 945
682 1044
682 890
682 1148
682 1086
682 991
683 1019
683 1124
683 933
683 780
683 1132
683 877
683 883
683 853
683 1243
684 874
684 1008
684 1105
684 1170
684 734
685 698
685 1232
685 707
685 921
685 1050
685 988
686 696
686 764
687 1219
687 1033
687 912
687 724
687 821
687 1242
688 1185
688 1033
688 843
688 780
688 937
688 1239
688 1111
688 1117
688 1119
689 928
689 1147
689 838
689 872
689 797
689 1010
689 701
690 1121
690 709
690 1110
690 1065
690 1038
690 713
690 1180
691 1002
691 1139
691 723
692 1221
692 1133
692 815
692 794
692 1181
692 926
692 1157
693 1002
693 1166
693 921
694 1093
694 1107
694 916
694 1048
694 1017
694 925
694 805
695 1120
695 870
695 1243
695 901
696 1056
696 962
696 1230
696 719
696 881
696 1010
696 820
696 1019
697 850
697 982
698 1006
698 1041
698 1077
698 854
699 866
699 835
699 1222
699 1241
700 1093
700 1041
700 972
700 1169
701 1205
701 1239
702 865
702 1132
702 750
702 1012
703 896
703 931
703 1227
703 813
703 1083
703 818
703 755
703 999
703 984
703 1177
703 956
703 1245
703 1054
704 781
704 725
704 1044
704 921
704 946
704 944
704 1202
704 1016
704 1248
704 1002
704 1192
704 888
705 715
705 931
705 730
706 1229
706 1133
706 1201
706 765
706 1023
707 962
708 769
708 1127
708 781
708 1236
709 1057
709 1094
709 1199
709 761
709 986
710 964
710 887
710 1036
710 1146
710 795
711 1089
711 1201
711 756
711 917
712 944
712 717
712 1235
712 727
712 1113
712 733
713 1215
713 1103
713 792
714 993
714 775
714 951
714 1138
715 1152
715 1038
715 1233
715 852
715 879
716 1233
716 1195
716 913
716 1170
716 1235
716 1205
716 856
716 991
717 792
718 1069
718 767
718 922
719 982
719 1002
719 1233
720 1037
720 818
720 893
721 934
721 968
721 890
721 1084
722 1007
723 736
723 836
723 1098
723 789
723 1212
724 1219
724 804
724 1238
724 850
724 1237
724 1174
724 1241
724 927
725 976
725 1044
725 924
726 866
726 934
726 937
726 1177
726 889
727 1168
727 1203
727 1110
728 1157
728 930
728 943
728 912
728 1041
728 978
728 1172
729 1161
729 909
729 789
729 1050
730 741
730 999
730 784
730 794
731 993
731 915
732 1152
732 912
732 821
732 761
732 1116
733 962
733 1236
733 878
733 1118
734 1234
735 736
735 1082
735 950
736 1249
736 972
736 1009
736 830
736 816
737 1216
737 934
737 1105
737 1227
738 1144
738 889
739 844
739 1037
739 887
739 762
740 746
740 747
741 1184
741 781
741 1237
741 859
741 1183
742 1056
742 931
742 1229
742 785
742 1204
743 833
743 1064
743 1066
743 949
743 817
744 1027
744 1159
744 1068
744 911
744 756
745 1100
745 1200
746 776
746 846
746 1235
746 791
746 1225
746 763
746 773
747 939
747 884
747 1189
748 933
748 969
748 1132
748 878
748 819
748 825
749 1056
750 1123
750 1029
750 810
750 1196
750 1106
750 1139
750 1204
750 1077
750 1052
750 1053
751 1063
751 1133
751 846
751 819
751 916
751 886
751 987
752 1060
752 1193
752 1005
752 1235
752 1102
753 1122
753 1112
753 828
753 957
753 767
754 845
755 853
755 954
756 1093
756 1190
756 1066
757 873
757 786
757 882
757 1075
758 993
758 1248
758 1061
758 1094
758 1184
758 1158
759 965
759 1031
759 1015
759 856
760 1058
760 1168
760 976
760 1214
761 851
761 917
761 1142
761 1145
761 765
762 968
762 973
762 980
763 1068
764 928
764 808
764 1181
765 941
765 911
766 1047
766 1023
768 871
768 1165
768 1234
769 870
769 879
769 1096
769 1139
769 821
769 891
770 965
770 1167
770 1141
771 960
771 1155
771 808
771 1098
771 854
771 924
771 819
772 1056
772 985
774 1073
774 1098
774 844
774 942
774 913
774 1235
774 1239
775 869
775 1095
775 1010
775 854
776 802
776 1084
776 1099
776 1100
776 1229
776 1244
776 1180
777 962
777 841
778 966
779 1058
779 869
779 842
780 1104
780 781
781 1231
781 882
781 948
781 1045
781 1239
782 918
782 969
782 822
783 1136
783 1073
784 869
784 1094
784 1009
784 1240
785 1192
785 944
785 888
785 1151
785 799
786 1176
786 893
787 996
787 913
787 1076
787 1178
787 1054
788 1026
788 850
788 791
788 831
788 1183
789 1093
789 904
789 1012
789 915
789 1183
790 1219
790 936
790 1163
790 1143
791 960
791 1187
792 1095
792 840
792 904
792 1044
792 942
792 1021
793 836
793 875
793 1139
793 1115
793 979
794 897
794 930
794 1048
794 851
794 1175
794 1243
795 833
795 804
795 1121
795 1021
795 979
796 1222
796 962
796 1059
796 933
796 918
796 983
797 992
797 842
798 1057
798 1026
799 1156
799 983
799 1008
800 1203
800 998
801 870
801 1039
801 817
801 923
802 842
802 1109
802 1018
803 1071
803 1006
803 1005
804 806
804 919
804 1103
804 1106
804 886
804 858
805 992
805 1029
805 881
805 1049
805 1247
806 1135
807 832
808 842
808 814
808 1172
808 938
809 1216
809 963
809 1128
809 1137
809 1173
809 825
810 963
810 842
811 1031
811 1138
811 1143
811 1086
812 946
812 889
813 829
813 1062
813 1217
813 1231
813 932
813 919
814 1099
814 1172
815 816
815 1155
815 1104
816 836
816 1157
817 1065
817 1133
817 1007
817 849
817 1123
818 1116
819 1203
819 1003
819 980
819 1205
820 971
820 1113
821 1105
821 1049
822 1235
822 924
823 1248
823 1039
823 1139
823 1077
823 892
824 1024
824 1158
824 1127
825 1243
826 1153
826 929
826 1100
827 1008
827 881
827 887
827 1022
828 1201
828 1132
828 944
828 1049
829 1099
829 982
829 1097
829 921
829 1021
830 1127
830 974
830 1016
830 985
830 1051
831 1205
831 927
832 1141
832 921
832 1007
833 909
833 893
833 1119
835 962
835 870
835 1161
835 1095
835 1038
835 1077
835 1080
836 1032
836 846
836 1246
836 1183
837 996
837 1082
837 1021
838 868
838 977
838 1082
838 959
839 1131
839 1106
839 1140
839 856
839 1019
840 1057
840 867
840 1156
840 1197
840 878
840 895
841 1058
841 986
842 942
842 1027
842 1204
842 1013
842 985
842 1242
843 864
843 939
843 1116
844 997
844 1161
844 1069
844 1208
844 1083
845 866
845 1002
845 1011
845 1108
846 1219
846 1194
846 907
846 1101
846 1233
846 1074
846 1111
846 984
846 1082
847 1056
847 1034
847 1150
848 1096
848 1193
848 1219
848 955
848 915
849 1126
849 916
849 921
849 954
849 1150
849 991
850 869
851 1055
852 1188
852 935
852 1230
853 1121
853 1166
853 917
853 922
853 893
853 1150
853 981
855 1057
855 1142
856 1057
858 962
858 1194
858 1075
858 1078
859 934
859 967
859 1129
859 951
860 1121
860 1153
860 943
860 979
860 1045
860 1146
861 1090
861 1062
861 935
861 1230
861 1142
862 1187
862 1194
862 1107
862 1017
862 867
862 1151
863 873
863 1004
863 1240
863 1083
863 1181
864 960
864 954
865 1203
866 1211
866 871
866 1042
867 977
868 1117
869 962
869 971
871 873
871 938
871 1238
871 1182
872 1124
872 1201
872 1128
872 1231
873 962
873 1016
873 1112
874 1081
874 963
875 1212
875 1006
875 1040
875 1211
875 1052
876 1030
876 1223
877 1184
877 1035
877 1201
878 995
878 1095
878 1022
879 1231
879 1208
879 1011
879 1239
880 942
880 1041
880 1237
881 1211
882 1243
882 1180
883 962
883 1066
883 1003
883 952
884 930
884 1204
884 955
884 990
885 952
886 928
886 993
886 1095
886 1145
886 922
887 1144
887 1112
887 1022
888 1035
889 1068
889 1170
889 1205
890 957
890 894
891 1086
891 1055
892 1001
892 1164
892 1197
892 1020
893 1080
893 1180
894 980
896 1246
896 1181
897 1057
897 1046
897 1190
897 904
897 1174
897 1081
897 1177
899 969
899 1103
901 1235
901 951
901 972
901 1211
901 1116
902 1138
904 1137
904 1014
904 1145
905 978
905 1081
905 1183
906 996
906 1195
906 1106
907 1115
907 1225
907 939
907 1047
907 987
908 1247
909 1122
909 1068
909 1162
909 1099
909 1228
910 1120
910 1018
911 988
912 1207
912 922
913 1096
913 1146
913 925
914 1120
914 920
915 962
915 1049
916 1159
916 1215
917 1057
917 1187
917 932
917 965
917 1103
917 1054
918 1027
918 937
918 1020
918 925
919 1160
919 1028
920 1099
920 1038
920 1137
920 1012
920 922
921 1248
921 960
921 1225
922 1216
922 961
922 1174
922 1162
922 1239
922 972
922 1106
922 1204
922 1079
923 1059
923 1208
923 1201
923 1118
924 935
924 1148
925 1085
926 1188
926 1220
926 1037
926 1006
927 1234
927 1235
927 1022
928 1098
928 1236
929 1209
929 1214
930 1106
931 937
931 1069
931 1068
931 1075
931 1055
932 1088
932 1197
932 1242
933 1132
933 1103
933 1201
933 1213
934 943
934 1168
935 1218
937 1007
938 1047
938 1146
939 1033
940 993
940 1245
942 1087
943 1029
943 1096
943 1139
944 1058
944 1137
944 1070
944 1072
945 1047
946 1237
947 1031
947 1116
948 1090
948 1115
949 1070
949 1068
949 1135
950 965
951 1090
951 1097
951 1131
951 1036
951 1239
951 1020
952 1139
952 1190
952 953
953 1233
954 1181
954 1023
955 1095
955 1231
955 1014
955 1063
956 1187
956 1233
956 1177
957 1217
957 963
957 1153
957 1237
957 1055
957 1023
959 1026
959 1125
959 1075
960 1177
960 1151
962 1182
964 1071
964 1044
965 1191
965 1068
966 1120
966 1006
966 1165
966 980
966 1007
967 1096
967 988
968 1013
969 1130
969 1054
970 1230
970 1018
971 1036
971 1070
971 1076
972 992
972 1163
973 1048
973 1038
973 1118
974 1086
975 1002
976 1172
977 1098
977 1133
978 1064
979 1174
980 1219
980 1192
981 1094
981 1161
981 1109
982 1033
982 1163
982 1136
983 994
983 1232
984 1003
984 1048
984 1070
985 1127
985 1232
985 1147
985 1053
986 1223
986 1141
986 1115
987 1069
987 1127
987 1165
987 1229
988 1098
988 1144
988 1048
990 1220
990 1084
990 1150
991 1187
991 1233
992 1035
994 1027
994 1156
994 1062
995 1081
995 1182
996 1110
996 1114
997 1063
997 1101
997 1232
997 1054
997 1087
998 1035
998 1110
999 1187
999 1119
1000 1223
1000 1010
1000 1182
1000 1086
1002 1032
1002 1111
1002 1115
1003 1182
1004 1146
1004 1020
1005 1088
1005 1052
1005 1138
1006 1041
1007 1098
1007 1136
1007 1011
1007 1047
1007 1016
1007 1051
1008 1058
1008 1174
1008 1159
1008 1014
1009 1224
1009 1239
1010 1032
1010 1196
1010 1107
1010 1204
1012 1075
1013 1191
1013 1165
1013 1076
1013 1083
1013 1183
1014 1024
1014 1153
1014 1186
1014 1028
1014 1096
1014 1238
1015 1243
1015 1023
1016 1176
1017 1024
1017 1157
1018 1190
1018 1147
1019 1027
1020 1092
1020 1104
1020 1171
1020 1049
1021 1221
1021 1190
1021 1134
1022 1036
1022 1165
1022 1236
1023 1150
1024 1105
1024 1132
1024 1239
1025 1235
1025 1209
1026 1109
1027 1091
1027 1202
1028 1216
1028 1065
1028 1073
1028 1178
1029 1207
1030 1228
1030 1080
1032 1229
1033 1234
1033 1238
1033 1148
1034 1059
1035 1223
1036 1163
1036 1101
1037 1117
1037 1206
1038 1192
1038 1068
1038 1167
1039 1197
1040 1230
1040 1112
1041 1185
1041 1210
1041 1050
1042 1064
1043 1064
1043 1047
1044 1083
1045 1221
1045 1180
1046 1217
1046 1159
1046 1083
1047 1169
1048 1177
1049 1248
1049 1132
1049 1050
1050 1186
1050 1197
1050 1053
1051 1187
1051 1129
1053 1169
1053 1215
1054 1087
1055 1188
1055 1206
1055 1244
1055 1086
1056 1163
1056 1148
1058 1159
1058 1170
1059 1156
1059 1080
1060 1226
1060 1114
1061 1076
1062 1232
1064 1133
1064 1232
1064 1169
1065 1123
1065 1204
1066 1142
1067 1205
1067 1112
1067 1245
1068 1152
1068 1230
1069 1155
1069 1188
1069 1106
1070 1192
1070 1193
1072 1152
1072 1107
1072 1143
1072 1149
1073 1248
1073 1153
1074 1187
1074 1226
1074 1212
1075 1118
1077 1131
1077 1201
1077 1150
1079 1170
1081 1095
1081 1193
1082 1202
1083 1246
1085 1167
1086 1094
1086 1245
1086 1180
1087 1241
1088 1132
1089 1247
1090 1137
1090 1173
1092 1201
1093 1159
1093 1243
1095 1146
1096 1214
1097 1137
1098 1152
1098 1136
1098 1141
1099 1220
1099 1172
1099 1188
1100 1152
1100 1244
1101 1117
1102 1153
1103 1125
1104 1183
1106 1147
1108 1225
1110 1233
1111 1127
1111 1207
1111 1243
1111 1162
1112 1228
1113 1171
1115 1140
1115 1235
1116 1202
1117 1190
1118 1186
1118 1159
1119 1170
1120 1142
1121 1155
1122 1187
1123 1172
1123 1142
1123 1207
1125 1243
1126 1223
1126 1203
1128 1216
1129 1204
1130 1179
1131 1214
1133 1233
1135 1215
1136 1223
1137 1144
1137 1240
1139 1209
1140 1223
1140 1168
1140 1146
1141 1186
1144 1173
1147 1167
1148 1168
1148 1235
1149 1208
1149 1150
1150 1247
1151 1189
1153 1218
1154 1173
1154 1182
1157 1168
1159 1182
1160 1235
1161 1232
1161 1211
1164 1222
1166 1238
1170 1191
1172 1179
1173 1203
1173 1208
1179 1232
1182 1227
1192 1196
1193 1212
1194 1210
1195 1214
1196 1215
1198 1200
1199 1218
1199 1241
1208 1244
1210 1216
1215 1221
1215 1246
1219 1234
1234 1243
1240 1246
