0 544
0 449
0 707
0 360
0 828
0 234
0 1006
0 272
0 936
0 1075
0 372
0 377
0 1211
0 220
0 554
1 210
1 498
1 610
1 166
1 487
2 804
2 272
2 977
2 84
2 537
2 63
3 545
3 1091
3 550
3 556
3 494
3 47
3 1171
3 718
3 281
3 1146
4 897
4 994
4 585
4 874
4 16
4 341
4 1049
4 650
4 415
5 301
5 654
5 1069
5 273
5 594
5 979
5 26
5 15
5 29
5 830
6 355
6 1221
6 456
6 203
6 1168
6 840
6 786
6 707
6 792
6 123
6 892
7 391
7 41
7 874
7 1133
7 369
7 120
7 538
7 794
8 1155
8 1029
8 135
8 589
8 655
8 881
8 82
8 755
8 820
8 214
8 279
8 507
8 477
8 150
9 1248
9 610
9 598
9 70
9 503
9 298
9 823
9 16
9 62
9 566
9 151
9 1240
9 218
9 764
9 637
9 1214
10 32
10 1218
10 964
10 871
10 616
10 290
10 1106
10 1043
10 605
10 318
10 31
11 928
11 67
11 1159
11 490
11 845
11 493
11 465
11 818
11 1203
11 565
11 882
11 95
12 70
12 1099
12 76
12 435
12 980
12 533
12 246
12 312
12 254
13 1216
13 544
13 899
13 1235
13 488
13 297
13 589
13 672
13 312
13 371
13 341
13 984
13 191
13 735
13 927
14 1089
14 482
14 934
14 775
14 810
14 813
14 721
14 978
14 123
14 1052
14 413
14 735
15 324
15 1063
15 679
15 1008
15 59
15 765
16 706
16 614
16 823
16 36
16 187
16 703
17 33
17 939
17 459
17 654
17 1200
17 127
18 1031
18 749
18 398
18 496
18 982
18 415
18 1215
19 256
19 800
19 868
19 294
19 39
19 777
19 1031
19 622
19 879
19 816
19 1138
19 278
19 889
19 121
19 1179
19 1020
20 36
20 165
20 326
20 1095
20 1192
20 1162
20 359
20 878
20 645
20 677
20 792
20 186
20 357
21 459
21 1221
21 139
21 396
21 1240
21 1103
21 817
21 504
21 505
21 794
21 1020
22 708
22 1029
22 870
22 626
22 1234
22 1141
22 893
23 804
23 806
23 301
23 462
23 367
23 174
23 1048
23 1179
23 829
23 789
24 619
24 1220
24 421
24 294
24 1127
24 1032
24 241
24 1069
24 398
24 497
24 338
24 211
24 437
24 216
24 469
25 1248
25 289
25 867
25 1222
25 465
25 328
25 343
25 908
25 232
25 1107
25 446
25 535
25 1240
25 569
25 363
25 30
26 581
26 1158
26 1066
26 526
26 690
26 437
26 279
26 1051
26 650
26 286
26 383
27 449
27 546
27 776
27 1122
27 872
27 158
27 54
27 1177
27 284
27 286
27 287
28 136
28 994
28 739
28 986
29 473
29 228
29 555
29 844
29 173
29 1138
29 1044
29 213
29 247
29 217
29 1179
29 1180
29 797
30 576
30 571
30 1031
30 1099
30 685
30 816
30 883
30 532
30 217
30 771
30 283
30 318
31 801
31 363
31 324
31 715
31 980
31 408
31 516
31 794
31 58
32 144
32 1187
32 1028
32 294
32 710
32 1163
32 813
32 239
32 1040
32 237
32 890
32 1054
33 704
33 162
33 166
33 584
33 188
33 747
33 1076
33 152
33 796
33 1117
33 158
34 643
34 805
34 1225
34 146
34 911
34 594
34 963
34 181
34 346
34 383
34 382
34 639
35 1024
35 448
35 195
35 164
35 936
35 1071
35 715
35 972
35 335
35 1104
35 658
35 283
35 572
35 734
35 735
36 288
36 803
36 709
36 1199
36 947
36 439
36 1209
36 1178
36 1187
37 962
37 907
37 836
37 261
37 875
37 492
37 605
37 93
38 930
38 806
38 362
38 493
38 815
38 917
38 1175
38 922
38 317
39 448
39 230
39 326
39 297
39 330
39 753
39 211
39 873
39 1210
39 510
39 198
40 586
40 689
40 243
40 148
40 212
40 762
41 837
41 525
41 846
41 687
41 1235
41 405
41 87
41 859
42 800
42 1092
42 521
42 750
42 270
42 950
42 1119
43 1157
43 1071
43 303
43 979
43 1081
43 90
43 667
44 578
44 1060
44 198
44 458
44 492
44 1229
44 82
44 563
44 436
44 277
44 1177
44 786
44 859
44 314
45 471
45 743
45 425
45 1063
45 589
45 1203
45 94
45 951
45 606
45 1119
46 640
46 391
46 169
46 682
46 983
46 467
46 60
46 211
46 1172
46 246
46 55
46 202
46 724
46 859
46 1052
46 522
47 769
47 100
47 648
47 1225
47 1006
47 305
47 1171
47 1142
47 681
48 386
48 775
48 429
48 430
48 816
48 241
48 626
48 598
48 1054
49 800
49 226
49 1124
49 1190
49 1034
49 76
49 79
49 723
49 310
49 890
49 1212
50 1056
50 226
50 419
50 941
50 302
50 1076
50 276
50 894
51 198
51 231
51 715
51 722
51 239
51 56
51 498
51 819
51 153
51 280
51 633
51 222
52 483
52 325
52 615
52 648
52 905
52 74
52 691
52 662
52 859
52 542
53 1216
53 1217
53 180
53 353
53 737
53 681
53 524
53 813
53 175
53 1137
53 1042
53 660
53 1033
53 852
53 724
53 655
54 560
54 386
54 163
54 420
54 229
54 753
54 1161
54 107
54 945
54 859
54 701
54 1086
54 1119
55 1216
55 132
55 295
55 937
55 583
55 397
55 1236
55 724
56 1221
56 919
56 750
56 945
56 83
56 630
56 933
56 313
56 93
56 222
56 287
57 866
57 1158
57 231
57 883
57 691
57 125
57 917
58 418
58 230
58 1032
58 140
58 1138
58 786
58 822
58 378
58 127
58 1116
59 512
59 227
59 68
59 150
59 1094
59 1066
59 142
59 67
59 212
59 334
59 1014
59 195
59 1054
59 639
60 704
60 613
60 1062
60 935
60 407
60 1132
60 1070
60 499
60 439
60 345
60 380
61 890
61 215
61 580
61 821
61 551
62 873
62 338
62 726
63 768
63 257
63 674
63 323
63 98
63 1105
63 1202
63 918
63 952
63 1209
63 607
64 71
64 171
64 1008
64 562
64 87
64 122
64 1146
64 575
65 1014
65 983
66 962
66 459
66 141
66 1101
66 239
66 848
66 436
66 604
66 797
66 574
67 866
67 643
67 167
67 940
67 846
67 280
67 924
68 1062
68 528
68 466
68 659
68 373
68 152
68 565
69 608
69 1035
69 1093
69 363
69 637
69 790
69 989
69 639
70 1072
70 1124
70 1151
70 430
70 1232
70 121
70 763
70 702
70 351
71 647
71 682
71 938
71 502
71 571
71 842
71 286
71 1087
72 960
72 320
72 324
72 744
72 275
72 491
72 1138
72 659
72 444
72 765
72 415
73 865
73 1156
73 894
73 936
73 140
73 752
73 208
73 435
73 181
73 795
73 765
73 958
74 960
74 422
74 615
74 328
74 777
74 558
74 434
74 563
74 475
74 1054
75 480
75 257
75 1102
75 797
75 1204
75 542
75 893
75 894
75 1109
76 1156
76 645
76 618
76 485
76 398
76 530
76 1207
76 280
76 90
76 197
77 547
77 741
77 455
77 732
77 1111
77 111
77 244
77 1207
77 1231
77 444
77 1149
77 607
78 864
78 633
78 139
78 276
79 1031
79 1192
79 842
79 427
79 823
79 824
79 634
79 1083
79 732
79 714
79 574
80 161
80 900
80 935
80 1066
80 1003
80 545
80 1012
80 1109
80 120
80 639
81 640
81 482
81 996
81 135
81 109
81 559
81 147
82 1004
82 1051
82 294
82 326
82 521
82 874
82 1164
82 781
82 750
82 113
82 1071
82 483
82 379
82 1020
82 239
83 1056
83 770
83 423
83 586
83 684
83 610
83 942
83 464
83 846
83 221
83 1054
84 128
84 866
84 387
84 1223
84 1000
84 910
84 200
84 274
84 403
84 116
85 424
85 985
85 148
86 484
86 1190
86 171
86 172
86 655
86 723
86 1237
86 442
86 1135
86 989
87 873
87 1194
87 1101
87 443
87 1117
88 321
88 834
88 744
88 1228
88 1236
88 728
88 637
89 1056
89 641
89 940
89 466
89 143
89 914
89 275
89 659
89 245
89 1055
89 287
90 1030
90 778
90 942
90 881
90 184
90 1183
91 131
91 974
91 113
91 1155
91 758
91 1082
91 221
92 801
92 898
92 1193
92 556
92 1122
92 400
92 539
92 412
93 708
93 741
93 1063
93 999
93 108
93 1245
93 657
93 251
93 540
93 1167
93 287
94 163
94 936
94 652
94 654
94 404
94 782
94 823
94 187
94 604
94 509
95 576
95 546
95 836
95 262
95 582
95 648
95 332
95 326
95 347
95 1020
95 543
96 384
96 331
96 1228
96 911
96 947
96 981
97 482
97 806
97 970
97 1196
97 1198
97 786
98 161
98 324
98 1029
98 292
98 776
98 1161
98 682
98 171
98 1133
98 792
98 1148
98 727
98 504
98 473
98 508
98 607
99 1039
99 905
99 675
99 876
99 191
100 1091
100 516
100 583
100 1064
100 620
100 1133
100 1205
100 342
100 644
101 360
101 931
101 231
101 968
101 1033
101 108
101 945
101 1085
102 1089
102 869
102 1191
102 424
102 1033
102 395
102 976
102 788
102 981
102 856
102 795
103 1182
103 677
103 534
104 1184
104 833
104 997
104 710
104 1003
104 150
104 889
105 166
105 647
105 1109
105 313
105 539
105 412
105 927
106 1059
106 420
106 645
106 199
106 935
106 146
106 763
106 317
106 133
107 770
107 775
107 201
107 1168
107 1139
107 1176
107 443
107 702
108 1024
108 388
108 1206
108 359
108 502
108 139
108 141
108 431
108 434
108 118
108 376
108 575
109 487
109 969
109 1069
109 688
109 117
109 118
109 1243
109 669
109 126
109 863
110 897
110 621
110 915
110 440
110 313
110 987
110 670
111 1120
111 481
111 779
111 644
111 841
111 715
111 302
111 592
111 721
111 531
111 251
111 516
111 955
112 208
112 132
112 833
112 1101
112 494
112 240
112 534
112 447
113 768
113 481
113 678
113 615
113 297
113 495
113 305
113 1011
113 1113
113 759
113 537
113 958
114 262
114 333
114 719
114 1077
114 505
114 153
114 666
114 350
114 447
115 780
115 815
115 179
115 1204
115 952
115 1210
115 572
116 320
116 673
116 155
116 423
116 232
116 1001
116 845
116 334
116 591
116 496
116 851
116 675
116 723
116 475
116 605
116 510
116 543
117 744
117 1083
117 1156
117 933
118 642
118 232
118 202
118 1035
118 1165
118 816
118 1013
118 1143
118 1019
118 1183
119 194
119 291
119 728
119 411
119 636
119 285
119 1086
120 481
120 900
120 504
120 1106
120 280
120 1124
120 1178
120 284
120 730
121 627
121 131
121 747
121 783
121 562
121 727
121 857
121 1083
121 957
121 478
122 708
122 325
122 169
122 651
122 630
122 664
122 223
123 199
123 1069
123 976
123 789
123 822
123 956
124 466
124 299
124 380
125 1025
125 258
125 203
125 868
125 903
125 460
125 471
125 812
125 371
125 1172
125 277
125 788
125 951
125 492
125 414
125 255
126 931
126 1223
126 810
126 405
126 383
127 1155
127 233
127 524
127 982
127 985
127 796
128 520
128 365
128 1169
128 887
128 223
129 854
129 438
129 175
129 946
129 309
129 310
129 1208
129 700
129 1119
130 225
130 291
130 228
130 1062
130 454
130 1223
130 1201
130 1232
130 207
130 304
130 369
130 308
130 937
130 1144
130 250
131 768
131 929
131 1028
131 939
131 845
131 765
132 194
132 843
132 284
132 351
133 197
133 140
133 1005
133 302
133 911
133 973
133 691
133 1021
133 1086
134 1008
134 194
134 451
134 390
134 993
134 874
134 943
134 848
134 338
134 1013
134 153
134 213
135 928
135 324
135 454
135 140
135 398
135 531
135 725
135 182
135 1150
136 928
136 163
136 794
136 843
136 173
136 975
136 1178
136 1176
136 762
136 509
136 350
137 1027
137 361
137 907
137 268
137 730
137 860
138 656
138 284
138 829
139 736
139 1187
139 548
139 699
139 722
139 945
139 434
139 503
139 760
139 1179
139 221
140 900
140 684
140 632
140 243
140 276
140 344
140 857
140 380
140 221
141 1017
141 1185
141 162
141 195
141 614
141 710
141 776
141 924
141 311
141 877
141 516
141 495
141 579
141 414
141 247
141 1113
141 1148
141 947
141 990
142 384
142 1062
142 170
142 445
142 497
142 1107
142 830
142 502
142 1085
142 1246
143 736
143 417
143 822
143 438
143 584
143 1036
143 694
143 1229
143 910
143 207
143 172
143 692
143 630
143 1213
144 704
144 226
144 145
144 873
144 270
144 1016
144 787
144 596
144 723
144 1208
144 851
145 1130
145 582
145 1230
145 1183
146 480
146 934
146 1037
146 846
146 271
146 1040
146 181
147 833
147 161
147 745
147 1239
147 588
147 1199
147 339
147 822
147 247
147 251
147 1020
148 1159
148 174
148 692
148 1087
149 1209
149 962
149 1095
149 1007
150 869
150 490
150 375
150 1012
150 278
150 759
151 832
151 341
151 210
151 178
151 597
151 822
151 636
151 1117
151 501
152 627
152 1098
152 940
152 691
152 1140
152 372
152 444
153 962
153 551
153 747
153 269
153 878
153 240
153 377
153 924
154 435
154 980
154 909
154 1182
154 445
155 997
155 231
155 1127
155 593
155 911
155 497
155 1010
155 1206
155 827
156 577
156 301
156 916
156 997
156 793
157 1219
157 1097
157 1164
157 877
157 366
157 1068
157 497
157 850
157 501
157 568
157 441
157 986
157 187
157 1119
158 673
158 1243
158 964
158 301
158 692
158 853
158 183
158 1112
158 580
158 1209
158 1182
158 405
159 928
159 964
159 1221
159 711
159 1127
159 621
159 1166
159 596
159 890
160 1120
160 619
160 1233
160 181
160 375
160 378
160 1085
161 291
161 388
161 357
161 583
161 777
161 935
161 1004
161 973
161 918
161 569
161 538
161 283
161 698
162 560
162 166
162 1168
162 176
162 1132
162 208
162 371
162 724
162 564
163 1090
163 310
163 322
163 467
163 505
163 699
163 1180
164 546
164 262
164 391
164 877
164 752
164 497
164 602
164 285
164 478
165 900
165 806
165 237
165 949
165 886
165 408
165 1209
165 252
165 479
166 866
166 1219
166 488
166 743
166 335
166 1042
166 531
166 1205
166 566
167 643
167 901
167 267
167 748
167 1167
167 1010
167 212
167 1143
167 635
167 443
167 357
168 416
168 545
168 1226
168 619
168 908
168 445
168 660
168 719
168 284
168 829
168 831
169 705
169 548
169 1195
169 1234
169 1237
169 1177
169 590
169 285
169 223
170 453
170 742
170 1227
170 716
170 845
170 369
170 466
170 180
170 895
171 1122
171 612
171 1157
171 999
171 392
171 713
171 208
171 1073
171 1205
171 440
171 1209
171 795
171 572
172 675
172 328
172 952
172 1241
172 764
173 545
173 1154
173 225
173 906
173 367
173 181
173 409
173 665
173 309
174 353
174 875
174 685
174 782
174 986
175 961
175 898
175 1129
175 595
175 275
175 503
175 1016
175 474
175 380
175 277
176 641
176 194
176 1092
176 233
176 525
176 372
176 311
176 984
177 1184
177 577
177 1026
177 579
177 1004
177 1171
177 917
177 312
177 894
178 545
178 1156
178 199
178 360
178 205
178 401
178 728
178 948
178 286
178 248
178 516
178 797
178 542
179 224
179 418
179 195
179 647
179 875
179 365
179 1039
179 406
179 409
179 351
180 608
180 1212
180 1219
180 488
180 1244
180 1066
180 462
180 720
180 1139
180 628
180 284
181 1152
181 675
181 488
181 296
181 237
181 872
181 726
181 825
181 264
182 641
182 912
182 451
182 676
182 1072
182 934
182 785
182 841
182 683
182 720
182 1080
182 791
182 408
183 782
183 1027
183 804
183 394
183 594
183 750
183 338
183 757
183 375
183 696
184 833
184 994
184 396
184 492
184 674
184 720
184 562
184 499
184 597
184 791
184 1240
184 475
184 285
185 443
185 452
185 652
185 234
185 1036
185 1045
185 697
185 1051
186 1113
186 1179
186 675
187 576
187 640
187 802
187 369
187 528
187 665
187 829
188 876
188 237
188 208
188 787
188 1045
188 311
188 698
188 319
188 604
188 1054
188 799
189 864
189 673
189 551
189 663
189 300
189 205
189 239
189 502
189 247
189 729
189 891
190 896
190 291
190 1220
190 1189
190 871
190 1107
190 797
190 830
190 357
191 196
191 1061
191 620
191 355
192 737
192 199
192 845
192 559
192 495
192 859
192 510
193 352
193 1026
193 1059
193 1092
193 1004
193 1172
193 246
193 1047
193 793
193 957
194 1123
194 423
194 1191
194 1195
194 754
194 1069
194 242
194 406
194 957
195 966
195 685
195 787
195 568
195 831
196 608
196 862
196 199
196 776
196 492
196 200
196 373
196 375
196 536
196 1109
197 1211
197 868
197 906
197 715
197 367
197 273
197 739
197 1051
198 1059
198 1064
198 233
198 712
198 1076
198 1237
198 923
198 382
199 357
199 232
199 623
199 980
199 1109
199 536
199 1156
199 860
200 704
200 515
200 388
200 1062
200 1190
200 1228
200 589
200 367
200 720
200 404
200 1109
200 342
200 920
200 725
201 1051
201 472
201 1126
201 857
201 848
201 791
201 723
201 619
201 599
201 856
201 825
201 1211
201 860
201 990
202 224
202 735
202 831
203 768
203 837
203 551
203 333
203 814
203 1139
203 564
203 315
203 862
204 1025
204 962
204 457
204 1230
204 1040
204 400
204 471
205 324
205 692
205 664
205 922
205 220
206 993
206 1167
206 1008
206 438
206 408
206 253
207 577
207 677
207 807
207 745
207 975
207 850
207 513
207 471
207 888
207 857
207 655
207 1247
208 611
208 554
208 332
208 237
208 756
208 382
209 709
209 838
209 391
209 600
209 394
209 555
209 623
209 305
209 1075
209 692
209 408
209 634
209 1062
209 362
210 642
210 677
210 1130
210 514
210 943
210 600
210 570
211 608
211 226
211 324
211 880
212 962
212 584
212 1180
212 561
212 668
212 1245
213 421
213 1063
213 527
213 529
213 216
213 730
213 510
214 708
214 809
214 600
214 1007
214 664
214 952
214 1064
214 1240
214 228
214 1242
214 283
214 924
214 445
215 837
215 454
215 839
215 908
215 1165
215 336
215 309
215 1146
215 1085
216 800
216 655
216 395
216 900
216 582
216 294
216 266
216 267
216 330
216 974
216 943
216 1236
216 886
216 239
216 764
216 285
216 1173
217 481
217 613
217 1245
217 946
217 1208
217 602
218 384
218 662
218 438
218 361
218 751
218 278
218 841
218 1145
218 668
218 383
219 512
219 704
219 707
219 998
219 294
219 615
219 616
219 530
219 534
220 1025
220 898
220 643
220 1157
220 622
220 1103
220 238
220 508
220 735
221 555
221 651
221 307
221 397
221 899
221 1241
221 1119
222 672
222 227
222 902
222 520
222 298
222 555
222 1072
222 600
222 730
222 670
223 251
223 966
223 998
223 362
223 851
223 852
223 596
223 763
223 1182
224 994
224 1094
224 459
224 671
225 938
225 976
225 689
225 866
225 311
225 444
225 778
225 543
226 936
226 680
226 498
226 601
226 890
226 731
226 445
226 1215
227 551
227 297
227 397
227 1231
227 591
227 825
227 345
227 282
228 942
228 235
228 274
228 334
228 369
228 1074
228 1109
228 632
228 539
228 853
229 1056
229 929
229 294
229 1062
229 1094
229 552
229 264
229 1203
229 917
229 1051
229 979
229 543
230 418
230 515
230 583
230 488
230 663
230 535
230 343
230 729
231 443
231 1156
231 731
231 424
231 453
231 590
231 850
231 345
231 892
231 1209
232 1216
232 866
232 374
232 842
232 401
232 602
232 1243
232 1215
233 519
233 489
233 1066
233 751
233 824
234 769
234 996
234 993
234 1160
234 664
234 359
234 525
234 432
234 504
234 792
235 673
235 705
235 715
235 334
235 463
235 624
235 689
235 789
235 412
235 1183
236 962
236 261
236 936
236 1036
236 1042
236 756
236 885
236 1078
236 376
236 666
236 1116
236 383
237 641
237 962
237 779
237 807
237 267
237 957
238 1242
239 1123
239 329
239 746
239 1186
239 1083
239 489
239 1082
239 559
239 1021
240 551
240 553
240 426
240 365
240 1167
240 502
240 696
240 1180
241 720
241 290
241 293
241 486
241 430
241 783
241 400
241 823
241 793
241 345
242 288
242 675
242 1101
242 323
242 438
242 921
243 384
243 514
243 612
243 1063
243 553
243 1069
243 718
243 527
243 468
243 740
243 1178
243 319
244 739
244 872
244 1161
244 1131
244 977
244 533
244 953
244 459
245 736
245 1229
245 818
245 949
245 318
246 487
246 585
246 971
246 813
246 463
246 1200
246 721
246 854
246 745
246 635
246 255
247 963
247 425
247 1036
247 1069
247 915
247 1239
248 584
248 275
248 564
248 756
248 854
248 1176
248 537
249 1153
249 546
249 324
249 488
249 712
249 1090
249 1041
249 882
249 805
249 1207
249 573
249 831
250 468
250 1072
250 434
250 755
250 1076
250 663
250 660
251 1195
251 745
251 554
251 363
251 949
251 598
251 1210
251 763
251 703
252 933
252 710
252 1127
252 809
252 778
252 267
252 934
252 277
252 694
252 553
252 666
252 603
252 764
253 1026
253 942
253 1006
253 626
253 435
253 374
253 605
254 768
254 547
254 808
254 363
254 396
254 590
254 1084
254 927
255 930
255 310
255 593
255 1000
255 1232
255 1233
256 778
256 257
256 657
256 618
256 812
256 301
256 816
256 945
256 669
257 613
257 569
257 1148
257 350
258 814
258 439
259 745
259 779
259 396
259 846
259 1006
259 503
259 1210
259 667
260 384
260 1036
260 1169
260 1239
260 764
260 1053
260 926
260 351
261 1190
261 879
261 692
261 570
262 609
262 941
262 301
262 529
262 342
262 535
262 632
263 960
263 1121
263 516
263 965
263 934
263 871
263 680
263 1001
263 406
263 1143
263 1245
264 416
264 1061
264 518
264 715
264 877
264 1053
264 720
264 948
264 761
264 1177
264 765
265 295
265 1196
265 684
265 949
265 297
265 824
265 396
266 738
266 369
266 872
266 942
266 655
266 497
266 754
267 1249
267 642
267 485
267 616
267 332
267 1110
267 482
267 342
267 316
268 522
268 1163
268 301
268 1200
268 273
268 1082
269 1186
269 1099
269 999
269 968
269 937
269 811
269 940
269 301
269 973
269 979
269 500
269 538
269 282
269 927
270 738
270 971
270 789
270 472
270 602
270 1083
270 861
271 608
271 523
271 740
271 1031
271 459
271 975
271 761
271 1176
271 377
271 1210
271 636
271 1191
272 1157
272 396
272 947
272 596
272 1214
272 601
272 510
273 418
273 667
273 424
273 528
273 598
273 571
274 1030
274 1167
274 731
274 572
274 447
275 352
275 646
275 333
275 1107
275 887
275 411
276 1025
276 731
276 1092
276 583
276 720
276 948
276 312
276 537
276 1179
277 615
277 940
277 435
277 478
278 801
278 715
278 559
278 384
278 1043
278 409
278 573
278 988
278 1181
278 542
279 551
279 807
279 1009
279 630
280 800
280 647
280 918
280 963
281 683
281 679
281 331
281 749
281 1170
281 759
281 1080
282 944
282 1060
282 481
282 747
282 783
282 1136
282 722
282 979
282 440
282 799
283 770
283 549
283 828
283 435
283 504
283 570
283 380
283 479
284 320
284 290
284 1030
284 620
284 440
284 341
284 1241
284 349
284 884
285 710
285 721
285 872
285 841
285 561
285 692
285 504
286 1216
286 1219
286 1093
286 970
286 370
286 918
286 988
286 637
286 426
287 648
287 688
287 1182
287 1014
287 414
288 1093
288 1223
288 555
288 652
288 1008
288 1047
288 473
288 667
289 1224
289 1130
289 492
289 853
289 954
289 732
290 802
290 611
290 1224
290 716
290 930
290 596
290 1049
290 554
290 319
291 731
291 587
291 398
291 475
291 1148
291 415
292 857
292 914
292 653
292 822
293 994
293 516
293 527
293 624
293 1108
294 355
294 971
294 1068
294 498
294 784
294 532
294 825
295 672
295 403
295 627
295 597
295 311
296 1153
296 739
296 326
296 403
296 822
296 1208
296 1082
296 445
297 1088
297 1058
297 662
297 359
297 332
297 898
297 374
297 311
298 388
298 1032
298 490
298 907
298 754
298 1044
299 1121
299 485
299 1158
299 801
299 939
299 752
299 689
299 569
299 673
299 1119
300 803
300 681
300 912
300 1046
300 507
301 490
301 726
302 424
302 905
302 1137
302 791
302 1224
302 573
303 940
303 973
303 462
303 1203
303 1078
303 635
303 765
303 926
304 585
304 715
304 553
305 1157
305 1047
305 364
305 942
305 914
305 1077
305 1143
305 987
306 616
306 1197
306 974
306 399
306 336
306 1009
306 441
306 986
307 609
307 963
307 1038
307 1208
307 374
307 888
308 744
308 385
308 438
308 601
309 1092
309 773
309 1160
309 1129
309 1100
309 911
309 985
309 1108
309 471
309 660
309 666
309 964
309 733
310 1097
310 434
310 1212
311 864
311 976
311 1098
311 1015
311 641
311 1049
311 988
311 746
312 576
312 737
312 813
312 586
312 790
312 518
312 711
312 1196
312 1162
312 779
312 428
312 815
312 854
312 314
312 763
312 860
312 730
313 587
313 1202
313 1170
313 435
313 534
313 793
313 979
314 354
314 452
314 1047
314 942
314 695
314 664
314 1050
314 572
315 867
315 996
315 454
315 367
315 1077
315 535
315 1244
315 734
316 1060
316 901
316 625
316 812
316 1002
316 556
316 369
316 318
317 1185
317 899
317 1129
317 363
317 368
317 1043
317 539
318 1024
318 764
318 1230
318 1108
318 1134
319 929
319 744
319 748
319 924
319 364
319 686
319 1012
319 1225
319 1140
319 957
320 512
320 1249
320 867
320 812
320 333
320 690
320 984
320 1076
320 786
321 1201
321 1119
321 727
321 983
322 992
322 864
322 779
322 717
322 1145
322 459
323 587
323 1077
323 696
323 959
323 1212
324 1238
324 354
324 622
324 936
324 531
324 1046
324 506
324 923
324 604
324 702
325 1218
325 934
325 518
325 519
325 967
325 717
325 335
325 1107
325 527
325 889
325 1083
325 669
326 455
326 888
326 853
326 439
326 408
326 1017
326 698
326 924
326 669
327 978
327 416
327 965
327 968
327 1037
327 1069
327 528
327 786
327 948
327 857
327 922
327 1052
327 1053
328 1199
328 716
328 1068
328 687
328 432
328 1042
328 1075
328 821
328 729
328 1083
328 447
329 643
329 1092
329 718
329 1167
329 636
329 574
329 751
330 681
330 431
330 916
330 1110
330 728
330 1145
330 602
330 799
331 1024
331 1052
331 1230
331 1201
331 948
331 374
331 540
332 1229
332 1247
332 861
332 1214
333 1074
333 731
334 832
334 1091
334 933
334 490
334 434
334 1188
335 1032
335 874
335 876
335 692
335 918
335 511
336 861
336 730
336 1149
336 692
336 1210
336 509
336 607
337 1112
337 660
337 630
337 391
338 482
338 741
338 952
338 786
338 564
338 1046
339 1218
339 459
339 1235
339 441
339 1180
340 643
340 549
340 374
341 1186
341 1002
341 526
341 1070
341 1018
341 604
341 1034
342 448
342 452
342 1043
342 664
342 763
343 1224
343 1054
343 855
344 928
344 388
344 549
344 360
344 1038
344 884
344 441
345 389
345 455
345 588
345 364
345 675
345 853
345 473
345 671
346 357
346 1030
346 586
346 750
346 468
346 390
347 928
347 449
347 909
347 1009
347 435
347 889
347 732
348 1248
348 705
348 966
348 682
348 1200
348 530
348 500
348 725
349 517
349 1062
349 875
349 531
349 1204
349 1142
349 1242
349 605
349 933
350 738
350 1221
350 1031
350 1067
350 718
350 1206
350 375
350 1145
350 571
351 1065
351 778
351 1067
351 687
351 1137
351 1246
351 478
352 1156
352 679
352 649
352 455
352 816
352 1172
353 1125
353 372
353 925
353 1087
354 656
354 1080
354 465
355 845
355 946
355 437
356 1092
356 394
356 428
356 1135
356 433
356 722
356 857
356 827
356 964
357 1033
357 1038
357 786
357 649
357 440
358 1092
358 645
358 458
358 1136
358 691
358 954
358 1244
358 1149
358 862
359 419
359 1131
359 461
359 782
360 907
360 1164
360 621
360 654
360 913
360 725
360 728
360 441
361 750
361 564
361 1129
361 969
361 1022
361 831
362 643
362 614
362 1224
362 941
362 559
362 920
363 614
363 679
363 1224
363 521
363 650
363 1099
363 717
364 1056
364 481
364 1097
364 970
364 530
364 946
364 694
364 1213
365 642
365 662
365 590
365 465
365 1106
365 694
365 572
365 478
366 515
366 1196
366 818
366 723
366 767
367 1122
367 710
367 974
367 1037
367 503
367 1055
368 807
368 552
368 725
368 599
368 760
368 1181
369 1088
369 813
369 557
369 1041
369 1208
369 665
369 730
369 540
370 1004
370 845
370 592
370 625
370 1138
370 921
370 1085
371 449
371 1192
371 937
371 1034
371 395
371 850
371 787
371 728
372 1122
372 996
372 1090
372 398
372 848
372 409
372 860
373 848
373 464
373 866
373 624
373 1138
373 692
373 507
374 1154
374 554
374 751
374 593
374 1108
374 793
374 830
374 863
375 1185
375 869
375 958
375 670
375 666
376 993
376 585
376 969
376 490
376 557
376 912
376 1164
376 745
376 1114
376 571
376 959
377 1083
377 516
377 423
377 974
377 752
377 920
377 725
377 472
377 603
377 575
378 449
378 771
378 695
378 1176
379 387
379 548
379 392
379 1193
379 478
380 992
380 1089
380 580
380 1030
380 1072
380 756
380 543
381 570
381 1124
381 382
381 687
382 576
382 803
382 935
382 1117
382 675
382 1178
382 1211
383 480
383 802
383 438
383 1222
383 521
383 1130
383 557
383 749
383 1046
383 639
384 993
384 643
384 455
384 937
384 1194
384 715
384 1006
384 790
384 649
384 797
384 1237
385 1248
385 641
385 1149
385 778
385 491
385 940
385 493
385 943
385 1105
385 988
385 669
386 551
386 1107
386 759
386 890
386 1210
387 1152
387 1159
387 905
387 1131
387 765
388 555
388 969
388 1163
388 751
388 977
388 761
388 1019
389 929
389 996
389 709
389 1033
389 406
389 663
389 632
389 1082
389 539
389 1053
389 990
390 961
390 578
390 995
390 529
390 811
390 1091
390 1133
390 913
390 931
390 1204
391 717
391 400
391 1116
391 415
392 1163
392 458
392 467
392 661
392 695
392 766
392 767
393 1186
393 938
393 588
393 1144
393 697
393 1114
394 1090
394 998
394 776
394 553
394 1107
394 630
394 635
394 415
395 998
395 488
395 842
395 1035
395 593
395 757
395 890
395 989
396 1248
396 802
396 1068
396 877
396 446
396 1247
396 981
397 1154
397 776
397 1098
397 727
397 1218
398 1108
398 706
398 712
398 1026
398 1134
398 1011
398 1204
399 550
399 807
399 969
399 1066
399 976
399 571
399 1116
400 710
400 522
400 844
401 1062
401 550
401 490
401 715
401 1132
401 687
401 1000
401 498
402 591
403 802
403 964
403 807
403 823
403 983
403 889
404 1221
404 807
404 619
404 753
404 529
404 1045
404 837
404 440
404 860
404 965
405 429
405 1233
405 852
405 409
405 536
405 788
405 916
406 1001
406 693
406 794
406 1021
407 1125
407 967
407 1194
407 752
407 924
407 959
408 672
408 636
408 950
408 1020
409 800
409 848
409 578
409 996
409 784
409 1009
409 1111
409 696
409 1215
410 418
410 1067
410 908
410 493
410 591
410 596
410 949
410 635
410 701
411 611
411 420
411 649
411 889
411 625
411 969
411 675
411 697
411 573
412 964
412 503
412 1160
412 937
412 535
412 1135
412 786
412 617
412 791
412 506
412 987
412 1181
412 1239
412 1055
413 852
413 740
413 548
413 1014
414 1155
414 806
414 1099
414 492
414 430
414 692
414 694
414 1183
414 1212
415 765
415 1247
416 582
416 903
416 431
416 496
416 1142
416 1113
416 921
416 1242
416 476
416 1151
417 743
417 969
417 1037
417 1045
417 702
418 806
418 874
418 692
418 1176
418 1208
419 674
419 662
419 550
419 554
419 910
419 469
419 790
419 1116
419 1245
420 929
420 868
420 726
420 1063
420 555
420 880
421 961
421 1165
421 912
421 438
422 1219
422 614
422 579
422 863
422 1084
422 1011
423 1001
423 813
423 815
424 1153
424 1124
424 554
424 877
424 755
424 602
424 1115
424 860
424 1086
425 548
425 1093
425 714
425 560
425 825
425 540
425 490
425 581
426 448
426 964
426 1172
426 438
426 825
426 443
427 929
427 840
427 975
427 1010
427 1016
428 996
428 869
428 871
428 851
428 1078
428 1206
429 833
429 610
429 805
429 683
429 1133
429 718
429 653
429 1084
430 486
430 587
430 566
430 473
431 708
431 908
431 907
431 620
431 980
431 1051
431 606
432 717
432 1198
432 584
432 755
432 1140
432 504
432 1076
432 765
432 1182
433 992
433 833
433 586
433 942
433 624
434 790
434 809
434 1009
434 586
435 491
435 1149
435 817
435 788
435 1078
435 1084
435 669
435 1022
436 1059
436 656
436 899
436 596
436 1109
436 823
436 829
437 513
437 559
437 669
438 774
438 491
438 940
438 879
438 1205
438 1239
438 762
439 1235
439 883
439 1204
439 888
439 868
440 588
440 976
440 755
440 920
440 925
441 515
441 1158
441 1193
441 1163
441 1169
441 697
442 1187
442 548
442 710
442 968
442 849
442 1064
442 861
443 448
443 866
443 744
443 972
443 974
443 831
444 520
444 816
445 673
445 451
445 452
445 487
445 908
445 947
446 900
446 747
446 1070
446 784
446 1074
446 1175
446 1081
447 676
447 1063
447 1192
447 684
447 945
447 796
448 806
448 1195
448 781
448 971
448 784
448 915
449 1072
449 491
449 943
449 816
449 881
449 697
449 624
450 619
450 737
450 971
450 524
450 1190
451 800
451 480
451 899
451 1096
451 684
451 1145
451 926
451 671
452 576
452 1026
452 612
452 919
452 621
452 500
452 888
452 804
452 606
453 609
453 769
453 872
453 462
453 655
453 693
453 1081
453 1053
454 1219
454 932
454 936
454 905
454 967
454 911
454 468
454 1081
455 1184
455 486
455 999
455 808
455 712
455 623
455 470
455 958
456 672
456 868
456 650
456 845
456 622
456 1204
456 1013
456 1045
457 897
457 962
457 872
457 723
457 1238
457 535
457 506
458 864
458 547
458 486
458 616
458 721
458 690
458 469
458 504
458 767
459 726
459 854
459 922
460 1024
460 833
460 1186
460 1001
460 1023
460 1225
460 979
460 661
460 1049
460 472
460 1177
460 479
460 1011
461 995
461 1171
461 485
461 904
461 547
461 1013
461 696
461 819
462 1090
462 968
462 914
462 1113
462 793
462 889
462 1050
462 1146
462 1055
463 592
463 754
463 1078
463 1048
464 1075
464 1057
464 745
464 956
464 607
465 1202
465 920
465 797
465 1118
466 1186
466 1125
466 979
467 821
467 538
467 636
467 669
467 638
468 833
468 1095
468 874
468 587
468 720
468 1145
468 1014
468 695
468 746
468 542
469 471
469 665
469 955
469 892
469 1214
470 704
470 513
470 936
470 1033
470 615
470 1134
470 1109
470 568
470 1146
471 1225
471 978
471 510
471 1213
471 1118
471 501
472 1207
472 493
472 979
472 599
472 856
472 991
473 1152
473 1249
473 1156
473 842
473 817
473 543
474 742
474 1063
474 1162
474 1134
474 1232
474 756
474 970
475 997
475 808
475 1083
475 863
475 1052
475 767
476 516
476 1072
476 1171
476 1016
476 670
477 482
477 613
477 582
477 999
477 971
477 974
477 814
477 1111
477 1114
477 1182
478 965
478 1101
478 655
478 598
479 731
479 493
479 1166
479 527
479 700
479 1151
480 535
480 536
481 1088
481 1249
481 891
481 860
481 1082
482 1120
482 977
482 809
482 751
482 976
482 531
482 600
483 611
483 1028
483 616
483 1017
483 887
483 1049
483 507
483 1054
484 672
484 1218
484 552
484 975
484 861
485 1104
485 691
485 535
485 794
485 735
485 829
485 1086
485 607
486 579
486 1092
486 1132
486 657
486 1109
486 1014
486 983
486 824
486 892
487 648
487 821
487 1022
488 549
488 617
488 751
488 913
488 984
489 928
489 770
489 1091
489 646
489 971
489 1219
489 1080
489 955
490 896
490 494
490 1167
490 691
490 1076
490 1207
490 788
491 1089
491 1161
491 775
491 1115
492 576
492 586
492 875
492 780
492 851
492 662
492 791
492 603
493 644
493 646
493 1209
493 637
494 550
494 651
494 1237
494 1227
494 664
494 925
495 768
495 610
495 588
495 1135
496 1249
496 993
496 936
496 813
496 723
496 886
497 689
497 504
497 882
497 1083
498 995
498 1210
499 930
499 1091
499 671
500 1061
500 626
500 1176
500 1242
500 923
500 954
501 937
501 746
501 815
501 1110
501 767
502 992
502 1091
502 838
502 504
502 637
503 1097
503 853
503 761
503 1241
503 927
504 1127
504 706
504 974
504 697
505 976
505 773
506 518
506 1129
506 619
506 728
507 992
507 774
507 678
507 877
507 948
507 925
507 638
508 1225
508 526
508 1085
508 1236
508 751
508 1149
508 572
509 976
509 644
509 1130
510 581
510 647
510 1162
510 709
510 714
510 821
511 736
511 1249
511 997
511 875
511 1196
511 912
511 1233
511 951
511 799
512 644
512 1003
512 1041
512 915
512 1244
513 993
513 1186
513 966
513 1031
513 554
513 1133
513 1076
513 636
513 1151
514 1122
514 1200
514 764
514 894
515 1157
515 875
515 894
515 703
516 930
516 1158
516 904
516 565
516 536
516 1167
516 702
517 964
517 775
517 747
517 1174
517 570
518 548
518 906
518 814
518 1074
518 532
519 1168
519 870
519 597
520 1088
520 943
520 658
520 1011
520 567
520 1150
522 773
522 589
522 654
522 1144
522 986
523 928
523 932
523 1034
523 1229
523 535
523 728
523 921
523 1242
524 1168
525 1075
525 795
525 593
525 1138
525 1066
525 667
525 778
526 1179
526 1061
526 550
526 569
526 991
526 1183
527 1187
527 1232
527 951
528 865
528 912
528 529
528 868
528 796
529 962
529 1158
529 935
529 748
529 1183
530 1126
530 1163
530 1170
530 886
530 535
530 540
531 936
531 1194
531 866
531 910
531 1224
532 1186
532 963
532 535
532 1051
532 1247
533 1220
533 908
533 1004
533 626
533 597
533 792
533 1119
534 1185
534 1154
534 1036
534 1167
534 1076
534 1143
535 802
535 566
535 1142
535 841
536 842
536 844
536 753
536 1074
536 729
536 1178
536 636
537 737
537 675
537 996
537 1185
537 1099
537 1134
537 816
537 1108
537 859
537 990
538 858
538 769
538 1022
539 1219
539 874
539 541
539 899
539 1045
539 572
540 932
540 775
540 844
540 684
540 1107
540 693
540 791
540 987
541 648
541 800
541 580
541 1005
542 1152
542 1120
542 1186
542 1157
542 978
542 857
542 1021
543 1019
543 804
543 1196
543 878
543 1208
543 959
544 898
544 1156
544 773
544 746
544 780
545 550
545 626
545 696
545 1123
545 888
545 787
545 1012
545 1205
545 982
545 728
545 1011
546 831
546 961
546 583
546 827
546 1036
546 946
546 1171
546 824
546 1145
546 763
547 640
547 966
547 949
547 664
547 1247
548 960
548 1063
548 777
548 554
548 1033
548 810
548 732
548 991
549 1154
549 971
549 975
549 1064
549 1054
549 859
549 796
549 573
549 862
549 1215
550 900
550 1129
550 813
550 788
550 828
550 735
551 832
551 725
551 1112
551 602
551 860
552 833
552 1002
552 1079
552 723
552 1239
552 603
552 874
552 1183
553 557
553 1137
553 1108
553 568
553 921
554 929
554 1059
554 843
554 1201
554 728
554 893
554 671
555 849
555 1193
555 1063
555 1197
555 1070
555 594
555 562
555 1140
556 1217
556 839
556 1116
556 814
556 1206
556 1241
556 603
556 831
557 992
557 1224
557 1133
557 703
557 699
557 669
558 1027
558 678
558 680
558 841
558 1241
558 796
558 765
558 670
559 824
559 921
559 572
559 799
560 682
560 1226
560 619
560 600
560 860
560 618
560 1246
561 836
561 677
561 1225
561 973
561 660
561 661
562 569
562 1131
562 695
562 1073
562 1141
562 953
562 732
563 643
563 1222
563 1191
563 810
563 976
563 594
563 601
563 732
563 1119
564 1190
564 951
564 1232
564 1237
564 1143
564 604
564 789
565 965
565 1160
565 938
565 947
565 1086
566 968
566 1168
566 1182
567 706
567 1058
568 678
568 850
568 963
568 893
569 642
569 678
569 776
569 1227
569 1232
569 694
569 1183
570 640
570 1185
570 1161
570 597
570 1177
571 1133
571 803
571 582
571 1130
571 749
571 1139
572 708
572 1162
572 942
572 1200
572 739
572 1078
573 771
573 708
573 647
573 636
573 759
573 948
573 853
573 887
573 604
573 830
574 673
574 707
574 644
574 1202
574 1198
574 946
574 1220
574 1183
575 1248
575 644
576 734
576 805
576 1004
577 1056
577 934
577 649
577 1066
577 939
577 912
577 1235
577 1065
577 1193
577 1150
578 1217
578 1077
578 701
579 860
580 1110
581 726
581 623
582 935
582 616
582 811
582 654
582 1235
582 1110
582 893
582 670
583 905
583 938
583 657
583 722
583 947
583 981
583 636
584 1121
584 593
584 789
584 1150
585 640
585 803
585 1094
585 939
585 845
585 1019
585 721
585 635
585 859
586 964
586 905
586 938
586 981
586 1020
587 1196
587 740
587 965
587 1096
587 588
587 947
587 1048
587 957
588 967
588 1192
589 877
590 1217
590 1153
590 723
591 805
591 1227
591 1007
591 980
591 1039
592 774
592 713
592 1102
592 951
592 856
593 1202
593 724
594 1190
594 1173
594 991
595 1088
595 953
595 907
595 1224
596 1220
597 867
597 746
597 1023
598 901
598 934
598 1039
598 1170
598 1242
599 1094
599 693
599 762
599 789
600 1034
600 972
600 1043
600 661
601 700
601 1003
601 754
601 752
601 689
601 1138
601 731
601 1180
601 894
601 1119
602 1079
602 1072
602 855
602 666
603 1217
603 803
603 1061
603 711
603 1036
603 807
603 655
603 1136
603 995
603 1018
603 1180
603 830
604 960
604 740
604 750
604 765
604 953
604 654
604 1146
604 766
605 672
605 1136
605 1059
605 1153
605 747
605 944
605 1109
605 1054
606 653
606 1153
606 903
606 1003
606 984
606 798
607 856
607 858
608 1024
608 1058
608 806
608 646
608 904
608 619
608 813
608 887
608 1146
608 955
608 1246
609 647
609 650
609 1201
609 794
609 891
609 830
610 1186
610 811
610 689
610 1246
611 709
611 870
611 685
611 1231
611 818
611 1014
612 1184
612 775
612 685
612 1166
612 692
612 949
612 1111
612 1210
612 1148
612 853
613 1096
613 777
613 822
613 857
614 737
614 1058
614 900
614 1065
614 1012
614 980
614 796
614 830
615 677
615 1068
615 719
615 697
615 634
616 672
616 994
616 996
616 1197
616 1236
616 1111
616 696
616 861
616 638
617 1219
617 808
617 1198
617 1000
617 1106
617 916
617 890
618 1128
618 938
618 1137
618 663
619 833
619 712
619 698
620 897
620 645
620 690
620 1006
620 754
620 1106
620 729
620 764
621 802
621 814
621 1223
621 968
621 1237
621 1118
622 1019
622 765
622 632
622 1115
622 1245
623 1220
623 1132
623 1240
623 669
623 927
624 1052
624 1100
624 1229
624 1109
624 1097
624 1212
625 944
625 867
625 1230
625 848
625 787
625 664
625 734
626 967
626 936
626 658
627 866
627 676
627 1225
627 1163
627 1168
627 1175
627 1242
627 991
628 709
628 1078
628 1175
628 1148
628 1174
629 730
629 746
629 973
630 1060
630 806
630 647
630 978
630 664
630 1244
631 992
631 711
631 699
631 1212
631 1117
631 1150
632 905
632 815
632 790
633 877
633 1167
633 1198
633 639
634 784
634 883
634 922
634 1199
635 1158
635 902
635 680
635 838
635 663
636 643
636 1104
636 825
636 927
637 1106
637 1191
637 1160
637 813
637 882
637 1135
638 1057
638 881
638 841
638 1098
638 651
638 721
638 757
638 918
639 809
640 932
640 1074
640 981
641 1079
641 1011
641 825
641 760
641 921
642 725
642 1018
643 1091
643 1016
643 888
643 884
643 1183
644 679
644 684
644 817
644 1175
644 799
645 833
645 1154
645 1189
645 847
645 1200
645 916
645 1141
645 853
646 1028
646 1031
646 712
646 1109
646 1147
647 1231
647 1176
647 1086
648 778
648 983
648 972
648 823
649 1015
649 1106
649 1010
649 852
649 951
649 989
650 1099
650 907
650 692
650 788
650 1241
651 840
651 913
651 724
651 1109
651 1048
651 1237
652 1092
652 908
652 943
652 1182
652 1119
653 1056
653 1225
653 1035
653 940
653 878
653 1007
653 914
653 1231
653 1183
654 866
654 1214
654 870
654 1013
654 1221
655 1157
655 921
655 980
655 1017
655 1049
656 880
656 1063
657 1248
657 714
657 846
657 920
657 1051
657 1214
658 962
658 942
658 792
658 1115
658 799
659 875
659 1039
659 978
659 854
660 914
661 928
661 768
661 866
661 707
661 1007
662 769
662 1028
662 1201
663 929
663 868
663 746
663 1140
663 676
663 862
664 1071
665 923
665 828
665 669
666 1024
666 897
666 674
666 1187
666 1126
666 1030
666 745
666 874
666 850
666 751
666 1172
667 1088
667 930
667 708
667 873
667 722
667 1079
667 882
668 784
668 738
668 1187
668 1166
668 944
668 1206
669 800
669 969
669 1045
669 925
670 674
670 880
670 850
671 865
671 683
671 1100
671 817
671 755
671 916
671 986
671 860
671 1151
672 992
672 682
672 850
672 1174
672 791
673 1197
673 723
673 757
674 1128
674 799
675 1123
675 836
675 1041
675 977
675 950
675 1048
676 1005
676 1102
676 1106
676 1045
676 1117
676 702
677 913
677 1106
677 716
677 1165
677 974
677 1204
677 1207
677 984
678 1155
678 699
678 806
678 792
678 680
678 681
678 748
678 877
678 919
678 1084
679 867
679 805
679 729
680 1192
680 999
680 1218
680 1213
680 1236
680 1021
681 736
681 910
681 827
682 832
682 936
683 769
683 740
683 1121
683 811
683 725
683 798
683 831
684 707
684 717
684 1038
684 915
685 771
685 780
685 1110
685 1207
685 996
686 1010
686 1205
686 1062
687 1020
687 812
687 877
687 956
687 861
688 705
689 864
689 805
689 1006
689 1008
689 721
689 1177
690 1056
690 1065
690 1202
690 1235
690 822
691 832
691 707
691 965
691 876
691 1208
691 803
691 694
691 997
691 958
692 769
692 813
692 939
692 738
692 858
693 834
693 1101
693 846
693 783
693 979
693 788
693 984
693 1011
693 1055
694 1187
694 941
694 963
694 759
694 794
695 896
695 1129
695 1226
695 814
695 895
696 1101
697 768
697 742
697 808
697 1129
697 983
697 752
697 1170
697 1015
698 869
698 807
698 809
698 716
698 755
698 822
699 768
699 842
699 780
699 1105
699 701
700 967
700 843
700 780
700 942
701 992
702 1152
702 817
702 790
703 1001
703 1181
704 1158
705 806
705 1009
705 855
706 761
706 955
707 1002
707 850
707 1076
709 1193
709 867
709 981
709 1033
709 1093
710 945
711 834
711 1183
711 1039
711 1238
711 988
712 1217
712 1034
712 1204
712 1047
712 773
713 995
713 840
713 1142
713 792
713 1019
714 1100
714 1042
714 1082
714 1085
714 1055
715 1041
715 776
715 1029
715 1109
715 767
715 1011
716 904
716 1196
716 1080
716 861
717 1120
717 992
717 1193
717 1198
717 793
717 732
718 1165
718 879
718 848
718 721
718 847
718 732
718 765
719 1186
719 998
719 810
719 984
719 761
720 870
720 1178
720 1180
720 858
721 1195
721 1072
721 1019
722 736
722 1221
722 1192
722 1065
722 873
722 753
722 852
722 1111
723 745
723 844
723 1132
723 765
725 907
725 811
725 806
725 1064
725 809
726 808
726 888
726 1114
726 795
727 803
727 950
728 739
728 1234
729 978
729 831
730 769
730 997
730 966
730 1099
730 940
730 1102
730 1068
730 1072
731 1038
731 1242
731 1150
732 837
733 1240
733 929
733 1070
734 1162
734 1007
734 1215
735 897
735 903
735 943
735 818
736 1157
736 810
736 765
737 741
737 758
738 995
738 871
738 788
738 1080
738 1054
739 1155
739 1095
739 879
739 787
739 951
739 954
740 918
741 933
741 1094
741 983
741 920
742 1196
742 1229
743 968
743 1130
743 1103
743 816
743 883
743 1045
744 1106
744 1018
744 798
745 1063
745 1108
745 949
745 1052
746 1205
746 811
746 1041
746 856
747 783
747 978
747 917
747 1078
747 1045
748 754
748 1039
748 945
748 1042
748 822
748 815
748 765
748 1182
749 804
749 1041
749 1142
750 1062
750 1000
750 1020
750 1198
750 1167
751 780
751 915
752 1002
752 781
752 873
752 1008
753 1120
753 840
753 969
753 904
753 979
754 901
754 1011
754 1172
755 949
756 778
756 851
756 792
756 764
757 801
757 1061
757 1047
757 1182
758 902
758 780
758 787
758 796
759 1199
760 972
760 1201
760 858
761 1217
761 933
761 967
761 970
761 961
761 1186
761 814
761 946
761 1116
762 1095
762 1100
762 818
762 1016
763 934
763 1102
763 1103
763 920
763 954
764 768
764 1188
764 1074
764 1204
764 921
764 1087
765 1037
765 816
765 1240
766 769
766 1147
766 1057
767 769
767 999
767 780
767 781
767 1135
767 1046
767 957
768 961
768 1073
768 924
769 838
769 936
769 986
770 1090
770 963
770 1159
770 910
770 1136
770 1234
770 1211
770 794
770 1183
771 963
771 1069
772 946
772 1011
772 923
772 1230
773 833
773 870
773 1196
773 1081
773 859
774 1049
774 1026
775 992
775 1200
775 779
775 1131
775 928
775 983
776 803
776 939
776 1137
776 889
776 1118
777 992
777 1129
777 1036
777 1041
777 851
778 884
779 1210
779 1135
780 904
780 1052
780 789
780 1237
780 989
780 1054
780 1151
781 800
781 835
781 852
781 981
781 1243
782 803
782 1201
782 1106
782 827
783 994
783 1005
783 1007
783 1111
783 861
784 797
785 1226
785 869
786 1090
786 936
786 865
787 876
787 1014
788 1223
788 1068
788 1200
788 1176
788 1181
789 802
789 1204
789 1030
789 1010
789 1140
790 907
790 1110
791 965
791 935
791 1001
791 887
791 830
792 1210
792 1246
793 820
794 954
794 1181
795 1188
795 967
795 913
795 1236
795 804
796 1005
796 1202
796 1011
796 933
797 1035
797 1098
797 820
797 1047
797 955
799 1216
799 967
799 937
799 1075
799 1049
799 1162
800 1171
800 1132
800 941
800 1117
800 1235
801 1154
801 1161
801 924
801 976
801 1011
802 825
802 984
802 953
803 1061
803 1100
803 968
803 850
803 1064
804 864
804 1025
804 843
804 967
804 917
804 1048
805 1127
805 1137
805 918
806 1122
806 898
806 827
807 1155
807 1002
807 823
807 959
808 832
808 993
808 899
808 996
808 1179
808 1038
808 815
808 820
808 937
809 1162
809 1139
810 875
811 1025
811 932
811 1239
811 1113
811 1178
812 1056
812 1062
812 1069
812 1112
812 953
812 1212
813 822
814 1067
814 935
814 1213
815 822
815 1199
815 886
815 819
816 1097
816 916
816 1017
816 986
816 948
817 903
817 1204
817 892
818 1188
818 938
819 1102
820 1089
820 993
820 911
821 1088
821 1021
821 1204
821 1212
822 928
822 1073
822 892
823 848
823 983
823 987
824 1156
824 919
824 922
824 1149
824 1150
825 1122
825 838
825 1079
825 886
825 922
826 1026
826 1129
826 912
826 1112
826 1144
826 1114
827 1004
827 1169
827 1070
827 1110
827 1084
828 1033
828 938
828 1067
828 946
828 854
828 891
829 1115
829 879
829 883
830 1008
830 1054
831 904
831 978
831 1202
831 925
832 963
832 1101
832 1016
833 1003
833 851
833 891
834 1017
835 938
835 1094
836 1188
836 919
836 837
837 898
837 1219
837 1030
837 852
838 867
838 971
838 1040
838 1084
839 840
839 1098
839 958
840 1153
840 901
840 1187
840 1143
841 875
841 1047
841 941
841 880
841 948
841 1147
842 1139
843 1223
843 1066
843 925
844 1071
844 949
844 863
845 941
845 1240
845 1115
846 1228
846 913
846 1048
847 978
847 979
847 983
847 957
848 855
849 965
849 854
849 1243
849 1182
850 896
850 1129
850 906
850 1047
850 920
851 1122
851 1142
851 1097
851 1179
852 1092
852 976
853 906
853 942
853 996
853 1148
854 1211
854 976
854 1144
854 859
854 924
854 926
855 1025
855 858
855 1055
856 1217
856 1240
857 1197
858 930
858 1062
859 1123
859 870
859 1225
859 1106
859 1080
859 1118
859 1189
860 1056
860 1041
860 1197
860 976
860 1169
860 1111
860 1021
861 1172
862 1234
863 1174
863 1192
863 1208
864 1026
864 1034
864 980
864 1162
864 1016
864 924
865 1068
865 1041
866 970
866 1183
867 904
867 1208
867 1021
868 1101
868 1133
868 920
868 1020
869 1110
869 1002
869 1069
869 1202
869 1045
870 902
870 1109
870 957
870 894
871 932
871 1108
871 921
871 989
872 936
872 1013
873 936
873 938
873 1046
874 1129
875 1159
875 945
875 1237
876 982
876 886
876 952
876 1113
876 1151
877 937
877 1194
877 1106
877 1139
879 1204
879 988
880 1175
880 983
881 1061
881 889
882 1184
882 1058
882 901
882 1101
882 1070
882 1204
882 1205
883 1123
883 948
884 961
884 1035
884 1075
885 992
886 1040
886 900
886 1005
886 1172
886 1014
886 1079
886 1048
886 1199
887 1093
887 1042
888 1160
888 1161
888 1163
888 1213
889 1090
889 1124
889 1146
889 979
889 991
890 1153
890 1078
890 1143
890 1080
890 1210
891 899
891 1225
891 1141
891 1212
892 936
892 895
893 1161
895 977
896 930
896 904
896 1238
897 994
898 1162
898 1036
898 948
899 1092
900 1040
900 1196
900 1101
900 1021
901 1036
901 1103
902 1172
903 1021
903 1086
904 1092
904 950
904 1031
904 979
904 1141
904 1238
904 921
905 1169
905 1099
905 952
906 1047
906 1207
907 938
907 1070
907 1207
907 1151
908 1188
908 1199
910 1218
910 1188
910 1030
910 964
910 1243
912 1014
913 1012
913 1006
914 1125
914 964
915 1249
915 1222
915 1106
915 1205
915 920
915 1049
916 1154
916 949
916 984
917 1066
917 1167
918 1221
918 1033
918 1070
918 1092
919 1129
919 1228
919 1069
919 1038
920 976
920 1092
921 1003
921 993
923 1056
923 965
924 1052
924 1033
924 1230
924 1020
924 959
925 1060
925 1094
927 1047
927 1233
927 1141
927 1210
927 1071
928 992
928 1016
928 1236
928 1150
929 948
930 1162
930 1109
930 957
931 1058
931 1200
931 1085
932 964
932 1001
932 1164
932 1113
933 1051
933 1246
934 1009
934 1139
934 1181
935 1067
935 1201
935 946
935 1236
936 1024
936 1142
936 1198
937 1196
937 941
937 1044
937 1022
937 1205
938 1090
938 1125
938 1077
939 1172
940 941
940 1208
940 1019
940 987
941 1187
941 1065
943 1146
944 1158
944 1169
945 1039
946 1158
946 1235
947 973
948 1142
949 1050
950 1225
950 1179
951 1227
951 974
953 1118
953 1182
953 1183
954 1138
954 1203
955 973
955 1182
956 1008
956 1219
956 1070
957 1024
957 1233
958 1139
958 1075
958 990
959 1200
959 1077
960 1130
960 1032
960 1119
961 978
961 1111
961 1086
962 1113
963 964
963 1070
963 1102
963 1209
963 1246
964 1035
965 988
965 1237
965 1052
966 1090
966 1039
966 1017
968 1025
969 1143
969 1247
970 971
970 1003
971 1089
971 1241
972 1089
972 1031
972 1225
972 1069
973 1129
973 1143
973 1125
973 1189
974 1017
974 990
975 1182
975 1086
976 1104
976 1116
976 1150
977 1179
977 1119
977 1231
977 1106
977 1199
978 1138
978 1242
978 1019
979 999
980 1165
980 1182
980 1054
982 1199
982 1140
983 1173
984 1006
984 1140
984 1045
985 1184
985 993
985 1030
985 1102
986 1195
987 1226
987 1087
987 1181
987 1247
988 991
989 1211
990 1071
990 1107
991 1243
991 1036
991 1196
991 1237
991 1046
991 1051
992 1166
993 1063
993 1149
995 1191
995 1207
995 1193
996 1122
996 1147
997 1168
998 1155
999 1202
999 1050
1001 1126
1002 1223
1002 1159
1002 1203
1004 1218
1004 1034
1005 1235
1005 1209
1006 1227
1006 1204
1007 1123
1008 1037
1008 1040
1009 1124
1009 1244
1011 1157
1011 1110
1012 1060
1012 1095
1012 1165
1012 1048
1012 1177
1012 1149
1013 1193
1014 1029
1014 1199
1014 1181
1015 1102
1016 1128
1016 1164
1017 1218
1017 1066
1018 1153
1018 1222
1019 1051
1019 1099
1019 1055
1020 1185
1020 1174
1020 1087
1021 1157
1021 1198
1023 1116
1024 1217
1024 1139
1025 1037
1025 1069
1025 1233
1025 1075
1025 1208
1026 1093
1026 1049
1027 1079
1027 1037
1029 1130
1030 1249
1030 1237
1030 1054
1031 1106
1032 1112
1033 1133
1034 1139
1035 1223
1036 1222
1036 1169
1037 1140
1038 1203
1038 1232
1038 1076
1038 1053
1039 1218
1039 1101
1039 1232
1040 1064
1040 1202
1041 1088
1041 1175
1042 1118
1043 1160
1044 1075
1044 1110
1045 1184
1045 1127
1045 1226
1045 1063
1046 1060
1046 1137
1046 1113
1046 1048
1046 1049
1047 1234
1048 1091
1048 1139
1051 1092
1051 1186
1051 1101
1051 1174
1051 1116
1055 1172
1055 1238
1056 1074
1056 1170
1057 1150
1057 1099
1058 1131
1058 1242
1058 1084
1059 1160
1059 1197
1060 1072
1060 1240
1061 1133
1061 1138
1062 1148
1063 1197
1063 1081
1063 1086
1064 1153
1064 1189
1064 1197
1065 1229
1065 1230
1065 1179
1066 1095
1066 1167
1066 1209
1068 1154
1068 1169
1068 1182
1069 1105
1069 1210
1070 1163
1071 1096
1071 1108
1072 1199
1072 1242
1073 1081
1074 1217
1074 1197
1074 1151
1075 1166
1075 1108
1076 1085
1076 1087
1077 1231
1078 1103
1079 1203
1082 1191
1082 1145
1083 1203
1083 1150
1086 1116
1087 1160
1087 1141
1089 1121
1089 1142
1089 1212
1090 1136
1090 1147
1092 1096
1092 1133
1092 1168
1092 1203
1093 1124
1093 1151
1095 1177
1096 1167
1097 1239
1097 1244
1097 1150
1098 1249
1098 1246
1099 1158
1100 1214
1101 1245
1103 1216
1103 1160
1103 1145
1104 1221
1104 1158
1105 1153
1106 1110
1107 1220
1110 1227
1111 1172
1113 1204
1114 1221
1114 1165
1115 1166
1115 1134
1116 1124
1118 1125
1118 1239
1120 1214
1121 1127
1125 1217
1125 1140
1126 1162
1127 1232
1129 1152
1130 1131
1132 1243
1132 1180
1133 1166
1133 1236
1133 1246
1134 1163
1135 1154
1136 1241
1137 1157
1138 1230
1138 1142
1138 1179
1138 1213
1141 1244
1143 1161
1144 1249
1149 1196
1152 1244
1153 1249
1153 1180
1154 1160
1154 1167
1155 1175
1157 1232
1161 1195
1161 1224
1161 1167
1162 1249
1163 1220
1164 1248
1166 1214
1169 1204
1170 1201
1171 1217
1172 1244
1174 1218
1174 1223
1174 1227
1182 1198
1184 1192
1186 1203
1187 1248
1187 1218
1187 1237
1190 1202
1191 1220
1191 1210
1195 1210
1195 1245
1196 1198
1201 1222
1202 1243
1209 1211
1210 1219
1210 1238
1214 1236
1216 1240
1218 1229
1225 1228
1227 1243
1229 1239
1235 1237
1236 1245
1243 1244
1245 1248
