0 64
0 1
0 644
0 551
0 906
0 780
0 624
0 282
0 1180
1 1026
1 836
1 106
1 524
1 946
1 527
1 754
1 952
1 61
2 1091
2 328
2 1034
2 1100
2 1168
2 657
2 118
2 1081
3 961
3 676
3 520
3 516
3 648
3 188
3 1223
3 494
3 1104
3 1201
3 468
3 612
3 220
3 1214
4 289
4 611
4 871
4 778
4 1166
4 48
4 728
4 1204
4 853
4 472
4 1140
4 604
4 981
5 997
5 627
5 1049
5 569
5 1178
5 1023
6 776
6 593
6 298
6 131
7 512
7 321
7 874
7 813
7 14
7 431
7 401
7 541
8 340
8 298
8 911
8 356
8 871
9 944
9 610
9 1221
9 971
9 300
9 400
9 664
9 378
9 1020
10 804
10 38
10 520
10 523
10 55
10 312
10 868
10 1242
10 859
10 508
10 862
11 1128
11 57
11 60
11 848
12 897
12 325
12 360
12 412
12 1002
12 1195
12 908
12 176
12 273
12 444
12 1212
13 358
13 294
13 1191
13 841
13 1223
13 61
13 478
14 293
14 1066
14 1067
14 493
14 821
14 213
14 825
14 856
14 569
14 190
14 1023
15 864
15 580
15 583
15 904
15 524
15 493
15 494
15 47
15 594
15 1206
15 919
15 923
16 992
16 579
16 427
16 861
16 177
16 1106
16 1075
16 569
16 154
16 509
16 382
17 896
17 131
17 932
17 999
17 617
17 215
17 836
17 282
17 28
17 830
17 479
18 384
18 864
18 994
18 709
18 1063
18 1068
18 813
18 307
18 726
18 505
19 1136
19 99
19 598
19 935
19 492
19 172
19 205
19 47
19 304
19 881
19 419
19 534
19 983
19 893
19 1086
20 897
20 930
20 869
20 839
20 361
20 711
20 877
20 592
20 113
20 50
20 318
20 688
20 1086
21 770
21 645
21 236
21 84
21 953
21 858
21 127
21 508
21 1247
22 163
22 1132
22 1069
22 446
23 1056
23 1220
23 1062
23 239
23 593
23 983
23 536
23 762
24 64
24 484
24 134
24 233
24 853
24 1209
24 762
24 699
24 1082
25 288
25 388
25 1032
25 684
25 430
25 145
25 434
25 819
25 500
25 278
25 282
25 671
26 903
26 572
26 871
26 851
26 442
26 796
26 477
26 574
27 930
27 363
27 167
27 1131
27 461
27 528
27 440
27 1240
27 379
27 1118
28 784
28 772
28 470
28 167
28 241
28 813
28 557
28 921
28 86
28 345
28 761
28 932
29 960
29 898
29 1163
29 1127
29 139
29 172
29 621
29 450
29 434
29 1179
30 1156
30 816
30 657
30 692
30 100
30 571
30 157
31 483
31 932
31 901
31 906
31 267
31 884
31 100
32 1186
32 174
32 720
32 212
32 88
32 249
32 701
33 912
33 1059
33 292
33 1029
33 167
33 1032
33 749
33 496
33 1044
33 693
33 503
33 1145
33 314
33 827
33 829
33 383
34 1154
34 406
34 70
34 636
34 362
34 651
34 1071
34 246
34 535
34 698
34 220
34 190
35 482
35 835
35 615
35 360
35 585
35 846
35 335
35 400
35 49
35 404
35 469
35 86
35 55
36 418
36 99
36 906
36 812
36 302
36 338
36 1045
36 280
36 185
37 132
37 452
37 54
37 838
37 235
37 1039
37 466
37 118
37 68
37 1115
37 926
38 656
38 354
38 163
38 337
38 1153
38 39
38 1229
38 623
38 752
38 305
38 692
38 1013
38 854
38 674
38 1080
38 1133
38 1178
38 861
39 640
39 193
39 1110
39 1097
39 274
39 691
39 838
39 278
39 799
40 320
40 1121
40 838
40 680
40 876
40 398
40 1232
40 872
40 819
40 448
40 87
40 700
40 61
40 1247
41 833
41 997
41 1190
41 904
41 1130
41 593
41 1205
41 504
41 377
42 417
42 139
42 146
42 744
42 555
42 140
42 557
42 818
42 979
42 284
43 195
43 1028
43 719
43 371
43 117
43 121
43 90
43 1085
43 735
44 547
44 1221
44 698
44 1200
44 984
44 954
44 349
44 958
45 1154
45 491
45 173
45 1040
45 1139
45 1046
45 343
45 697
45 1242
45 1150
46 753
46 707
46 691
46 990
47 328
47 92
47 907
47 814
47 1168
47 945
47 594
47 215
47 511
47 1180
47 607
48 802
48 1156
48 197
48 1222
48 1000
48 366
48 399
48 85
48 472
48 218
49 1029
49 207
49 595
49 186
49 1007
49 703
50 1120
50 487
50 1127
50 103
50 1037
50 443
50 732
50 445
51 160
51 194
51 579
51 810
51 78
51 114
51 788
51 244
51 414
52 299
52 395
52 76
52 846
52 115
52 308
52 686
52 398
52 1023
53 1243
53 997
53 744
53 201
53 1115
53 243
53 1012
53 981
53 406
53 247
53 249
53 282
53 475
53 1021
54 768
54 1175
54 1230
54 125
54 115
54 375
54 317
54 95
55 1000
55 268
55 579
55 888
55 956
56 225
56 327
56 1097
56 1037
56 1199
56 1009
56 1205
56 410
56 1215
57 901
57 200
57 970
57 587
57 786
57 182
57 1210
57 991
58 132
58 326
58 457
58 523
58 206
58 207
58 1233
58 947
58 887
58 184
58 634
58 315
58 638
58 639
59 513
59 770
59 98
59 710
59 775
59 845
59 591
59 883
59 1086
59 1046
59 536
59 154
59 1118
60 195
60 356
60 520
60 272
60 83
60 1195
61 544
61 676
61 1063
61 936
61 138
61 235
61 516
61 271
61 1011
61 823
61 440
61 356
61 1005
62 580
62 837
62 455
62 813
62 303
62 82
62 933
62 475
62 1021
62 325
63 547
63 516
63 1002
63 908
63 813
63 468
63 757
63 215
63 89
63 74
64 544
64 1027
64 1192
64 425
64 1098
64 140
64 366
64 1205
64 1083
64 382
64 661
65 960
65 257
65 802
65 484
65 179
65 870
65 525
65 302
65 243
65 758
65 1050
65 638
66 326
67 480
67 1046
67 649
67 941
67 80
67 1009
67 246
67 791
67 984
68 322
68 1127
68 1006
68 113
68 374
68 248
69 608
69 673
69 807
69 423
69 593
69 690
69 660
69 1111
69 797
70 1249
70 965
70 1151
70 764
70 127
71 515
71 229
71 524
71 945
71 116
71 181
71 662
71 921
71 920
71 601
71 1221
72 1031
72 367
72 1105
72 339
72 949
72 566
72 1143
73 834
73 1095
73 1192
73 341
73 151
73 634
74 832
74 900
74 95
74 272
74 1146
74 863
75 675
75 614
75 454
75 711
75 264
75 778
75 973
75 1101
75 242
75 148
75 693
75 1015
75 1172
75 1179
75 413
75 501
76 504
76 322
76 621
77 771
77 677
77 294
77 1063
77 104
77 236
77 538
77 765
78 1216
78 483
78 359
78 1043
78 123
78 575
79 930
79 100
79 137
79 759
79 502
79 297
79 635
80 426
80 688
80 867
80 631
80 733
80 574
81 1057
81 155
81 571
81 1001
81 851
81 726
81 1051
81 415
82 516
82 457
82 1132
82 915
82 925
82 1011
83 1197
83 111
83 341
83 311
83 1178
83 1116
84 833
84 354
84 283
84 777
84 682
84 974
84 496
84 246
84 187
84 554
85 706
85 328
85 636
85 971
85 507
85 572
86 289
86 792
86 410
86 283
86 606
87 608
87 581
87 552
87 841
87 430
87 495
87 200
87 630
87 504
87 485
88 1169
88 218
88 213
88 670
89 264
89 650
89 1068
89 1038
89 336
89 498
89 1204
89 212
90 161
90 98
90 1191
90 970
90 844
90 559
90 176
90 312
90 151
90 216
90 377
90 778
91 1122
91 806
91 488
91 783
91 337
91 306
91 339
92 1058
92 1187
92 584
92 714
92 770
92 1134
92 464
92 1046
92 695
92 1226
92 1050
92 362
92 255
93 801
93 232
93 208
93 561
93 405
93 314
94 804
94 1069
94 1165
94 497
94 1075
94 1076
94 631
94 1244
95 770
95 1190
95 935
95 1161
95 1196
95 802
95 915
95 1108
95 1210
95 317
95 830
96 1097
96 594
96 979
96 1077
97 291
97 522
97 909
97 432
97 1009
97 370
97 1172
97 734
97 986
97 478
98 354
98 654
98 372
98 1115
98 796
98 511
99 870
99 711
99 936
99 367
99 209
99 117
99 182
99 633
99 346
99 831
100 864
100 804
100 968
100 170
100 919
100 845
100 781
100 881
100 467
100 564
100 1207
100 1144
100 665
100 989
100 319
101 1217
101 357
101 1191
101 395
101 559
101 1236
101 1141
101 726
101 760
101 153
101 474
101 442
102 321
102 585
102 1041
102 312
102 634
102 1214
102 351
103 458
103 1203
103 362
103 653
103 210
103 179
103 118
103 378
103 1245
103 581
104 1222
104 554
104 748
104 656
104 476
104 253
104 735
105 418
105 708
105 455
105 786
105 653
105 818
105 180
105 566
105 313
105 1007
106 1157
106 257
106 129
106 1068
106 296
106 1234
106 476
106 1029
107 865
107 835
107 521
107 522
107 1200
107 528
107 619
107 931
107 916
107 1211
107 1142
107 624
107 347
108 960
108 867
108 1094
108 809
108 842
108 350
108 280
108 1051
108 1150
109 120
109 1057
109 128
109 452
109 319
110 931
110 901
110 173
110 637
110 144
110 657
110 852
110 1013
110 1016
110 473
110 538
110 890
111 231
111 236
111 812
111 593
111 820
112 738
112 712
112 462
112 847
112 691
112 631
112 1112
112 794
112 699
113 128
113 960
113 837
113 1158
113 776
113 393
113 906
113 428
113 722
113 1145
113 938
113 364
114 1072
114 1028
114 357
114 294
114 1165
114 1135
114 752
114 1105
114 311
114 472
115 416
115 993
115 708
115 1061
115 401
115 140
115 1199
115 879
115 856
115 755
115 566
115 1113
115 728
115 420
115 415
116 1128
116 201
116 682
116 215
116 1228
116 1106
116 821
116 119
117 580
117 615
117 649
117 201
117 1063
117 1114
118 1158
118 1031
118 364
118 1022
118 790
118 1016
118 126
119 432
119 387
119 676
119 1029
119 1002
119 364
119 815
119 1200
119 722
119 531
119 917
119 280
119 836
119 1051
119 403
119 341
120 865
120 997
120 129
120 881
120 1043
120 121
120 795
120 701
121 864
121 838
121 1160
121 1067
121 912
121 504
121 946
121 405
121 821
122 323
122 201
122 493
122 498
122 278
122 186
122 786
122 1149
122 1182
123 1187
123 358
123 712
123 1195
123 142
123 310
123 857
123 670
124 295
124 1091
124 676
124 325
124 423
124 392
124 233
124 1127
124 1038
124 278
124 919
124 299
124 1243
124 261
125 646
125 842
125 1133
125 722
125 627
125 820
125 522
126 854
126 200
126 1195
126 845
126 216
126 968
126 1077
126 984
126 219
126 541
126 734
126 501
127 866
127 1155
127 773
127 582
127 679
127 587
128 288
128 512
128 579
128 585
128 462
128 1207
128 1084
128 1245
129 704
129 1059
129 780
129 1191
129 1129
129 523
129 236
129 206
129 572
129 222
130 425
130 683
130 592
130 281
130 445
130 510
131 451
131 911
131 230
131 424
131 1130
131 367
131 534
131 602
131 1135
132 1025
132 642
132 547
132 454
132 778
132 909
132 1102
132 1105
132 1238
132 985
132 319
133 1057
133 873
133 1196
133 269
133 1102
133 1007
133 505
133 731
133 893
133 991
134 1088
134 583
134 584
134 172
134 1198
134 274
134 311
134 154
134 732
134 990
135 1024
135 834
135 822
135 582
135 136
135 370
135 418
135 655
135 1073
135 1042
135 1108
135 886
135 838
135 734
135 831
136 544
136 299
136 1209
136 536
136 1241
137 904
137 394
137 174
137 1106
137 883
137 1079
137 540
137 190
138 644
138 357
138 1133
138 1102
138 317
138 1105
138 980
138 438
138 1143
138 1115
138 1244
139 896
139 225
139 795
139 815
139 1196
139 1199
139 1053
139 178
139 596
139 443
139 927
140 225
140 516
140 774
140 971
140 273
140 1170
140 500
140 1080
140 666
140 1243
140 1118
141 149
141 866
141 804
141 467
141 1045
141 918
141 548
141 1237
142 771
142 839
142 853
142 598
142 635
142 318
143 617
143 493
143 495
143 310
143 474
143 990
144 226
144 283
144 1244
144 901
145 1026
145 1171
145 297
145 779
145 695
145 1038
145 977
145 947
145 759
146 993
146 451
146 873
146 1226
146 528
146 881
146 504
146 1146
146 669
147 325
147 590
147 1009
147 530
147 821
147 1119
147 926
147 933
148 1189
148 394
148 364
148 211
148 472
148 1241
148 1119
148 703
149 518
149 551
149 1053
149 1069
149 277
149 791
149 1081
149 699
149 1148
149 605
149 383
150 993
150 226
150 359
150 1194
150 491
150 1174
150 475
150 670
151 1155
151 934
151 649
151 504
151 1084
152 1186
152 963
152 1225
152 1034
152 948
152 533
152 886
152 308
152 1020
153 769
153 732
153 681
153 299
153 526
153 213
153 314
153 476
153 958
154 480
154 592
154 739
154 516
154 416
154 424
154 779
154 1199
154 306
154 803
154 286
154 217
154 382
155 482
155 836
155 550
155 233
155 237
155 335
155 240
155 375
155 1119
156 800
156 1218
156 259
156 612
156 517
156 233
156 1130
156 756
156 1209
156 633
157 354
157 263
157 938
157 748
157 1197
157 365
157 659
157 1044
157 1015
157 916
157 1023
157 732
157 413
157 351
158 928
158 1025
158 394
158 190
158 590
159 311
159 491
159 677
159 1001
159 458
159 759
159 367
159 1076
159 343
160 715
160 331
160 276
160 822
160 955
160 349
160 703
161 1224
161 1097
161 298
161 844
161 590
161 1117
161 785
161 855
161 987
161 218
161 254
162 678
162 1068
162 1069
162 654
162 277
162 854
162 183
162 472
162 990
163 1152
163 1249
163 322
163 683
163 566
163 614
163 491
163 493
163 646
163 815
163 688
163 280
163 1078
163 351
164 352
164 1218
164 1155
164 167
164 1194
164 875
164 1196
164 1040
164 951
164 1113
164 829
164 255
165 1091
165 292
165 1125
165 1003
165 751
165 790
165 1221
166 1152
166 674
166 230
166 648
166 586
166 780
166 701
166 596
166 793
166 1016
166 1049
166 186
166 474
166 702
167 641
167 682
167 910
167 403
167 404
167 309
167 398
167 793
167 510
167 927
168 836
168 618
168 380
168 514
168 415
169 672
169 578
169 677
169 390
169 401
169 433
169 870
169 1017
169 922
169 766
170 1153
170 359
170 252
170 1037
170 1005
170 629
170 249
170 284
171 288
171 331
171 263
171 1067
171 754
171 1138
171 927
172 490
172 964
172 618
172 207
172 1072
172 465
172 602
172 892
172 638
172 1247
173 1121
173 706
173 712
173 650
173 1132
173 1040
173 625
173 562
173 467
173 852
173 697
173 1146
174 1060
174 870
174 1000
174 814
174 911
174 1118
174 766
174 1055
175 1089
175 655
175 1200
175 305
175 670
175 1049
175 185
175 572
175 542
175 607
176 1216
176 1162
176 752
176 1108
176 1077
176 1206
176 1115
176 476
177 1063
177 616
177 521
177 263
177 876
177 592
177 436
177 437
178 359
178 1192
178 939
178 364
178 814
178 623
178 720
178 884
178 1143
178 281
178 762
178 924
178 221
178 510
179 1189
179 522
179 941
179 368
179 947
179 375
179 1016
179 377
179 702
179 863
180 425
180 731
180 449
180 586
180 301
180 625
180 1236
180 1013
180 983
180 601
180 1019
180 1116
180 734
180 597
181 288
181 1185
181 882
181 299
181 1133
181 431
181 208
181 562
181 437
181 952
181 591
181 847
181 253
182 198
182 556
182 820
182 1210
182 955
182 860
182 1022
182 479
183 577
183 227
183 1125
183 929
183 976
183 978
183 532
183 728
183 699
183 191
184 335
184 1075
184 1077
184 1246
184 213
185 513
185 360
185 940
185 364
185 430
185 401
185 850
185 471
185 793
186 648
186 1117
186 1237
186 191
186 541
186 223
187 263
187 295
187 500
187 405
187 604
187 222
188 768
188 646
188 1227
188 277
188 630
188 1244
188 445
188 958
189 1010
189 1195
189 1032
189 1033
189 651
189 492
189 1165
189 881
189 1164
189 1171
189 1206
190 323
190 1028
190 933
190 294
190 296
190 1099
190 658
190 813
190 207
190 1106
190 244
190 1097
190 617
190 1193
190 826
191 673
191 491
191 305
191 1109
191 280
191 411
192 976
192 1095
192 717
192 1102
192 1008
192 210
192 756
192 343
192 474
192 443
192 1084
193 288
193 1089
193 875
193 885
193 860
193 669
194 960
194 1104
194 482
194 203
194 240
194 1005
194 496
194 977
194 978
194 599
194 1055
195 804
195 359
195 781
195 811
195 1196
195 877
195 909
195 1010
195 1045
195 214
195 887
195 440
195 729
195 926
195 1205
196 294
196 744
196 585
196 780
196 1005
196 974
196 365
196 819
196 470
196 766
197 899
197 997
197 1002
197 1227
197 524
197 500
197 571
197 1098
197 837
198 964
198 807
198 616
198 458
198 619
198 979
198 411
198 924
198 701
199 641
199 452
199 264
199 490
199 1103
199 755
199 598
199 655
200 1057
200 292
200 677
200 747
200 981
200 826
200 956
201 769
201 1091
201 261
201 650
201 1068
201 1232
201 466
201 531
201 970
202 480
202 385
202 939
202 361
202 1163
202 397
202 526
202 1072
202 212
202 937
202 767
202 1247
203 321
203 420
203 1159
203 1068
203 335
203 625
203 787
204 361
204 1200
204 401
204 242
204 532
204 728
204 734
205 992
205 833
205 1025
205 582
205 295
205 1032
205 1102
205 949
205 856
205 380
206 1104
206 1188
206 453
206 486
206 241
206 1200
206 1137
206 400
206 964
206 797
207 483
207 679
207 348
207 299
207 946
207 883
207 470
207 1144
207 378
207 1084
207 989
208 548
208 390
208 616
208 1038
208 272
208 436
208 1119
208 910
208 351
209 411
209 685
210 1126
210 1162
210 523
210 877
210 370
210 444
210 1150
211 1163
211 1028
211 683
211 529
211 371
211 278
211 484
211 987
211 956
211 222
211 383
212 323
212 267
212 558
212 1110
212 217
212 1213
213 354
213 868
213 934
213 521
213 1011
213 1220
213 1207
214 937
214 698
214 756
215 1089
215 1189
215 396
215 1133
215 462
215 1165
215 466
215 500
215 793
216 333
216 846
216 1197
216 472
216 440
216 569
217 512
217 768
217 1160
217 1151
217 813
217 304
217 370
217 918
217 631
217 1081
217 347
217 1149
217 255
218 387
218 970
218 556
218 1170
218 468
218 1021
218 734
219 326
219 679
219 395
219 239
219 496
219 1105
219 661
219 694
219 602
219 829
219 479
220 1093
220 648
220 233
220 1004
220 691
220 953
220 1146
220 883
220 797
221 370
221 293
221 585
221 812
221 402
221 1102
221 694
221 631
222 674
222 611
222 233
222 1154
222 305
222 914
222 313
222 734
223 769
223 739
223 1220
223 376
223 874
223 812
223 970
223 536
223 310
223 888
223 1114
223 1183
224 331
224 717
224 631
225 1218
225 1059
225 229
225 392
225 627
225 949
225 1047
225 350
225 415
226 256
226 1191
226 1160
226 729
226 1243
227 545
227 611
227 997
227 1133
227 750
227 817
227 1115
227 453
228 609
228 1222
228 936
228 840
228 305
228 787
228 762
228 507
229 519
229 686
229 335
229 903
229 1084
230 994
230 401
230 490
230 881
231 738
231 387
231 428
231 945
231 1043
231 885
231 824
232 355
232 601
232 1225
232 657
232 611
232 605
232 990
232 375
232 697
232 1149
232 414
232 831
233 1104
233 1122
233 837
233 1159
233 1160
233 1232
233 659
233 830
234 1121
234 968
234 713
234 877
234 270
234 845
234 659
234 725
235 576
235 978
235 600
235 698
235 700
235 990
236 642
236 837
236 1007
236 1234
236 906
236 946
236 890
236 367
236 990
237 1246
237 720
237 589
237 806
238 768
238 256
238 1035
238 1040
238 244
238 568
238 532
238 990
239 1184
239 706
239 776
239 1098
239 602
239 542
240 900
240 806
240 647
240 743
240 270
240 949
240 919
240 664
241 705
241 1028
241 264
241 427
241 468
241 247
241 312
241 1084
242 644
242 1174
242 455
242 656
242 468
242 374
242 1016
242 569
243 994
243 325
243 841
243 714
243 440
244 1058
244 1061
244 362
244 1077
244 730
244 574
244 1210
245 992
245 421
245 1032
245 399
245 1200
245 1139
245 1146
245 795
245 415
246 1135
246 917
246 478
246 286
246 799
247 656
247 360
248 385
248 322
248 1000
248 653
248 462
248 529
248 1087
249 962
249 1041
249 1174
249 695
249 1145
249 251
249 958
250 1095
250 362
250 370
250 947
250 533
250 348
251 864
251 994
251 741
251 1009
251 489
251 395
251 1201
251 817
251 954
251 1054
252 960
252 673
252 982
252 776
252 425
252 527
252 1073
252 1206
252 792
252 1071
252 476
253 992
253 432
253 490
253 655
253 656
253 983
253 603
253 687
254 1176
254 1200
254 287
254 671
255 455
255 311
255 888
255 989
256 576
256 387
256 1032
256 1046
256 1115
256 1180
257 1216
257 1217
257 1026
257 803
257 1156
257 677
257 929
257 551
257 711
257 433
257 883
257 852
257 494
257 948
257 860
258 1216
258 354
258 1155
258 337
258 662
258 1239
258 1112
258 347
258 959
259 1187
259 1222
259 363
259 300
259 467
259 789
259 793
259 479
260 964
260 817
260 618
260 623
260 881
260 405
260 761
261 1218
261 292
261 392
261 278
261 740
262 627
262 1249
262 1219
262 1153
262 1128
262 1016
262 387
262 308
262 344
262 765
262 735
263 611
263 909
263 1038
263 1168
263 963
263 725
263 347
263 631
263 345
263 526
263 1243
263 412
263 1205
264 609
264 802
264 804
264 518
264 1158
264 1096
264 873
264 395
264 450
264 717
264 952
265 324
265 1093
265 423
265 427
265 595
265 596
265 1015
265 797
266 960
266 452
266 1094
266 776
266 522
266 558
266 719
266 1076
266 1173
266 763
267 1205
267 744
267 1097
267 685
267 1199
267 1009
267 629
267 477
268 418
268 643
268 519
268 1224
268 1154
268 1046
268 440
268 1082
268 286
269 551
269 1070
269 399
269 273
269 1048
269 284
269 990
269 607
270 388
270 1190
270 912
270 676
270 823
270 612
270 476
271 1060
271 549
271 934
271 584
271 812
271 306
271 1013
271 278
271 516
271 863
272 1033
272 684
272 979
272 1013
272 825
272 760
272 601
272 538
272 1209
273 1088
273 789
273 998
273 359
273 875
273 365
273 564
273 437
273 447
274 641
274 613
274 427
274 973
274 307
274 1236
274 796
275 1056
275 928
275 1123
275 1093
275 550
275 289
275 809
275 1184
275 589
275 430
275 816
275 500
275 405
275 731
275 572
276 737
276 323
276 897
276 620
276 396
276 1018
276 1106
276 611
276 980
276 1078
276 506
276 380
276 445
277 934
277 681
277 400
277 308
277 729
277 573
278 1066
278 754
278 340
278 441
279 966
279 393
279 619
279 1196
279 689
279 1010
279 821
279 406
279 1183
279 319
280 704
280 705
280 950
280 294
280 712
280 1100
280 1194
280 693
280 1202
280 1205
280 1046
280 1013
281 707
281 421
281 486
281 1038
281 412
281 1023
282 705
282 798
282 420
282 358
282 331
282 590
282 976
282 1235
282 1076
282 631
282 925
282 894
282 319
283 1153
283 834
283 391
283 455
283 807
283 948
283 1143
283 699
283 1149
284 1003
284 1170
284 654
284 402
284 1011
284 468
284 1044
284 783
284 330
285 385
285 958
285 286
285 335
286 602
286 968
286 747
286 559
286 724
286 1081
286 532
287 641
287 337
287 1171
287 1209
287 1213
287 991
288 385
288 774
288 492
288 909
288 664
288 755
288 1206
288 1016
288 412
289 645
289 1212
289 938
289 988
289 1052
289 529
289 372
289 791
289 472
289 1148
289 1110
290 813
290 1144
290 307
290 1204
290 1046
290 728
290 603
290 1086
291 1027
291 293
291 682
291 684
291 1231
291 1051
291 1022
291 933
292 295
292 551
292 847
292 465
292 1238
292 601
292 1167
293 1126
293 519
293 779
293 1164
293 367
293 1009
294 800
294 805
294 760
294 916
294 658
294 308
294 818
294 798
295 839
295 1169
295 817
295 530
295 1236
296 928
296 898
296 967
296 403
296 815
296 434
296 1171
296 1114
296 1118
296 822
296 698
296 1117
297 1200
297 962
297 355
297 790
297 998
297 994
297 912
297 436
297 821
297 534
297 409
297 890
297 1147
298 1218
298 323
298 868
298 534
298 470
298 939
298 930
298 656
298 882
298 723
298 725
298 1174
298 631
298 1208
299 529
299 872
299 1051
300 1088
300 455
300 1244
300 875
300 911
300 343
300 410
300 380
300 1087
301 1249
301 1026
301 614
301 358
301 609
301 616
301 1196
301 1199
301 602
301 475
302 598
302 650
302 523
302 558
302 306
302 659
302 1236
302 1078
302 345
303 736
303 642
303 1222
303 776
303 566
303 503
303 761
303 315
304 358
304 873
304 786
304 767
305 450
305 1194
305 532
305 1079
305 1017
305 347
305 412
305 543
306 869
306 1062
306 973
306 532
306 622
307 900
307 491
307 718
307 860
307 1246
307 319
308 503
308 957
308 1008
308 823
308 887
308 923
308 381
308 894
309 1153
309 323
309 325
309 840
309 842
309 526
309 753
309 564
309 974
309 664
309 881
309 1215
310 832
310 451
310 708
310 869
310 1192
310 333
310 755
311 869
311 393
311 812
311 815
311 822
311 631
312 1063
312 713
312 715
312 557
312 942
312 431
312 374
312 1112
313 993
313 475
313 1223
313 974
313 498
313 755
313 345
313 507
313 444
313 477
314 353
314 1025
314 453
314 321
314 1007
314 529
314 436
314 1121
314 1118
315 552
315 1231
315 392
315 434
315 377
316 833
316 356
316 869
316 975
316 689
316 1010
317 676
317 522
317 851
317 1115
317 830
318 934
318 968
318 342
318 1055
319 323
319 749
319 815
319 944
319 763
319 892
319 858
320 648
320 785
321 416
321 1058
321 1115
321 1030
321 806
321 748
321 401
321 1201
321 756
321 437
321 952
321 347
321 725
322 538
322 555
322 1069
322 750
322 1008
322 433
322 1043
322 666
322 893
323 673
323 354
323 385
323 1224
323 1036
323 1133
323 1037
323 872
324 832
324 578
324 1157
324 457
324 330
324 397
324 878
324 589
324 434
324 873
324 632
324 778
325 815
325 1139
325 488
325 556
325 695
325 1167
325 496
325 881
325 784
325 446
325 726
325 343
325 719
326 1222
326 457
326 684
326 562
326 339
326 505
326 927
327 474
327 546
327 933
327 1226
327 427
327 462
327 922
327 797
327 799
328 745
328 429
328 883
328 405
328 1112
328 607
329 1155
329 557
329 974
329 879
329 412
329 893
330 997
330 809
330 375
330 1150
331 646
331 698
331 1168
331 1099
331 1066
331 1143
331 442
331 1179
331 826
331 1183
332 640
332 673
332 1029
332 811
332 1076
332 852
332 861
333 576
333 705
333 994
333 708
333 685
333 721
333 809
333 973
333 1037
333 657
333 946
333 467
333 437
333 1211
334 710
334 906
334 1132
334 877
334 530
334 948
334 570
334 412
335 741
335 776
335 464
335 403
335 596
335 1013
335 888
335 436
335 677
336 641
336 662
336 621
336 1133
336 852
336 566
336 952
336 348
336 805
337 891
337 420
337 742
337 360
337 654
337 584
337 445
337 542
338 664
338 682
338 804
338 557
339 809
339 1194
339 754
339 746
339 1104
339 562
339 1076
339 1019
339 956
339 1181
339 1247
340 609
340 1051
340 1028
340 517
340 455
340 394
340 935
340 625
340 667
340 1244
340 445
341 1186
341 650
341 621
341 1105
341 575
342 1248
342 514
342 677
342 519
342 1163
342 949
343 705
343 451
343 621
343 815
343 1136
343 1009
343 1109
343 346
343 1052
344 933
344 614
344 654
344 1237
344 534
344 700
345 641
345 1189
345 1116
345 471
345 858
345 891
345 510
346 1056
346 1153
346 1090
346 1129
346 1004
346 813
346 841
346 1103
346 784
346 469
346 918
346 440
346 635
347 739
347 1103
347 630
347 1053
348 1120
348 898
348 872
348 777
348 1218
348 430
348 785
348 1022
348 408
348 1086
349 1218
349 943
349 627
349 604
349 413
350 416
350 452
350 902
350 679
350 399
350 1073
350 1110
350 541
350 768
350 1151
351 1120
351 600
351 1084
352 608
352 1062
352 884
352 1109
352 1175
352 955
352 597
353 705
353 390
353 430
354 931
354 1021
354 493
354 433
354 503
354 1176
354 730
354 1149
354 1247
355 937
355 436
355 954
355 1084
356 971
356 363
356 978
356 1083
357 610
357 932
357 808
357 425
357 1234
357 525
357 466
357 1169
357 982
357 601
357 461
357 795
358 1195
358 1104
358 852
358 1144
358 756
358 1082
358 381
359 1032
359 1166
359 1080
359 700
360 773
360 633
360 588
360 435
360 526
360 975
360 371
360 1174
361 737
361 901
361 368
361 1175
361 1244
361 605
361 926
362 1024
362 1037
362 1104
362 1240
362 505
362 1052
363 627
363 1225
363 827
363 850
363 515
363 1243
363 617
363 1146
363 511
364 448
364 1051
364 877
364 1103
364 1170
364 788
364 473
364 397
364 921
364 1115
364 477
365 1063
365 492
365 786
365 785
365 884
365 855
365 472
365 761
365 1084
366 1057
366 549
366 973
366 1167
366 369
366 435
366 949
366 598
366 1239
366 824
366 923
366 479
367 961
367 678
367 1249
367 553
367 1197
367 625
367 905
367 474
367 865
367 1181
367 927
368 1139
368 1222
368 967
368 566
368 1113
368 601
368 922
369 890
369 779
369 484
369 743
370 834
370 1195
370 904
370 459
370 893
370 497
370 562
370 982
370 730
371 1158
371 617
371 684
371 1037
371 1231
371 1168
371 753
371 1046
371 1064
371 1016
371 730
371 1246
372 674
372 644
372 424
372 465
372 1203
372 500
372 898
373 897
373 1187
373 689
373 648
373 881
373 761
373 765
373 1246
374 778
375 802
375 1093
375 403
375 429
375 1009
375 727
375 697
375 922
375 1128
375 767
376 576
376 864
376 614
376 522
376 971
376 525
376 497
376 761
377 1193
377 843
377 912
377 1018
378 551
378 459
378 1039
378 536
378 698
378 1022
379 859
379 805
379 715
379 755
379 1183
380 800
380 1095
380 615
380 820
380 638
380 1055
381 966
381 459
381 1055
381 1190
382 457
382 1135
382 1170
382 1044
382 1180
383 581
383 1217
383 563
383 820
383 1238
383 441
383 734
384 609
384 899
384 421
384 1212
384 1023
385 506
385 1154
385 483
385 1094
385 647
385 656
385 856
385 405
385 890
385 540
386 1207
386 964
386 1165
386 413
387 1027
387 934
387 389
387 561
387 918
387 1052
387 927
388 1090
388 649
388 482
388 1038
388 1146
388 574
389 644
389 807
389 556
389 825
389 763
390 838
390 570
390 860
390 478
391 577
391 571
391 580
391 711
391 871
391 1181
392 768
392 502
392 934
392 1168
392 430
392 752
392 657
392 854
392 1241
392 676
392 1151
393 1094
393 791
393 434
393 639
393 925
393 959
394 1184
394 512
394 930
394 847
394 625
394 745
394 1018
395 484
395 696
395 794
395 954
395 1086
396 867
396 718
396 432
396 825
396 1210
396 1244
396 894
397 1057
397 580
397 526
397 1039
397 787
397 1077
397 991
398 640
398 454
398 781
398 750
398 592
398 663
398 1044
398 829
399 418
399 1150
399 1204
399 1182
400 512
400 1216
400 450
400 709
400 1158
400 1006
400 1112
400 1119
401 704
401 512
401 579
401 709
401 647
401 1082
401 1084
402 869
402 681
402 972
402 1178
402 1147
402 989
403 457
403 471
403 633
404 1156
404 644
404 488
404 585
404 906
404 1070
404 1103
404 1138
404 1214
404 471
404 478
404 761
404 827
404 446
405 1157
405 1193
405 1164
405 813
405 879
405 434
405 1173
405 745
405 1176
405 410
405 1244
405 702
405 1011
406 864
406 1129
406 588
406 1171
406 953
406 857
406 730
407 1201
407 434
407 1109
407 942
407 631
408 987
408 614
408 456
408 781
408 625
408 859
408 1054
409 608
409 839
409 814
409 1074
409 792
409 1054
410 1216
410 1027
410 548
410 454
410 716
410 1227
410 524
411 800
411 961
411 674
411 1122
411 499
411 1215
412 771
412 1125
412 589
412 1080
412 921
412 666
412 508
412 1247
413 899
413 989
413 1004
413 1117
413 1169
414 869
414 926
414 1173
414 792
414 1084
414 574
415 777
415 1240
415 701
416 707
416 517
416 593
416 579
416 924
416 618
416 654
416 656
416 1041
416 434
416 661
416 506
416 539
416 1244
416 1045
417 1025
417 1026
417 423
417 753
417 631
417 1200
417 1233
417 434
417 531
417 1111
417 600
417 860
417 1117
417 833
417 1087
418 865
418 421
418 432
418 1020
419 956
419 610
419 724
419 1014
420 773
420 422
420 1161
420 844
420 813
420 756
421 679
421 723
421 858
422 1156
422 1051
422 637
422 1093
423 612
423 780
423 627
423 1143
423 1053
424 1073
424 709
425 998
425 476
425 683
425 1108
425 1175
426 837
426 743
426 1228
426 563
426 759
426 635
426 796
427 1027
427 644
427 502
427 614
427 1043
427 1206
427 1015
427 538
427 893
428 832
428 482
428 618
428 910
428 627
428 991
429 1056
429 1217
429 675
429 868
429 582
429 902
429 1249
429 747
429 916
430 646
430 811
430 717
430 1076
430 1242
431 1033
431 873
431 1167
431 755
431 1001
431 1052
431 765
432 993
432 1033
432 1137
432 468
432 441
433 770
433 644
433 810
433 971
433 1074
433 627
433 566
434 545
434 584
434 1037
434 1136
434 1168
435 1248
435 962
435 678
435 909
435 765
435 1136
435 602
435 1213
436 1000
436 813
436 975
436 1136
436 1202
436 1145
437 580
437 679
437 715
437 1135
437 509
437 830
437 789
438 490
438 1091
438 485
438 775
439 481
439 806
439 777
439 938
439 941
439 1105
439 947
439 1174
439 664
440 1186
440 643
440 1000
440 1069
440 1044
440 1238
440 788
441 833
441 995
441 657
441 1095
441 647
441 593
441 664
441 624
441 766
441 799
442 704
442 520
442 937
442 1066
442 656
442 981
442 857
443 585
443 663
443 1039
443 625
443 498
443 1203
443 983
443 792
443 825
443 1021
444 643
444 1033
444 1162
444 459
444 973
444 920
444 659
444 854
444 1080
444 1242
444 991
445 1160
445 468
445 1134
445 1236
446 801
446 776
446 810
446 461
446 1173
446 887
446 506
446 828
447 1060
447 581
447 969
447 495
447 1234
447 1181
447 517
448 900
448 647
448 903
448 559
449 1185
449 1125
449 646
449 1063
449 650
449 1040
449 1013
449 665
449 507
450 1124
450 1159
450 713
450 1015
450 957
450 990
451 742
451 1075
451 947
452 577
452 958
452 648
452 712
452 1005
452 1201
452 594
452 606
452 658
453 560
453 659
453 646
453 657
453 1104
453 461
453 941
453 1200
453 529
453 723
453 852
453 951
453 1203
454 833
454 1099
454 556
454 975
454 1040
454 566
454 1208
455 964
455 999
455 567
455 843
455 718
455 593
455 1134
455 855
455 1052
455 541
456 484
456 1189
456 807
456 745
456 490
456 779
456 743
456 1075
456 1046
456 1018
456 892
456 554
457 844
457 1100
457 622
458 807
459 784
459 468
459 759
460 1032
460 904
460 957
460 822
460 1225
461 619
461 1117
461 792
461 1182
461 472
461 893
462 770
462 780
462 1038
462 657
462 947
462 974
462 766
463 688
463 483
463 1092
463 871
463 745
463 1164
463 1104
463 466
463 1239
464 1066
464 683
464 940
464 1232
464 690
464 1046
464 569
464 1211
465 965
465 749
465 815
465 574
466 704
466 865
466 1189
466 1034
466 558
466 1010
466 563
466 1065
466 474
466 1051
467 745
467 660
467 667
467 476
467 1053
468 1232
468 994
468 809
468 492
468 1058
468 771
468 963
469 1217
469 1238
469 873
469 1166
469 852
469 726
469 695
470 905
470 876
470 786
471 1057
471 675
471 1025
471 909
471 919
471 696
472 833
472 641
472 488
472 714
472 652
472 910
472 1169
472 692
472 673
472 794
472 639
473 736
473 1158
473 1006
473 749
473 974
473 757
473 536
473 1019
473 830
474 676
474 1221
474 905
474 591
474 1015
475 912
475 1123
475 508
475 1036
475 1168
475 1147
475 756
475 635
475 1052
475 816
476 1090
476 1027
476 756
476 695
476 1226
477 800
477 769
477 813
477 1079
478 524
478 887
478 570
479 1168
479 707
479 646
479 710
479 1223
479 1037
479 848
479 695
480 774
480 975
480 530
480 1059
480 606
480 767
481 931
481 617
481 1067
481 845
481 798
482 769
482 1025
482 961
482 1034
482 935
482 909
482 1013
482 1176
482 580
483 1059
483 945
483 1160
483 873
483 1128
484 518
484 752
484 1140
484 760
485 1225
485 1201
485 852
485 664
486 962
486 996
486 656
486 593
486 757
486 827
487 929
487 1194
487 529
487 691
487 986
487 538
487 543
488 1184
488 744
488 1101
488 751
488 946
488 853
488 599
488 1145
488 1019
488 828
489 1124
489 742
489 583
489 1005
489 1233
489 502
489 1144
490 1120
490 937
490 977
490 762
490 700
491 687
491 1148
492 870
492 1000
492 1116
492 682
492 1071
492 501
492 794
492 796
492 894
493 763
493 1129
493 1236
493 1083
494 610
494 843
494 652
494 1186
494 1138
494 499
494 789
494 1210
495 613
495 874
495 914
495 1145
495 543
496 736
496 1047
497 899
497 902
497 878
497 1207
497 952
497 990
498 800
498 971
498 694
498 1118
499 867
499 1067
499 819
499 1016
499 665
499 1180
499 543
500 930
500 1123
500 1102
500 622
501 1025
501 681
501 1038
501 822
501 1050
501 511
501 639
502 554
502 1196
502 1140
502 598
503 1188
503 523
503 1039
503 944
503 804
503 1020
504 1152
504 585
504 810
504 1004
504 782
504 976
504 1048
504 663
504 798
505 1097
505 714
505 973
505 654
505 1039
506 969
506 1068
506 626
506 824
506 1081
506 831
507 1186
507 739
507 1230
507 879
507 1043
508 676
508 621
508 526
508 1016
508 984
508 634
508 1118
509 676
509 1032
509 907
509 685
509 846
509 1181
509 926
509 927
510 901
510 903
510 816
510 758
510 889
510 1144
510 667
510 572
510 1023
511 864
511 545
511 740
511 653
511 942
511 824
511 728
512 806
512 1195
512 849
512 946
512 1139
512 1117
513 603
513 868
513 1043
513 852
513 740
513 794
514 1096
514 1232
514 1176
514 698
514 859
515 994
515 899
515 1164
515 1133
515 785
515 667
516 678
516 972
516 526
516 1172
516 1114
517 1065
517 653
517 622
517 973
517 949
517 1033
517 792
517 1053
518 871
518 947
518 919
518 924
518 798
518 565
519 1188
519 810
519 1230
519 914
519 1208
519 1018
520 1027
520 677
520 940
520 1038
520 687
520 820
520 1080
520 761
520 751
521 904
521 1100
521 877
521 1236
522 1219
522 902
522 625
522 621
522 846
522 888
523 1134
523 565
523 918
524 1068
524 1008
524 947
524 577
525 708
525 823
525 568
526 844
526 573
526 593
526 946
526 586
527 833
527 835
527 773
527 1030
527 684
527 1044
527 919
527 638
528 1051
528 1160
528 557
528 754
528 1005
529 962
529 743
529 744
529 1165
529 589
529 771
530 777
530 1195
530 814
531 617
531 1016
531 1148
531 1246
532 646
533 865
533 1154
533 870
533 910
533 1201
533 955
534 814
534 1231
535 956
535 932
535 630
536 660
536 983
536 1022
537 704
537 968
537 574
538 1249
538 555
538 618
538 818
538 853
538 697
538 698
539 897
539 1225
539 1071
539 624
539 562
540 570
540 1154
540 590
541 773
541 553
541 551
541 623
541 1138
541 1238
541 733
542 1219
542 1110
543 937
543 692
543 1097
544 1122
544 1060
544 773
544 1050
544 767
545 962
545 714
545 685
545 883
545 1080
545 730
546 866
546 774
546 838
546 847
546 1011
546 1113
546 703
547 836
547 902
547 550
547 587
547 1103
547 1111
547 655
547 1246
548 721
548 999
548 560
548 657
548 625
548 632
549 663
549 756
550 1161
550 655
550 675
551 679
551 1085
551 785
551 818
551 854
551 696
551 1119
552 650
552 887
552 974
552 851
553 907
553 877
553 948
553 1082
553 1116
554 775
554 1127
554 1171
554 892
555 835
555 966
555 839
555 943
555 1043
555 1080
555 569
555 1243
556 934
556 1130
556 593
556 573
556 606
557 1033
557 746
557 587
557 627
558 1209
559 929
559 840
559 664
559 665
560 833
560 609
560 561
560 694
560 1144
561 866
561 648
561 873
561 650
561 811
562 610
562 1126
562 1195
562 720
562 628
562 922
562 1085
562 894
563 864
563 1158
563 1165
563 984
563 831
564 1048
564 942
565 739
566 1122
566 1030
566 1203
566 888
566 760
566 954
566 923
567 610
567 582
567 680
567 815
567 1050
567 1114
567 990
568 578
568 998
568 1017
568 895
569 1195
569 998
569 1045
569 600
570 646
570 999
570 1098
570 687
570 1042
570 957
571 742
571 907
571 589
571 784
571 724
571 661
571 697
572 1123
572 580
572 878
572 596
572 698
572 635
572 1244
572 1086
572 575
573 929
573 1062
573 748
573 811
573 684
573 1105
573 755
574 848
574 1185
574 682
574 1035
574 589
574 942
574 792
575 708
575 584
575 1081
575 633
575 827
576 673
576 1155
576 612
576 1153
576 599
576 1211
576 732
576 957
576 702
576 831
577 1128
577 1164
577 718
577 596
578 1034
578 1068
578 1070
578 725
578 1206
578 990
579 1198
579 692
579 814
579 1016
580 993
580 933
580 648
580 812
580 634
581 1218
581 643
581 967
581 1168
581 913
581 762
581 763
582 967
582 976
582 919
583 1089
583 680
583 682
583 939
583 941
583 1011
584 641
584 712
584 812
584 689
584 1109
584 950
585 1122
585 773
585 1132
585 911
585 1136
585 1014
585 1017
585 895
586 741
586 846
586 793
587 839
587 750
587 624
587 1041
587 630
587 894
588 684
588 877
588 1076
588 856
588 793
588 980
588 638
589 790
590 1159
590 976
591 1090
591 1031
591 878
591 1135
591 691
591 982
591 638
592 1123
592 877
592 675
592 1211
592 951
592 795
592 829
592 1054
593 1092
593 788
593 1084
593 1126
594 704
594 1058
594 835
594 1093
594 827
594 750
594 819
594 723
594 665
594 667
594 607
595 768
595 1025
595 644
595 1088
595 1235
596 705
596 970
596 1235
596 1207
596 1146
596 830
597 966
597 1145
597 1048
597 793
598 911
598 888
598 859
599 992
599 995
599 811
599 1100
599 1110
599 987
599 1212
599 1183
600 998
600 779
600 748
601 1173
601 772
601 665
601 953
602 1184
602 707
602 660
602 1014
603 673
603 680
603 941
603 955
604 1224
604 909
604 1233
604 669
605 622
606 1200
607 706
607 1026
607 1224
608 932
608 714
608 779
608 845
608 917
608 861
609 1030
609 1236
610 835
610 1223
610 1143
610 1004
610 666
610 637
611 836
611 869
611 792
612 973
612 786
612 1140
612 1215
613 1156
613 823
613 1210
613 1167
613 925
614 728
614 656
614 1155
614 949
614 828
615 921
615 798
615 1151
616 1072
616 1128
616 621
616 818
616 691
616 981
616 1207
616 1081
617 1063
617 873
617 1043
617 829
618 929
618 1190
618 1043
618 799
618 1011
619 806
619 745
619 1167
619 791
620 1152
620 865
620 1218
620 997
620 654
620 789
620 855
621 752
621 759
622 833
622 883
623 939
623 1137
623 1212
624 960
624 1231
624 916
625 768
625 1081
625 794
626 1156
626 713
626 1067
626 1097
626 698
627 910
627 1080
627 762
628 816
628 1226
628 924
628 815
629 1218
629 837
629 875
629 1132
629 979
629 1240
630 717
630 723
630 1054
631 1123
631 779
631 979
631 1236
631 1110
631 1047
632 674
632 1161
632 781
632 919
633 806
633 1035
633 1138
633 1075
633 860
634 752
634 1065
634 889
634 667
635 814
635 980
635 1111
635 728
636 1211
636 900
636 1158
636 1090
636 1042
636 731
636 1247
637 868
637 687
637 836
638 770
638 1155
638 1178
639 837
639 870
639 775
639 1040
639 1204
639 1246
639 1183
640 962
640 900
640 1231
640 883
640 1116
641 770
641 657
641 1224
642 1091
642 812
642 1100
642 1226
642 708
642 1156
642 671
643 1249
643 674
643 993
643 718
643 667
643 1213
643 1157
644 674
644 903
644 1210
645 1194
645 1133
645 1047
645 1178
645 1119
646 705
646 957
646 713
646 1006
646 819
646 919
646 1181
647 897
647 1190
647 1133
647 1041
647 791
648 974
648 750
648 955
648 829
649 901
649 665
649 809
649 1194
649 1196
649 785
649 884
649 697
649 773
650 1200
650 858
650 701
651 1152
651 1224
652 739
652 749
652 814
652 664
652 1170
654 935
654 1006
654 879
654 1114
654 826
655 667
655 742
655 1001
655 1009
655 1202
655 1204
655 1144
655 756
655 1112
655 891
655 657
656 1074
656 830
656 1029
657 783
657 913
657 817
657 776
657 1214
657 1215
657 961
657 974
657 719
657 1114
658 878
658 949
658 791
659 808
659 1233
659 1043
659 1157
660 1093
660 684
660 1102
660 1074
660 982
660 764
660 989
661 774
661 1198
661 1177
661 1021
662 804
662 843
662 1109
662 1020
663 763
663 969
663 1232
663 696
663 823
664 928
664 745
664 717
664 697
664 1235
665 1197
665 885
665 1206
665 1015
665 1243
665 1021
665 1183
666 858
667 881
667 937
667 1165
667 1038
667 1009
667 753
667 750
667 886
667 917
667 1177
667 734
667 1055
668 1080
668 890
668 1019
668 1108
669 833
670 1218
670 1229
670 1166
670 1237
671 1159
671 685
671 1171
671 1141
671 887
672 1131
672 1007
672 855
672 856
672 730
672 794
673 717
673 963
673 1076
673 1079
673 988
673 1053
674 932
674 1164
674 847
674 817
674 934
674 732
675 1034
675 1247
676 898
676 1156
676 711
677 1088
677 1155
677 751
678 774
678 1069
678 1213
678 979
679 1156
679 1207
679 784
679 695
679 763
679 893
680 1061
680 786
681 1063
681 1064
681 781
682 1126
682 862
683 1001
683 1197
683 1215
684 996
684 1132
684 1170
684 754
684 820
685 768
685 1156
685 1105
685 842
685 708
686 1067
686 1149
686 943
686 787
686 792
686 1052
686 1117
687 1158
687 956
688 880
688 706
688 967
688 1191
688 914
689 1153
689 1161
689 876
689 813
689 1018
689 954
690 854
690 823
691 1193
691 775
691 1135
692 1126
692 1211
692 943
692 984
692 1138
692 917
692 1109
692 774
693 945
693 1037
693 977
693 882
693 1239
693 856
694 788
694 983
695 866
695 840
695 752
695 1108
695 1096
696 802
696 814
697 747
697 1104
697 1044
697 982
697 1245
697 1150
698 940
699 800
699 1192
699 1105
699 762
699 1053
700 754
700 813
700 1144
700 1074
700 1172
701 1163
701 1077
701 1211
701 828
701 766
702 1124
702 1046
702 1115
702 988
702 735
703 961
703 1140
704 1058
704 961
704 1134
704 1232
704 1204
704 1048
704 824
704 786
705 1090
705 742
705 1041
705 1160
705 766
706 821
706 728
706 1148
707 1098
707 1071
707 918
707 829
708 1003
708 908
708 1231
708 786
708 1081
708 1018
709 1058
709 1030
709 809
709 748
709 1245
709 863
710 835
710 1127
710 1097
710 921
711 1222
711 1131
711 817
712 897
712 866
712 713
712 972
712 913
713 1032
713 881
713 886
713 1083
713 1034
714 789
714 988
714 831
715 992
715 896
715 773
715 857
715 956
716 965
716 748
716 1102
716 1169
716 1042
716 1142
716 889
716 923
717 1219
717 740
717 1031
717 812
717 1203
718 1024
718 772
718 1206
718 847
718 1042
718 723
718 1078
718 1019
719 1030
719 782
719 975
719 1078
719 1098
719 869
720 835
720 807
720 745
720 747
721 1082
721 1077
721 893
722 1062
722 1035
722 724
723 1216
723 871
723 872
723 908
723 776
724 1166
724 1141
724 1109
725 1216
725 1026
725 1171
725 982
725 824
725 1050
725 861
726 1226
726 922
726 1243
726 1098
727 1024
727 1223
727 939
727 852
727 1012
728 905
728 1026
728 1165
728 848
728 1212
729 960
729 1064
729 911
730 1155
730 1188
730 1123
730 1074
731 1026
731 1087
732 994
732 1140
732 1017
732 762
733 1067
733 849
733 1202
733 947
733 1110
734 1034
734 1164
734 974
734 1051
735 995
735 1161
735 1229
735 776
735 1205
735 955
736 953
736 857
736 1180
737 953
737 1183
738 746
738 1127
738 1100
738 815
738 752
738 1022
739 955
739 1101
739 788
739 1048
740 1027
740 1220
740 1230
740 851
740 1241
740 900
741 1016
742 987
742 816
743 795
744 1131
744 850
744 1151
745 1187
745 871
745 809
745 813
745 858
745 763
745 986
746 768
746 1226
746 1070
746 1167
746 1202
746 790
746 825
746 1211
746 914
747 1122
747 1058
747 1125
747 1041
747 797
747 958
748 874
748 944
749 822
750 883
750 761
750 1180
751 840
751 818
751 796
751 829
752 871
752 847
752 825
753 901
753 1224
753 1132
753 1176
753 878
754 848
754 1059
754 1128
754 907
754 1011
754 823
754 1232
755 1201
756 842
756 1074
756 1110
757 1218
757 836
757 1072
757 772
757 827
757 1245
758 769
758 1231
758 954
758 1115
759 1122
759 931
759 1104
759 1170
760 963
760 1235
760 1142
760 1111
760 954
761 1030
761 1231
761 860
761 1100
761 1048
761 1179
762 1154
762 1098
762 1079
762 814
762 1177
763 1105
763 1238
763 1087
764 768
764 1216
764 1128
764 1162
764 1132
764 851
764 788
764 1144
764 1245
764 1150
765 1196
765 919
765 1150
766 1068
766 950
766 984
766 924
767 1057
767 1227
767 1132
767 1245
767 1054
768 1227
768 1004
768 877
768 1168
768 948
768 1205
768 956
769 992
769 811
769 951
770 864
770 1219
770 959
770 801
770 777
770 1200
770 1045
771 1220
771 1074
772 1188
772 1156
772 1065
772 1092
773 1152
773 1148
774 1089
774 951
775 1126
775 870
775 883
776 894
777 1026
778 1156
778 966
778 1158
778 782
778 976
778 1147
779 806
779 889
779 986
781 993
781 855
781 1151
782 841
782 911
782 1180
783 1032
783 1040
783 1047
784 992
784 924
784 817
784 903
784 1116
784 798
785 1120
785 786
785 803
785 922
786 1140
786 1161
786 1120
786 1204
787 954
787 1181
787 1054
788 854
788 1062
788 1123
789 1152
789 867
789 998
789 1002
789 887
789 946
789 951
790 1091
790 1188
790 845
790 836
790 1146
791 915
791 1019
791 958
792 1188
792 1094
792 1226
792 972
792 1043
792 1044
792 926
792 901
793 1075
793 1123
793 1195
793 1236
793 827
793 989
794 841
794 1050
795 1024
795 1077
796 1003
796 909
796 1235
796 1012
796 984
796 884
797 995
797 1117
798 1031
798 1175
798 1119
798 1055
799 1046
799 973
799 945
799 1208
800 992
800 1218
800 1176
800 1242
801 1225
801 1071
801 948
801 1212
802 827
802 1067
802 1174
802 955
803 1024
803 962
803 1147
803 959
804 1163
805 1218
805 963
805 999
805 1199
805 850
805 856
806 1028
806 1070
806 1108
807 859
807 1038
807 808
808 995
808 1036
808 1200
808 918
808 893
809 1102
809 1105
810 968
810 940
810 1196
810 1134
810 1007
810 915
811 1225
811 976
812 866
812 931
812 884
813 830
813 1071
813 956
814 1134
814 1236
815 1121
815 1201
815 877
815 1192
815 1011
816 848
816 1234
816 1147
817 945
817 1207
817 924
817 1119
818 1062
818 1104
818 1115
818 894
819 1088
819 899
819 937
819 854
819 924
820 1058
821 1043
821 893
822 1164
822 1177
822 889
824 1099
824 905
824 1003
824 1019
825 1191
825 1105
825 954
826 1218
826 947
826 857
826 1245
826 991
827 1131
827 946
827 887
827 1016
828 1152
828 867
828 967
829 1165
829 958
830 1154
830 1164
830 879
830 850
830 1111
831 864
831 1153
831 1001
831 1201
831 916
831 886
832 1063
832 1013
833 1171
833 1067
833 1212
833 919
833 990
834 1184
834 998
835 893
835 909
835 1108
835 1181
836 1158
837 1153
838 1062
838 1078
838 1084
839 1155
839 1124
839 1166
839 976
839 893
840 931
840 1237
840 1047
840 1181
842 963
842 1124
842 905
842 1035
842 913
843 1232
843 1100
843 880
844 910
844 1085
846 967
846 904
846 1155
847 1201
848 898
848 1128
849 880
849 1130
849 956
850 1067
850 1168
850 979
850 1212
850 995
851 1152
851 994
851 939
851 949
852 1035
852 932
852 872
852 1131
852 1074
852 1174
852 955
852 1117
853 1029
853 1205
854 993
854 964
854 1230
854 1198
854 859
854 1085
855 1179
855 1021
855 1151
856 946
856 1112
857 1197
857 1233
857 1236
857 885
857 1116
858 933
858 941
858 1172
859 1130
859 972
859 1234
859 1048
859 1049
860 902
860 889
860 1182
860 1117
860 958
861 901
861 1001
861 970
861 880
862 906
862 978
862 1205
862 887
863 1218
863 1042
863 979
863 1078
863 983
863 1053
864 1152
864 1222
864 1154
864 1197
864 1166
864 931
865 1247
866 1185
866 887
867 932
867 979
869 980
869 1223
869 1046
869 1081
869 953
869 1135
869 1051
869 946
870 908
870 1042
871 1104
871 937
872 1130
872 1006
872 946
873 993
873 1064
873 1084
874 1065
874 1003
874 978
874 1145
875 877
875 979
876 899
876 1102
877 962
877 1220
877 1155
877 1016
877 900
877 1018
877 1244
878 975
878 1135
878 1141
878 895
879 1126
879 1002
880 935
880 1194
880 1018
880 1148
881 966
881 972
881 1108
882 1061
882 1033
882 1195
882 1097
882 924
883 964
883 909
883 1072
883 937
884 1215
885 1220
885 1109
885 1212
886 960
886 1130
886 944
886 1078
887 1227
887 1006
887 1187
887 1207
888 1079
889 897
892 1124
892 1128
892 1175
892 952
892 1182
893 963
893 959
893 1157
894 1058
894 1122
895 1235
895 1093
896 1139
897 1025
897 937
897 906
897 1165
897 1042
898 1190
898 1193
899 1159
899 1238
900 1126
900 1020
900 1230
900 952
900 1211
901 1190
901 1101
901 974
901 1119
902 1203
902 1177
903 1073
903 984
903 1023
904 1024
905 961
905 1011
905 985
906 918
906 1228
906 1046
906 1188
906 1210
907 981
907 1023
908 998
908 1080
908 1156
908 1094
909 1128
909 1076
909 1211
909 1078
910 1175
910 987
910 1086
911 1033
912 1062
912 1063
912 1144
912 1085
912 1054
913 930
913 1200
913 950
913 1151
914 1038
914 1008
914 1112
915 1122
915 1156
915 1125
916 1024
916 969
916 1016
916 1242
917 1188
917 968
917 1054
918 1093
920 961
920 1028
920 975
920 1066
920 1167
920 1051
921 941
921 1048
921 1208
921 985
922 994
922 1172
922 1206
922 1083
923 977
924 1227
925 945
925 1204
925 1143
927 1156
927 1225
927 970
927 1115
928 980
928 1212
930 1121
930 1228
930 1199
930 1200
930 1170
930 1210
930 955
931 980
931 1084
932 1178
932 954
933 1217
933 1094
933 1190
933 1098
934 1128
935 1010
936 1218
936 1228
937 1188
937 1193
937 1080
937 1049
938 1132
938 1038
938 1086
938 1183
939 1078
939 1246
940 1222
940 1150
940 1110
940 1022
940 991
941 1185
941 1115
941 1159
941 1071
941 985
941 1181
942 1221
942 1034
942 1106
942 951
943 1114
944 1077
945 1188
945 1203
946 1122
946 1153
946 1108
947 1222
947 1120
947 1235
947 1011
949 1120
949 1122
950 1103
950 1055
951 1041
951 1231
951 977
953 1057
953 1006
954 1074
954 1085
955 1095
955 1143
956 1186
956 1157
957 1195
957 1233
957 1010
957 1207
961 1186
961 1038
961 1049
961 1245
961 1150
962 1056
963 1029
964 972
964 1236
964 1237
964 1048
964 1092
964 1114
965 1131
966 1024
966 1047
967 1103
968 1200
968 1105
968 979
968 1116
970 1118
971 1013
971 1084
972 1185
972 1229
972 1069
972 1055
973 1056
973 1136
974 1088
975 1220
975 1129
975 1108
975 988
975 1085
976 1036
976 1038
976 1208
976 1204
976 1006
976 1050
977 1025
977 1154
978 1065
978 1017
978 986
979 1077
979 1049
979 1119
980 1094
980 1032
981 1044
982 1054
982 1157
983 1215
983 1031
983 1165
984 990
984 1098
986 1158
986 1035
986 1208
987 1020
987 1074
987 988
988 1096
988 1001
988 1101
988 1046
988 1146
988 1150
989 1136
990 1209
992 1189
992 1226
992 1104
993 1156
993 1079
993 1114
995 1060
995 1065
995 1007
995 1106
995 1146
995 1214
996 1230
996 1233
996 1204
996 1110
996 1054
997 1122
997 1062
997 1201
998 1157
998 1197
999 1196
1000 1226
1000 1239
1000 1245
1002 1174
1002 1084
1004 1221
1004 1087
1005 1216
1005 1036
1005 1107
1005 1087
1006 1197
1006 1141
1006 1114
1007 1125
1007 1035
1007 1075
1008 1061
1008 1106
1009 1225
1010 1217
1010 1035
1010 1149
1010 1105
1010 1219
1011 1206
1012 1060
1012 1034
1012 1068
1012 1046
1012 1021
1013 1029
1013 1071
1013 1042
1014 1215
1015 1028
1016 1145
1016 1118
1017 1238
1018 1147
1018 1130
1019 1072
1019 1087
1020 1214
1021 1225
1022 1134
1024 1078
1025 1155
1026 1195
1026 1150
1027 1034
1027 1201
1027 1051
1028 1222
1028 1040
1029 1132
1029 1103
1029 1178
1029 1087
1030 1218
1031 1112
1032 1096
1032 1194
1032 1199
1032 1174
1033 1183
1033 1247
1034 1225
1035 1209
1035 1242
1036 1138
1036 1043
1036 1242
1036 1116
1037 1090
1037 1064
1037 1200
1041 1209
1042 1120
1042 1249
1042 1098
1043 1219
1043 1221
1043 1143
1045 1088
1045 1186
1045 1085
1046 1109
1046 1209
1046 1052
1047 1132
1047 1133
1048 1131
1048 1241
1048 1055
1049 1062
1050 1166
1050 1112
1051 1095
1051 1086
1051 1055
1052 1241
1054 1104
1054 1129
1055 1174
1056 1085
1057 1101
1058 1107
1059 1124
1059 1170
1060 1171
1061 1073
1061 1209
1061 1182
1063 1153
1064 1248
1065 1193
1066 1190
1066 1101
1067 1188
1067 1129
1067 1101
1067 1087
1068 1177
1069 1248
1069 1247
1071 1199
1071 1104
1072 1204
1074 1124
1074 1158
1074 1192
1074 1162
1076 1216
1076 1232
1077 1159
1077 1118
1078 1154
1079 1187
1079 1236
1079 1241
1080 1202
1081 1190
1081 1095
1082 1219
1082 1101
1083 1123
1083 1229
1084 1143
1085 1127
1086 1217
1086 1096
1086 1139
1087 1113
1089 1112
1092 1145
1093 1212
1096 1133
1097 1102
1099 1226
1102 1223
1102 1206
1102 1244
1103 1120
1103 1249
1103 1191
1103 1184
1103 1244
1104 1144
1106 1136
1106 1219
1108 1118
1109 1159
1109 1202
1110 1141
1110 1209
1111 1120
1112 1134
1112 1173
1113 1144
1115 1245
1117 1243
1119 1142
1120 1135
1121 1152
1122 1182
1123 1206
1124 1244
1125 1152
1126 1142
1128 1208
1129 1222
1131 1184
1132 1145
1133 1149
1135 1222
1135 1242
1140 1190
1144 1156
1144 1228
1145 1226
1147 1219
1148 1217
1148 1228
1149 1224
1149 1172
1150 1174
1151 1162
1152 1223
1152 1191
1152 1176
1152 1211
1155 1209
1156 1223
1157 1217
1158 1242
1160 1184
1162 1179
1163 1174
1163 1176
1163 1220
1166 1182
1167 1173
1169 1181
1170 1213
1172 1217
1172 1227
1175 1193
1179 1239
1180 1234
1186 1236
1187 1216
1187 1238
1188 1212
1189 1231
1189 1207
1192 1219
1192 1223
1194 1233
1195 1219
1198 1231
1206 1243
1217 1239
1218 1246
1225 1237
1244 1248
