0 231
0 1033
0 170
0 183
0 601
0 828
1 616
1 201
1 555
1 108
1 46
1 720
1 787
1 345
1 410
2 32
2 368
2 994
2 854
2 710
2 811
2 719
2 464
2 466
2 383
2 726
2 1111
2 921
2 763
2 444
2 607
3 640
3 513
3 1154
3 155
3 836
3 646
3 297
3 146
3 720
3 370
3 676
3 501
3 1220
3 1211
3 443
4 960
4 709
4 615
4 461
4 1203
4 191
5 1220
5 812
5 974
5 977
5 946
5 724
5 213
5 312
5 409
5 948
5 622
5 1028
6 184
6 91
6 452
6 30
7 332
7 1233
7 594
7 824
7 410
7 540
8 481
8 325
8 243
8 1000
8 743
8 269
8 1075
8 127
9 96
9 1091
9 516
9 903
9 264
9 425
9 493
9 136
9 405
9 663
9 376
9 602
9 412
9 730
9 990
9 1119
10 611
10 548
10 745
10 643
10 695
10 504
10 156
11 710
11 497
11 909
11 1037
11 816
11 465
11 788
11 1242
11 252
12 993
12 897
12 682
12 651
12 973
12 884
12 276
12 123
12 700
13 449
13 232
13 777
13 458
13 141
13 346
14 545
14 113
14 342
14 615
14 1192
14 753
14 212
14 982
14 1012
14 127
15 800
15 905
15 1155
15 68
15 988
16 961
16 455
16 491
16 783
16 528
16 373
16 281
16 606
16 957
16 190
17 130
17 68
17 651
17 76
17 78
17 1039
17 468
17 157
18 297
18 619
18 109
18 496
18 1137
18 372
18 887
19 864
19 1153
19 810
19 439
19 1228
19 889
19 786
19 693
19 377
19 632
19 761
19 731
19 414
19 181
20 448
20 710
20 1098
20 302
20 687
20 208
20 948
20 431
20 151
20 527
20 62
20 639
21 1120
21 417
21 219
21 242
21 521
21 583
21 907
21 461
21 622
21 368
21 50
21 846
21 471
21 1115
21 638
22 98
22 164
22 38
22 679
22 330
22 236
22 55
22 92
23 225
23 998
23 577
23 44
23 300
23 1012
23 791
23 219
24 162
24 838
24 1127
24 1031
24 941
24 594
24 1203
24 468
24 191
24 282
24 315
24 1050
24 990
24 991
25 706
25 419
25 132
25 582
25 614
25 363
25 1167
25 306
25 887
25 989
25 421
26 64
26 560
26 292
26 502
26 838
26 1066
26 206
26 512
26 880
26 753
26 118
26 567
26 664
27 450
27 1159
27 871
27 141
27 654
27 434
28 421
28 743
28 304
28 1105
28 916
28 791
28 1012
28 1212
28 765
29 738
29 1027
29 763
29 1038
29 113
29 497
29 782
29 886
29 215
29 891
30 451
30 452
30 419
30 592
30 595
30 851
30 1079
30 1208
30 92
31 961
31 898
31 950
31 1128
31 1149
31 563
31 1077
31 662
31 1079
31 605
31 190
31 1247
32 545
32 197
32 929
32 648
32 905
32 331
32 354
32 1135
32 871
32 233
32 1083
32 445
32 1151
33 228
33 211
33 871
33 488
33 618
33 144
33 1171
33 439
33 377
33 986
33 92
33 158
34 129
34 714
34 688
34 1074
34 1237
34 439
34 472
35 688
35 89
35 612
35 813
35 191
36 928
36 1186
36 773
36 424
36 406
36 155
37 1152
37 1184
37 683
37 264
37 42
37 299
37 1134
37 783
37 626
37 213
37 1145
37 703
37 543
38 304
38 132
38 101
38 1121
38 129
38 810
38 967
38 781
38 592
38 744
38 906
38 1215
39 996
39 650
39 76
39 1010
39 667
39 796
40 630
40 132
40 1014
40 904
40 1197
40 174
40 941
40 1168
40 189
40 1203
40 1045
40 854
40 919
40 889
40 1018
40 1085
40 863
41 1088
41 1089
41 1224
41 174
41 822
41 250
41 282
41 831
42 549
42 244
42 566
42 183
43 1152
43 928
43 101
43 553
43 141
43 1077
43 664
43 697
44 489
44 781
44 112
44 821
44 312
45 905
45 1229
45 175
45 659
45 502
45 521
45 271
45 477
45 158
46 544
46 353
46 322
46 995
46 118
46 929
46 744
46 73
46 266
46 1122
46 438
46 856
46 1245
47 1091
47 486
47 422
47 455
47 1161
47 1165
47 501
47 312
47 731
47 317
47 191
48 1152
48 1123
48 421
48 551
48 653
48 1198
48 963
48 663
48 1061
49 643
49 357
49 327
49 860
49 113
49 594
49 691
49 789
49 853
49 182
49 1225
49 1081
49 735
49 252
49 947
49 446
49 159
50 397
50 878
50 909
50 1074
50 1011
50 127
50 188
50 511
51 770
51 710
51 460
51 1230
51 1200
51 696
51 57
51 1213
52 807
52 328
52 1130
52 605
52 596
52 280
52 57
52 730
52 1082
52 991
53 969
53 898
53 132
53 1244
53 1084
54 771
54 485
54 1223
54 972
54 1134
54 1205
54 152
54 158
54 549
55 160
55 577
55 995
55 1238
55 136
55 777
55 362
55 459
55 460
55 301
55 782
55 579
55 643
55 760
55 414
56 777
56 844
56 876
56 753
56 116
56 814
57 1197
57 400
57 753
57 658
57 598
57 1114
57 61
57 415
58 1025
58 678
58 523
58 141
58 977
58 182
58 87
58 1208
58 1147
58 798
58 607
59 192
59 130
59 583
59 232
59 1004
59 1044
59 828
60 960
60 866
60 197
60 422
60 935
60 1228
60 335
60 1144
60 1242
60 251
60 90
60 94
60 63
61 736
61 930
61 646
61 875
61 460
61 578
61 845
61 1233
61 596
61 1213
62 547
62 103
62 328
62 428
62 1104
62 369
62 635
62 893
62 1087
63 138
63 685
63 498
63 1107
63 819
64 192
64 96
64 131
64 1238
64 934
64 1032
64 140
64 1068
64 845
64 783
64 1001
64 150
64 1207
64 730
64 613
65 960
65 418
65 899
65 168
65 330
65 751
65 536
65 506
66 256
66 866
66 1219
66 133
66 748
66 1038
66 979
66 349
67 610
67 710
67 930
67 174
67 365
67 117
67 923
67 670
68 998
68 969
68 747
68 142
68 1011
68 154
68 316
68 95
69 992
69 481
69 1060
69 837
69 774
69 1121
69 1160
69 107
69 622
69 200
69 242
69 858
69 187
69 284
69 1151
70 641
70 98
70 391
70 1160
70 169
70 971
70 150
70 919
70 511
71 643
71 196
71 109
71 527
71 1139
71 286
71 575
72 554
72 1075
72 1236
72 87
72 601
72 1241
72 123
72 444
72 831
73 293
73 297
73 566
73 1164
73 526
73 118
74 1184
74 327
74 1226
74 907
74 1101
74 1104
74 216
74 467
74 596
74 761
74 536
74 601
74 378
74 158
75 1136
75 802
75 99
75 870
75 876
75 592
75 913
75 899
75 1205
75 825
75 697
76 896
76 549
76 1201
76 241
76 1134
76 436
76 878
76 917
77 1184
77 1026
77 1027
77 902
77 1003
77 430
77 180
77 782
77 1111
77 957
78 1042
78 525
78 1234
78 1237
78 602
79 344
79 224
79 535
79 533
79 927
80 257
80 550
80 999
80 1096
80 846
80 502
80 1182
80 671
81 677
81 1063
81 939
81 142
81 751
81 625
81 435
81 281
81 1210
81 239
81 188
81 1119
82 259
82 708
82 485
82 909
82 590
82 301
82 563
82 370
82 99
82 281
82 730
82 1083
83 1216
83 453
83 648
83 1165
83 1181
83 496
83 881
83 221
83 726
83 1080
83 697
83 1242
83 790
83 413
84 226
84 836
84 357
84 326
84 716
84 714
84 588
84 269
84 1072
84 978
84 908
84 565
84 566
84 617
84 857
84 602
84 799
84 636
84 669
84 767
85 867
85 1124
85 645
85 712
85 361
85 714
85 1195
85 921
85 595
85 617
85 856
85 1017
85 474
85 669
86 416
86 866
86 683
86 548
86 1235
86 202
86 203
86 1139
86 245
86 1112
86 1179
86 362
87 673
87 330
87 524
87 500
87 926
87 665
87 893
87 1118
88 742
88 745
88 206
88 969
88 821
88 105
88 533
89 897
89 931
89 484
89 1005
89 1070
89 91
90 327
90 1064
90 297
90 173
90 239
90 598
90 697
91 930
91 934
91 1132
91 235
91 1068
91 1045
91 316
91 541
91 990
92 736
92 328
92 331
92 976
92 1201
92 1042
92 307
92 980
92 1108
92 1179
92 415
93 192
93 102
93 103
93 1101
93 917
93 732
93 1149
94 323
94 612
94 844
94 1194
94 171
94 364
94 1132
94 979
94 180
94 282
94 666
94 830
94 1247
95 970
95 369
95 565
95 438
95 376
95 586
95 437
96 1089
96 453
96 1094
96 812
96 813
96 782
96 1232
96 745
96 857
97 940
97 722
97 723
97 1013
97 184
97 921
97 1247
98 774
98 1159
98 717
98 494
98 468
98 605
99 160
99 1137
99 520
99 169
99 529
99 1224
99 285
99 479
100 293
100 375
100 526
100 977
100 1143
100 735
100 671
101 1248
101 578
101 1204
101 997
101 812
101 1052
101 140
101 624
101 114
101 707
101 220
101 1077
101 758
101 905
101 185
101 538
101 572
101 573
102 1059
102 645
102 870
102 308
102 1047
102 301
102 369
102 627
102 820
102 277
102 601
102 729
102 890
102 895
103 769
103 582
103 647
103 977
103 850
103 820
103 762
104 192
104 128
104 422
104 497
104 947
104 820
104 473
104 479
105 288
105 859
105 772
105 167
105 618
105 941
105 1166
105 112
105 1233
105 338
105 213
105 1081
105 1115
105 958
105 853
106 564
106 596
106 941
106 1207
107 454
107 264
107 272
107 913
107 728
107 1018
107 187
108 516
108 453
108 455
108 590
108 785
108 531
108 1198
108 118
108 924
109 1154
109 709
109 394
109 299
109 222
109 165
110 450
110 1131
110 531
110 1044
110 763
110 509
110 1182
111 581
111 518
111 169
111 175
111 628
111 1205
111 438
111 250
112 416
112 616
112 1168
112 277
112 375
112 634
112 476
113 977
113 456
113 366
113 654
113 398
113 599
113 126
114 577
114 547
114 586
114 365
114 987
114 882
114 1019
114 862
114 799
115 834
115 456
115 246
115 536
115 959
115 447
116 283
116 210
116 828
116 877
116 144
116 628
116 658
116 308
116 1079
116 148
116 219
116 764
116 1183
117 1025
117 1026
117 899
117 522
117 300
117 450
117 622
117 975
117 400
117 882
117 794
117 1054
118 258
118 1179
118 377
118 603
118 285
119 230
119 1127
119 811
119 589
119 847
119 371
119 253
120 292
120 869
120 649
120 718
120 529
120 274
120 868
120 990
120 343
120 953
120 1243
120 765
120 222
121 1191
121 973
121 174
121 1198
121 849
121 1106
121 565
121 1142
121 1021
122 869
122 614
122 263
122 392
122 397
122 1190
122 216
122 1211
122 476
122 957
122 1183
123 260
123 780
123 685
123 1198
123 301
123 435
123 726
123 670
124 289
124 483
124 961
124 141
124 963
124 949
124 502
124 153
124 762
124 348
125 904
125 810
125 850
125 981
125 887
125 636
126 802
126 903
126 969
126 812
126 994
126 750
126 148
126 885
126 265
126 1086
127 514
127 547
127 596
127 277
127 1208
127 506
128 675
128 297
128 754
128 821
128 954
129 961
129 772
129 870
129 737
129 745
129 331
129 898
129 1007
129 624
129 242
129 949
129 905
129 1018
130 667
130 1028
130 805
130 1223
130 265
130 908
130 434
130 1070
130 178
130 374
130 1193
130 1019
130 1022
131 999
131 1130
131 977
131 1010
131 724
131 149
131 441
131 699
131 1044
132 802
132 387
132 1190
132 775
132 202
132 332
132 483
132 899
132 606
132 517
133 224
133 193
133 913
133 232
133 553
133 652
133 494
133 721
133 692
133 286
133 633
133 1044
133 1049
133 1213
133 1022
133 1215
134 388
134 855
134 604
134 441
134 1041
135 416
135 1025
135 343
135 260
135 545
135 697
135 778
135 747
135 910
135 911
135 1234
135 532
135 342
135 439
135 1177
135 1211
135 349
136 1224
136 747
136 909
136 239
136 304
136 531
136 1203
136 472
136 698
136 1240
137 488
137 699
137 1019
137 566
137 662
138 514
138 582
138 871
138 936
138 874
138 971
138 908
138 255
138 562
138 310
138 283
139 1144
139 1203
139 660
139 861
140 308
140 300
140 1055
141 962
141 195
141 1235
141 339
141 547
141 374
142 1217
142 677
142 1198
142 591
142 1076
143 496
143 452
143 362
143 1196
143 624
143 317
144 419
144 553
144 950
144 795
144 509
144 991
145 922
145 431
146 512
146 295
146 617
146 925
146 1142
146 315
146 732
146 443
146 510
147 646
147 363
147 562
147 530
147 247
147 1047
147 313
147 282
147 155
148 1056
148 1024
148 1122
148 581
148 518
148 551
148 330
148 430
148 466
148 1022
149 1185
149 706
149 325
149 622
149 1045
149 502
149 856
149 377
149 413
149 158
150 609
150 485
150 801
150 874
151 545
151 1160
151 714
151 427
151 620
151 815
151 336
151 338
151 691
151 926
151 1046
151 1081
151 248
151 1086
151 222
151 181
152 354
152 771
152 741
152 1159
152 745
152 426
152 815
152 467
152 283
152 1049
152 509
152 490
152 959
153 385
153 379
153 705
153 527
153 529
153 242
153 179
153 184
153 1018
153 1147
153 1215
154 417
154 944
154 454
154 1031
154 776
154 1161
154 1194
154 748
154 621
154 334
154 752
154 348
155 160
155 422
155 552
155 522
155 1227
155 558
155 559
155 659
155 757
155 819
155 922
155 858
156 708
156 709
156 687
156 944
156 529
156 501
156 858
156 639
156 444
156 474
156 638
156 1151
157 836
157 1093
157 776
157 527
157 784
157 595
157 1080
157 1047
157 984
158 640
158 897
158 226
158 470
158 471
158 423
158 660
158 1015
158 266
158 1054
159 896
159 1041
159 361
159 178
159 211
159 1110
159 1047
159 312
159 825
159 221
160 1188
160 430
160 986
160 732
160 221
161 1123
161 686
161 208
161 339
161 663
161 924
162 262
162 648
162 594
162 1141
162 283
162 1052
162 1054
162 575
163 673
163 283
163 397
163 827
164 1121
164 258
164 292
164 262
164 360
164 941
164 1232
164 435
164 916
164 533
164 185
164 1179
164 991
165 1090
165 294
165 838
165 520
165 811
165 525
165 494
165 913
165 366
165 462
165 985
165 1087
165 542
165 1173
166 435
166 885
166 565
166 631
166 889
166 1087
167 768
167 513
167 1056
167 1036
167 1037
167 1016
168 288
168 610
168 1187
168 376
168 344
168 665
169 292
169 357
169 390
169 1224
169 1225
169 208
169 1175
169 281
169 541
170 288
170 742
170 1128
170 494
170 563
171 561
171 181
171 438
171 505
171 635
172 551
172 363
172 236
172 269
172 753
172 628
172 212
172 1127
172 1215
173 569
173 525
173 505
174 482
174 779
174 876
174 1201
174 244
174 1045
174 1178
174 1193
174 986
174 1085
174 1086
175 672
175 1056
175 740
175 252
175 1140
175 762
175 571
175 188
176 1057
176 389
176 1191
176 876
176 353
176 1200
176 818
176 308
176 1238
176 1143
176 539
176 764
176 189
176 645
177 324
177 357
177 1095
177 296
177 842
177 331
177 336
177 202
177 414
177 837
178 246
178 649
178 300
178 509
178 533
178 1078
178 956
178 508
178 702
178 949
179 482
179 200
179 650
179 802
179 301
179 1173
179 219
180 225
180 1133
180 483
180 966
180 870
180 239
180 952
181 545
181 418
181 1185
181 1067
181 721
181 1139
181 1013
181 886
181 954
181 763
181 700
181 491
182 1217
182 1220
182 809
182 365
182 658
182 563
182 539
182 882
182 255
183 672
183 1156
183 425
183 587
183 626
183 249
183 938
183 1182
184 389
184 481
184 299
184 716
184 1230
184 839
184 903
184 1237
184 248
184 693
185 515
185 1028
185 583
185 989
185 1133
185 303
185 1105
185 883
185 570
185 1199
185 1052
185 1181
185 671
186 1095
186 624
186 1076
186 345
186 441
186 220
186 1085
187 834
187 527
187 305
187 1141
187 796
188 676
188 1128
188 618
188 720
188 296
188 1118
188 543
189 1060
189 522
189 430
189 311
189 249
189 1211
190 194
190 407
190 268
191 611
191 484
191 808
191 969
191 555
191 1067
191 756
192 934
192 398
192 281
192 379
193 417
193 680
193 361
193 1004
193 783
193 400
193 1105
193 1203
193 724
194 385
194 214
194 390
194 609
194 1054
194 660
194 1238
194 697
194 766
195 590
195 400
195 758
195 537
195 731
195 413
195 798
195 1215
196 672
196 610
196 619
196 613
196 778
196 487
196 883
196 468
196 383
197 419
197 390
197 871
197 1129
197 1002
197 1039
197 306
197 244
197 378
197 702
197 255
198 448
198 453
198 1062
198 647
198 298
198 781
198 783
199 1026
199 648
199 1020
199 1004
199 653
199 488
199 818
199 212
199 1241
199 1210
199 732
199 510
200 811
200 252
200 1093
201 929
201 220
201 614
201 1201
202 257
202 1090
202 645
202 392
202 682
202 368
202 375
202 313
202 283
203 1032
203 937
203 333
203 337
203 308
203 250
204 1218
204 459
204 939
204 396
204 386
204 591
204 787
204 508
205 708
205 842
205 237
205 1037
205 212
205 949
205 618
206 1121
206 475
206 246
206 262
206 520
206 905
206 1035
206 270
206 963
206 566
206 1147
206 223
207 578
207 964
207 1126
207 583
207 681
207 467
207 1105
207 1203
207 951
207 922
207 958
208 706
208 424
208 906
208 395
208 596
208 853
208 407
208 1140
208 794
209 293
209 584
209 810
209 439
209 938
209 941
209 719
209 404
209 757
209 535
209 1207
209 1205
210 274
210 1223
210 1159
211 449
211 586
211 977
211 786
211 924
211 1085
211 350
212 832
212 833
212 872
212 908
212 1169
212 826
212 572
212 477
213 929
213 231
213 389
213 971
213 1053
213 689
213 1044
213 286
213 233
213 1176
213 446
213 479
214 225
214 522
214 716
214 526
214 854
214 1081
214 284
214 1181
215 843
215 327
215 267
215 624
215 380
216 396
216 265
216 938
216 1100
216 1005
216 435
216 1226
216 985
216 509
217 274
217 763
217 1229
217 254
217 855
218 1120
218 1025
218 835
218 933
218 358
218 1165
218 1049
219 474
219 929
219 901
219 393
219 746
219 1071
219 241
219 984
219 921
219 986
219 346
219 549
220 961
220 386
220 358
220 937
220 619
220 300
220 930
220 493
220 514
220 914
220 639
221 704
221 721
221 404
221 918
221 1143
221 640
221 1213
222 579
222 747
222 621
222 464
222 981
222 406
223 1058
223 325
223 520
223 1065
223 744
223 365
223 911
223 424
223 434
223 408
223 639
224 713
224 334
224 1039
224 343
224 856
224 349
225 1024
225 930
225 931
225 1049
225 1002
225 371
225 911
225 336
225 1139
225 276
225 565
225 281
226 1028
226 710
226 1128
226 297
226 266
226 881
226 1205
226 860
227 611
227 1227
227 981
227 318
227 686
228 480
228 386
228 329
228 620
228 1009
229 1175
229 277
229 902
229 1135
230 1248
230 931
230 649
230 1066
230 754
230 924
231 897
231 291
231 382
231 879
231 284
231 893
231 510
231 351
232 1092
232 1223
232 553
232 395
232 1197
232 762
232 639
233 256
233 582
233 1222
233 684
233 303
233 374
233 311
233 472
233 1211
234 1122
234 707
234 523
234 898
234 690
234 1208
234 1211
234 1021
235 417
235 963
235 612
235 1036
235 653
235 401
235 1043
235 500
236 814
236 967
236 936
236 1063
236 1198
236 564
236 1214
236 374
236 1116
236 638
237 752
237 502
237 1000
237 300
237 557
237 1199
237 240
237 758
237 886
237 255
238 546
238 515
238 997
238 360
238 599
238 994
238 880
238 473
238 408
238 249
238 735
239 831
239 386
239 774
239 914
239 1139
239 950
239 1023
239 476
239 1053
239 767
240 256
240 1025
240 1218
240 934
240 793
240 857
240 1024
241 1120
241 928
241 645
241 262
241 903
241 552
241 423
241 1116
241 606
241 389
242 705
242 253
243 1089
243 1153
243 451
243 550
243 865
243 263
243 781
243 654
243 916
243 1143
243 376
243 1083
243 989
244 256
244 1089
244 1157
244 497
244 725
244 953
244 858
244 794
245 896
245 897
245 259
245 740
245 806
245 403
245 288
245 464
245 819
245 1015
245 505
246 422
246 679
246 906
246 1135
246 847
246 430
246 534
246 1194
246 1007
246 797
246 895
247 1096
247 969
247 1066
247 762
247 686
247 758
247 1194
247 538
247 1181
248 868
248 965
248 870
248 1036
248 877
248 590
248 658
248 282
248 411
249 673
249 561
249 1115
250 993
250 810
250 685
250 629
250 599
250 636
251 1068
251 1034
251 378
251 551
252 1125
252 1126
252 970
252 1100
252 694
252 957
253 322
253 1219
253 932
253 490
253 429
253 336
253 945
253 515
253 853
254 673
254 996
254 741
254 424
254 457
254 1005
254 368
254 699
254 990
255 838
255 559
255 914
255 884
255 953
255 638
256 328
256 924
256 491
256 877
256 366
256 1129
256 891
256 476
256 413
256 1151
257 992
257 1156
257 524
257 332
257 917
257 859
257 317
258 747
258 908
258 624
258 1147
258 861
258 574
259 1249
259 619
259 910
259 1068
259 459
259 268
259 370
259 1198
259 311
259 824
259 1146
259 1210
260 649
260 503
261 1026
261 1159
261 777
261 1130
261 1195
261 300
261 560
261 537
261 1208
261 1081
262 1025
262 454
262 359
262 842
262 1042
262 883
262 598
262 836
262 996
263 1088
263 610
263 1103
263 847
263 994
263 1037
263 1213
263 1203
263 1172
263 891
263 349
264 897
264 965
264 1005
264 302
264 399
264 501
264 617
265 621
265 434
265 1143
265 890
266 1156
266 840
266 1035
266 272
266 1106
266 723
266 597
266 374
266 378
266 1211
266 1173
267 864
267 643
267 517
267 1035
267 624
267 273
267 446
267 1178
267 542
268 768
268 694
268 1235
268 944
268 595
268 373
268 822
269 384
269 528
269 721
269 916
270 674
270 868
270 581
270 839
270 521
270 1240
271 525
271 1031
271 423
271 301
271 558
271 685
271 977
271 503
271 699
271 785
271 1207
272 993
272 1058
272 1187
272 966
272 616
272 1033
272 823
272 793
272 1244
272 1226
273 866
273 676
273 1062
273 327
273 591
273 1041
273 947
273 1174
273 631
273 696
274 419
274 772
274 1163
274 877
274 402
274 495
274 1203
275 960
275 1161
275 1226
275 303
275 626
275 1204
275 1207
276 643
276 580
276 311
276 281
276 572
277 426
277 406
277 412
277 1023
278 838
278 1000
278 1161
278 332
278 941
278 407
278 538
278 698
278 478
279 290
279 419
279 1101
279 1103
279 1204
279 626
279 531
279 948
279 564
279 346
280 772
280 869
280 903
280 339
280 1039
280 626
280 1107
280 566
280 825
281 1058
281 571
281 453
281 295
281 1039
281 623
281 695
281 1147
281 828
281 670
282 1217
282 866
282 1124
282 455
282 600
282 910
282 792
282 469
282 569
282 443
283 736
283 839
283 306
283 434
284 745
284 1163
284 431
284 1072
284 1140
284 892
285 1135
285 466
285 1108
285 1112
285 1007
285 829
286 354
286 489
286 1095
286 1199
286 757
286 1238
286 917
286 911
287 768
287 1059
287 933
287 1069
287 366
287 1038
287 376
287 729
287 798
288 1184
288 289
288 486
288 313
289 451
289 389
289 487
289 397
289 1110
289 979
289 950
289 503
289 925
289 702
290 549
290 1007
290 784
290 1045
290 697
290 1146
290 539
291 802
291 337
291 499
291 469
291 567
291 602
292 579
292 998
292 426
292 1195
292 665
293 612
293 1030
293 457
293 528
293 437
293 1148
294 546
294 1096
294 619
294 369
294 1172
294 1112
294 923
294 701
294 1118
295 993
295 1158
295 360
295 334
295 831
296 1249
296 674
296 705
296 811
296 655
296 464
296 598
296 1240
297 352
297 1122
297 790
297 776
297 938
297 1168
297 1236
297 1238
297 950
297 596
297 508
298 1090
298 840
298 812
298 1034
298 492
298 792
298 570
298 891
298 890
299 1099
299 749
299 528
299 1172
299 1173
299 822
300 899
300 432
300 497
300 499
300 725
300 728
300 985
300 826
300 827
301 993
301 392
301 1104
301 341
302 544
302 833
302 930
302 649
302 1165
302 366
302 1075
302 820
302 526
302 983
302 372
302 597
303 704
303 641
303 999
303 364
303 498
303 763
304 518
304 492
304 495
304 756
304 629
304 969
304 949
304 380
304 863
305 960
305 901
305 423
305 786
305 1070
305 946
305 467
306 875
306 878
306 1103
306 630
306 441
307 1025
307 1189
307 680
307 973
307 878
307 1168
307 1011
307 564
307 502
307 1021
307 767
308 514
308 431
308 1237
308 569
308 879
308 668
309 1067
309 1132
309 1037
309 1202
309 950
309 700
309 541
310 484
310 807
310 331
310 527
310 906
310 1022
311 609
311 520
311 362
311 556
312 996
312 1222
312 1129
312 406
312 918
312 412
312 517
312 319
313 925
313 572
313 686
313 719
313 726
313 856
313 698
313 1039
313 1148
313 394
313 830
314 960
314 998
314 663
314 908
314 375
314 952
315 1163
315 984
315 1009
315 906
315 1063
315 494
315 719
315 433
315 756
315 407
316 773
316 554
316 939
316 1196
316 1109
316 857
316 490
316 575
317 352
317 930
317 993
317 1056
317 711
317 845
317 825
317 952
317 505
317 475
318 389
318 839
318 364
318 495
318 466
318 855
318 1117
319 832
319 963
319 649
319 365
319 978
319 1111
319 1244
320 545
320 426
320 1196
320 494
320 624
320 663
320 536
320 799
320 1247
321 897
321 481
321 457
321 1069
321 1136
321 820
321 329
321 346
321 830
322 482
322 835
322 1061
322 1103
322 1187
322 917
322 1080
322 795
322 1011
322 1045
323 356
323 779
323 729
323 602
323 639
323 1055
324 354
324 1060
324 774
324 1232
324 888
324 794
324 508
324 1055
325 731
325 678
325 422
325 684
325 1032
325 728
325 1115
326 579
326 649
326 715
326 1003
326 978
326 739
326 1239
326 431
327 992
327 705
327 803
327 644
327 1001
327 363
327 1133
327 1241
327 893
328 551
328 713
328 842
328 1159
328 1237
328 886
328 503
329 1136
329 792
330 835
330 333
330 976
330 434
330 786
331 934
331 1001
331 654
331 1138
331 915
331 1175
332 416
332 423
332 882
332 343
332 1063
332 572
332 733
333 994
333 387
333 1125
333 966
333 529
333 658
333 1182
334 1217
334 1092
334 485
334 1065
334 778
334 1204
334 855
334 522
335 960
335 610
335 907
335 1196
335 338
335 1040
335 689
335 786
335 886
335 568
335 926
336 456
336 966
336 625
336 1192
336 395
336 397
336 751
336 424
336 603
336 991
337 888
337 505
337 634
337 1023
338 419
338 752
338 785
338 1043
338 342
338 639
339 843
339 1193
339 459
339 588
339 495
339 434
339 1076
339 1161
339 664
339 559
340 875
340 883
340 661
340 406
340 894
340 575
341 1063
341 1064
341 844
341 848
341 808
341 948
341 822
341 987
342 1248
342 1030
342 423
342 424
342 1098
342 560
342 702
342 826
342 1118
343 517
343 553
343 1165
343 718
343 687
343 603
343 863
344 803
344 775
344 600
344 826
344 380
344 1021
345 1059
345 647
345 681
345 1195
345 652
345 851
345 853
345 378
346 1083
346 909
346 529
346 1074
347 713
347 650
347 845
347 1209
347 1117
347 958
348 712
348 393
348 750
348 979
348 693
348 1023
349 963
349 452
349 997
349 1094
349 488
349 945
349 465
349 467
349 469
349 1087
350 676
350 1160
350 842
350 654
350 848
350 722
350 1204
351 1156
351 1062
351 456
351 1065
351 494
351 414
352 704
352 455
352 1066
352 1037
352 463
352 1245
352 629
352 505
352 761
352 783
353 577
353 743
353 521
353 555
353 885
353 1208
354 705
354 444
354 395
354 364
354 941
354 1145
354 763
354 924
355 738
355 970
355 1172
355 669
355 503
356 448
356 1153
356 685
356 719
356 921
356 1183
357 490
357 885
357 1048
357 820
357 1082
357 510
358 872
358 445
358 1039
359 929
359 837
359 586
359 427
359 759
359 1019
359 453
360 768
360 545
360 1158
360 649
360 906
360 843
360 974
360 913
360 1206
360 1015
360 1178
361 544
361 933
361 1096
361 780
361 494
361 436
361 406
361 375
361 380
362 545
362 1156
362 613
362 872
362 1074
362 499
362 984
363 586
363 842
364 899
364 732
364 614
364 873
364 589
364 977
364 786
364 1044
364 700
365 1098
365 368
365 1155
365 825
366 1095
366 1226
366 1164
367 740
367 1096
367 1164
367 1037
367 495
367 1232
367 1107
367 694
367 410
368 800
368 1025
368 771
368 804
368 1137
368 936
368 457
368 429
368 592
368 424
368 914
368 499
368 603
369 801
369 803
369 452
369 776
369 525
369 1064
369 694
369 922
369 927
369 413
370 1010
370 1031
370 530
370 1075
370 820
370 1173
370 566
371 1120
371 841
371 467
371 505
371 1053
371 382
372 488
372 748
372 620
372 752
372 499
372 472
372 921
372 509
372 1055
373 997
373 748
373 1034
373 1101
373 751
374 1024
374 1227
374 971
374 751
374 1148
374 435
374 758
374 503
374 954
374 892
374 829
375 518
375 968
375 875
375 756
375 693
375 761
375 827
375 1213
375 1077
376 706
376 1211
376 1035
376 1014
376 857
376 891
376 1118
377 644
377 1126
377 550
377 875
377 880
377 379
378 836
378 744
378 527
378 792
378 1179
378 479
379 995
379 400
379 435
379 1076
380 644
380 1066
380 1036
380 813
380 621
380 822
380 1081
380 537
380 636
381 1153
381 482
381 739
381 590
381 527
381 817
381 754
381 436
382 553
382 1165
382 910
382 493
382 889
382 735
383 1225
383 1068
383 1058
383 881
383 886
383 730
384 962
384 903
384 546
384 1109
384 1244
385 773
385 590
385 693
386 610
386 779
386 613
386 519
386 907
386 845
386 967
386 659
386 1046
386 440
386 633
386 891
386 508
386 1085
386 805
387 514
387 938
387 910
387 757
387 854
387 665
388 641
388 1187
388 805
388 424
388 1161
388 1038
388 464
388 666
388 511
389 898
389 489
389 939
389 1072
389 496
389 763
389 1214
390 608
390 737
390 746
390 878
390 912
390 473
390 701
391 648
391 492
391 685
391 788
391 953
391 858
392 803
392 677
392 970
392 1141
392 1143
393 576
393 1091
393 816
393 594
393 1075
393 564
393 510
394 836
394 1068
394 907
394 1196
394 847
394 851
394 532
394 853
394 855
394 1019
394 764
394 1109
394 735
395 673
395 418
395 1019
395 518
395 1136
395 1202
395 1238
395 539
395 703
396 776
396 1004
396 682
396 717
396 878
396 528
396 424
396 430
396 886
396 570
397 1155
397 1028
397 1190
397 522
397 500
397 824
397 1012
397 766
397 543
398 708
398 497
398 681
398 813
398 1234
398 885
398 1048
398 606
399 710
399 653
399 665
399 1115
399 1085
400 901
400 1181
401 483
401 485
401 560
401 995
401 1014
401 764
402 930
402 710
402 425
402 1164
402 1234
402 1206
403 769
403 994
403 552
403 810
403 779
403 1229
403 978
403 926
404 416
404 833
404 1026
404 973
404 439
404 472
404 793
404 670
405 945
405 479
405 415
406 1065
406 1230
406 914
407 905
407 843
407 597
407 408
407 1146
407 445
408 489
408 715
408 531
408 666
408 989
409 931
409 423
409 1161
409 468
409 726
409 1177
409 1146
409 1019
409 1180
410 1219
410 453
410 619
410 1102
410 720
410 819
410 1176
410 705
410 445
410 773
411 804
411 1069
411 494
411 925
411 1109
411 932
411 698
411 541
411 895
412 928
412 737
412 1223
412 1067
412 536
412 1237
412 1148
413 812
413 494
413 918
413 632
413 505
413 698
413 1083
414 609
414 490
414 825
414 1070
414 725
414 1176
414 857
414 701
415 994
415 1123
415 710
415 582
415 775
415 712
415 1097
415 1002
415 749
415 1085
415 1205
415 728
415 1013
415 938
416 896
416 640
416 834
416 1098
416 1043
416 503
416 443
416 668
416 670
417 1057
417 517
417 1129
417 536
418 496
418 710
419 864
419 1097
419 426
419 1169
419 435
419 534
419 506
419 1051
419 764
420 928
420 1153
420 523
420 1131
420 499
420 883
421 1029
421 550
421 696
421 859
421 734
421 1151
422 642
422 1162
422 593
422 629
422 1246
422 767
423 580
423 710
423 1129
423 810
423 823
423 658
423 599
423 636
423 650
424 955
424 822
424 558
424 856
424 1115
424 1151
425 582
425 887
425 826
426 1218
426 997
426 1200
426 978
426 916
426 1174
426 920
426 729
426 885
427 1057
427 567
427 907
427 878
427 848
427 433
428 772
428 810
428 823
428 1004
428 622
428 720
428 1246
428 791
428 760
428 570
428 829
429 832
429 1059
429 933
429 585
429 1033
429 453
430 738
430 550
430 599
430 1037
430 950
430 1047
430 888
430 1051
430 668
431 1022
431 880
431 1169
431 626
431 979
431 501
431 1044
432 899
432 1132
432 714
432 1021
432 436
432 1162
432 1143
432 728
432 1053
432 1182
433 878
433 655
433 1170
433 504
433 701
434 1184
434 480
434 931
434 773
434 865
434 844
434 1141
434 759
434 954
434 949
435 627
435 1180
435 1167
435 1137
435 849
435 1048
435 734
436 777
437 809
437 653
437 1134
437 1101
437 1102
437 440
438 684
438 503
438 489
438 524
438 951
438 1142
438 537
438 505
438 719
438 509
438 637
439 627
439 843
439 796
439 1067
439 1069
439 540
440 515
440 932
440 946
441 1105
441 936
441 721
442 512
442 1026
442 827
442 836
442 694
442 557
442 885
442 642
442 727
442 1051
443 928
443 778
443 1067
443 940
443 781
443 1139
443 1018
444 1056
444 1232
444 1059
444 548
444 457
444 704
444 816
445 832
445 805
445 1065
445 761
445 492
445 1133
445 685
445 946
445 665
445 608
446 483
446 932
446 1075
446 726
447 515
447 913
447 906
447 1068
447 461
447 1233
447 723
447 886
447 1209
448 1066
448 876
448 760
448 1050
448 508
448 895
449 1107
449 686
450 1129
450 461
450 914
450 662
450 1065
450 1049
451 1123
451 967
451 1224
451 656
451 931
451 471
451 473
452 928
452 753
452 553
452 690
452 851
452 1076
452 1039
453 707
453 910
453 1167
453 1042
453 501
453 538
454 836
454 1002
454 557
454 660
455 640
455 964
455 877
455 1070
455 753
455 599
456 609
456 614
456 750
456 1071
457 480
457 999
457 968
457 714
457 1223
457 1228
457 1039
457 657
457 794
457 1052
458 890
458 1099
459 1184
459 1056
459 717
459 757
459 1080
459 1087
460 864
460 992
460 1051
460 480
460 1231
460 1010
460 1013
460 1174
460 953
460 603
460 1244
461 935
461 780
461 621
461 879
461 530
461 1238
461 1149
462 992
462 934
462 871
462 1174
462 919
462 477
463 809
463 588
463 1235
463 1177
463 859
463 509
463 606
463 1011
464 844
464 1200
464 562
464 660
464 852
464 1081
465 848
465 834
465 1063
465 777
465 1232
465 1086
466 513
466 1219
466 842
466 875
466 546
466 718
466 1147
466 668
467 545
467 548
467 809
467 812
467 657
467 628
467 952
467 1180
468 1094
468 849
468 500
468 759
468 826
468 670
469 614
469 583
470 1093
470 647
470 520
470 1007
470 680
470 1209
471 1057
471 1199
471 817
471 819
471 886
471 504
471 1050
471 799
472 647
472 488
472 584
472 496
473 718
473 923
473 523
473 882
473 628
473 949
473 950
473 571
473 956
473 1045
474 1092
474 1198
474 880
474 531
474 599
475 1097
475 527
475 827
475 796
476 808
476 884
477 680
477 751
478 490
478 1013
478 923
478 810
478 991
479 832
479 896
479 482
479 561
479 809
479 898
479 593
479 1013
479 539
479 573
480 1105
480 790
480 923
481 1062
481 592
481 721
481 1204
482 641
482 578
482 970
482 496
482 953
483 992
483 1100
484 1059
484 1014
484 655
484 916
484 1071
485 1068
485 492
485 731
485 511
486 866
486 1129
486 692
486 923
486 700
487 998
487 877
487 753
487 595
487 1203
487 855
487 509
487 894
488 1197
488 794
489 576
489 1153
489 773
489 1096
489 905
489 1047
489 1241
489 1214
490 1121
490 743
490 882
490 1141
491 711
491 1236
491 1208
491 767
492 641
492 1125
493 960
493 584
493 874
493 651
493 972
493 1168
493 883
493 982
493 981
493 1244
493 574
493 895
494 1187
494 1092
494 993
494 553
494 534
494 1048
495 715
495 591
495 977
496 649
496 565
496 1054
497 1224
497 842
497 918
497 1080
497 761
497 831
498 833
498 927
498 741
498 940
498 567
498 635
498 1085
498 575
499 1034
499 683
499 718
499 693
499 1226
500 651
500 921
500 668
500 766
501 960
501 902
501 874
501 1232
501 1105
501 764
502 929
502 1063
502 691
502 1166
502 947
502 982
502 570
502 1098
502 670
503 746
503 690
503 820
504 1153
504 1123
504 1093
504 583
504 1161
504 877
504 663
504 888
504 859
505 1041
505 716
506 742
506 1158
506 1067
506 1006
506 563
506 885
506 696
507 672
507 1184
507 679
507 519
507 1034
507 523
507 559
507 1046
507 986
507 541
508 1125
508 809
508 1165
508 1016
508 793
508 1084
509 619
509 909
509 784
509 826
509 621
510 995
510 1060
510 700
510 1007
510 726
510 731
510 988
511 834
511 747
511 622
511 977
511 851
511 791
511 792
511 1213
511 894
512 609
512 514
512 838
512 654
512 752
512 1105
512 1014
512 1047
513 996
513 1076
513 602
513 1087
514 583
514 555
514 1070
514 655
514 757
514 542
515 705
515 1218
515 1004
515 659
515 988
515 1247
516 1185
516 842
516 715
516 656
516 724
516 632
516 985
517 769
517 805
517 682
517 1035
517 974
517 1157
518 1249
518 1192
518 632
518 602
518 541
518 574
518 1151
519 620
519 836
519 614
519 841
519 556
519 1014
520 757
520 1027
520 1232
520 1105
520 725
520 1053
521 802
521 807
521 1117
521 618
521 527
521 1107
521 682
521 895
522 1032
522 809
522 1160
522 553
523 937
523 1195
523 793
523 958
524 547
524 599
524 1070
524 765
525 559
525 1008
525 1214
526 1072
526 945
526 766
526 1150
527 928
527 1064
527 1226
527 971
527 722
527 1241
527 670
528 1101
528 1144
528 956
528 1125
529 939
529 999
529 1097
529 1223
529 656
529 597
530 1153
530 835
530 1032
530 557
531 1058
531 835
531 690
531 594
531 547
531 532
531 983
531 731
531 927
532 864
532 643
532 967
532 912
532 657
532 1044
532 863
533 778
533 595
533 1177
533 605
534 1152
534 1059
534 1032
534 1007
534 571
534 927
535 1186
535 1219
535 589
535 654
535 692
536 837
536 968
536 1249
536 876
536 786
536 590
536 946
536 666
536 1210
536 862
537 576
537 1124
537 870
537 971
537 974
537 1207
537 1092
537 1085
538 744
538 700
538 731
538 1151
539 851
539 657
539 1043
539 950
539 666
540 1221
540 583
540 1228
540 942
540 1008
540 823
540 1019
541 1027
541 717
541 1006
541 848
541 1242
541 574
541 757
542 769
542 838
542 648
542 907
542 1010
542 978
542 1155
543 586
544 962
544 899
544 903
544 620
544 624
544 1016
545 1249
545 643
545 775
545 567
545 779
545 849
545 1117
546 999
546 916
546 895
547 995
547 900
547 816
547 643
547 725
547 728
548 1166
548 1002
548 850
548 793
548 1146
548 1243
548 637
549 551
549 971
549 909
549 850
550 1071
550 1204
550 886
550 956
551 833
551 965
551 1031
551 653
551 889
551 1081
552 1152
552 1026
552 1124
552 806
552 775
552 685
552 750
552 752
553 1156
553 642
553 784
553 725
553 1113
553 965
554 870
554 1096
554 943
554 987
555 964
555 1221
555 1070
555 1135
555 593
555 1043
555 846
556 992
556 1099
556 1071
556 1040
556 689
556 694
557 1166
557 810
557 942
557 725
557 856
558 911
558 777
558 1131
558 598
559 912
559 599
559 700
560 1031
560 631
560 573
561 804
561 1097
561 718
561 881
561 916
561 1044
561 730
561 1243
561 1055
562 1187
562 1031
562 779
562 1009
562 596
562 762
562 765
563 711
563 1042
563 753
564 932
564 999
564 1239
564 588
564 594
564 788
564 1141
565 739
565 685
566 898
566 1170
566 1237
566 726
566 1239
567 578
567 1130
567 1099
567 1074
567 660
567 1144
567 702
568 708
568 1221
568 680
568 716
568 968
568 950
568 826
568 763
568 570
569 577
569 610
570 832
570 608
570 1121
570 728
570 1108
570 1080
570 889
570 956
570 965
571 1216
571 1192
571 1129
571 1171
571 697
572 801
572 644
572 1201
572 1046
572 957
572 606
573 672
573 1154
573 1069
573 730
573 637
574 713
574 1097
574 635
574 926
574 863
575 1092
575 876
575 947
575 951
576 1008
576 756
577 685
577 1037
577 945
577 754
577 983
577 805
578 713
578 1134
578 629
578 886
578 1116
579 1000
579 1175
579 904
579 702
580 1035
580 1007
580 1020
580 959
581 1194
581 684
581 686
581 822
581 635
581 650
581 639
582 1028
582 680
582 663
583 997
583 1127
583 1131
583 1072
583 1081
583 1114
584 771
584 680
584 1103
584 840
584 785
584 916
585 962
585 775
585 1015
585 856
585 762
586 995
586 1005
586 625
586 659
586 735
586 766
587 1170
587 879
587 1061
587 1118
588 1155
588 1031
588 1111
588 761
588 1082
588 863
589 736
589 711
589 822
589 697
589 1149
590 742
590 881
590 1035
590 849
590 883
591 1057
591 998
591 906
591 863
592 645
592 1224
593 1125
593 984
593 1177
593 1126
594 739
594 657
594 1080
594 1207
594 861
595 769
595 1060
595 944
595 1205
595 670
595 796
595 638
595 831
596 1106
596 946
596 822
596 890
596 795
597 867
597 1137
597 1235
597 948
597 654
597 664
598 838
598 679
598 1002
598 779
598 753
598 914
598 917
598 920
598 1049
599 1176
599 908
599 714
599 690
599 1070
599 1208
600 999
601 846
601 1167
601 1200
601 1096
601 949
601 1083
601 830
602 864
602 677
602 751
602 946
602 950
602 692
603 672
603 770
603 1249
603 1033
603 713
603 926
603 1247
604 1189
604 1032
604 693
604 933
604 1087
605 777
605 984
605 766
606 739
606 614
606 615
606 1231
606 622
606 1114
607 681
607 1195
608 921
608 1172
609 838
609 1233
609 778
609 696
609 755
609 1044
609 949
609 1176
610 736
610 1229
610 849
610 920
611 646
611 1104
611 1106
611 947
611 757
612 837
612 908
612 756
612 661
612 761
612 667
612 924
613 640
613 706
613 1189
613 1232
613 883
613 772
613 1241
613 700
613 1246
614 1187
614 676
614 1190
614 1192
614 725
615 1091
615 941
615 1076
615 1230
615 1078
615 664
615 708
615 1012
616 1218
616 840
616 873
616 1102
616 854
617 1058
617 903
617 680
617 1130
617 711
617 1133
617 878
617 783
617 755
617 721
617 1054
618 870
618 840
618 1008
618 1234
618 852
618 632
619 1217
619 867
619 875
619 721
620 739
620 805
620 874
620 907
620 634
621 641
621 772
621 742
621 946
621 692
621 1077
621 1103
621 1021
622 814
622 973
622 965
622 1116
623 673
623 1220
623 936
623 938
623 1192
623 754
623 979
623 1113
623 665
623 701
624 1186
624 1002
624 1131
625 1120
625 1088
625 770
625 744
625 649
625 791
625 817
625 853
625 1239
626 1023
626 639
627 1043
627 1026
627 968
627 1014
628 872
628 845
628 1010
628 1203
628 990
629 929
629 995
629 1104
629 1042
629 756
629 694
630 932
630 1135
630 983
630 1244
630 861
631 869
631 1129
631 1226
631 939
631 1245
632 662
632 730
633 1155
633 792
633 892
633 1183
634 641
635 992
635 1180
635 716
635 818
635 1231
635 1015
635 924
636 1122
636 763
636 711
636 1196
636 852
636 891
636 988
637 822
637 1062
637 1068
637 847
637 785
637 723
638 1131
638 1230
638 658
638 1108
638 919
638 1017
639 833
639 785
639 677
639 713
639 686
639 1041
639 1051
639 1021
640 1190
640 744
640 650
640 1111
641 880
641 693
641 824
641 1019
641 926
642 743
642 648
642 683
642 698
643 869
643 1227
643 1176
643 1212
643 1213
643 849
643 991
644 900
644 902
644 935
644 1227
644 1106
644 1013
645 1012
645 918
645 823
645 665
645 797
645 1023
646 1161
646 846
646 893
646 1014
646 969
646 824
646 671
647 1188
647 875
647 818
647 1203
647 953
647 1114
648 1220
648 905
648 1213
649 1249
649 1122
649 714
649 945
649 786
650 1129
650 1208
650 795
650 1244
650 989
651 1058
651 717
652 1056
652 885
653 1162
653 844
653 1010
653 980
654 1089
654 743
654 810
654 1230
654 1085
654 1078
654 765
655 965
655 819
655 919
655 1060
655 890
655 1019
655 954
656 933
656 839
656 1160
656 1001
656 1011
657 900
657 908
658 930
658 810
658 1006
658 880
658 1013
658 1141
658 959
659 875
659 740
659 1187
659 779
659 971
659 795
659 1212
659 863
660 928
660 688
660 1063
660 1192
660 852
660 1246
660 1143
660 1180
660 926
661 1073
661 1234
661 846
662 1155
662 777
662 942
663 875
663 877
663 1166
663 1039
663 695
663 783
663 703
664 677
664 1235
664 1001
664 686
664 975
664 760
664 1179
665 1121
665 1026
665 933
665 1235
665 865
665 759
665 844
665 712
665 707
665 1048
665 1020
665 1054
666 913
666 1205
667 1154
667 723
667 821
667 1113
667 1021
667 1141
668 808
668 754
668 1077
668 767
669 1188
669 742
669 958
669 746
669 1199
669 1206
669 1180
669 1022
669 1077
670 1000
670 938
670 1073
671 1122
671 903
671 1064
671 845
671 943
671 982
671 1113
671 1245
671 799
672 994
672 773
672 1063
672 903
672 1140
672 916
672 980
673 907
673 936
673 780
673 717
673 759
673 918
673 889
673 699
673 828
674 742
674 881
674 1017
674 1022
675 805
675 1129
675 1228
675 1167
675 953
675 911
675 1052
676 1031
676 1003
676 725
676 765
677 707
677 933
677 784
677 1201
677 790
677 695
678 770
678 1044
678 709
679 812
679 783
679 924
679 1085
680 1058
680 931
680 772
680 743
680 936
680 722
680 820
680 1097
680 969
680 964
681 805
681 756
681 1175
681 1244
682 1091
682 905
682 1072
682 1202
682 883
683 1078
683 1186
683 1231
683 1113
683 1146
684 737
684 931
684 998
684 787
684 917
684 1176
684 851
685 777
686 1216
686 811
686 939
686 1209
687 1072
687 792
688 805
688 712
688 750
688 792
688 987
688 1183
689 932
689 972
689 1041
689 851
689 885
689 1239
689 1180
689 1246
690 904
690 715
690 812
690 1042
690 1206
690 1080
690 1050
690 1055
691 1155
691 758
691 1001
691 1198
691 751
691 863
692 831
693 833
694 721
694 959
694 701
694 1183
695 1001
695 977
695 755
695 980
696 846
696 1175
696 787
696 1180
696 1022
697 1131
697 1081
697 891
697 1052
697 830
698 1078
698 813
699 738
699 813
699 1043
700 962
700 1142
700 892
701 897
701 788
701 1143
702 1002
702 941
702 947
702 732
702 741
703 877
703 880
703 1205
703 734
703 1087
704 1220
704 1030
704 1232
704 1010
704 916
704 1014
704 1112
704 1055
705 1025
705 827
705 843
705 850
705 825
705 1019
705 766
706 899
706 1098
706 818
707 865
707 1150
708 1062
708 830
708 894
709 807
709 948
709 982
709 1242
709 1082
710 1160
710 1049
711 786
712 1030
712 871
712 808
712 716
712 878
712 1047
712 792
713 960
713 802
713 1094
713 968
714 744
714 802
714 1135
714 788
714 1077
714 956
715 1026
715 1093
715 1112
716 873
716 984
716 795
717 1120
717 866
717 1008
717 1048
717 862
718 1027
718 1125
718 1101
718 986
718 799
719 1055
720 906
720 1037
720 979
720 1237
720 1053
721 737
721 868
721 807
721 1005
721 1039
721 1017
721 1047
721 728
721 783
722 1125
722 845
722 753
722 854
722 727
723 731
724 1056
724 1007
724 1119
725 881
725 1100
725 1112
725 792
726 1249
726 997
726 1161
726 1146
727 1185
727 934
727 872
727 949
727 1142
727 791
728 1026
728 939
728 930
728 1108
728 1143
729 779
729 876
729 847
729 1049
730 1154
730 859
731 1149
732 1123
732 1065
733 1028
734 998
734 755
734 895
735 1093
736 804
736 1125
736 932
736 1036
736 1164
736 1007
736 985
736 1113
736 826
737 873
737 1135
737 888
737 1050
737 955
737 796
738 1035
738 1241
738 859
738 1215
739 868
739 969
739 1130
739 797
740 1115
740 756
740 984
740 986
741 1153
741 835
741 1130
741 1171
741 1236
741 829
742 1188
742 969
742 1195
742 1246
743 834
743 1093
743 812
743 1016
744 902
744 999
744 957
744 1164
744 975
744 786
744 889
745 1113
747 749
748 1024
748 1191
749 799
750 898
750 995
750 999
750 1007
750 1106
751 784
751 1169
751 873
751 1137
751 792
751 794
752 974
752 976
753 1098
753 1039
754 776
754 1227
754 1198
754 1168
754 1064
755 1156
755 910
755 881
755 859
755 829
756 1125
756 1181
757 873
757 850
757 820
757 790
757 984
757 1178
757 892
758 1170
759 875
761 1108
761 983
761 1080
761 1081
761 859
762 867
762 953
763 806
763 1036
763 781
763 851
764 988
764 1245
765 1117
766 1065
766 829
766 1138
766 888
766 1182
767 1185
767 788
767 1054
767 1151
768 1200
768 1020
769 801
769 867
769 968
769 1197
769 990
769 927
770 1222
770 1162
770 914
770 1213
771 1025
771 780
771 822
771 1180
771 1087
772 898
772 900
772 985
773 899
773 992
773 1177
774 900
774 1180
774 798
775 869
775 993
775 888
775 1117
777 832
777 1228
778 897
778 1186
778 836
778 856
779 1089
779 801
779 1098
779 1234
779 1171
779 887
779 1147
779 829
780 1030
780 944
780 1246
781 845
781 911
781 1233
781 1077
781 1149
781 959
782 1062
782 937
782 1171
782 1246
782 1023
783 809
783 1223
783 795
783 829
783 1119
784 1003
784 1229
784 847
784 1169
784 975
785 916
785 1174
785 1242
786 803
786 1136
787 1088
787 973
787 856
787 850
787 1140
787 1147
788 1163
788 966
788 999
788 1200
788 852
788 1079
789 833
789 1218
789 1027
789 932
789 870
789 821
789 889
790 1154
790 1034
790 795
791 1129
791 1162
791 1235
791 952
792 1096
793 960
793 934
793 1032
793 853
793 1047
793 1181
794 851
794 1076
794 1244
795 1075
795 836
795 933
795 1025
795 812
795 1130
795 974
795 1201
796 1185
796 1076
796 1241
797 1121
797 846
797 1108
797 1208
798 1173
798 1237
798 854
798 956
798 958
799 1122
799 1229
799 847
799 1114
800 996
800 945
800 1141
800 1175
800 890
801 840
801 1082
801 925
802 951
802 1073
802 818
803 1060
803 934
803 1129
803 1195
803 876
803 912
803 985
803 958
804 927
805 1158
805 1013
805 894
805 933
806 891
806 1221
806 807
806 1127
806 877
806 1048
806 1208
806 955
807 1219
807 1131
807 1170
807 953
808 1191
808 810
808 1003
808 980
809 890
810 913
810 1189
810 847
810 1010
811 966
812 1058
812 934
812 1001
812 909
812 916
812 1173
813 1188
813 968
813 1164
813 899
813 1214
814 1042
814 852
814 985
815 1209
815 1080
815 1061
816 1231
817 1220
817 933
817 1190
817 1005
818 1120
818 1197
818 974
818 984
819 1156
819 1161
819 1226
819 1139
819 1236
819 889
820 1196
821 992
821 1040
821 1041
821 1077
821 1232
821 831
822 836
822 828
822 940
823 837
823 920
823 857
823 1178
823 1210
823 1189
824 1179
825 867
825 849
825 1018
825 923
826 1156
827 1022
828 1063
828 1077
828 1142
829 1029
829 886
829 1210
830 1124
830 1225
830 1078
831 1158
831 1128
831 843
831 1110
832 931
832 1113
833 1248
833 841
833 1203
834 1189
834 1023
834 1029
834 968
834 944
834 1014
834 920
835 836
835 1230
836 922
836 1206
837 1126
837 936
837 1136
837 1211
837 1119
838 1117
838 1216
838 1038
838 1245
838 974
838 893
839 1011
839 1116
839 989
840 1162
840 1195
840 887
840 1215
841 1107
841 1129
841 1133
841 851
842 1101
842 1063
842 1212
843 966
844 1058
844 934
844 1097
844 911
844 937
845 1056
846 1029
846 1063
847 962
847 1166
847 1234
848 896
848 1194
848 957
848 1040
848 1235
848 1047
848 1177
848 1085
849 1009
849 851
850 1063
850 1204
850 991
850 1148
850 1215
851 1041
851 1046
851 1114
851 1083
851 1247
852 1025
852 1123
852 1095
852 1193
852 875
852 1011
852 883
853 1076
853 885
854 993
854 1144
855 908
855 1170
855 1181
856 908
856 1225
856 1246
857 1042
857 1082
858 902
858 1190
858 912
858 1077
859 964
859 910
860 861
860 1103
861 1038
862 1242
862 995
864 1126
864 1031
864 1105
865 880
866 1188
866 1190
866 938
866 881
866 1243
867 1127
867 1007
867 988
867 1050
868 1001
868 1107
868 1237
868 1180
869 1094
869 988
869 1213
870 1134
870 1041
870 1055
871 1092
871 1220
871 986
872 884
872 1178
873 934
874 1188
874 1017
875 1125
876 1218
876 1078
876 1208
877 1154
877 964
877 968
877 905
877 943
877 1082
878 972
878 916
878 917
878 1051
878 1213
879 1025
879 903
879 1030
879 1048
880 936
880 1164
880 1142
880 1085
880 1118
881 944
881 890
881 1149
882 1113
882 927
883 1191
883 1180
883 1086
884 1033
884 945
884 1014
884 1022
885 961
885 900
885 942
885 1231
885 1115
886 1126
886 906
886 1117
888 976
888 1042
888 922
888 1208
889 1238
889 1111
889 985
890 898
891 1092
891 1093
891 1193
891 1002
891 1139
891 987
892 896
893 913
893 1105
893 1174
895 1211
896 1137
896 1054
897 978
897 1111
898 1180
898 1244
898 1183
899 1033
899 1003
899 1169
899 1021
899 997
900 1026
900 966
900 1071
900 1118
901 945
901 1197
901 973
901 1021
901 1119
902 1103
903 1113
904 1156
904 1063
904 914
905 929
905 1190
905 1159
905 1075
905 1113
905 1192
905 997
906 1088
906 1223
906 969
906 977
906 953
906 1019
907 932
907 1209
907 927
908 1082
909 1056
909 1133
910 992
910 1158
910 1214
910 1086
910 982
910 1244
911 965
911 1222
911 1101
911 1019
912 1199
913 1248
913 1162
913 915
913 1098
913 1014
914 999
914 1012
916 1024
916 1186
917 918
917 1222
917 1026
918 1100
919 940
919 927
920 1156
920 977
921 1107
921 1018
922 977
922 1027
922 1007
924 1120
924 1089
924 1230
924 1014
925 932
925 1143
926 1219
926 1119
927 1147
927 1148
927 1118
928 1038
928 1200
928 1011
928 1103
928 1087
929 1124
929 1043
929 1174
929 1178
930 1138
930 980
930 1083
931 1248
931 1072
931 1241
931 1179
932 1154
932 994
932 1233
932 1171
933 1240
934 1217
934 1058
934 1098
934 1079
934 1002
935 1222
935 1194
935 1009
935 1022
935 1023
936 960
936 1006
936 1105
937 1217
937 1139
937 982
938 1093
938 1022
940 1188
940 997
941 1088
941 1091
941 1167
941 1081
942 960
942 1078
942 969
942 1164
942 958
942 1119
943 1153
943 1231
943 1183
944 1179
945 1120
945 1226
946 1171
947 1030
947 1193
947 1176
947 990
948 1101
948 1203
948 1076
949 964
949 1139
950 1090
950 961
950 1097
950 1103
950 1045
951 1232
951 978
952 1204
952 1199
952 1233
952 1172
952 953
953 1010
953 1012
953 1176
953 1146
955 1003
955 1238
956 1092
956 1212
957 1135
957 1086
958 1217
958 1224
958 1228
958 1080
958 1119
959 1103
959 1210
960 1163
960 1104
960 1138
960 1171
960 1114
960 1214
961 1220
961 1137
961 1147
962 975
963 1130
963 983
963 1023
964 1152
964 1130
965 968
965 1004
965 1201
965 1176
967 1038
968 1092
969 1192
969 1001
969 1107
969 1050
969 979
970 1190
970 1191
970 1091
971 1014
971 1117
972 1063
972 1003
972 1228
973 998
973 1002
973 1227
974 1188
974 1096
976 1148
976 1130
976 1067
976 1151
977 1015
977 1228
977 1203
979 1002
979 1135
980 1217
980 1125
980 1211
980 1061
981 987
981 1053
982 1191
983 1174
983 1233
984 1187
984 1097
984 1010
984 1073
984 1053
984 1215
985 1012
986 1163
986 1039
986 1149
987 1031
987 1032
987 1054
988 1058
988 1050
988 1151
989 1206
990 1028
990 1072
990 1234
990 1080
991 1131
992 1230
993 1003
993 1230
993 1046
995 1157
995 1022
996 1060
996 1057
996 1116
999 1196
999 1209
1000 1105
1001 1100
1001 1204
1002 1030
1002 1144
1003 1144
1004 1043
1005 1142
1007 1038
1007 1169
1007 1110
1007 1224
1008 1152
1008 1047
1008 1176
1008 1213
1009 1135
1010 1210
1010 1085
1010 1150
1011 1019
1011 1021
1012 1150
1012 1247
1013 1237
1013 1226
1013 1039
1014 1166
1014 1119
1015 1243
1015 1093
1015 1233
1015 1239
1015 1193
1016 1076
1016 1046
1018 1156
1018 1231
1018 1041
1019 1216
1019 1121
1019 1170
1019 1114
1019 1052
1020 1137
1020 1156
1021 1042
1023 1024
1023 1167
1023 1211
1024 1058
1024 1211
1025 1089
1025 1227
1026 1107
1027 1134
1027 1076
1028 1116
1029 1219
1029 1129
1030 1091
1031 1041
1031 1043
1031 1049
1032 1233
1032 1112
1034 1209
1037 1239
1038 1039
1039 1066
1039 1232
1039 1117
1040 1073
1040 1049
1040 1215
1042 1220
1043 1062
1043 1213
1044 1085
1045 1049
1046 1179
1046 1127
1046 1160
1047 1092
1047 1099
1048 1123
1048 1208
1049 1187
1049 1160
1050 1223
1050 1243
1050 1246
1051 1135
1051 1181
1052 1218
1053 1235
1054 1164
1055 1091
1055 1064
1056 1236
1057 1146
1058 1161
1058 1236
1059 1092
1059 1064
1059 1170
1060 1190
1060 1194
1061 1190
1061 1062
1061 1215
1062 1229
1062 1140
1063 1200
1063 1112
1064 1233
1064 1240
1066 1212
1066 1070
1066 1106
1066 1150
1068 1153
1069 1230
1069 1086
1070 1121
1070 1076
1070 1176
1070 1084
1071 1165
1071 1238
1072 1132
1073 1225
1073 1210
1075 1157
1076 1129
1078 1216
1078 1105
1078 1237
1078 1142
1079 1235
1080 1248
1080 1216
1080 1225
1080 1117
1081 1154
1081 1223
1081 1208
1082 1216
1084 1129
1085 1136
1086 1129
1086 1204
1087 1172
1087 1243
1088 1200
1088 1140
1089 1199
1093 1206
1096 1205
1096 1180
1098 1111
1098 1118
1099 1107
1099 1204
1099 1206
1100 1129
1103 1194
1103 1214
1104 1152
1104 1207
1104 1243
1105 1129
1105 1169
1108 1221
1108 1158
1108 1247
1109 1187
1110 1129
1110 1235
1110 1240
1111 1113
1111 1208
1112 1125
1112 1117
1112 1242
1113 1232
1113 1235
1114 1146
1116 1175
1116 1151
1117 1224
1117 1136
1117 1207
1117 1247
1118 1241
1119 1246
1120 1166
1121 1170
1121 1234
1122 1226
1122 1141
1124 1159
1124 1175
1126 1138
1128 1185
1129 1194
1129 1195
1130 1240
1130 1215
1132 1229
1132 1245
1135 1184
1135 1181
1136 1235
1138 1218
1139 1159
1140 1246
1143 1232
1147 1233
1147 1236
1147 1212
1148 1153
1149 1166
1152 1160
1156 1200
1159 1198
1161 1200
1163 1203
1166 1217
1168 1228
1169 1184
1174 1220
1176 1222
1178 1189
1179 1241
1183 1187
1191 1221
1192 1202
1194 1210
1198 1223
1208 1215
1212 1230
1216 1243
1217 1248
1219 1231
1225 1245
1226 1237
1237 1245
