0 770
0 963
0 651
0 297
0 667
0 11
0 237
0 670
0 693
0 631
0 244
0 411
0 732
0 94
1 872
2 409
2 410
3 601
3 146
3 211
3 766
3 447
4 32
4 763
4 389
4 639
5 667
5 996
5 38
6 145
6 660
6 831
7 384
7 90
7 307
8 256
8 64
8 642
8 899
8 748
8 803
8 756
8 534
8 916
8 476
9 369
9 322
9 1059
9 1084
9 145
10 577
10 67
10 804
10 97
10 234
10 911
10 977
10 803
10 244
10 216
10 507
10 413
11 736
11 805
11 999
11 173
11 269
11 529
11 346
11 1151
11 511
12 130
13 936
13 704
13 395
14 640
14 900
14 139
14 142
14 529
14 1046
14 541
14 32
14 677
14 422
14 1063
14 427
14 565
14 313
14 1140
14 834
14 67
14 584
14 1102
14 339
14 347
14 222
14 273
14 116
14 758
14 1020
15 515
15 644
15 655
15 835
15 931
15 259
15 1140
15 599
15 728
15 538
15 895
15 508
15 893
15 766
15 607
16 322
16 259
16 426
16 631
16 399
16 595
16 1075
16 244
16 213
16 887
16 472
16 122
16 899
17 1155
17 300
17 555
17 236
17 366
17 911
17 944
17 145
17 883
17 629
17 700
17 857
17 761
17 764
18 847
18 795
18 134
18 266
18 300
18 686
18 463
18 505
18 219
19 544
19 1004
19 652
19 719
19 278
19 411
20 512
20 993
20 418
20 443
20 805
20 1065
20 273
20 148
20 343
20 857
20 507
20 476
21 388
21 263
21 776
21 489
21 206
21 594
21 758
21 28
22 265
22 570
22 515
22 330
22 461
23 864
23 1130
23 1055
24 96
24 129
24 1059
24 868
24 293
24 353
24 1096
24 655
24 67
24 675
24 152
24 346
24 667
24 732
24 958
24 255
25 352
25 70
25 709
25 134
25 1064
25 28
25 1118
25 333
25 941
25 525
25 592
25 178
25 596
25 629
25 119
25 1114
25 476
25 882
25 30
26 640
26 260
26 914
26 819
26 411
26 165
26 422
26 42
26 814
26 179
26 564
26 1089
26 67
26 836
26 969
26 204
26 845
26 212
26 469
26 344
26 346
26 611
26 998
26 402
26 888
26 767
27 305
27 316
27 173
28 544
28 833
28 130
28 483
28 277
28 581
28 550
28 353
28 457
28 999
28 78
28 46
28 751
28 464
28 1140
28 374
28 155
28 768
28 949
29 384
29 288
29 483
29 134
29 614
29 765
29 177
29 758
29 311
29 155
29 349
30 1075
30 982
30 422
30 1096
30 380
30 74
30 669
30 912
30 824
30 563
30 309
30 342
30 119
30 1144
30 570
30 60
30 765
30 414
30 453
31 136
31 424
31 749
32 772
32 145
32 923
32 543
32 33
32 308
32 698
32 799
32 316
32 714
32 996
32 872
32 106
32 237
32 239
32 744
32 499
32 245
32 1145
32 379
32 767
33 1024
33 640
33 899
33 774
33 401
33 274
33 1096
33 670
33 298
33 305
33 928
33 834
33 581
33 200
33 591
33 337
33 600
33 1117
33 482
33 868
33 273
33 490
33 748
33 625
33 1145
34 553
34 490
34 52
34 1085
35 1059
35 686
36 546
36 291
36 167
36 650
36 301
36 622
36 879
36 659
36 788
36 117
36 86
36 505
36 507
36 316
36 654
37 640
37 547
37 164
37 581
37 1099
37 620
37 48
37 115
37 308
37 819
37 508
37 414
38 64
38 78
38 702
39 225
39 258
39 246
39 201
39 1069
39 532
39 917
39 758
40 184
40 780
41 288
41 866
41 710
41 646
41 876
41 749
41 1069
41 632
41 1043
41 926
41 888
41 793
41 570
41 130
41 218
41 766
41 766
41 959
42 547
42 211
42 861
43 512
43 304
43 654
43 303
43 272
43 373
43 732
44 410
44 244
44 982
45 833
45 763
45 1034
45 300
45 173
45 661
45 1115
45 316
46 868
46 581
46 348
46 491
46 302
46 176
46 561
46 147
47 740
47 587
47 462
47 1071
47 210
47 342
47 671
48 1074
48 515
48 807
49 513
49 133
49 262
49 395
49 404
49 793
49 280
49 537
49 541
49 1029
49 163
49 551
49 552
49 306
49 819
49 565
49 445
49 202
49 590
49 211
49 738
49 611
49 486
49 624
49 1144
50 640
50 899
50 135
50 395
50 621
50 291
50 1061
50 937
50 177
50 435
50 699
50 865
50 712
50 461
50 847
50 467
50 600
50 987
50 860
50 677
50 609
50 827
50 365
50 378
50 382
51 832
51 1050
51 651
51 866
52 624
52 313
52 1040
52 423
53 907
53 325
53 422
53 1031
53 328
53 359
53 310
53 380
54 288
54 1107
54 507
54 164
54 933
54 774
54 307
54 170
54 722
54 659
54 728
54 1082
54 123
54 829
55 649
55 267
55 781
55 913
55 277
55 538
55 155
55 169
55 1087
55 67
55 202
55 979
55 1128
55 736
55 225
55 611
55 487
55 616
55 1129
55 879
55 497
55 242
55 250
56 721
56 367
56 703
57 450
57 1123
57 934
57 328
57 187
57 319
58 321
58 1034
58 843
58 964
58 850
59 1054
60 519
60 519
60 776
60 985
60 546
60 281
60 537
60 798
60 290
60 676
60 550
60 177
60 834
60 834
60 325
60 589
60 210
60 215
60 89
60 858
60 609
60 934
60 105
60 722
60 1149
61 736
61 646
61 269
61 303
61 720
61 947
61 559
62 928
62 609
62 326
62 1063
62 1064
62 681
62 141
62 1115
62 1055
63 931
63 388
63 839
63 451
63 81
63 627
63 116
63 667
63 849
64 994
64 131
64 550
64 135
64 714
64 940
64 940
64 1037
64 624
64 402
64 531
64 404
64 117
64 278
64 634
64 1115
64 378
64 798
65 604
65 512
65 868
65 521
65 268
65 176
65 1011
65 309
65 378
65 923
65 188
65 990
66 257
66 483
66 849
66 116
66 765
66 958
67 915
67 795
67 1075
67 1059
67 70
67 808
67 427
67 563
67 186
67 454
67 1097
67 202
67 659
67 85
67 996
67 611
67 868
67 101
67 616
67 364
67 364
67 882
67 883
67 1151
67 1151
68 481
68 707
68 708
68 174
68 1014
69 1151
70 261
70 264
70 655
70 913
70 404
70 536
70 805
70 557
70 312
70 323
70 847
70 860
70 1119
70 737
70 994
70 489
70 1131
70 883
70 117
70 255
71 1152
71 722
72 751
72 689
72 339
72 87
72 153
72 175
72 860
72 222
73 728
73 969
73 692
74 611
74 798
74 707
74 284
74 284
74 301
74 1134
74 461
74 176
74 147
74 885
74 414
74 439
74 152
74 666
74 987
74 124
74 93
75 610
75 997
75 422
75 488
75 290
75 78
75 207
75 368
75 371
75 558
75 153
75 442
75 510
76 212
77 711
77 264
77 1097
77 490
77 939
77 140
77 369
77 884
77 313
77 88
77 1113
77 378
77 330
77 666
78 899
78 309
78 437
78 719
78 243
78 692
78 821
78 342
78 344
78 537
78 117
78 1119
79 891
79 689
79 762
79 411
79 646
80 684
80 822
80 998
80 655
81 353
81 353
81 194
81 228
81 261
81 486
81 1023
81 264
81 745
81 461
81 632
81 1053
81 645
81 369
81 308
81 510
81 88
81 537
81 797
81 766
81 965
82 226
82 364
83 427
83 743
83 521
83 810
83 523
83 749
83 178
83 211
83 340
83 1054
83 507
83 318
84 217
84 877
85 967
85 490
85 427
85 173
85 395
85 93
86 868
86 645
86 1065
86 887
86 201
86 218
86 414
86 901
87 685
87 528
87 495
87 545
87 1116
87 429
87 558
87 627
87 581
87 969
87 720
87 476
87 608
87 272
87 483
87 614
87 367
87 752
87 243
87 1012
87 511
88 965
88 109
88 366
88 978
88 1044
88 117
88 409
88 1012
88 794
89 129
89 642
89 611
89 228
89 385
89 617
89 106
89 911
89 624
89 665
90 264
90 1034
90 147
90 148
90 538
90 157
90 545
90 299
90 1073
90 562
90 180
90 439
90 698
90 325
90 201
90 586
90 632
90 356
90 218
90 226
90 227
90 484
90 484
90 1125
90 230
90 747
90 244
90 888
91 664
91 513
92 544
92 385
92 1122
92 987
92 529
92 204
92 718
92 431
92 1136
92 689
92 306
92 367
92 399
92 629
92 470
92 632
92 250
92 155
92 508
93 772
93 1033
93 268
93 237
93 535
93 537
93 677
93 681
93 300
93 1074
93 308
93 1081
93 318
93 834
93 966
93 723
93 980
93 600
93 601
93 735
93 611
93 491
93 1005
93 624
93 1014
93 505
93 378
93 1151
94 640
94 771
94 100
94 214
94 167
94 808
94 1129
94 301
94 515
94 451
94 276
94 1046
94 819
95 1029
95 422
95 297
95 1099
95 1105
95 134
95 1151
96 705
96 752
96 505
97 224
97 512
97 115
97 301
98 920
98 1062
99 1112
99 537
100 800
100 322
100 868
100 421
100 694
100 177
100 307
100 500
100 822
100 1061
101 112
101 112
101 1027
101 196
101 1126
101 104
101 907
101 499
101 304
101 1078
101 665
101 1054
102 760
102 1090
102 1158
102 903
103 803
103 104
103 308
103 758
103 345
103 699
104 1059
104 455
104 969
104 684
104 176
104 664
104 146
104 158
104 267
104 538
104 124
104 958
104 309
105 737
105 994
105 165
105 364
105 1005
105 752
105 145
105 146
105 1078
105 1081
105 315
105 158
106 804
106 581
106 646
106 427
106 302
106 496
106 274
106 243
106 284
106 349
107 544
107 723
108 290
108 451
108 997
108 966
108 877
109 1154
109 259
109 164
109 677
109 1030
109 1065
109 204
109 750
109 814
109 403
109 629
109 1092
109 698
109 421
110 611
110 646
110 135
110 649
110 778
110 1067
110 335
110 1074
110 439
110 506
110 123
110 1117
111 760
111 515
111 274
111 1035
112 705
112 834
112 260
112 998
112 903
112 490
112 171
112 460
112 402
112 239
112 385
112 754
112 467
112 373
112 538
112 863
112 988
112 634
112 1151
113 328
113 1045
113 461
114 512
114 130
114 515
114 916
114 791
114 667
114 293
114 426
114 428
114 304
114 183
114 827
114 318
114 885
114 834
114 331
114 846
114 600
114 993
114 228
114 1133
114 1008
114 1010
114 117
114 380
115 768
115 162
115 394
115 722
115 1102
115 1074
115 211
115 1012
115 441
115 923
115 317
115 901
116 800
116 801
116 977
116 1128
116 521
116 1037
116 424
116 529
116 792
116 1148
117 903
117 141
117 782
117 917
117 538
117 289
117 424
117 177
117 1077
117 694
117 441
117 830
117 1094
117 710
117 465
117 980
117 606
117 481
117 489
117 242
117 639
118 266
118 206
119 512
119 659
119 407
119 792
119 413
119 158
119 1064
119 937
119 429
119 948
119 953
119 713
119 971
119 465
119 339
119 468
119 857
119 1124
119 493
119 368
119 242
119 382
120 833
120 130
120 582
120 713
120 491
120 526
120 465
120 628
120 1046
120 247
120 538
120 251
121 312
121 705
121 234
121 234
121 723
121 717
122 708
122 758
122 819
122 501
122 406
122 280
122 346
122 251
122 316
122 317
123 769
123 134
123 172
123 783
123 404
123 665
123 794
123 410
123 803
123 300
123 305
123 178
123 178
123 435
123 565
123 449
123 194
123 196
123 709
123 347
123 746
123 1004
123 879
123 246
124 902
124 961
124 812
124 142
124 144
124 273
124 284
124 798
124 289
124 675
124 1068
124 177
124 1077
124 577
124 1090
124 451
124 969
124 204
124 717
124 465
124 344
124 349
124 224
124 472
124 615
124 489
124 362
124 1005
124 894
125 259
125 420
125 520
125 587
125 940
125 1005
125 976
125 442
125 669
126 970
126 595
126 590
127 328
128 260
128 427
128 228
128 251
129 1037
129 782
129 1113
129 675
129 804
129 549
129 172
129 952
129 447
129 451
129 993
129 1105
129 889
129 225
129 998
129 617
129 1134
129 495
129 1008
129 361
129 1145
129 765
130 770
130 1030
130 523
130 941
130 659
130 148
130 414
130 291
130 934
130 685
130 1086
130 461
130 976
130 1059
130 1115
130 862
130 294
130 788
130 252
131 640
131 964
131 297
131 1034
131 427
131 397
131 414
131 697
131 378
131 1147
131 764
131 733
131 222
132 788
133 611
133 482
133 355
133 369
133 649
133 706
133 879
133 787
134 897
134 900
134 778
134 666
134 411
134 162
134 477
134 434
134 308
134 215
134 221
134 1121
134 355
134 612
134 490
134 369
134 882
134 382
134 507
135 1157
135 774
135 649
135 1045
135 645
135 160
135 417
135 676
135 173
135 1071
135 176
135 1075
135 312
135 447
135 325
135 201
135 482
135 216
135 420
135 994
135 994
135 1124
135 1124
135 627
135 511
135 763
135 1148
135 255
136 545
136 866
136 582
136 1103
136 942
136 399
136 758
136 247
136 1083
137 802
137 795
137 938
137 782
137 273
137 310
137 443
138 162
139 899
139 388
139 261
139 519
139 147
139 404
139 406
139 283
139 284
139 1066
139 188
139 704
139 1090
139 327
139 969
139 1098
139 597
139 486
139 1003
139 237
139 879
140 337
140 1027
140 301
141 764
141 686
142 768
142 258
142 515
142 1029
142 1030
142 267
142 276
142 1051
142 545
142 291
142 804
142 430
142 176
142 178
142 180
142 566
142 573
142 964
142 923
142 212
142 342
142 1123
142 612
142 882
142 1011
142 1015
143 293
143 935
143 598
143 372
143 182
143 471
143 537
143 537
143 251
143 733
144 297
144 947
144 227
144 491
145 641
145 645
145 876
145 146
145 1051
145 542
145 806
145 1063
145 183
145 963
145 845
145 979
145 470
145 732
145 1117
145 1041
145 745
145 487
145 236
145 751
145 626
145 757
145 507
146 1056
146 515
146 617
146 463
146 690
146 627
146 692
146 756
146 342
146 183
146 280
146 1140
146 250
146 507
146 899
146 158
147 384
147 897
147 515
147 913
147 284
147 1056
147 689
147 569
147 325
147 462
147 1102
147 214
147 220
147 609
147 355
147 999
147 751
147 250
147 507
148 676
148 485
148 646
148 1064
148 239
148 465
148 626
148 601
148 893
149 626
150 770
150 387
150 1128
150 1133
150 877
150 1053
151 256
151 970
151 470
151 1081
151 252
151 221
152 649
152 922
152 1053
152 806
152 167
152 945
152 309
152 823
152 824
152 313
152 332
152 333
152 736
152 1124
152 550
152 231
152 876
152 493
152 622
152 880
152 1021
153 517
153 367
153 698
153 189
154 264
154 609
155 644
155 435
155 655
155 794
155 672
155 944
155 674
155 554
155 816
155 307
155 307
155 824
155 707
155 460
155 209
155 211
155 994
155 611
155 489
155 1005
155 624
155 851
155 378
155 766
156 1024
156 225
156 1155
156 196
156 645
156 529
156 723
157 795
157 511
158 1034
158 912
158 669
158 1093
158 166
158 559
158 820
158 960
158 453
158 201
158 719
158 344
158 485
158 737
158 483
158 742
158 614
158 1133
158 1145
158 764
158 511
159 195
159 950
159 366
160 194
160 1140
161 464
162 448
162 512
162 1122
162 1124
162 422
162 970
162 970
162 491
162 276
162 913
162 306
162 275
162 212
162 309
162 310
162 601
162 508
162 1141
162 575
163 353
163 899
163 196
163 965
163 326
163 326
163 1041
163 392
163 1097
163 582
163 238
163 1117
163 251
163 974
163 310
163 361
163 361
163 443
163 598
163 1054
163 799
164 635
164 1159
164 379
164 265
164 395
164 219
164 210
164 307
164 724
164 792
164 1115
165 368
165 327
165 236
165 399
165 272
165 221
165 858
166 1154
166 923
166 964
166 1035
166 950
166 248
166 1113
166 507
166 1150
166 831
167 610
167 646
167 264
167 941
167 750
167 541
167 912
167 402
167 339
167 1021
168 888
169 610
169 708
169 999
169 812
169 386
169 846
169 847
169 529
169 985
169 659
169 1044
169 644
169 252
170 1128
170 1063
171 1115
171 245
171 406
171 1141
172 1024
172 403
172 665
172 418
172 934
172 295
172 426
172 302
172 1072
172 306
172 695
172 313
172 829
172 1090
172 451
172 969
172 973
172 205
172 996
172 1114
172 1118
172 1121
172 612
172 495
172 368
172 1140
172 501
172 247
172 247
173 859
173 677
173 369
173 402
173 340
173 342
173 312
173 244
174 708
174 269
174 669
174 189
175 1029
175 463
175 529
175 922
175 795
176 386
176 388
176 778
176 790
176 936
176 308
176 586
176 830
176 832
176 1092
176 200
176 340
176 215
176 728
176 221
176 355
176 1003
176 369
176 501
176 251
176 764
176 893
177 384
177 1031
177 268
177 398
177 278
177 798
177 1066
177 1078
177 184
177 830
177 833
177 964
177 1096
177 201
177 594
177 486
177 850
177 622
177 625
177 1010
177 888
177 761
177 298
178 384
178 905
178 283
178 284
178 800
178 545
178 1063
178 296
178 305
178 823
178 184
178 1087
178 335
178 594
178 348
178 489
178 629
178 377
178 1018
179 1064
179 210
179 605
180 803
180 803
180 422
180 968
180 265
180 626
180 221
181 994
181 196
181 998
181 1126
181 846
181 847
181 788
181 539
181 1150
182 640
182 624
182 610
182 708
182 902
182 1128
182 1130
182 1150
182 879
182 208
182 273
182 670
182 183
182 388
182 731
182 318
182 1087
183 768
183 875
183 519
183 400
183 659
183 533
183 541
183 799
183 242
183 733
183 823
183 337
183 219
183 1117
183 224
183 737
183 355
183 1128
183 1002
183 619
183 1133
183 879
183 1140
183 758
184 513
184 1123
184 881
184 1128
184 490
184 621
184 665
184 507
184 732
184 1055
185 711
185 522
185 1009
185 499
185 284
185 733
185 318
186 860
187 490
188 362
188 498
188 750
189 418
189 260
189 276
189 519
189 744
189 1096
189 723
189 372
189 366
189 313
189 828
189 670
190 434
190 538
190 580
190 437
191 588
191 781
191 239
191 692
191 565
191 600
191 276
191 252
191 861
192 801
192 291
192 969
192 656
192 210
192 308
192 662
193 259
193 519
193 1144
193 538
193 1051
193 414
193 414
194 1024
194 395
194 529
194 402
194 659
194 675
194 935
194 808
194 937
194 1068
194 686
194 433
194 435
194 824
194 288
194 846
194 994
194 873
194 755
195 897
195 609
195 615
195 328
195 882
196 640
196 518
196 392
196 1035
196 784
196 541
196 1057
196 548
196 427
196 200
196 947
196 523
196 584
196 1097
196 1102
196 210
196 1059
196 214
196 471
196 732
196 862
196 353
196 353
196 466
196 751
196 1009
196 893
197 493
197 622
198 490
198 996
198 645
198 1098
198 526
198 944
198 273
198 1075
198 308
198 558
198 247
198 218
198 219
198 826
198 318
199 1051
199 905
199 899
199 1117
200 385
200 902
200 1034
200 523
200 1064
200 456
200 456
200 819
200 568
200 1090
200 944
200 328
200 714
200 974
200 594
200 206
200 732
200 1123
200 751
200 1018
200 1021
200 469
201 384
201 906
201 913
201 678
201 554
201 1067
201 300
201 1095
201 475
201 483
201 485
201 999
201 617
201 879
201 369
201 626
201 499
201 745
201 248
202 900
202 920
202 795
202 670
202 923
202 810
202 822
202 964
202 720
202 726
202 1123
202 230
202 999
202 745
202 748
202 493
202 1015
202 505
202 635
202 382
203 596
203 1061
203 622
204 1154
204 1044
204 1130
204 795
204 544
204 806
204 427
204 577
204 708
204 587
204 716
204 210
204 861
204 998
204 488
204 1002
204 493
204 1128
204 618
205 804
205 294
205 233
205 313
205 666
205 414
206 1153
206 515
206 421
206 934
206 732
206 1002
206 1143
206 592
206 244
206 855
206 284
206 861
206 254
207 1153
207 325
207 391
207 1064
207 970
207 875
207 1006
207 993
207 337
207 819
207 890
207 861
207 255
208 1059
208 772
208 460
208 1014
208 1078
208 318
209 791
210 384
210 1029
210 519
210 403
210 537
210 687
210 670
210 547
210 683
210 304
210 692
210 565
210 441
210 710
210 462
210 975
210 594
210 487
210 745
210 366
210 625
210 1010
210 885
210 251
211 386
211 775
211 397
211 528
211 913
211 515
211 411
211 1054
211 544
211 427
211 686
211 303
211 947
211 820
211 824
211 830
211 323
211 1100
211 849
211 349
211 912
211 1129
211 235
211 889
211 251
212 645
212 998
212 269
212 1007
212 880
212 849
212 275
212 301
212 570
212 380
213 228
214 546
214 422
214 298
214 332
214 781
214 215
215 1090
215 611
215 709
215 327
215 331
215 271
215 596
215 933
215 699
215 671
216 578
216 293
216 998
216 686
216 221
216 1075
216 693
216 918
216 573
216 542
217 612
217 266
217 491
217 1101
217 687
217 272
217 248
217 402
217 887
217 1076
217 342
217 1145
217 568
217 349
218 614
218 237
218 855
218 541
218 901
219 745
219 274
219 910
219 239
219 880
219 917
219 879
220 483
220 733
221 802
221 996
221 422
221 935
221 233
221 233
221 450
221 486
221 1040
221 310
221 1046
221 731
221 316
221 221
221 510
222 998
222 234
222 1003
222 620
222 303
223 1027
223 483
224 1025
224 482
225 1040
225 866
225 411
225 805
225 998
225 252
225 713
225 1063
225 269
225 782
225 782
225 678
225 464
225 244
225 745
225 541
225 1115
225 829
226 707
226 358
226 1037
226 733
226 446
227 512
227 256
227 901
227 1030
227 552
227 1035
227 717
227 911
227 914
227 691
227 544
227 376
228 1153
228 1153
228 387
228 388
228 388
228 265
228 1034
228 399
228 515
228 793
228 793
228 1050
228 678
228 304
228 308
228 564
228 1084
228 831
228 450
228 455
228 722
228 595
228 953
228 737
228 365
228 879
228 887
228 639
229 1064
229 1153
229 902
230 242
230 1012
232 309
233 288
233 581
233 936
233 587
233 335
233 664
233 1087
233 252
233 252
233 997
233 997
234 1065
234 916
234 759
234 413
235 641
235 964
235 453
235 487
235 454
235 810
235 622
235 1075
235 375
236 642
236 1059
236 332
236 526
236 763
236 1053
236 542
236 805
237 260
237 521
237 781
237 1052
237 1062
237 296
237 540
237 692
237 310
237 1080
237 573
237 581
237 594
237 853
237 470
237 600
237 857
237 485
237 751
237 497
237 372
237 377
238 1044
238 461
239 769
239 899
239 519
239 307
239 406
239 923
239 923
239 284
239 1136
239 291
239 420
239 685
239 1075
239 600
239 378
239 479
239 864
239 745
239 1133
239 625
239 1014
239 250
239 893
240 737
240 986
240 1115
240 931
240 815
241 523
242 512
242 259
242 395
242 1046
242 663
242 941
242 819
242 819
242 950
242 705
242 1092
242 464
242 850
242 1115
242 483
242 624
242 628
242 764
243 992
243 450
243 1092
243 1062
243 263
243 328
243 649
243 631
243 1037
243 754
243 751
243 752
243 905
243 722
243 788
243 313
243 572
243 543
244 1035
244 409
244 1054
244 805
244 558
244 309
244 312
244 522
244 323
244 325
244 1096
244 333
244 463
244 850
244 1011
244 1144
244 505
245 545
245 489
245 812
245 304
245 308
245 949
245 377
245 766
246 416
246 706
246 987
246 293
246 750
246 690
246 404
246 378
246 732
246 413
246 511
247 912
247 899
247 709
247 1158
247 460
247 362
247 285
247 464
247 294
247 339
247 756
247 538
247 795
247 778
247 1054
248 740
248 933
248 649
248 1043
248 436
248 342
248 1020
248 637
249 737
249 642
249 707
249 260
249 1063
249 743
249 304
249 529
249 921
249 631
249 569
249 380
249 1150
249 255
250 834
250 1003
250 486
250 266
250 651
250 322
250 733
250 889
250 889
250 557
250 380
250 765
251 385
251 259
251 659
251 276
251 534
251 792
251 537
251 931
251 817
251 552
251 1096
251 692
251 565
251 568
251 328
251 460
251 846
251 349
251 1118
251 359
251 376
251 761
251 1149
252 512
252 675
252 1092
252 1062
252 427
252 923
252 302
252 912
252 526
252 708
252 622
252 361
252 361
252 858
252 1087
253 805
253 950
254 323
254 470
254 714
254 662
254 793
254 476
255 320
255 484
255 1128
255 1053
256 517
256 782
256 1105
256 850
256 885
256 757
256 409
256 351
256 895
257 1155
257 485
257 273
257 1043
257 692
257 917
258 769
258 321
258 489
258 495
259 407
259 269
259 279
259 411
259 798
259 546
259 754
259 692
259 315
259 451
259 1094
259 333
259 1103
259 1114
259 489
259 490
259 491
259 879
259 377
259 1151
260 768
260 341
260 485
260 294
260 361
260 810
260 587
260 300
260 629
260 1078
260 471
260 1023
260 892
260 517
261 482
261 931
261 826
262 645
262 1065
262 651
262 1069
262 590
262 623
262 659
262 852
262 728
262 1151
262 312
263 641
263 1029
263 275
263 814
263 882
263 820
263 438
263 889
263 411
263 884
264 1153
264 899
264 388
264 529
264 296
264 779
264 353
264 751
264 273
264 499
264 917
264 657
264 429
265 1039
265 450
265 1147
265 427
265 650
265 651
265 477
265 914
265 483
265 695
265 1114
265 795
265 602
266 545
266 1092
266 342
266 481
266 1066
266 615
266 1040
266 887
266 985
266 890
267 493
267 788
267 334
267 342
267 760
267 1083
268 853
269 890
269 275
269 938
269 461
269 1009
269 819
269 631
269 596
269 410
269 666
270 361
270 349
270 303
271 923
272 386
272 676
272 1106
272 690
272 951
272 665
272 1148
273 896
273 275
273 282
273 669
273 1054
273 687
273 578
273 325
273 968
273 969
273 847
273 1113
273 353
273 486
273 743
273 764
273 751
274 896
274 682
274 1133
274 595
274 441
275 1034
275 399
275 528
275 410
275 935
275 682
275 939
275 430
275 697
275 570
275 570
275 778
275 962
275 707
275 1037
275 848
275 338
275 602
275 784
275 485
275 369
275 1014
275 468
276 384
276 930
276 678
276 623
276 380
276 748
276 834
276 1046
276 1047
276 793
276 764
276 669
276 543
277 616
277 367
277 465
277 1064
277 591
278 1025
278 389
278 526
278 1046
278 923
278 804
278 305
278 565
278 821
278 966
278 587
278 1102
278 1144
278 599
278 600
278 915
278 885
278 760
278 382
279 548
279 778
279 843
279 397
279 996
279 543
280 994
280 1115
280 934
280 584
280 461
280 430
280 397
280 602
280 635
281 316
281 594
282 1023
283 1130
283 938
283 760
283 765
284 600
284 408
284 926
284 1058
284 678
284 301
284 307
284 438
284 440
284 833
284 344
284 1113
284 495
284 880
284 501
284 1014
284 760
284 511
285 1128
285 380
285 390
286 788
286 670
287 744
287 688
287 947
287 651
288 640
288 769
288 900
288 1158
288 801
288 391
288 1044
288 543
288 927
289 993
289 487
289 1064
289 557
289 465
289 1144
289 926
290 1031
290 397
290 341
290 920
290 860
291 736
291 642
291 1115
291 1064
291 906
291 301
291 334
291 758
291 493
292 692
293 1088
293 507
293 517
293 326
293 937
293 664
293 587
293 974
293 645
293 308
293 590
293 313
293 1140
293 634
293 347
293 885
294 449
294 322
294 611
294 529
294 556
294 526
294 1080
294 463
294 609
294 920
294 889
294 507
294 316
294 477
294 1054
294 1063
295 1145
295 733
295 1062
295 325
296 737
296 450
296 515
296 516
296 870
296 750
296 820
296 922
297 994
297 612
297 392
297 461
297 338
297 629
297 539
297 414
298 384
298 484
298 869
298 454
298 609
298 745
298 618
298 465
299 483
299 669
299 830
299 631
300 770
300 1031
300 558
300 944
300 593
300 489
300 465
300 829
301 355
301 782
301 1040
301 348
302 995
302 550
302 355
302 942
302 855
302 889
302 511
302 330
302 639
303 832
303 545
303 309
303 422
303 513
303 744
303 523
303 387
303 814
303 808
303 1064
303 338
303 532
303 853
303 1145
303 1141
304 769
304 899
304 519
304 657
304 419
304 1084
304 446
304 1141
304 708
304 373
304 333
304 853
304 356
304 732
304 745
304 879
304 496
304 1015
305 517
305 774
305 912
305 786
305 1055
305 550
305 820
305 439
305 1081
305 833
305 328
305 460
305 850
305 609
305 1000
305 618
305 621
306 641
306 515
306 747
306 935
306 1128
306 681
306 311
306 940
306 1104
306 563
306 1079
306 312
306 377
306 314
306 801
307 1153
307 1155
307 646
307 751
307 412
307 774
307 434
307 819
307 1077
307 580
307 969
307 973
307 1102
307 717
307 723
307 472
307 540
307 484
307 367
307 627
307 501
307 377
307 762
307 507
308 384
308 384
308 656
308 1072
308 824
308 314
308 833
308 963
308 964
308 460
308 1108
308 860
308 626
308 756
308 378
309 896
309 868
309 897
309 970
309 1131
309 558
309 751
309 722
309 1050
309 474
309 542
310 386
310 772
310 518
310 659
310 938
310 824
310 448
310 1102
310 849
310 470
310 601
310 998
310 1130
310 491
310 750
310 879
310 624
311 486
312 1030
312 541
312 415
312 1063
312 950
312 444
312 852
312 853
312 992
312 865
312 487
312 1002
312 497
312 758
312 503
312 888
312 507
312 1148
312 766
312 639
313 385
313 396
313 911
313 1040
313 402
313 787
313 665
313 538
313 412
313 347
313 684
313 1011
313 856
313 655
313 349
313 490
313 1085
313 885
313 1014
313 760
313 763
314 672
314 346
314 685
315 642
315 1062
315 650
315 1040
315 570
315 1148
316 772
316 392
316 527
316 1053
316 930
316 821
316 442
316 959
316 333
316 1102
316 978
316 854
316 599
316 476
316 1118
316 634
316 489
316 626
316 629
316 887
316 1144
316 1147
316 766
316 767
317 937
318 833
318 387
318 389
318 966
318 519
318 1130
318 375
318 378
318 670
318 511
319 776
319 1065
319 343
320 608
320 675
320 359
320 745
320 330
320 783
320 1116
321 928
321 774
321 810
321 427
321 735
322 776
322 779
322 529
322 923
322 546
322 1060
322 687
322 690
322 565
322 823
322 737
322 743
322 490
322 490
322 755
322 500
322 1017
322 763
323 487
323 853
323 793
323 959
324 1113
324 1150
325 640
325 483
325 548
325 1096
325 367
325 1105
325 466
325 758
325 676
325 477
326 1153
326 611
326 1097
326 490
326 1035
326 782
326 446
326 921
326 444
326 604
326 931
327 352
327 400
327 706
327 675
327 872
327 1129
327 624
327 464
328 779
328 785
328 793
328 538
328 694
328 445
328 710
328 971
328 339
328 483
328 485
328 487
328 874
328 1035
328 1018
329 352
329 386
329 774
329 615
329 499
329 790
329 1016
329 538
329 794
330 577
330 1091
330 484
330 872
330 872
330 905
330 1130
330 940
330 782
330 928
330 337
330 787
330 533
330 567
330 1147
330 956
330 669
330 926
331 832
331 565
331 505
331 1086
332 578
332 1090
332 343
332 346
332 506
333 464
333 965
333 710
333 348
333 938
333 558
333 335
333 345
333 346
333 959
334 769
334 1062
334 811
334 778
334 435
334 1155
334 565
334 439
334 607
334 668
334 383
335 485
335 1095
335 1097
335 841
335 537
335 857
336 697
336 903
337 641
337 1037
337 849
337 402
337 726
338 864
338 368
338 368
338 391
338 584
338 395
338 686
338 912
338 723
338 565
338 664
338 639
339 555
339 467
339 939
339 973
339 817
339 819
339 404
339 378
340 464
340 901
340 785
340 406
340 863
341 545
341 1081
342 1154
342 773
342 774
342 401
342 404
342 1051
342 928
342 347
342 565
342 950
342 950
342 439
342 697
342 442
342 827
342 885
342 579
342 731
342 608
342 613
342 529
342 629
342 631
342 703
342 893
343 385
343 1155
343 521
343 792
343 928
343 934
343 1065
343 430
343 562
343 827
343 965
343 586
343 587
343 465
343 603
343 876
343 750
343 624
343 1140
343 502
344 635
344 868
344 998
344 646
344 395
344 723
344 404
344 917
344 827
344 805
345 930
345 676
345 621
345 689
345 466
346 1154
346 868
346 698
346 1132
346 842
346 782
346 623
346 760
346 1045
346 1102
346 911
346 798
346 959
347 544
347 384
347 802
347 708
347 1062
347 586
347 1042
347 850
347 1092
348 748
348 543
349 481
349 483
349 901
349 486
349 968
349 529
349 499
350 1044
350 615
351 1071
351 435
351 935
352 675
352 1125
352 679
352 939
352 663
352 723
352 853
352 969
353 1030
353 1034
353 913
353 542
353 551
353 824
353 697
353 446
353 590
353 729
353 622
353 880
353 498
353 1144
353 510
354 860
355 386
355 645
355 397
355 544
355 691
355 696
355 1097
355 470
355 473
355 731
355 860
355 736
355 481
355 994
355 1145
355 378
355 380
356 819
356 981
357 734
358 646
359 1130
359 523
359 940
359 941
359 1073
359 978
359 695
359 600
359 410
360 545
361 385
361 515
361 388
361 650
361 397
361 1040
361 1045
361 546
361 691
361 564
361 959
361 581
361 1102
361 601
361 1115
361 999
361 1128
361 756
361 1014
363 1113
363 999
364 1024
364 768
364 450
364 1030
364 583
364 781
364 529
364 562
364 601
364 1150
364 1151
365 611
365 723
365 788
365 889
365 1118
366 904
366 751
366 1016
366 854
366 505
366 1020
366 414
367 1024
367 451
367 709
367 392
367 876
367 463
367 913
367 722
367 885
367 477
367 574
368 1067
368 773
368 937
368 429
368 467
368 728
368 666
368 517
369 913
369 404
369 665
369 794
369 1117
369 946
369 969
369 442
369 831
369 450
369 1098
369 594
369 698
369 485
369 998
369 493
369 754
369 628
369 760
370 722
370 666
370 973
370 558
370 717
371 866
372 578
372 388
372 934
372 461
372 1090
372 1145
372 525
373 709
373 1035
373 677
373 889
373 805
373 805
374 819
374 805
375 704
375 460
375 455
376 384
376 737
376 482
376 1123
376 776
376 681
376 970
376 1009
376 1080
376 766
376 895
377 900
377 968
377 969
377 810
377 395
377 912
377 537
377 889
377 380
377 1054
378 514
378 779
378 880
378 497
378 947
379 544
379 837
379 939
379 855
379 669
379 1157
380 958
380 882
380 879
380 688
381 664
381 388
381 415
382 1056
382 490
382 887
382 666
382 893
383 1148
384 519
384 648
384 912
384 920
384 935
384 814
384 904
384 826
384 582
384 463
384 732
384 486
384 501
384 505
385 547
385 612
385 1127
385 937
385 651
385 879
385 1012
385 1146
385 911
385 735
386 964
386 1029
386 1158
386 395
386 1113
387 476
387 427
387 659
387 758
387 540
387 1053
388 1028
388 519
388 392
388 913
388 404
388 791
388 952
388 710
388 717
388 1105
388 879
388 762
389 772
389 769
390 931
391 507
391 422
392 832
392 709
392 936
392 778
392 395
392 1005
392 686
392 810
392 490
392 766
393 552
393 626
393 626
393 1074
393 655
394 882
394 430
395 1053
395 1053
395 1059
395 558
395 1096
395 462
395 732
395 610
395 489
395 466
395 764
396 529
396 764
397 587
397 547
397 823
397 666
397 763
398 834
398 548
398 997
398 1158
398 649
398 1069
398 1106
398 791
398 601
398 893
398 926
399 737
399 1090
399 932
399 743
399 1033
399 714
399 491
399 974
399 552
399 882
399 1044
399 629
399 570
399 853
400 482
400 587
400 838
400 651
400 460
400 1069
400 893
400 593
400 442
400 699
400 860
400 858
400 1118
401 406
401 1128
401 911
401 947
401 628
401 1113
402 896
402 900
402 521
402 1044
402 925
402 674
402 936
402 687
402 819
402 1058
402 597
402 485
402 507
403 1121
403 795
403 758
403 969
403 982
403 1115
403 670
404 513
404 773
404 655
404 1044
404 410
404 670
404 805
404 578
404 1128
404 883
404 766
404 510
405 743
405 490
405 1040
405 497
405 819
405 820
405 1114
406 772
406 903
406 913
406 786
406 787
406 580
406 541
406 1056
406 805
406 429
406 818
406 708
406 860
406 610
406 618
406 631
406 1130
407 737
407 970
407 954
407 511
408 760
409 544
409 1033
409 834
409 1106
409 1053
409 575
410 416
410 485
410 529
410 659
410 982
410 852
410 532
410 570
410 510
410 773
411 651
411 780
411 785
411 789
411 666
411 798
411 774
411 934
411 1076
411 451
411 717
411 1102
411 1116
411 484
411 484
411 617
411 915
412 971
412 1005
412 814
412 564
412 888
412 1150
413 430
413 819
413 507
413 892
413 799
414 1029
414 577
414 1033
414 790
414 666
414 678
414 808
414 708
414 587
414 978
414 489
414 490
415 993
416 1114
417 1064
417 763
417 1005
417 1003
418 803
418 971
418 565
418 1151
420 953
420 994
421 609
421 652
421 461
421 590
421 1136
421 1146
421 476
421 895
422 657
422 541
422 424
422 694
422 834
422 711
422 462
422 719
422 465
422 1109
422 983
422 861
422 627
422 887
423 464
423 798
424 736
424 513
424 706
424 612
424 970
424 690
424 823
424 601
424 923
424 1034
425 966
427 546
427 934
427 545
427 905
427 564
427 521
429 587
429 623
429 1111
429 537
429 636
429 670
430 1092
430 1143
430 1037
430 655
430 982
430 888
431 747
431 1013
431 798
431 807
432 661
433 1075
433 1140
434 805
434 944
434 817
434 766
434 631
434 1145
435 491
435 519
435 1066
435 903
435 594
435 563
435 765
436 1014
437 1147
437 659
437 814
438 1127
438 694
439 913
439 581
439 903
439 1096
439 751
439 594
439 534
439 526
439 631
439 505
440 912
440 911
441 824
442 486
442 1096
443 833
443 937
443 850
443 686
443 1010
443 475
443 1117
443 670
444 833
444 534
445 487
446 809
446 1037
446 539
446 766
447 1066
447 903
447 781
447 750
447 1071
447 880
447 1044
447 665
447 923
447 892
447 926
448 449
448 580
448 773
448 486
448 845
448 685
448 578
448 568
448 537
448 893
449 896
449 928
449 868
449 519
449 696
449 507
450 610
450 937
450 491
450 717
450 782
450 877
450 1129
451 611
451 487
451 492
451 1136
451 821
451 745
451 1116
451 637
451 862
452 953
452 587
452 769
453 609
453 1155
453 837
453 653
453 782
453 911
453 931
453 702
453 855
453 558
453 899
454 1037
454 565
454 1151
455 963
455 838
455 493
455 808
455 793
456 763
457 544
457 540
457 589
458 526
459 994
460 864
460 994
460 934
460 1153
460 1016
460 696
460 601
460 1018
460 862
461 1156
461 1043
461 1049
461 1053
461 798
461 821
461 1087
461 858
461 731
461 862
461 487
461 616
461 1130
461 879
461 507
462 843
462 625
462 692
462 468
462 507
463 1122
463 931
463 487
463 1096
463 925
463 875
463 652
463 899
463 1150
463 687
463 670
464 608
464 1020
464 996
464 774
464 621
464 787
464 632
464 836
465 900
465 923
465 1058
465 548
465 1063
465 1063
465 1065
465 819
465 964
465 849
465 596
465 990
465 738
465 484
465 621
466 707
466 677
466 751
466 595
466 981
466 758
466 760
467 876
468 969
468 983
468 921
469 581
469 935
469 913
469 916
469 853
469 884
469 794
469 507
469 831
470 1153
470 1090
470 964
470 646
470 968
470 1033
470 1005
470 1075
470 853
470 598
470 966
470 1124
470 766
471 846
471 633
471 765
472 1065
472 675
473 524
474 817
474 574
475 505
476 800
476 916
476 484
476 935
476 904
476 942
476 847
476 595
476 1080
476 794
476 794
476 948
476 581
477 896
477 801
477 834
477 928
477 1124
477 971
477 911
477 754
477 1076
477 790
477 1081
477 601
477 570
477 860
477 893
478 641
478 1133
479 594
480 928
481 773
481 937
481 1005
481 547
482 1059
482 966
482 1065
482 747
482 812
482 782
482 1136
482 1044
482 790
482 544
482 728
482 763
482 510
483 518
483 659
483 666
483 544
483 944
483 905
483 574
483 850
483 728
483 601
483 610
483 1127
483 490
483 787
483 1014
483 1145
484 646
484 778
484 674
484 541
484 930
484 813
484 689
484 690
484 709
484 838
484 1098
484 589
484 1102
484 850
484 857
484 1000
484 489
484 1136
484 626
484 883
484 503
485 936
485 1067
485 819
485 819
485 533
485 1046
485 665
485 1114
486 994
486 994
486 719
486 915
486 601
486 1023
487 901
487 1030
487 538
487 923
487 547
487 1063
487 1076
487 531
487 849
487 733
487 611
487 868
487 997
487 751
487 1011
488 1044
488 578
488 493
489 768
489 899
489 782
489 794
489 797
489 798
489 1055
489 941
489 945
489 691
489 1102
489 1108
489 600
489 1000
489 747
489 621
489 750
489 624
489 626
489 895
490 899
490 526
490 931
490 941
490 562
490 670
490 830
490 830
490 708
490 596
490 601
490 989
490 737
490 762
490 1146
491 1044
491 1084
491 1105
491 980
491 855
491 604
491 862
491 1133
491 634
491 763
491 892
492 973
492 1014
493 640
493 705
493 932
493 623
493 601
493 511
494 719
495 1043
495 867
495 517
495 872
495 1037
495 1096
495 883
495 501
496 624
496 902
497 513
497 905
497 529
497 947
497 725
498 860
498 845
498 623
498 1140
498 893
499 547
499 772
499 744
499 1021
499 1072
499 1078
499 862
499 1151
500 1097
500 880
500 1075
500 667
500 766
501 1154
501 842
501 977
501 565
501 982
501 1147
502 798
503 591
503 786
503 627
503 1015
503 665
503 511
504 1086
505 1067
505 1030
505 1046
505 1046
505 798
505 811
505 564
505 926
505 822
505 831
505 587
505 847
505 610
505 882
507 513
507 644
507 1035
507 1053
507 798
507 683
507 558
507 569
507 610
508 577
508 929
508 1095
508 617
508 642
508 822
508 824
508 930
509 521
510 750
511 737
511 1061
511 1102
511 975
511 1035
511 709
511 790
511 538
511 629
512 1056
512 544
512 1097
512 1136
513 612
513 710
513 966
513 936
514 1144
514 786
514 966
515 1035
515 785
515 1053
515 548
515 937
515 558
515 1083
515 981
515 854
515 729
515 604
515 613
515 1012
515 885
515 1020
515 893
516 629
517 640
517 1153
517 611
517 1157
517 552
517 584
517 709
517 1034
517 1037
517 974
517 882
517 937
517 1145
517 751
518 768
518 901
518 810
518 1037
518 973
518 621
518 1075
518 600
518 570
518 540
518 894
519 908
519 931
519 1073
519 692
519 970
519 1101
519 1102
519 845
519 1106
519 596
519 607
519 864
519 610
519 998
520 896
520 704
520 1027
520 548
520 998
520 823
521 1088
521 544
521 1102
521 754
522 677
522 966
523 801
523 1090
523 762
523 831
523 860
523 926
523 959
524 1092
524 649
524 880
524 787
524 764
526 1008
526 968
526 1040
526 657
526 1013
526 1147
526 540
526 1085
526 1125
527 952
527 787
529 769
529 795
529 947
529 1085
529 596
529 618
529 763
530 617
530 1130
530 748
530 853
531 1037
531 669
531 1008
531 625
531 982
531 637
532 953
532 754
533 1040
533 1009
533 1141
533 1117
534 1120
534 1035
534 625
534 1075
534 1012
534 791
534 1140
535 829
536 572
536 695
537 642
537 917
537 665
537 679
537 555
537 822
537 696
537 1096
537 841
537 1118
537 868
537 882
537 756
538 1153
538 772
538 1075
538 1085
538 705
538 600
538 744
539 544
539 817
539 697
540 581
540 879
540 629
540 665
540 1029
540 733
540 1011
541 1030
541 602
541 1055
541 1066
541 941
541 695
541 832
541 705
541 1097
541 610
541 782
541 726
541 860
541 738
542 1061
542 776
542 583
542 743
542 1005
542 888
542 790
542 766
543 1025
543 882
543 791
543 1150
544 768
544 902
544 911
544 657
544 663
544 922
544 947
544 1059
544 808
544 685
544 819
544 823
544 964
544 710
544 1097
544 723
544 855
544 737
544 879
544 1015
544 1151
545 611
545 708
545 1063
545 925
545 957
545 819
545 916
545 612
545 733
546 768
546 966
546 1126
546 744
546 970
546 621
546 782
546 817
546 590
546 868
547 674
547 995
547 678
547 937
547 810
547 1133
547 782
547 659
547 565
547 1046
547 609
547 794
547 925
548 1067
548 1018
548 645
550 737
550 709
550 936
550 810
550 810
550 915
550 1040
550 627
550 1014
550 958
551 560
551 966
552 857
552 956
552 933
552 1151
554 772
554 1126
554 758
554 860
556 1030
556 1151
557 617
557 906
557 627
557 895
557 947
557 1151
558 823
558 966
559 615
560 705
562 1028
562 934
562 847
563 579
563 868
563 649
563 879
563 984
563 861
564 736
564 994
564 707
564 965
564 905
564 1035
564 689
564 597
564 855
565 1159
565 930
565 935
565 738
565 1116
565 610
566 872
566 841
567 1117
568 939
570 586
570 872
570 938
570 652
570 879
570 926
570 982
570 819
571 767
572 903
572 875
572 600
572 923
573 745
573 857
574 970
574 1130
574 889
574 666
575 1128
575 733
575 909
576 794
577 577
577 1149
577 697
577 762
578 804
578 849
578 905
578 939
578 786
578 594
578 758
578 940
579 897
579 630
579 1066
579 793
579 1023
580 1030
580 1127
580 616
580 765
581 675
581 645
581 833
581 903
581 634
581 953
581 698
581 1130
582 1066
582 973
582 655
582 842
583 885
584 786
584 600
584 604
585 719
586 672
586 776
586 847
586 923
586 830
586 895
587 899
587 928
587 946
587 832
587 838
587 1096
587 862
587 609
587 611
587 750
588 640
588 1138
588 1069
589 1020
590 934
590 788
590 794
592 912
592 1005
593 801
593 677
593 621
594 908
594 781
594 912
594 658
594 788
594 678
594 817
594 961
594 719
594 719
594 982
594 729
594 934
594 875
594 631
594 1144
595 966
595 786
595 689
595 631
595 1086
596 737
598 849
599 1059
599 710
599 1108
599 917
599 766
600 768
600 659
600 930
600 677
600 1065
600 814
600 817
600 819
600 827
600 1115
600 613
600 748
600 889
601 912
601 915
601 1052
601 1065
601 947
601 832
601 832
601 968
601 978
601 986
601 757
601 1145
601 763
602 994
602 1031
602 808
602 1021
602 1144
602 1106
603 683
604 834
604 617
604 1116
604 1123
604 675
604 841
604 700
606 1096
606 705
606 624
606 853
607 902
608 1030
608 616
608 1128
608 853
608 1118
609 768
609 770
609 1045
609 875
609 922
609 1085
610 965
610 882
610 631
611 1153
611 681
611 846
611 994
611 1014
612 1059
612 805
612 1062
612 687
612 974
612 1144
612 1054
613 899
613 617
613 620
613 713
613 697
613 636
614 994
614 774
615 667
616 1152
616 1136
616 1014
616 981
617 1156
617 969
617 747
617 620
617 1141
617 853
618 651
618 996
618 714
618 875
618 911
618 752
618 675
620 1155
620 710
620 905
620 1114
620 1020
621 1024
621 912
621 955
622 704
622 896
622 1123
622 675
622 853
622 639
623 1053
623 880
623 819
623 861
624 657
624 880
624 795
624 805
624 686
624 701
624 834
624 964
624 847
624 997
624 879
624 1136
625 1029
625 1037
625 1054
625 632
625 798
626 1024
626 640
626 642
626 665
626 1054
627 1090
627 998
628 1061
628 1037
628 878
628 980
628 922
628 955
628 882
628 959
629 1040
629 928
629 801
629 1070
629 947
629 821
629 1084
629 960
629 1090
629 1092
629 1113
629 1015
629 634
629 895
630 691
631 918
631 1011
631 1063
631 1075
631 773
631 827
631 1109
631 993
631 1135
631 1140
631 656
634 784
634 1067
634 868
634 1128
634 841
634 815
634 926
634 953
634 1118
635 931
636 969
636 1109
637 1088
637 737
637 1044
637 733
638 1019
639 1066
639 939
639 1005
639 787
640 774
640 785
640 658
640 794
640 927
640 675
640 681
640 830
640 929
640 1096
640 857
640 868
640 1128
640 1128
640 875
640 751
640 1009
640 893
641 903
641 1145
642 996
642 1064
642 978
642 751
642 986
643 737
643 723
643 830
644 945
644 958
644 894
645 921
645 798
645 803
645 681
645 686
645 829
645 959
645 1092
645 969
645 847
645 745
645 754
645 1014
646 888
646 1081
646 923
647 1005
649 896
649 888
649 923
649 796
650 1064
650 1097
650 950
650 989
651 676
651 1102
651 919
652 966
652 879
652 921
652 861
653 832
653 1035
654 1130
654 1059
655 1128
655 745
655 1036
655 1037
655 1011
655 885
655 888
655 820
655 1030
655 795
655 829
656 1124
656 943
656 657
656 795
656 1055
657 684
657 716
657 787
657 819
657 799
658 804
658 709
658 915
658 1046
659 1153
659 897
659 799
659 811
659 1071
659 817
659 1075
659 830
659 1000
659 745
659 879
659 893
659 766
661 1128
661 986
661 880
662 1004
663 864
663 675
663 1029
664 994
664 815
665 1091
665 931
665 1097
665 754
665 787
665 1110
665 937
666 913
666 1055
666 935
666 1064
666 1090
666 1097
666 868
666 999
666 745
666 745
666 879
666 881
666 895
667 830
668 1153
668 748
669 1096
669 692
669 1013
669 1145
669 698
669 926
669 693
670 773
670 903
670 911
670 912
670 934
670 1065
670 812
670 689
670 722
670 1134
670 889
672 685
672 751
672 916
673 728
673 754
673 804
673 829
673 1150
674 928
674 738
674 1157
675 772
675 855
675 969
675 887
676 1046
676 681
676 822
676 1014
676 1021
677 1153
677 805
677 939
677 699
677 830
677 857
677 1130
677 875
677 1007
677 880
677 880
677 1014
677 1015
677 766
678 907
678 814
678 995
679 707
679 1087
680 805
681 705
681 898
681 903
681 1128
681 850
681 963
681 1080
681 1113
681 699
681 955
683 921
684 936
685 994
685 710
685 719
685 1115
686 993
686 1156
686 831
686 711
686 711
686 842
686 812
686 710
686 728
686 730
686 1157
687 903
687 939
687 1005
687 1045
687 829
688 952
689 778
689 1021
689 1069
689 691
689 923
689 829
690 1072
691 1124
691 888
691 1055
691 1087
692 717
692 758
692 823
692 1084
693 864
693 1054
694 802
694 931
694 761
694 879
694 819
694 983
694 836
694 829
695 1003
695 720
695 821
696 1050
697 766
698 1091
698 1080
699 1088
699 1035
699 1063
699 743
699 1071
699 766
700 1024
701 1113
701 728
703 732
703 829
703 1053
704 1090
704 902
704 976
704 726
705 896
705 882
705 762
706 1055
707 880
707 798
708 1029
708 1035
708 932
708 805
708 830
708 709
708 717
708 1102
708 1114
708 737
708 998
708 758
709 768
709 727
709 795
709 1054
709 931
709 804
709 946
709 714
709 974
709 748
709 1133
709 750
709 882
709 1011
709 1016
710 995
710 1030
710 871
710 841
710 1067
710 849
710 1048
710 766
711 1145
711 987
712 772
713 819
714 1059
714 1153
714 751
714 1113
715 996
716 879
717 818
717 1044
719 1009
719 1140
719 902
720 966
722 926
722 1133
722 766
723 770
723 778
723 898
723 918
723 1075
723 1090
723 1092
723 743
723 748
723 1151
724 966
725 1153
727 1056
728 1024
728 912
728 1124
728 1133
728 1037
728 744
728 782
728 827
728 767
729 760
729 814
731 774
731 1123
732 902
732 903
732 905
732 919
732 1059
732 934
732 941
732 847
732 987
732 733
733 863
733 876
733 767
735 1149
736 970
736 1051
737 1057
737 810
737 996
737 1005
737 1143
737 1150
738 1027
738 875
738 1053
738 958
739 1125
740 750
740 893
740 923
740 829
741 1135
743 1024
743 1153
743 923
743 1150
744 1040
744 861
745 770
745 923
745 923
745 804
745 937
745 1075
745 953
745 838
745 843
745 875
745 1133
745 764
746 1027
746 860
746 987
746 1044
747 768
747 872
747 911
748 1010
748 1102
748 819
748 837
749 1127
750 931
750 1033
750 883
750 1140
750 798
751 769
751 923
751 947
751 947
751 927
751 803
751 969
751 1136
752 934
752 1012
753 815
754 1124
754 1066
754 792
755 1084
756 774
757 782
757 981
757 1015
758 786
758 788
758 921
758 1009
760 1031
760 1034
760 928
760 930
760 938
760 959
760 1088
760 1094
760 1123
760 1125
760 1140
760 766
760 766
760 894
761 994
761 1115
761 912
761 950
761 1116
761 767
762 1109
762 1113
763 964
763 868
763 1153
763 939
763 826
763 765
763 958
764 767
765 1063
765 1001
765 882
765 1080
766 897
766 779
766 820
766 821
766 1151
767 1090
767 923
767 1037
768 769
768 1159
768 1032
768 911
768 816
768 928
768 966
768 969
768 853
768 1134
768 1134
769 1024
769 928
769 773
769 1062
769 968
769 1140
769 917
769 1144
769 1093
770 1035
771 1080
772 998
772 890
772 880
772 1018
773 928
773 899
773 1029
773 968
773 1054
774 827
774 1029
774 850
774 1084
774 1021
776 912
776 1009
776 950
777 968
777 791
778 964
778 933
778 1065
778 1054
779 1069
779 861
779 895
782 915
782 1091
782 990
782 866
782 1131
782 888
782 889
782 1020
784 805
784 874
784 846
785 1091
785 875
786 808
786 841
786 893
786 819
786 885
786 829
786 862
786 930
787 896
787 1153
787 1140
788 971
789 937
789 970
789 853
790 993
790 837
790 1094
790 872
790 810
790 958
790 969
790 799
791 1127
791 888
791 964
792 993
792 1132
792 958
793 843
793 912
794 1062
794 873
794 795
795 901
795 837
795 828
795 829
795 832
795 1096
795 863
795 1003
797 979
797 1044
798 837
798 1098
798 850
798 868
798 998
798 1000
798 1133
799 888
801 889
802 1062
802 941
803 1102
803 1075
803 819
804 900
804 1128
804 908
804 1025
805 917
805 818
805 830
806 907
806 1018
806 1151
807 865
807 1075
807 1030
808 998
808 963
808 1141
808 823
808 1020
809 1114
810 1056
810 827
810 827
810 1052
813 1090
813 853
813 863
814 1126
814 973
814 1117
815 837
815 905
816 1011
817 911
817 859
818 1115
819 1155
819 1031
819 1090
819 978
819 1148
820 850
821 969
821 877
822 880
822 1094
822 862
823 963
823 902
823 1151
824 994
824 1027
824 1098
824 941
824 1014
824 986
824 861
825 880
825 1145
826 1049
827 977
827 905
827 1130
827 913
827 981
827 1085
827 1151
829 1034
829 1053
829 1054
829 1073
829 966
829 967
829 853
829 987
829 872
829 1005
829 1133
829 1139
830 895
830 1050
831 1153
831 1074
831 1142
832 833
833 1057
833 875
834 837
834 1015
834 863
835 1044
835 996
835 885
836 1080
836 1133
837 979
837 1116
838 1033
840 845
841 1144
842 1126
842 1005
842 1138
843 1018
844 1063
845 1130
845 1140
846 1149
847 1065
847 934
847 969
847 890
848 934
849 899
849 998
849 941
849 889
850 1153
850 1154
850 1035
850 939
850 915
852 990
853 901
853 1054
853 928
853 928
853 1090
853 1102
853 985
853 1141
855 1153
855 1130
855 1018
855 1054
856 995
857 933
857 902
857 977
857 1045
857 1093
857 862
858 1033
858 1151
859 875
860 1102
860 954
860 880
861 912
861 1105
861 1044
862 967
862 1117
862 1044
862 1063
862 957
863 993
863 1115
863 965
863 1032
864 1024
864 1059
866 1094
866 1153
866 1098
866 1101
866 1020
867 966
868 1050
868 1050
868 973
868 1122
868 1124
868 998
874 949
875 879
875 996
875 968
875 1134
875 1115
875 893
876 896
877 1030
879 1035
879 1054
879 1150
880 905
880 1062
880 1069
880 1074
880 1113
881 1153
882 1054
882 1030
882 948
882 1014
882 1018
885 1153
885 1127
885 1127
885 939
886 1073
888 925
888 1005
889 902
889 1143
890 1010
891 1009
893 905
893 1065
894 937
894 1014
895 1089
895 896
895 932
895 1097
895 1017
896 931
896 993
896 922
897 1091
897 913
899 934
899 936
899 1079
899 1122
899 998
899 1151
900 932
900 903
900 1065
900 1049
900 1048
900 1117
901 968
901 1130
901 1005
901 1102
901 911
901 1148
901 1054
902 928
902 932
902 1098
902 1113
902 1054
903 928
904 1011
905 1131
905 917
905 1015
905 1116
907 1062
908 1015
910 1113
911 1155
911 983
912 1078
912 1096
912 1145
913 1096
913 1002
913 1143
913 925
913 959
914 1084
915 923
916 964
917 939
917 1035
917 937
917 981
917 1151
917 958
920 1062
920 1005
921 972
921 983
921 1149
921 990
921 1151
923 1052
923 983
923 1120
924 1050
925 964
925 937
925 937
926 931
926 1098
926 1127
926 1140
926 955
928 1144
931 1065
931 953
931 984
931 1113
931 1118
932 998
932 1113
934 1030
934 1059
935 1025
935 1090
935 1055
935 1085
936 1092
936 1136
937 1035
937 1052
937 966
938 1085
939 1005
939 1009
939 948
939 953
939 1118
940 966
940 1141
940 989
941 952
941 1114
943 1145
943 1018
944 1067
947 1075
947 998
947 959
949 1063
950 1074
950 1140
951 1113
953 1144
956 994
956 1130
956 1115
963 993
963 1021
966 1024
968 1106
968 1078
968 1055
970 1061
970 1076
972 987
972 1037
973 1022
974 1065
974 975
976 1084
979 1075
981 1005
982 1125
983 1102
984 1071
986 1056
986 1108
986 1085
987 1122
987 1130
991 1115
993 1005
995 1076
996 1126
996 1081
996 1051
996 1150
997 1030
997 1009
998 1061
998 1062
999 1024
999 1044
999 1014
999 1076
999 1114
1001 1134
1004 1122
1004 1059
1005 1029
1005 1113
1008 1040
1009 1018
1011 1045
1012 1063
1012 1113
1014 1033
1014 1117
1015 1102
1018 1040
1018 1145
1018 1081
1018 1113
1018 1022
1019 1046
1022 1081
1023 1159
1023 1132
1024 1062
1024 1044
1024 1151
1025 1026
1026 1118
1027 1126
1030 1078
1033 1106
1034 1054
1035 1097
1035 1116
1035 1137
1036 1151
1037 1037
1037 1063
1038 1087
1039 1140
1044 1115
1051 1075
1053 1155
1053 1081
1053 1118
1053 1151
1054 1068
1054 1075
1055 1090
1055 1132
1056 1071
1059 1061
1061 1090
1061 1159
1061 1128
1063 1070
1064 1075
1064 1155
1064 1140
1064 1115
1064 1117
1065 1085
1067 1090
1067 1118
1071 1113
1074 1128
1075 1140
1075 1141
1076 1085
1078 1128
1080 1154
1080 1146
1080 1097
1080 1124
1081 1088
1081 1147
1088 1102
1088 1106
1090 1090
1090 1106
1090 1111
1090 1117
1092 1153
1092 1098
1092 1137
1094 1130
1096 1147
1097 1119
1102 1117
1104 1113
1105 1144
1110 1150
1114 1124
1116 1145
1117 1128
1118 1133
1128 1147
1129 1144
1143 1145
1144 1148
1145 1153
1145 1151
