0 418
0 646
0 838
0 584
0 552
0 649
0 782
0 913
0 595
0 501
0 723
0 1144
0 763
0 863
1 707
2 402
2 604
3 748
3 117
3 764
3 204
3 911
4 1024
4 218
4 645
4 1109
5 101
5 790
5 135
6 1035
6 914
6 515
7 424
7 521
7 767
8 1123
8 205
8 273
8 404
8 246
8 791
8 600
8 411
8 540
8 893
9 248
9 1113
9 810
9 447
9 511
10 32
10 677
10 649
10 172
10 814
10 465
10 1010
10 308
10 887
10 724
10 26
10 570
11 611
11 677
11 1098
11 364
11 50
11 756
11 87
11 820
11 58
11 1118
12 90
13 24
13 155
13 364
14 512
14 130
14 877
14 19
14 152
14 410
14 795
14 812
14 687
14 313
14 956
14 318
14 448
14 1090
14 581
14 200
14 969
14 974
14 185
14 994
14 1126
14 999
14 1133
14 624
14 242
14 895
15 609
15 211
15 737
15 648
15 969
15 43
15 654
15 240
15 659
15 334
15 853
15 1014
15 508
15 318
15 21
16 194
16 67
16 262
16 905
16 404
16 1071
16 304
16 308
16 823
16 857
16 250
16 298
16 414
17 640
17 129
17 386
17 195
17 548
17 70
17 403
17 686
17 751
17 819
17 52
17 885
17 964
17 959
18 259
18 804
18 294
18 72
18 395
18 172
18 912
18 644
18 794
19 163
19 656
19 369
19 259
19 675
20 611
20 1098
20 940
20 592
20 659
20 565
20 1014
20 1144
20 794
20 490
20 190
20 575
21 896
21 768
21 834
21 1090
21 66
21 184
21 621
22 464
22 912
22 250
22 1115
22 559
23 104
23 827
23 244
24 325
24 926
24 362
24 847
24 152
24 335
24 30
24 533
24 303
24 120
24 761
24 997
24 316
24 222
24 479
25 640
25 417
25 668
25 389
25 545
25 169
25 939
25 172
25 429
25 1102
25 849
25 117
25 310
25 439
25 135
25 955
25 124
25 125
25 421
26 259
26 774
26 907
26 666
26 162
26 167
26 937
26 684
26 942
26 304
26 308
26 958
26 449
26 581
26 462
26 596
26 858
26 477
26 227
26 745
26 1005
26 240
26 627
26 119
26 766
27 482
27 341
27 135
28 864
28 353
28 322
28 515
28 230
28 200
28 1065
28 876
28 114
28 621
28 400
28 264
28 178
28 211
28 594
28 726
28 88
28 889
28 1114
28 92
28 762
29 640
29 640
29 769
29 355
29 260
29 225
29 491
29 687
29 176
29 541
29 125
30 288
30 130
30 1115
30 164
30 325
30 470
30 821
30 620
30 941
30 1134
30 824
30 888
30 259
30 1045
30 677
30 344
30 699
30 669
30 133
31 1075
31 709
31 1005
32 260
32 146
32 672
32 710
32 294
32 936
32 939
32 49
32 307
32 439
32 266
32 198
32 77
32 979
32 738
32 166
32 491
32 243
32 372
32 760
32 1020
32 382
33 384
33 641
33 130
33 904
33 529
33 402
33 278
33 414
33 36
33 1076
33 65
33 194
33 461
33 217
33 221
33 994
33 868
33 1133
33 110
33 624
33 243
33 1140
33 758
33 123
33 766
33 1151
34 968
34 529
34 109
34 846
35 577
35 723
36 64
36 1027
36 964
36 295
36 362
36 237
36 113
36 211
36 448
36 949
36 310
36 1087
36 764
36 895
37 544
37 1106
37 616
37 745
37 491
37 141
37 882
37 467
37 1014
37 681
37 698
37 188
38 545
38 786
38 1061
38 790
39 1024
39 901
39 938
39 1010
39 74
39 469
39 631
39 541
40 194
40 302
41 896
41 320
41 226
41 67
41 294
41 103
41 745
41 779
41 461
41 733
41 450
41 81
41 211
41 657
41 847
41 507
41 427
41 510
42 768
42 1153
42 1114
42 277
43 770
43 330
43 594
43 146
43 755
43 637
44 1124
44 284
44 1158
45 897
45 422
45 106
45 849
45 882
45 116
45 860
45 1023
46 966
46 359
46 1127
46 172
46 174
46 626
46 86
46 189
46 1150
47 353
47 646
47 487
47 751
47 816
47 305
47 819
48 345
48 243
48 691
48 917
49 391
49 652
49 653
49 276
49 156
49 301
49 50
49 696
49 570
49 1083
49 959
49 194
49 199
49 1122
49 845
49 467
49 855
49 88
49 862
49 994
49 618
49 237
49 500
49 634
50 517
50 392
50 787
50 792
50 672
50 163
50 554
50 811
50 694
50 184
50 570
50 830
50 708
50 581
50 853
50 985
50 617
50 361
50 618
50 365
50 1008
50 247
50 639
51 745
51 611
51 333
51 262
52 1010
52 1099
52 196
52 565
53 546
53 875
53 888
53 754
53 211
53 564
53 88
53 538
54 483
54 966
54 135
54 939
54 460
54 205
54 1070
54 176
54 369
54 515
54 632
54 282
54 315
54 669
55 768
55 449
55 547
55 521
55 550
55 328
55 1129
55 204
55 142
55 142
55 1071
55 176
55 466
55 819
55 819
55 565
55 1078
55 471
55 888
55 889
55 794
55 316
55 254
56 889
56 699
56 1093
57 128
57 961
57 323
57 1092
57 709
57 349
58 307
58 634
58 155
58 470
59 1086
60 130
60 521
60 658
60 152
60 923
60 1054
60 1059
60 423
60 552
60 798
60 183
60 824
60 958
60 1090
60 595
60 853
60 91
60 483
60 998
60 102
60 367
60 242
60 883
60 760
60 1018
60 341
61 386
61 867
61 902
61 408
61 1081
61 732
61 861
62 197
62 73
62 461
62 1006
62 655
62 465
62 948
62 373
62 222
63 1156
63 803
63 1124
63 774
63 239
63 400
63 153
63 314
63 879
64 675
64 421
64 839
64 905
64 554
64 1127
64 777
64 594
64 541
64 624
64 210
64 244
64 533
64 87
64 676
64 542
64 829
64 798
64 853
65 834
65 795
65 740
65 136
65 311
65 335
65 338
65 342
65 631
65 475
65 318
66 544
66 129
66 842
66 1011
66 221
67 258
67 130
67 782
67 173
67 913
67 665
67 1056
67 294
67 860
67 941
67 303
67 694
67 953
67 316
67 193
67 195
67 201
67 75
67 525
67 728
67 732
67 736
67 228
67 1065
67 249
67 508
67 766
67 639
68 600
68 1113
68 1130
68 830
68 1015
69 237
70 261
70 1030
70 265
70 269
70 1045
70 675
70 774
70 934
70 176
70 959
70 74
70 594
70 728
70 602
70 477
70 736
70 611
70 913
70 879
70 243
70 379
71 129
71 795
72 774
72 519
72 685
72 112
72 245
72 953
72 795
73 950
73 183
74 704
74 547
74 772
74 582
74 167
74 518
74 135
74 461
74 366
74 624
74 627
74 885
74 182
74 312
74 538
74 155
74 947
75 669
75 580
75 201
75 814
75 175
75 368
75 145
75 562
75 611
75 1140
75 566
75 477
76 211
77 227
77 470
77 1062
77 105
77 875
77 1037
77 590
77 1077
77 790
77 474
77 349
77 446
77 997
78 288
78 482
78 611
78 484
78 903
78 587
78 204
78 1090
78 814
78 675
78 117
78 694
78 343
78 1063
78 1054
79 601
79 547
79 308
79 526
79 1065
80 928
80 905
80 252
80 997
81 1153
81 392
81 139
81 147
81 920
81 931
81 309
81 196
81 198
81 456
81 463
81 291
81 861
81 225
81 361
81 364
81 114
81 659
81 629
81 119
81 250
82 986
82 710
83 1088
83 950
83 486
83 359
83 490
83 139
83 461
83 786
83 340
83 182
83 1016
83 794
84 701
84 133
85 896
85 545
85 450
85 228
85 460
85 824
85 895
86 167
86 810
86 529
86 756
86 1102
86 407
86 251
86 93
87 257
87 781
87 657
87 148
87 1092
87 798
87 1055
87 800
87 302
87 827
87 452
87 461
87 1102
87 469
87 862
87 609
87 868
87 251
87 893
87 511
88 1155
88 649
88 395
88 547
88 339
88 790
88 760
88 569
89 833
89 489
89 101
89 1065
89 119
89 145
89 659
89 758
89 1033
89 922
89 538
90 1154
90 771
90 141
90 275
90 532
90 923
90 414
90 306
90 819
90 823
90 1081
90 1092
90 737
90 328
90 465
90 1113
90 1114
90 865
90 1128
90 617
90 372
90 1129
90 760
90 378
90 508
90 1150
90 1150
90 1151
91 564
92 288
92 802
92 667
92 294
92 1030
92 167
92 764
92 876
92 269
92 1102
92 111
92 880
92 882
92 243
92 1012
92 1097
92 699
92 670
93 513
93 515
93 774
93 903
93 649
93 1035
93 400
93 899
93 537
93 541
93 798
93 312
93 167
93 808
93 1117
93 691
93 265
93 184
93 834
93 593
93 594
93 347
93 221
93 99
93 613
93 465
93 240
93 626
93 245
94 384
94 708
94 965
94 262
94 296
94 267
94 461
94 819
94 502
94 665
94 1145
94 349
94 830
94 485
95 1063
95 398
95 367
95 497
95 499
95 117
95 380
96 122
96 522
96 596
96 298
97 378
97 338
97 743
97 762
97 1055
98 1081
98 1114
99 196
100 164
100 197
100 637
100 624
100 211
100 565
100 182
100 952
100 863
100 605
100 389
101 706
101 681
101 202
101 556
101 1005
101 369
101 919
101 699
101 829
101 734
101 1151
102 760
102 601
102 124
103 490
103 178
103 114
103 437
103 414
104 482
104 1095
104 1032
104 521
104 332
104 749
104 430
104 912
104 819
104 853
104 853
104 1114
104 732
104 1054
105 1025
105 994
105 486
105 937
105 490
105 430
105 176
105 146
105 211
105 821
105 151
105 507
106 325
106 167
106 974
106 489
106 618
106 1134
106 625
106 754
106 533
106 406
106 791
107 923
107 743
108 519
108 1056
108 1106
108 791
108 183
109 291
109 1157
109 1063
109 264
109 621
109 142
109 399
109 328
109 626
109 563
109 216
109 985
109 347
109 251
110 640
110 641
110 1063
110 489
110 778
110 684
110 847
110 436
110 608
110 827
110 124
111 1088
111 236
111 246
112 544
112 353
112 610
112 707
112 709
112 359
112 200
112 1065
112 273
112 397
112 882
112 833
112 277
112 342
112 674
112 1122
112 284
112 893
112 670
112 191
113 928
113 601
114 517
114 141
114 787
114 276
114 687
114 1053
114 849
114 162
114 675
114 550
114 935
114 169
114 686
114 1071
114 966
114 975
114 732
114 743
114 1134
114 243
114 890
114 1151
115 321
115 323
115 262
115 1121
115 552
115 591
115 385
115 465
115 788
115 663
115 600
115 761
115 1148
115 733
116 228
116 293
116 934
116 748
116 495
116 921
116 497
116 1075
116 151
116 998
116 1117
116 766
117 640
117 519
117 542
117 387
117 276
117 410
117 796
117 1054
117 294
117 1075
117 309
117 570
117 609
117 204
117 333
117 206
117 722
117 723
117 353
117 229
117 1009
117 147
117 252
118 996
118 326
119 1153
119 1003
119 135
119 776
119 399
119 787
119 803
119 427
119 301
119 944
119 192
119 845
119 206
119 931
119 603
119 860
119 996
119 1128
119 1002
119 747
119 895
120 960
120 421
120 905
120 787
120 309
120 663
120 601
120 346
120 1125
120 190
120 581
121 902
121 233
121 501
121 409
121 826
121 827
122 1024
122 773
122 1140
122 1015
122 505
122 922
122 827
122 668
122 989
122 574
123 512
123 1024
123 774
123 265
123 155
123 163
123 678
123 678
123 1066
123 946
123 819
123 411
123 448
123 193
123 451
123 923
123 592
123 483
123 215
123 609
123 227
123 228
123 361
123 1021
123 254
124 387
124 265
124 1034
124 1047
124 654
124 914
124 537
124 1059
124 875
124 685
124 694
124 313
124 958
124 450
124 204
124 846
124 975
124 720
124 1109
124 601
124 1117
124 609
124 482
124 872
124 1130
124 747
124 501
124 490
125 355
125 998
125 487
125 1130
125 304
125 1011
125 596
126 793
126 386
126 803
127 923
128 176
128 1081
128 1116
129 257
129 899
129 263
129 1034
129 145
129 284
129 798
129 164
129 293
129 810
129 431
129 309
129 189
129 462
129 468
129 420
129 485
129 273
129 252
129 1012
129 508
130 1027
130 901
130 139
130 402
130 797
130 928
130 934
130 304
130 798
130 439
130 698
130 1085
130 196
130 837
130 342
130 996
130 492
130 493
130 881
131 1153
131 259
131 868
131 1069
131 429
131 368
131 629
131 629
131 333
131 727
131 335
131 572
131 830
131 1087
132 695
133 644
133 422
133 135
133 526
133 794
133 923
133 349
134 384
134 1003
134 274
134 1055
134 355
134 176
134 306
134 318
134 959
134 1092
134 1094
134 969
134 226
134 611
134 604
134 610
134 227
134 484
134 233
134 234
134 1131
134 495
134 191
134 765
135 139
135 655
135 914
135 558
135 1064
135 1065
135 298
135 814
135 466
135 178
135 189
135 830
135 1089
135 719
135 338
135 1113
135 1117
135 609
135 485
135 745
135 875
135 594
135 252
135 895
136 515
136 548
136 935
136 745
136 298
136 626
136 786
136 251
136 778
137 677
137 139
137 524
137 655
137 374
137 503
137 1113
138 829
139 657
139 544
139 1064
139 1011
139 1076
139 202
139 970
139 968
139 714
139 349
139 610
139 997
139 486
139 364
139 211
139 249
139 1147
140 359
140 173
140 550
140 1069
141 751
142 768
142 902
142 265
142 526
142 526
142 399
142 273
142 273
142 788
142 798
142 674
142 518
142 1062
142 689
142 439
142 449
142 339
142 992
142 1123
142 233
142 622
142 881
142 404
142 763
142 1151
143 993
143 773
143 424
143 748
143 237
143 1071
143 438
143 728
143 346
143 925
144 552
144 200
144 733
144 590
144 295
145 640
145 1031
145 904
145 284
145 545
145 931
145 931
145 678
145 156
145 810
145 1067
145 449
145 435
145 833
145 194
145 289
145 590
145 1103
145 978
145 596
145 853
145 491
145 236
145 885
145 767
146 738
146 342
146 182
146 178
146 937
146 1005
146 1102
146 1102
146 1040
146 786
146 211
146 814
146 950
146 505
146 1116
146 733
146 543
147 1067
147 1039
147 916
147 917
147 424
147 632
147 299
147 558
147 1088
147 195
147 709
147 980
147 600
147 219
147 297
147 1122
147 996
147 625
147 1143
147 760
147 1151
148 1120
148 507
148 613
148 491
148 300
148 653
148 437
148 248
148 666
148 635
148 1117
149 469
150 291
150 164
150 621
150 368
150 696
150 804
151 261
151 490
151 626
151 893
152 387
152 772
152 772
152 904
152 905
152 663
152 1062
152 296
152 169
152 434
152 323
152 325
152 842
152 850
152 600
152 865
152 610
152 998
152 236
152 247
153 162
153 950
153 1128
153 751
153 246
154 368
154 487
155 899
155 782
155 784
155 676
155 293
155 294
155 294
155 688
155 690
155 962
155 581
155 327
155 969
155 207
155 978
155 856
155 476
155 861
155 421
155 737
155 746
155 722
155 372
155 634
156 758
156 1101
156 1102
156 916
156 470
157 893
157 198
157 1149
158 1155
158 902
158 782
158 399
158 411
158 798
158 1055
158 545
158 930
158 675
158 934
158 935
158 313
158 314
158 829
158 453
158 328
158 971
158 849
158 723
158 468
158 737
158 237
158 628
158 631
159 169
159 257
159 879
160 305
160 244
160 1102
161 659
162 644
162 404
162 410
162 547
162 177
162 947
162 823
162 316
162 830
162 583
162 587
162 206
162 854
162 1115
162 737
162 364
162 621
162 366
162 499
163 266
163 793
163 270
163 912
163 537
163 921
163 670
163 939
163 830
163 594
163 597
163 484
163 612
163 997
163 487
163 621
163 1009
163 893
163 1151
164 930
164 291
164 709
164 322
164 622
164 815
164 689
164 435
164 346
164 1115
165 384
165 740
165 966
165 616
165 429
165 879
165 496
165 367
165 507
166 385
166 1096
166 745
166 1152
166 941
166 334
166 593
166 346
166 507
166 508
167 329
167 683
167 339
167 564
167 693
167 857
167 373
168 692
169 352
169 1090
169 935
169 296
169 489
169 306
169 236
169 237
169 1102
169 372
170 546
170 244
170 263
171 256
171 1097
171 267
171 757
171 927
172 512
172 262
172 1033
172 913
172 659
172 404
172 1046
172 1048
172 290
172 943
172 695
172 1084
172 703
172 451
172 836
172 198
172 587
172 589
172 210
172 469
172 984
172 1117
172 484
172 487
172 617
172 618
172 1145
173 994
173 995
173 812
173 651
173 280
173 722
173 696
173 587
173 634
173 395
173 735
174 624
174 1148
174 260
174 269
175 544
175 264
175 1034
175 1073
175 439
176 640
176 1028
176 1029
176 1031
176 399
176 531
176 276
176 799
176 290
176 810
176 303
176 1073
176 822
176 845
176 973
176 339
176 213
176 738
176 999
176 617
176 382
177 513
177 266
177 399
177 277
177 534
177 1053
177 931
177 678
177 554
177 941
177 814
177 310
177 322
177 201
177 462
177 465
177 212
177 728
177 868
177 483
177 356
177 934
177 486
177 361
177 747
177 239
177 888
177 763
178 896
178 1040
178 660
178 291
178 804
178 939
178 1073
178 307
178 182
178 823
178 574
178 1092
178 202
178 980
178 740
178 998
178 744
178 618
178 496
178 758
179 264
179 202
179 260
179 855
180 672
180 610
180 681
180 221
180 275
180 885
180 538
180 539
180 765
181 737
181 388
181 805
181 587
181 300
181 882
181 244
181 406
181 916
182 896
182 897
182 834
182 579
182 805
182 805
182 424
182 523
182 1072
182 251
182 923
182 1053
182 767
183 899
183 515
183 404
183 1056
183 948
183 201
183 832
183 963
183 328
183 719
183 595
183 212
183 601
183 476
183 1117
183 736
183 994
183 1147
183 998
183 618
183 365
183 499
183 760
183 250
183 763
184 309
184 1062
184 746
184 442
184 367
184 340
184 853
184 829
184 540
184 862
185 965
185 551
185 272
185 470
185 415
185 677
186 521
186 820
187 353
187 745
188 206
188 340
188 1044
188 774
189 545
189 931
189 905
189 463
189 1040
189 468
189 278
189 1129
189 760
189 570
189 1054
190 449
190 570
191 866
191 291
191 779
191 290
191 621
191 276
191 1021
192 868
192 905
192 1002
192 1014
192 1015
192 1051
193 334
193 1015
193 601
193 316
193 318
194 512
194 256
194 1031
194 907
194 384
194 915
194 276
194 937
194 298
194 429
194 587
194 719
194 617
194 498
194 531
194 251
194 764
195 482
195 748
195 1083
196 1029
196 392
196 268
196 785
196 787
196 666
196 420
196 1062
196 689
196 819
196 606
196 316
196 829
196 581
196 1096
196 206
196 720
196 722
196 983
196 1118
196 609
196 242
196 403
196 373
196 631
196 505
196 891
196 507
198 1090
198 772
198 581
198 849
198 491
198 269
198 912
198 722
198 404
198 1050
198 893
199 280
199 1146
199 763
200 515
200 260
200 645
200 786
200 1044
200 921
200 388
200 548
200 297
200 950
200 460
200 1102
200 463
200 722
200 217
200 218
200 733
200 864
200 611
200 880
200 497
201 1024
201 1027
201 395
201 912
201 409
201 410
201 411
201 1055
201 545
201 936
201 1067
201 442
201 966
201 468
201 983
201 349
201 736
201 356
201 622
201 239
201 377
202 900
202 909
202 402
202 540
202 414
202 928
202 289
202 582
202 302
202 1084
202 523
202 710
202 330
202 331
202 466
202 215
202 344
202 346
202 994
203 361
203 355
203 325
204 519
204 1035
204 788
204 410
204 1098
204 450
204 451
204 451
204 837
204 330
204 459
204 464
204 1108
204 1113
204 732
204 239
204 499
204 629
205 1014
205 780
205 1145
205 318
205 293
206 496
206 961
206 581
206 1140
206 880
206 449
206 500
206 1080
206 964
206 1019
206 477
207 288
207 1025
207 361
207 782
207 880
207 689
207 690
207 686
207 246
207 729
207 1145
207 510
207 959
208 640
208 834
208 946
208 982
208 251
208 732
208 446
209 795
209 869
210 900
210 649
210 1034
210 912
210 534
210 799
210 544
210 880
210 930
210 424
210 681
210 302
210 561
210 562
210 952
210 569
210 708
210 584
210 970
210 342
210 600
210 993
210 998
210 490
210 624
210 297
210 889
210 893
210 1150
211 260
211 774
211 1034
211 283
211 801
211 931
211 681
211 547
211 307
211 821
211 313
211 325
211 843
211 465
211 1123
211 214
211 655
211 481
211 995
211 237
211 380
212 285
212 299
212 750
212 239
212 337
212 434
212 564
212 600
212 697
212 250
212 955
212 221
213 221
214 1090
214 291
214 1030
214 936
214 578
214 557
214 529
214 413
215 1056
215 673
215 547
215 964
215 774
215 745
215 827
215 305
215 627
215 981
215 316
215 829
216 384
216 352
216 294
216 581
216 326
216 521
216 306
216 369
216 690
216 661
216 923
217 384
217 769
217 964
217 549
217 518
217 745
217 524
217 403
217 723
217 633
217 538
217 284
217 645
218 1090
218 252
218 267
218 809
218 1052
218 861
218 1118
219 544
219 482
219 707
219 1069
219 526
219 1044
219 1141
219 791
219 1147
219 863
220 618
220 772
220 798
221 392
221 578
221 788
221 281
221 666
221 832
221 321
221 335
221 342
221 601
221 1118
221 483
221 623
221 377
221 380
221 1151
222 899
222 484
222 369
222 1096
222 817
222 507
223 426
223 1043
224 489
224 562
224 379
224 309
224 422
225 516
225 261
225 521
225 395
225 399
225 923
225 928
225 677
225 325
225 841
225 460
225 860
225 805
225 485
225 1128
225 1130
225 875
225 885
225 1015
225 508
226 385
226 899
226 888
226 505
226 829
227 899
227 676
227 519
227 876
227 751
227 694
227 728
227 636
227 1018
227 895
228 265
228 1035
228 272
228 401
228 666
228 413
228 1054
228 913
228 801
228 710
228 316
228 326
228 717
228 334
228 466
228 466
228 595
228 470
228 600
228 609
228 355
228 1127
228 361
228 875
228 754
228 756
228 630
228 760
228 1145
229 993
229 1153
230 493
230 550
230 503
231 487
232 728
233 384
233 769
233 899
233 996
233 517
233 1126
233 493
233 526
233 788
233 505
233 1020
234 736
234 422
234 650
234 397
234 404
234 503
234 1029
235 640
235 353
235 388
235 552
235 490
235 974
235 692
235 932
235 1018
235 767
236 870
236 939
236 333
236 912
236 369
236 858
236 511
237 518
237 905
237 1090
237 911
237 667
237 284
237 453
237 802
237 806
237 425
237 1078
237 443
237 706
237 853
237 729
237 602
237 483
237 996
237 491
237 1144
238 675
238 1150
238 679
239 384
239 899
239 645
239 902
239 781
239 655
239 400
239 259
239 799
239 301
239 301
239 439
239 579
239 728
239 864
239 866
239 872
239 745
239 876
239 242
239 758
239 631
239 766
240 546
240 388
241 640
242 897
242 395
242 659
242 412
242 925
242 678
242 941
242 819
242 575
242 963
242 711
242 842
242 1105
242 978
242 1116
242 353
242 612
242 615
242 1138
243 698
243 1153
243 493
243 382
243 907
243 397
243 911
243 277
243 1046
243 664
243 826
243 751
243 666
243 670
243 543
244 901
244 923
244 290
244 795
244 941
244 1074
244 1075
244 699
244 451
244 1058
244 733
244 1118
244 1119
244 737
244 866
244 490
244 875
244 877
244 624
244 763
245 642
245 860
245 1097
245 1037
245 1040
245 306
245 570
245 1116
246 778
246 769
246 490
246 464
246 275
246 628
246 313
246 732
246 586
247 1090
247 355
247 391
247 1066
247 587
247 748
247 1133
247 1007
247 835
247 307
247 1012
247 1014
247 951
247 1005
247 602
247 1084
247 637
247 831
248 1088
248 866
248 471
248 994
248 594
248 489
248 1144
248 1140
248 347
249 513
249 936
249 783
249 968
249 722
249 307
249 307
249 463
249 440
249 1115
249 1116
249 1087
250 322
250 875
250 470
250 1035
250 717
250 505
250 848
250 917
250 1014
250 793
250 315
250 542
251 640
251 1154
251 901
251 263
251 1035
251 450
251 1005
251 795
251 1053
251 733
251 816
251 1096
251 692
251 692
251 455
251 584
251 587
251 861
251 750
251 1009
251 501
251 251
251 894
252 798
252 545
252 1062
252 300
252 304
252 435
252 322
252 710
252 329
252 973
252 462
252 484
252 1000
252 491
252 1133
252 1012
252 377
253 506
253 837
254 803
254 708
254 817
254 309
254 1018
255 611
255 1092
255 1128
255 937
255 715
255 483
255 323
255 756
255 931
256 737
256 866
256 708
256 645
256 1075
256 552
256 394
256 750
256 275
256 596
257 675
257 534
257 378
257 860
258 837
258 1097
258 913
258 312
258 795
259 901
259 903
259 777
259 1037
259 398
259 664
259 537
259 537
259 794
259 294
259 541
259 565
259 446
259 448
259 455
259 723
259 347
259 737
259 872
259 507
259 893
260 578
260 570
260 644
260 519
260 1130
260 613
260 303
260 1136
260 594
260 1076
260 310
260 1018
260 1051
260 959
261 264
261 687
261 1145
262 672
262 325
262 585
262 367
262 278
262 315
262 768
263 577
263 323
263 1133
263 733
263 368
263 1075
263 464
263 445
263 1054
264 483
264 964
264 964
264 712
264 427
264 748
264 309
264 880
264 1009
264 883
264 651
264 662
264 922
264 991
265 578
265 472
265 325
265 935
265 552
265 888
265 433
265 850
265 310
265 439
265 760
266 928
266 1021
266 273
266 274
266 467
266 982
266 631
266 787
266 665
266 1053
266 1150
267 449
267 834
267 513
267 367
267 1074
267 313
268 761
268 643
268 511
269 832
269 481
269 1059
269 677
269 1067
269 913
269 882
269 309
269 1080
269 921
269 317
269 789
270 578
270 1159
271 768
271 439
272 1058
272 1159
272 969
272 333
272 974
272 367
272 656
272 275
272 276
273 647
273 913
273 276
273 1053
273 1054
273 803
273 677
273 937
273 690
273 820
273 313
273 698
273 331
273 332
273 847
273 441
273 490
273 627
273 628
273 1144
274 999
274 301
274 333
274 946
274 563
274 691
274 850
275 640
275 899
275 518
275 283
275 1114
275 798
275 550
275 559
275 690
275 563
275 564
275 322
275 581
275 400
275 995
275 1124
275 490
275 1003
275 750
275 495
275 413
275 378
275 541
276 832
276 645
276 422
276 392
276 892
276 999
276 296
276 529
276 316
276 829
276 981
277 752
277 342
277 316
278 910
278 529
278 541
278 291
278 966
278 819
278 450
278 454
278 462
278 1144
278 594
278 339
278 1115
278 732
278 293
278 490
278 749
278 376
278 1020
279 392
279 842
279 885
279 378
279 443
279 540
279 1053
280 769
280 611
280 808
280 620
280 686
280 558
280 310
280 953
280 350
280 565
281 528
281 297
282 912
283 714
283 403
283 600
283 477
284 520
284 402
284 1044
284 795
284 541
284 1054
284 544
284 557
284 689
284 1075
284 312
284 708
284 333
284 594
284 596
284 994
284 1126
284 745
284 625
284 629
284 887
284 532
285 794
285 747
285 540
286 1053
286 414
287 616
287 1120
287 366
287 487
288 958
288 361
288 778
288 476
288 1042
288 349
288 887
288 495
288 810
288 1150
289 803
289 517
289 844
289 979
289 405
289 1118
289 959
290 651
290 786
290 916
290 477
291 806
291 369
291 340
291 1145
291 987
291 987
291 517
292 346
293 386
293 419
293 967
293 795
293 1051
293 519
293 493
293 368
293 306
293 949
293 758
293 953
293 1050
293 1115
293 636
293 469
294 1158
294 1063
294 1084
294 431
294 911
294 880
294 536
294 312
294 862
294 511
295 769
295 378
295 659
296 864
296 704
296 803
296 1117
296 855
296 308
296 541
297 544
297 386
297 931
297 455
297 489
297 526
297 850
297 890
298 1121
298 652
298 717
298 333
298 530
298 947
299 968
299 1009
299 1078
300 547
300 1125
300 679
300 424
300 905
300 675
300 587
300 1136
300 915
300 599
300 477
300 511
301 481
301 578
301 1092
301 486
301 748
301 818
301 369
302 912
302 386
302 644
302 969
302 407
302 751
302 560
302 404
302 553
303 544
303 994
303 790
303 666
303 1104
303 939
303 717
303 944
303 913
303 530
303 594
303 406
303 953
303 1146
303 1148
303 1117
303 767
304 513
304 409
304 538
304 548
304 1065
304 820
304 821
304 318
304 584
304 972
304 847
304 847
304 464
304 726
304 352
304 866
304 615
304 748
304 625
304 882
305 577
305 392
305 655
305 917
305 540
305 1031
305 956
305 544
305 590
305 720
305 337
305 347
305 1119
305 994
305 355
305 488
305 617
305 760
305 511
306 928
306 872
306 554
306 843
306 613
306 952
306 338
306 778
306 501
306 1055
306 666
306 542
306 677
307 641
307 646
307 524
307 527
307 659
307 917
307 410
307 411
307 808
307 692
307 568
307 564
307 702
307 969
307 849
307 594
307 980
307 344
307 698
307 612
307 1132
307 625
307 1014
307 503
307 661
308 515
308 645
308 411
308 411
308 1053
308 517
308 931
308 310
308 958
308 832
308 709
308 969
308 587
308 1108
308 474
308 996
308 875
308 1008
308 1064
308 376
308 378
308 1149
309 565
309 440
309 1062
309 427
309 847
309 722
309 628
309 1151
309 634
309 477
309 821
310 1090
310 565
310 834
310 451
310 1097
310 714
310 464
310 348
310 720
310 484
310 486
310 999
310 745
310 1127
310 1140
310 634
311 969
311 373
312 640
312 1024
312 899
312 646
312 650
312 471
312 675
312 1066
312 558
312 704
312 708
312 481
312 505
312 601
312 349
312 735
312 993
312 1126
312 371
312 757
312 1145
312 510
313 515
313 1033
313 397
313 655
313 601
313 410
313 752
313 547
313 558
313 945
313 833
313 579
313 857
313 986
313 990
313 609
313 487
313 491
313 1005
313 1035
313 758
313 378
313 1021
314 1032
314 406
314 703
315 360
315 463
315 817
315 665
315 637
316 1024
316 785
316 1071
316 439
316 698
316 837
316 327
316 714
316 716
316 1107
316 600
316 348
316 862
316 483
316 998
316 876
316 754
316 756
316 631
316 504
316 1148
316 511
317 768
317 1149
318 355
318 1059
318 645
318 328
318 1067
318 819
318 723
318 762
318 623
318 447
319 1016
319 594
319 893
319 335
320 1153
320 484
320 850
320 398
320 751
320 817
320 466
321 482
321 422
321 936
321 717
321 913
322 387
322 645
322 538
322 670
322 671
322 804
322 685
322 708
322 346
322 475
322 1123
322 485
322 361
322 875
322 882
322 757
322 895
323 994
323 517
323 551
324 907
324 1053
325 737
325 1090
325 421
325 913
325 686
325 1040
325 657
325 624
325 631
325 1145
326 931
326 1030
326 364
326 335
326 790
326 947
326 758
326 966
326 698
326 996
326 453
326 453
327 768
327 673
327 930
327 832
327 680
327 1109
327 1144
327 1050
327 732
328 768
328 896
328 1030
328 905
328 533
328 666
328 1053
328 546
328 774
328 810
328 940
328 450
328 1092
328 338
328 601
328 1061
328 994
328 613
329 388
329 745
329 810
329 747
329 466
329 795
329 1098
330 769
330 901
330 1034
330 659
330 645
330 544
330 673
330 675
330 1068
330 689
330 1092
330 338
330 723
330 355
330 996
330 493
330 1012
330 502
330 1022
331 785
331 392
331 758
331 763
332 928
332 485
332 710
332 1098
332 626
332 629
333 614
333 875
333 1132
333 470
333 855
333 889
333 666
333 413
334 707
334 710
334 806
334 778
334 782
334 1044
334 568
334 794
334 827
335 737
335 391
335 882
335 862
336 956
336 517
337 361
337 461
337 430
337 340
337 501
337 713
337 540
337 413
338 996
338 422
338 774
338 817
338 529
338 885
338 1108
338 922
338 1151
339 768
339 368
339 838
339 586
339 1037
339 852
339 503
339 477
339 414
340 994
340 465
340 1081
341 515
341 925
342 640
342 771
342 389
342 902
342 402
342 923
342 926
342 1055
342 1030
342 594
342 824
342 1081
342 829
342 448
342 579
342 452
342 463
342 723
342 598
342 601
342 606
342 486
342 850
342 1136
342 369
342 371
342 884
342 380
343 782
343 656
343 401
343 414
343 934
343 689
343 798
343 950
343 580
343 353
343 841
343 463
343 986
343 1115
343 737
343 996
343 487
343 1128
343 490
343 750
343 1141
343 1148
344 896
344 485
344 1094
344 490
344 523
344 824
344 719
344 1041
344 862
344 1144
344 1145
344 863
345 707
345 677
345 521
345 781
345 495
345 923
346 449
346 963
346 868
346 1064
346 937
346 491
346 752
346 968
346 537
346 410
346 700
346 541
346 799
347 769
347 834
347 829
347 655
347 529
347 565
347 439
347 541
347 861
348 804
348 888
348 1117
348 606
349 1090
349 547
349 837
349 913
349 819
349 1049
349 766
350 382
351 705
351 434
351 412
351 806
352 507
352 998
352 860
352 1106
352 1054
352 1083
352 508
352 958
353 1153
353 645
353 665
353 794
353 798
353 415
353 418
353 1108
353 987
353 489
353 489
353 880
353 627
353 380
353 767
353 767
354 863
355 789
355 663
355 663
355 710
355 550
355 562
355 1079
355 573
355 831
355 582
355 860
355 477
355 877
355 369
355 446
356 1079
356 404
357 367
358 697
358 793
359 864
359 640
359 868
359 491
359 815
359 501
359 822
359 463
361 523
361 1040
361 404
361 544
361 804
361 564
361 827
361 958
361 581
361 1095
361 850
361 611
361 744
361 634
361 763
361 1151
362 412
363 1053
363 518
364 395
364 517
364 520
364 392
364 399
364 424
364 1116
364 893
364 1023
365 937
365 1072
365 819
365 820
365 503
366 768
366 827
366 484
366 484
366 933
366 937
366 738
366 822
366 1147
367 1056
367 832
367 935
367 745
367 1131
367 748
367 1134
367 408
367 921
367 763
368 868
368 470
368 936
368 689
368 791
368 900
368 538
369 387
369 523
369 784
369 411
369 670
369 1063
369 1067
369 719
369 611
369 728
369 987
369 612
369 490
369 679
369 499
369 1145
369 1147
369 892
370 720
370 1035
370 1068
370 966
370 1063
372 544
372 963
372 880
372 631
372 538
372 606
373 674
373 709
373 487
373 490
373 782
374 932
374 622
375 544
375 978
375 515
375 645
375 798
376 768
376 1072
376 1155
376 965
376 935
376 615
376 748
376 624
376 689
376 656
376 895
377 667
377 911
377 389
377 999
377 812
377 1005
377 526
377 591
377 612
377 463
377 580
377 666
377 655
378 545
378 803
378 489
378 653
378 782
378 1075
378 1016
378 505
378 732
378 538
379 641
379 422
379 385
379 1044
379 861
379 581
380 1036
380 460
380 782
380 467
380 659
380 794
380 463
380 1053
380 990
381 1058
381 804
381 895
382 674
382 550
382 491
382 911
382 799
382 1055
383 1096
383 541
384 1157
384 903
384 1037
384 655
384 665
384 795
384 411
384 1064
384 455
384 1080
384 705
384 711
384 587
384 1115
384 743
384 618
384 491
384 511
385 708
385 1029
385 395
385 973
385 782
385 957
385 482
385 1074
385 814
385 1090
385 505
385 900
385 1149
385 405
386 609
386 677
386 779
386 1117
386 793
386 639
387 578
387 781
387 719
387 434
387 406
388 400
388 537
388 418
388 547
388 564
388 963
388 708
388 1097
388 723
388 996
388 487
388 489
388 622
388 751
388 757
388 758
388 1145
388 1148
389 694
390 819
390 1069
391 760
391 862
392 610
392 808
392 430
392 1064
392 988
392 862
392 543
393 687
393 1075
393 932
393 923
393 903
394 1124
394 1102
395 1024
395 899
395 406
395 812
395 1071
395 984
395 729
395 731
395 658
395 750
395 498
395 887
395 760
395 764
395 1021
396 744
396 1153
396 868
397 624
397 1059
397 868
397 805
397 551
397 1136
397 937
397 926
398 642
398 651
398 1097
398 490
398 939
398 622
398 495
398 629
398 1053
399 483
399 677
399 422
399 977
399 745
399 518
399 683
399 912
399 773
399 696
399 1126
399 1023
400 412
400 845
400 1073
400 692
400 853
400 534
400 445
400 733
400 990
401 640
401 645
401 1071
401 433
401 594
401 537
402 800
402 1056
402 931
402 1156
402 709
402 518
402 1064
402 1064
402 622
402 1128
402 658
402 586
402 505
402 634
402 829
402 693
403 484
403 1064
403 969
403 1044
403 469
403 635
404 773
404 535
404 547
404 448
404 1106
404 600
404 731
404 476
404 1117
404 1147
404 638
404 1023
405 773
405 677
405 600
405 657
405 453
406 409
406 1158
406 1035
406 912
406 665
406 665
406 793
406 931
406 935
406 686
406 695
406 823
406 853
406 601
406 621
406 499
406 1018
407 768
407 711
407 568
407 604
409 966
409 843
409 813
409 1009
409 634
409 414
410 1153
410 578
410 451
410 873
410 619
410 627
410 628
410 600
410 883
411 1037
411 812
411 692
411 710
411 853
411 855
411 728
411 763
411 996
411 741
411 489
411 1130
411 1005
411 625
411 634
411 509
411 1151
412 704
412 773
412 806
412 659
413 450
413 1157
413 624
413 670
414 896
414 518
414 519
414 801
414 550
414 681
414 1054
414 950
414 1081
414 1118
414 490
414 999
414 888
414 766
415 1124
416 512
416 443
416 508
417 970
417 923
417 484
417 829
418 589
418 850
418 822
418 599
420 1105
420 458
420 903
421 838
421 843
421 492
421 1044
421 477
421 831
422 1155
422 645
422 1034
422 781
422 530
422 923
422 669
422 544
422 810
422 446
422 708
422 454
422 463
422 507
422 760
422 554
422 766
423 1080
423 829
424 640
424 489
424 489
424 974
424 819
424 623
424 444
426 888
426 477
427 832
427 674
427 1027
427 1046
427 934
427 1065
427 586
427 461
427 1097
427 945
427 722
427 692
427 917
427 822
427 607
427 445
428 542
429 610
429 1092
429 807
429 522
429 921
429 790
429 505
430 578
430 675
430 964
430 646
430 1063
430 970
430 531
430 1150
431 1059
431 685
431 966
432 708
433 1059
434 928
434 577
434 1005
434 622
434 1144
435 640
435 480
435 835
435 465
435 780
435 848
435 545
435 964
435 474
435 923
436 612
437 594
437 811
437 582
438 546
438 491
438 447
439 1159
439 1128
439 686
439 1145
439 797
439 1054
440 1097
441 928
441 681
441 519
441 1061
442 640
442 1092
442 774
442 1115
442 764
442 1054
443 867
443 517
443 1066
443 875
443 819
443 791
443 665
443 1053
444 640
444 537
444 495
446 767
446 860
446 1055
447 1153
447 545
447 907
447 781
447 1044
447 885
447 793
447 1113
447 602
447 769
447 1053
448 929
448 930
448 966
448 451
448 1044
448 931
449 1087
450 545
450 646
450 1004
450 880
450 470
450 824
450 666
451 482
451 1155
451 1030
451 841
451 493
451 758
451 691
451 855
451 1044
451 1011
452 900
453 587
453 774
453 939
453 460
453 1102
453 880
453 915
453 916
453 889
454 520
454 685
454 1051
454 895
455 526
455 1136
455 699
455 926
456 746
456 594
457 1018
457 659
457 1005
457 830
460 1153
460 1153
460 994
460 779
460 772
460 550
460 745
460 1035
460 1155
460 931
460 1080
460 666
461 1024
461 1027
461 912
461 529
461 1053
461 543
461 800
461 804
461 810
461 708
461 708
461 586
461 601
461 481
461 999
461 1128
461 499
461 889
462 681
462 819
462 500
462 730
462 572
463 544
463 937
463 972
463 871
463 570
463 763
463 1128
464 515
464 742
464 651
464 882
464 1140
464 469
464 624
464 1018
464 1078
464 476
464 1117
465 1029
465 1029
465 776
465 650
465 627
465 917
465 544
465 936
465 823
465 833
465 711
465 998
465 1064
465 754
465 889
465 763
465 1020
466 544
466 845
466 787
466 947
467 745
468 495
468 1084
469 520
469 723
469 819
469 790
470 1094
470 1065
470 970
470 501
470 723
470 628
470 670
470 1151
470 829
470 863
471 550
471 1142
471 1087
472 635
472 882
472 795
472 894
473 544
473 692
475 1084
476 1056
476 1153
476 642
476 602
476 582
476 550
476 711
476 970
476 1154
476 847
476 626
476 1011
476 1046
476 600
476 786
476 882
477 812
477 814
477 687
477 489
477 857
477 1049
477 1021
477 670
478 600
478 669
479 485
481 644
481 681
481 540
481 861
482 534
482 676
482 517
482 808
482 1063
482 531
482 629
482 694
482 537
482 1115
482 669
483 768
483 1147
483 665
483 667
483 1093
483 1062
483 939
483 939
483 822
483 697
483 847
483 983
483 860
483 1117
483 483
483 615
483 490
483 1136
483 498
484 1154
484 543
484 805
484 1116
484 938
484 941
484 847
484 860
484 611
484 487
484 744
484 1001
484 743
484 1005
484 625
484 754
484 760
484 637
484 1150
485 709
485 1087
485 1037
485 911
485 560
485 645
485 766
485 1046
485 949
485 953
485 655
485 621
486 640
486 963
486 615
486 842
486 876
486 973
486 659
486 813
486 763
486 573
486 1061
487 798
487 581
487 672
487 546
487 824
487 699
487 708
487 709
487 845
487 725
487 1118
487 864
487 490
487 1014
487 510
488 1088
488 1130
488 1156
488 689
489 901
489 779
489 666
489 801
489 1115
489 823
489 581
489 847
489 601
489 731
489 1116
489 1128
489 1130
489 879
489 1140
489 1140
489 1140
489 629
489 758
490 1029
490 646
490 791
490 805
490 1063
490 1075
490 565
490 651
490 1122
490 1128
490 850
490 1140
490 760
491 515
491 903
491 965
491 603
491 866
491 868
491 999
491 1144
492 670
493 868
493 877
493 528
493 529
493 691
493 1130
493 1090
493 568
493 861
494 1074
495 709
495 572
495 664
495 859
495 766
496 639
497 802
497 803
497 997
497 1063
497 938
497 523
497 733
498 900
498 1067
498 898
498 538
499 1153
499 610
499 995
499 519
499 529
499 1075
499 1144
499 1150
500 1122
500 579
500 677
500 628
501 621
501 687
501 624
501 625
501 727
503 1065
503 510
505 1024
505 783
505 529
505 670
505 1059
505 689
505 564
505 957
505 709
505 710
505 969
505 732
505 879
505 1011
506 600
507 897
507 1029
507 519
507 533
507 534
507 1113
507 1113
507 901
507 557
507 1094
507 971
507 1101
507 1102
507 710
507 851
507 599
507 857
507 609
507 868
507 620
507 1014
508 770
508 548
508 645
508 808
510 772
510 1065
510 762
511 608
511 817
511 587
511 1117
511 1136
511 787
511 1150
511 1130
511 921
511 1149
511 958
511 981
512 865
512 644
512 805
512 1031
512 1096
512 1130
512 623
512 631
512 985
513 1063
513 519
513 714
513 526
513 624
513 595
513 954
514 1096
514 705
514 517
514 926
515 640
515 526
515 657
515 788
515 1113
515 920
515 665
515 545
515 937
515 1085
515 1090
515 975
515 722
515 857
515 610
515 1003
515 1005
515 1134
516 1099
517 544
517 964
517 1063
517 520
517 617
517 586
517 546
517 526
517 1085
518 1131
518 804
518 1064
518 1134
518 661
519 912
519 665
519 795
519 541
519 941
519 688
519 1075
519 1076
519 1090
519 969
519 855
519 860
519 1117
519 737
519 1128
519 1144
520 1141
520 542
521 1061
521 769
521 1132
521 798
522 650
522 677
523 740
523 773
523 710
523 1031
523 1065
523 879
523 853
523 601
524 708
524 1014
524 792
525 670
526 673
526 710
526 1014
526 1145
526 559
526 773
527 979
527 684
528 1089
529 776
529 795
529 541
529 1054
529 1059
529 829
529 830
529 1090
529 969
529 1102
529 976
529 752
529 1019
530 699
531 976
531 807
531 1075
531 981
532 768
532 986
532 659
533 621
533 594
534 1029
534 774
534 879
534 732
534 766
535 1061
536 629
536 1029
537 768
537 903
537 1035
537 1040
537 798
537 544
537 939
537 690
537 966
537 969
537 982
537 1113
537 611
537 623
537 1139
537 763
537 1021
538 913
538 917
538 926
538 936
538 1098
538 595
538 615
538 872
538 1003
538 880
538 761
539 1096
539 941
539 781
539 821
539 695
540 770
540 773
540 620
540 758
540 1115
541 903
541 905
541 911
541 547
541 691
541 693
541 824
541 830
541 1096
541 855
541 1134
542 964
542 905
542 1102
542 723
542 854
542 987
542 926
543 896
543 1005
543 819
543 923
543 735
544 1027
544 900
544 774
544 906
544 1037
544 657
544 1046
544 857
544 925
544 594
544 693
544 600
544 602
544 1005
544 1011
544 628
545 1157
545 1073
545 1037
545 1016
545 706
545 1048
545 1144
546 1090
546 1059
546 779
546 973
546 942
546 591
546 594
546 629
546 629
546 829
547 864
547 665
547 1012
547 599
547 569
547 986
547 932
547 1055
548 1090
548 594
548 821
548 1113
548 1054
550 1152
550 754
550 565
550 1115
550 1150
551 917
552 1066
552 790
552 1130
554 1081
555 793
555 578
555 874
556 610
556 1011
557 864
557 1153
557 847
557 1004
557 719
557 926
558 707
558 773
558 601
558 791
558 934
558 935
558 1046
558 889
558 954
562 880
562 916
562 639
563 1124
563 646
563 941
563 875
563 1037
563 1050
563 766
564 993
564 900
564 902
564 847
564 915
564 751
565 774
565 795
565 685
565 973
565 1102
565 993
565 868
565 614
565 752
565 882
565 1150
566 882
566 1116
567 750
567 879
568 1026
570 902
570 1132
570 1140
570 823
570 917
570 751
570 765
570 765
570 1054
570 757
571 859
572 1059
572 1037
572 1102
573 1066
573 802
573 998
574 1063
574 743
574 1037
574 821
574 1081
575 1046
575 1090
575 622
576 624
577 778
577 1075
577 1044
577 983
577 666
577 860
577 1023
578 994
578 617
578 911
578 1097
578 631
579 1029
579 879
580 611
580 1063
580 717
580 1140
580 827
581 805
581 616
581 748
581 818
581 916
581 868
581 959
582 642
582 924
582 766
583 896
583 966
584 998
584 1015
584 1113
584 829
586 714
586 686
586 901
586 893
586 677
587 768
587 903
587 1090
587 656
587 674
587 1069
587 1072
587 831
587 614
587 1130
587 1004
588 692
588 764
588 1021
588 1141
589 1124
589 1030
590 769
590 1125
590 908
590 785
590 981
590 986
592 1033
592 911
593 808
593 766
593 934
594 896
594 902
594 810
594 855
594 732
594 1124
595 902
595 1153
595 748
595 755
595 1118
596 993
596 628
596 669
597 939
597 1055
598 626
598 877
598 853
599 617
599 650
599 1035
599 786
600 772
600 651
600 913
600 1069
600 695
600 717
600 996
600 732
600 994
600 613
600 750
601 642
601 1030
601 925
601 902
601 694
601 1085
601 728
601 863
601 1009
601 1018
601 1151
602 747
602 906
602 1143
602 697
604 836
604 836
604 1078
604 968
604 1130
604 911
604 726
604 998
604 667
606 1076
607 912
607 793
607 1040
608 609
608 611
608 775
608 1069
608 1040
608 665
608 926
609 805
609 998
609 1133
609 686
609 879
609 1115
609 850
610 964
610 645
610 782
610 947
610 694
610 879
611 927
611 834
611 731
611 1128
611 622
611 623
611 758
611 766
612 1127
612 969
612 969
612 743
612 623
612 1035
612 850
612 692
612 899
612 1118
613 970
613 808
613 892
614 743
614 1050
614 701
615 912
616 704
616 1030
616 935
616 1045
616 1115
616 893
617 768
617 710
617 625
617 1067
617 1133
617 973
617 1077
618 930
618 964
618 824
618 1144
620 880
620 1105
620 1011
620 917
620 892
621 801
621 889
622 1056
622 804
622 819
622 1151
623 805
623 650
623 1133
624 901
624 903
624 708
624 670
624 645
624 821
624 964
624 717
624 858
624 744
625 713
625 732
625 669
626 675
626 646
626 903
626 973
626 751
626 818
626 691
626 698
627 1063
627 656
627 979
627 737
628 713
628 875
628 716
629 646
629 784
629 922
629 794
629 1054
629 1054
629 1059
629 934
629 1064
629 686
629 968
629 930
629 1038
629 987
629 1014
630 1091
631 900
631 911
631 1040
631 936
631 682
631 1078
631 1012
631 958
631 833
631 709
631 631
631 634
632 645
632 1005
632 846
632 686
634 993
634 685
634 1044
634 745
634 882
635 1106
635 875
636 879
636 751
637 1128
637 692
639 1155
639 1159
639 1101
639 815
639 794
639 879
640 905
640 782
640 795
640 814
640 697
640 1087
640 1102
640 1136
640 759
640 888
641 744
641 1137
641 728
641 1011
642 896
642 1091
642 935
642 649
642 714
642 685
642 911
642 1145
642 1034
643 768
643 827
645 918
645 936
645 815
645 833
645 709
645 711
646 1075
646 675
646 659
646 931
646 798
649 928
649 1027
649 1093
649 745
649 1035
649 1040
649 789
649 1014
650 765
650 810
651 1128
651 1065
651 983
651 1145
651 890
651 765
652 966
652 782
652 983
652 859
652 1085
652 862
654 853
654 765
655 902
655 681
655 970
655 743
655 889
655 723
655 934
655 1080
655 950
655 733
656 784
656 953
657 993
657 1030
657 893
657 925
657 1150
658 1037
658 751
658 1040
659 1024
659 940
659 1043
659 709
659 959
659 1090
659 965
659 1102
659 1102
659 846
659 855
659 737
659 1044
659 766
661 1068
661 710
662 769
662 862
663 911
664 1037
664 849
664 754
664 819
664 763
665 893
665 1030
665 1144
665 888
665 669
665 1086
665 1063
666 769
666 899
666 778
666 1045
666 1062
666 968
666 707
666 1111
666 1114
666 1130
666 766
667 872
667 748
667 725
668 938
669 805
669 761
669 837
669 751
669 1054
669 953
669 795
669 1151
670 903
670 905
670 778
670 918
670 1055
670 679
670 830
670 714
670 1105
670 1017
670 737
670 1014
671 950
672 737
673 900
674 947
675 743
675 872
675 1033
675 1050
675 1085
676 901
676 1128
676 1154
676 1102
676 719
676 808
676 1115
676 1054
677 1025
677 782
677 926
677 841
677 728
677 732
677 862
677 1015
678 1057
678 930
678 838
678 902
678 1080
678 985
681 1064
681 843
681 1037
681 974
681 840
681 1011
681 858
681 947
682 1098
683 944
683 852
684 855
684 1140
685 878
685 819
685 920
686 896
686 786
686 1056
686 1059
686 969
686 717
686 980
686 868
686 998
686 750
686 767
687 1094
687 938
687 779
687 950
687 1018
688 1148
689 969
689 857
689 1017
689 797
690 899
691 1090
691 708
691 868
692 705
692 1122
692 1025
692 760
692 703
693 847
694 994
694 846
694 782
694 731
695 979
695 1145
695 732
696 874
697 1123
697 875
697 1020
697 995
698 707
698 1037
699 912
699 885
699 923
699 853
700 933
700 1151
701 1065
702 987
703 733
703 861
704 932
704 732
704 940
704 827
705 928
705 928
705 899
705 1092
705 833
705 913
705 786
705 885
705 829
706 1133
706 1075
707 1153
707 974
707 1130
708 772
708 911
708 1043
708 1059
708 831
708 1096
708 992
709 1030
709 913
709 792
709 921
709 1054
709 826
709 966
709 984
709 994
709 1130
709 1005
709 751
709 1022
710 996
710 1136
710 977
710 810
710 895
711 863
712 982
713 1018
713 821
714 736
714 1057
714 817
716 1054
717 768
717 1031
717 749
718 1065
719 995
719 750
719 880
719 920
719 986
721 789
722 880
722 827
722 766
723 1035
723 1062
723 728
723 1124
723 868
723 934
723 745
723 830
724 1084
726 915
728 827
728 804
728 899
728 912
728 1014
728 891
728 1151
729 947
729 998
731 1098
731 1059
732 774
732 795
732 1081
732 1144
732 893
733 911
733 903
733 1128
733 1130
733 923
735 858
736 880
736 1115
736 923
736 1084
737 897
737 934
737 837
737 850
737 850
737 853
737 847
737 994
737 868
738 998
738 786
738 1009
738 947
738 787
739 1158
740 770
740 829
743 1106
743 830
743 828
744 897
744 1130
744 947
744 958
745 768
745 1075
745 818
745 965
745 970
745 978
745 852
745 873
745 765
746 900
746 1078
747 769
747 824
747 926
748 1003
749 1043
750 800
750 770
750 923
750 902
750 1140
750 1064
750 1039
750 884
751 912
751 932
751 1137
751 808
751 815
751 944
751 955
751 998
751 1128
751 1064
751 885
751 885
751 1018
752 934
752 817
753 1053
754 1124
754 1092
754 1061
754 1126
754 766
755 770
756 822
756 1020
757 1069
758 899
758 1065
758 1097
758 1113
758 861
758 1008
758 1141
758 763
760 782
760 794
760 923
760 801
760 1159
760 866
760 998
760 829
760 763
761 1065
761 940
761 853
761 889
761 762
762 860
762 969
762 819
762 883
763 1037
763 1141
763 1005
764 997
764 1010
764 803
764 790
764 1147
764 829
765 911
765 933
765 1097
765 1034
765 943
765 795
766 1153
766 1030
766 911
766 920
766 930
766 931
766 933
766 853
766 982
766 1127
766 888
766 889
767 1153
767 893
768 1059
768 1098
768 855
768 1044
769 963
769 1143
769 820
769 905
769 827
769 1054
770 875
770 794
772 897
772 934
772 1106
772 1010
772 819
772 1014
772 959
773 928
773 1071
773 977
773 987
774 931
774 894
776 834
776 1029
776 1105
776 1064
776 1035
776 814
776 1014
778 875
778 879
778 1140
778 795
778 926
778 1119
779 982
782 896
782 790
782 911
782 1046
782 1051
782 1052
782 1050
782 1057
782 950
782 879
784 947
784 923
785 937
785 944
785 1087
786 965
786 849
786 1005
786 880
786 829
787 1064
787 1136
787 917
787 1015
787 862
788 1124
788 807
788 1128
788 970
788 810
788 1133
790 805
790 1066
790 1125
790 1053
791 986
791 860
792 1153
792 1009
792 885
792 933
792 1149
792 1087
793 905
793 920
793 1051
794 964
794 880
795 970
795 999
795 882
797 1151
798 1034
798 799
798 939
798 887
798 888
798 1145
798 1020
798 1022
799 963
799 886
801 1002
801 1124
801 925
802 819
802 1113
803 977
803 819
804 1059
804 1043
804 948
804 989
805 899
805 902
805 1035
805 1040
805 931
805 810
805 947
805 849
805 996
805 1115
806 1091
807 889
807 814
808 1064
808 1097
808 893
808 853
809 861
810 913
810 1030
811 1116
813 1065
813 1115
814 872
814 1013
815 1145
816 1062
817 913
817 952
817 1084
819 903
819 1054
819 1061
819 819
819 827
819 981
819 872
819 1014
820 1075
820 862
820 831
822 944
822 1046
822 831
823 1029
823 1063
823 938
823 971
823 885
823 849
824 1153
824 903
824 940
824 849
824 948
824 1063
824 926
825 850
825 1141
826 1114
826 1102
827 928
827 1085
828 908
829 1062
829 937
829 1094
829 1095
830 1075
830 1044
830 931
830 860
831 880
831 1041
831 1012
831 901
832 963
832 1075
832 1145
832 923
833 1009
833 1097
833 939
833 1007
833 1012
833 1157
834 1123
834 1097
834 1035
834 947
834 937
834 875
834 1146
834 1151
835 1036
835 879
836 893
836 934
837 996
837 1130
838 1128
838 1102
841 908
841 1045
841 982
841 1015
842 847
842 981
843 1128
845 896
845 966
846 1024
846 1076
846 1147
846 927
847 1145
849 864
849 882
849 1145
849 1030
850 1088
850 1040
850 937
850 857
850 895
852 1009
853 1155
853 915
853 926
853 923
853 1060
853 996
853 1126
854 1044
855 1050
856 1123
857 1088
857 901
857 970
857 1037
857 1005
857 947
857 888
858 1076
858 1113
860 1115
860 923
860 1085
861 1030
861 982
861 1144
862 1044
862 1140
863 928
863 1062
866 899
866 1140
866 921
868 1052
868 1053
868 1076
868 1090
868 972
868 885
868 889
872 1128
872 1074
874 1008
875 1082
876 966
876 1054
877 1128
879 1153
879 1153
879 1028
879 923
879 1065
879 939
879 1074
879 956
879 969
879 966
879 1113
879 1124
879 1008
879 889
880 896
880 921
880 1114
880 1151
881 953
882 1024
882 912
882 1044
882 917
882 934
882 1037
883 1091
883 905
883 1046
884 912
885 899
885 1035
885 895
887 928
887 1035
887 1103
887 923
888 965
888 1040
888 1109
888 894
889 931
889 1000
890 900
890 941
890 976
893 932
894 928
894 897
895 968
895 905
895 1023
897 918
898 1033
899 1153
899 947
899 951
899 1115
899 1005
899 1018
900 932
900 1018
901 939
901 1105
901 926
901 1086
902 1097
902 1049
902 1052
903 1080
904 1112
905 1074
906 937
908 1035
910 1001
911 1078
912 1045
912 934
912 1122
913 1030
913 1034
913 1151
914 940
915 1090
915 1113
915 953
915 1013
916 999
917 1096
917 947
917 1044
917 920
919 971
921 1154
921 987
922 1030
922 1151
923 1026
923 1061
923 1143
925 966
925 1133
926 1003
926 949
928 929
928 1128
928 1035
931 1062
931 977
933 994
934 1081
934 1096
934 1113
934 1118
935 1024
935 1014
935 937
935 1118
936 1123
936 1091
937 1030
937 939
937 1096
937 1105
937 1011
938 1155
938 1094
939 1086
940 1059
940 999
940 1147
941 966
941 1005
941 982
942 1059
943 956
944 1069
944 1018
945 1066
947 1155
950 1014
952 1133
953 969
955 958
959 1067
959 1148
960 1096
964 1078
964 1143
964 1144
966 1052
966 1140
966 1144
967 1034
967 973
968 1092
968 1126
968 1000
968 974
968 1070
968 1021
969 1037
969 1085
969 1123
970 1024
970 1153
970 1067
970 1075
971 994
971 1062
973 1140
974 1045
976 1145
978 998
978 1096
981 1035
982 987
983 998
987 1110
989 1002
990 1081
990 1118
993 1121
993 1074
993 1129
993 1037
993 1081
994 1033
994 1131
994 1015
997 1024
997 1153
998 1054
998 1096
998 1133
998 1015
998 1015
998 1145
999 1154
999 1046
1000 1065
1000 1096
1002 1096
1004 1080
1004 1033
1005 1096
1005 1104
1005 1130
1005 1141
1009 1127
1009 1023
1010 1135
1012 1114
1013 1064
1014 1096
1014 1113
1018 1133
1018 1102
1020 1091
1020 1066
1020 1150
1024 1064
1024 1037
1025 1061
1025 1029
1027 1106
1029 1059
1030 1098
1033 1096
1033 1140
1034 1061
1034 1063
1035 1040
1037 1146
1044 1114
1044 1118
1044 1140
1045 1151
1046 1075
1046 1158
1051 1080
1051 1053
1054 1113
1055 1061
1055 1129
1059 1155
1062 1080
1062 1113
1063 1153
1063 1113
1064 1085
1066 1102
1067 1138
1071 1088
1074 1155
1075 1140
1075 1097
1075 1100
1075 1115
1075 1151
1077 1105
1078 1128
1080 1127
1080 1136
1084 1151
1085 1102
1085 1106
1090 1097
1090 1102
1090 1124
1092 1092
1096 1123
1110 1148
1111 1135
1113 1128
1113 1128
1114 1140
1114 1143
1116 1127
1117 1133
1117 1151
1118 1151
1125 1154
1125 1129
1130 1141
1133 1141
1133 1151
1151 1153
