0 227
0 293
0 199
0 298
0 143
0 625
0 803
0 596
0 565
0 822
0 119
0 1140
0 950
0 318
1 888
2 545
2 849
3 25
3 587
3 483
3 533
3 221
4 184
4 531
4 227
4 526
5 284
5 380
5 1087
6 629
6 526
6 1127
7 332
7 172
7 604
8 544
8 1024
8 130
8 228
8 135
8 1066
8 461
8 273
8 338
8 380
9 568
9 216
9 676
9 46
9 631
10 384
10 355
10 901
10 710
10 1009
10 75
10 305
10 114
10 819
10 378
10 732
10 382
11 802
11 507
11 773
11 393
11 202
11 203
11 290
11 147
11 105
11 923
12 632
13 864
13 537
13 861
14 256
14 646
14 393
14 536
14 1053
14 931
14 936
14 429
14 561
14 265
14 965
14 847
14 81
14 211
14 346
14 604
14 480
14 228
14 230
14 849
14 1000
14 748
14 368
14 1128
14 370
14 372
15 512
15 994
15 1058
15 950
15 455
15 264
15 845
15 877
15 816
15 242
15 308
15 117
15 534
15 600
15 1145
16 768
16 547
16 612
16 295
16 275
16 172
16 460
16 1005
16 751
16 115
16 600
16 461
16 540
17 256
17 707
17 806
17 1127
17 424
17 649
17 1133
17 77
17 499
17 464
17 67
17 823
17 88
17 541
18 102
18 518
18 145
18 659
18 469
18 220
18 541
18 766
18 895
19 769
19 642
19 614
19 560
19 464
19 1084
20 353
20 486
20 518
20 684
20 172
20 624
20 146
20 489
20 184
20 1030
20 1020
20 1054
21 896
21 517
21 622
21 463
21 625
21 854
21 986
21 411
22 640
22 505
22 1091
22 301
22 222
23 896
23 1005
23 413
24 384
24 483
24 644
24 645
24 646
24 893
24 142
24 303
24 242
24 789
24 934
24 600
24 443
24 732
24 1021
24 965
25 1024
25 1024
25 42
25 610
25 146
25 905
25 938
25 1005
25 526
25 111
25 912
25 1009
25 754
25 819
25 728
25 795
25 947
25 414
26 896
26 514
26 131
26 394
26 779
26 834
26 275
26 1046
26 793
26 923
26 540
26 541
26 932
26 166
26 935
26 1067
26 578
26 709
26 211
26 344
26 490
26 875
26 1005
26 1138
26 760
26 511
27 112
27 275
27 300
28 320
28 97
28 675
28 804
28 326
28 545
28 201
28 684
28 334
28 751
28 611
28 716
28 758
28 313
28 248
28 185
28 858
28 251
28 732
28 413
28 169
29 613
29 402
29 490
29 1063
29 557
29 1102
29 465
29 178
29 659
29 1108
29 346
30 636
30 388
30 101
30 211
30 422
30 252
30 62
30 1116
30 1144
30 1043
30 121
30 501
30 265
30 696
30 953
30 570
30 443
30 732
30 998
30 543
31 298
31 507
31 621
32 384
32 385
32 772
32 141
32 656
32 402
32 790
32 670
32 37
32 41
32 306
32 306
32 1074
32 309
32 567
32 65
32 322
32 594
32 489
32 877
32 115
32 1014
32 762
33 768
33 899
33 911
33 912
33 912
33 414
33 545
33 931
33 937
33 813
33 565
33 182
33 695
33 1080
33 752
33 318
33 704
33 1091
33 966
33 336
33 745
33 879
33 112
33 369
33 763
33 124
34 737
34 763
34 422
34 582
35 737
35 879
36 1090
36 1064
36 41
36 204
36 973
36 1102
36 93
36 280
36 50
36 84
36 472
36 123
36 60
36 349
36 798
37 544
37 998
37 903
37 330
37 173
37 494
37 621
37 1054
37 346
37 93
37 1118
38 240
38 176
38 155
38 303
39 769
39 1061
39 681
39 428
39 183
39 538
39 252
39 831
40 145
40 613
41 640
41 834
41 325
41 934
41 391
41 520
41 905
41 330
41 50
41 305
41 850
41 947
41 244
41 471
41 376
41 639
42 696
42 491
42 100
43 995
43 776
43 620
43 748
43 557
43 497
43 249
44 786
44 779
44 991
45 129
45 546
45 258
45 398
45 112
45 782
45 377
45 347
46 834
46 515
46 804
46 101
46 303
46 824
46 1124
46 251
47 354
47 135
47 177
47 529
47 754
47 312
47 601
48 760
48 1056
48 213
48 1009
49 640
49 515
49 266
49 912
49 275
49 542
49 297
49 690
49 178
49 692
49 309
49 182
49 444
49 835
49 326
49 889
49 343
49 728
49 353
49 745
49 879
49 499
49 1140
49 937
49 377
50 901
50 265
50 265
50 269
50 913
50 544
50 162
50 294
50 939
50 307
50 51
50 697
50 453
50 846
50 207
50 723
50 856
50 601
50 1130
50 1065
50 1015
50 505
50 509
51 503
51 148
51 607
52 124
52 666
52 452
52 726
52 270
53 738
53 1094
53 618
53 876
53 781
53 666
53 347
53 62
54 162
54 115
54 420
54 601
54 328
54 183
54 921
54 1043
54 500
54 756
54 503
54 67
54 55
54 90
55 129
55 135
55 392
55 905
55 395
55 782
55 663
55 666
55 801
55 679
55 1084
55 330
55 966
55 72
55 74
55 334
55 846
55 994
55 872
55 240
55 754
55 122
56 361
56 868
56 321
57 302
57 117
57 119
57 601
57 541
57 222
58 1153
58 283
58 460
58 958
58 423
59 952
60 129
60 139
60 365
60 657
60 953
60 152
60 1050
60 155
60 546
60 219
60 422
60 936
60 942
60 185
60 71
60 207
60 465
60 466
60 470
60 855
60 347
60 862
60 486
60 109
60 252
61 966
61 489
61 235
61 751
61 594
61 1108
61 795
62 485
62 1035
62 628
62 1045
62 694
62 1144
62 186
63 259
63 996
63 998
63 359
63 969
63 176
63 955
63 318
63 895
64 928
64 193
64 386
64 1139
64 677
64 934
64 81
64 1128
64 1065
64 204
64 288
64 880
64 273
64 819
64 724
64 981
64 310
64 439
64 276
64 860
65 640
65 834
65 708
65 70
65 897
65 330
65 1067
65 173
65 366
65 411
65 830
66 259
66 1096
66 1065
66 794
66 124
66 767
67 778
67 87
67 142
67 399
67 669
67 674
67 293
67 424
67 940
67 558
67 304
67 215
67 451
67 454
67 970
67 463
67 463
67 782
67 343
67 1113
67 732
67 95
67 483
67 487
67 361
67 1005
67 243
67 124
68 424
68 1124
68 765
68 854
68 1037
69 1029
70 260
70 517
70 307
70 395
70 411
70 542
70 645
70 934
70 686
70 435
70 649
70 579
70 453
70 454
70 968
70 201
70 1115
70 1118
70 736
70 493
70 124
71 1152
72 768
72 163
72 1063
72 457
72 170
72 1144
72 125
73 1088
73 795
73 158
74 384
74 897
74 802
74 355
74 229
74 678
74 737
74 1145
74 75
74 207
74 728
74 596
74 917
74 310
74 966
74 665
74 218
74 1115
75 297
75 364
75 191
75 221
75 244
75 1078
75 1033
75 507
75 507
75 284
75 799
76 410
77 353
77 326
77 488
77 489
77 206
77 463
77 304
77 882
77 882
77 499
77 526
77 954
77 895
78 864
78 544
78 710
78 744
78 256
78 463
78 304
78 625
78 660
78 469
78 343
78 600
78 372
78 155
78 862
79 264
79 778
79 171
79 117
79 158
80 176
80 368
80 1005
80 1055
81 390
81 656
81 545
81 547
81 902
81 201
81 313
81 708
81 1097
81 183
81 850
81 728
81 1114
81 228
81 210
81 750
81 879
81 1140
81 122
81 1148
82 933
82 1029
83 224
83 1024
83 994
83 1059
83 196
83 550
83 487
83 681
83 333
83 729
83 1147
83 799
84 676
85 834
85 935
85 493
85 436
85 406
85 87
85 860
86 224
86 964
86 613
86 586
86 238
86 1105
86 243
86 868
86 159
87 514
87 133
87 134
87 763
87 776
87 1033
87 155
87 413
87 818
87 304
87 562
87 969
87 461
87 611
87 486
87 754
87 119
87 377
87 251
87 639
88 834
88 388
88 901
88 422
88 169
88 847
88 212
88 247
88 601
88 893
89 483
89 1029
89 838
89 493
89 1011
89 934
89 117
89 183
89 643
89 251
89 570
90 519
90 910
90 913
90 402
90 793
90 1050
90 411
90 284
90 288
90 923
90 548
90 294
90 689
90 309
90 312
90 443
90 1094
90 212
90 343
90 601
90 221
90 994
90 355
90 868
90 1136
90 116
90 631
90 1021
91 163
91 124
92 288
92 513
92 695
92 617
92 617
92 838
92 614
92 999
92 937
92 519
92 1069
92 142
92 912
92 373
92 414
92 745
92 344
92 1018
92 1054
93 641
93 259
93 773
93 1040
93 387
93 795
93 799
93 712
93 314
93 958
93 194
93 455
93 584
93 847
93 465
93 470
93 728
93 733
93 873
93 618
93 364
93 237
93 237
93 751
93 1043
93 634
93 507
93 1149
94 578
94 1027
94 262
94 903
94 137
94 1002
94 642
94 430
94 1074
94 405
94 121
94 476
94 861
94 981
95 133
95 941
95 849
95 275
95 758
95 1019
96 392
96 578
96 275
96 879
97 260
97 659
97 686
97 108
98 824
98 770
99 216
99 798
100 993
100 325
100 139
100 685
100 304
100 179
100 760
100 760
100 251
100 1151
101 864
101 900
101 133
101 1030
101 327
101 280
101 564
101 1047
101 984
101 244
101 325
102 1097
102 379
102 805
103 836
103 261
103 294
103 875
103 333
103 1157
104 1115
104 676
104 676
104 485
104 169
104 490
104 880
104 531
104 468
104 631
104 601
104 891
104 284
104 1149
104 1023
105 833
105 422
105 1030
105 872
105 493
105 1102
105 333
105 1140
105 312
105 1012
105 254
105 863
106 993
106 451
106 577
106 170
106 843
106 462
106 913
106 242
106 404
106 758
106 376
106 476
107 698
107 819
108 377
108 523
108 148
108 943
109 1056
109 450
109 395
109 293
109 1096
109 939
109 206
109 733
109 177
109 221
109 822
109 538
109 829
109 414
110 448
110 1153
110 738
110 219
110 1033
110 650
110 461
110 786
110 819
110 470
110 280
110 123
111 440
111 244
111 886
112 130
112 451
112 670
112 998
112 743
112 620
112 207
112 911
112 369
112 1115
112 372
112 757
112 537
112 1081
112 751
112 860
112 221
112 318
113 211
113 732
113 485
114 512
114 392
114 963
114 417
114 931
114 934
114 937
114 304
114 181
114 830
114 450
114 944
114 196
114 586
114 465
114 547
114 212
114 345
114 1133
114 1008
114 244
114 246
114 1145
114 893
115 293
115 198
115 534
115 399
115 594
115 275
115 308
115 1054
115 217
115 1078
115 542
116 640
116 995
116 453
116 455
116 519
116 1015
116 973
116 335
116 823
116 181
116 119
116 632
117 384
117 387
117 526
117 411
117 675
117 550
117 172
117 565
117 829
117 318
117 448
117 833
117 711
117 711
117 460
117 855
117 1115
117 1128
117 239
117 242
117 1018
117 380
117 765
118 397
118 246
119 260
119 774
119 265
119 1061
119 424
119 170
119 301
119 694
119 1079
119 442
119 651
119 1096
119 586
119 340
119 343
119 1115
119 860
119 352
119 724
119 124
120 278
120 677
120 934
120 202
120 889
120 1102
120 143
120 402
120 246
120 503
120 1113
120 507
121 1058
121 529
121 702
121 409
122 131
122 131
122 135
122 143
122 368
122 307
122 183
122 411
122 1011
123 773
123 269
123 913
123 1046
123 159
123 544
123 802
123 805
123 808
123 810
123 310
123 1080
123 825
123 1055
123 829
123 465
123 377
123 1113
123 861
123 875
123 236
123 493
123 372
123 633
124 384
124 264
124 657
124 661
124 152
124 665
124 158
124 678
124 172
124 568
124 692
124 315
124 577
124 583
124 208
124 1080
124 853
124 1121
124 228
124 744
124 623
124 496
124 628
124 763
125 994
125 551
125 396
125 563
125 1075
125 410
125 284
125 447
126 265
126 1078
126 439
127 563
128 210
128 463
128 628
128 343
129 769
129 1029
129 648
129 779
129 917
129 901
129 550
129 1064
129 937
129 563
129 824
129 971
129 1106
129 217
129 346
129 1119
129 225
129 422
129 880
129 1140
129 681
130 640
130 768
130 395
130 527
130 665
130 546
130 805
130 681
130 686
130 686
130 441
130 316
130 960
130 1090
130 569
130 456
130 465
130 215
130 477
130 612
130 373
130 1151
131 538
131 422
131 1096
131 492
131 176
131 337
131 947
131 505
131 248
131 1145
131 508
132 705
133 192
133 515
133 401
133 1073
133 210
133 821
134 768
134 172
134 529
134 406
134 545
134 933
134 300
134 559
134 305
134 309
134 183
134 316
134 194
134 452
134 866
134 376
134 210
134 470
134 479
134 1122
134 233
134 243
134 1016
135 385
135 774
135 782
135 402
135 538
135 291
135 1061
135 1062
135 1064
135 553
135 176
135 819
135 1081
135 198
135 201
135 610
135 1102
135 340
135 861
135 994
135 227
135 740
135 1127
135 487
135 237
135 245
135 758
136 1059
136 804
136 615
136 297
136 1034
136 1037
136 181
136 922
136 347
136 861
137 1153
137 774
137 1137
137 244
137 446
137 251
138 860
139 385
139 521
139 269
139 912
139 1045
139 325
139 546
139 681
139 554
139 941
139 692
139 826
139 1093
139 1094
139 848
139 210
139 208
139 490
139 369
139 1014
140 745
140 970
140 925
140 166
141 752
141 604
141 279
142 1154
142 400
142 277
142 665
142 286
142 291
142 169
142 558
142 306
142 307
142 308
142 1054
142 322
142 966
142 460
142 461
142 981
142 726
142 347
142 604
142 618
142 882
142 757
142 1145
142 819
143 448
143 470
143 330
143 1066
143 950
143 219
143 1117
144 969
144 1075
144 861
144 590
144 661
145 392
145 276
145 1053
145 572
145 545
145 689
145 172
145 557
145 368
145 434
145 1075
145 1084
145 830
145 1091
145 324
145 326
145 968
145 723
145 1113
145 987
145 994
145 994
145 361
145 624
145 1010
145 1023
146 163
146 534
146 646
146 337
146 649
146 842
146 402
146 177
146 785
146 465
146 252
146 1014
146 888
146 884
146 378
146 507
146 316
146 1150
147 1024
147 649
147 795
147 162
147 923
147 558
147 692
147 829
147 708
147 847
147 594
147 355
147 600
147 611
147 487
147 1128
147 365
147 883
147 1012
147 630
147 631
147 888
148 196
148 294
148 233
148 272
148 532
148 565
148 1110
148 476
148 733
148 158
149 404
150 709
150 678
150 1131
150 976
150 210
150 247
151 611
151 879
151 1136
151 562
151 595
151 532
152 276
152 1050
152 413
152 165
152 1096
152 1096
152 435
152 834
152 196
152 328
152 204
152 206
152 466
152 597
152 1115
152 228
152 487
152 364
152 627
152 378
152 200
153 934
153 486
153 178
153 798
153 923
153 1054
154 936
154 367
155 896
155 518
155 782
155 655
155 1052
155 545
155 169
155 427
155 940
155 206
155 1075
155 181
155 830
155 703
155 832
155 832
155 1102
155 341
155 219
155 743
155 236
155 495
155 1144
155 255
156 936
156 361
156 909
156 655
156 177
156 1053
156 510
157 368
157 365
157 261
158 899
158 1030
158 1031
158 1027
158 920
158 902
158 1062
158 167
158 1097
158 183
158 976
158 216
158 1114
158 1117
158 1124
158 751
158 624
158 1014
158 404
158 404
158 250
159 204
160 211
160 798
160 607
161 640
162 640
162 902
162 526
162 1048
162 303
162 821
162 182
162 703
162 584
162 207
162 465
162 980
162 215
162 857
162 866
162 1130
162 364
162 1015
162 382
163 266
163 278
163 663
163 677
163 681
163 316
163 964
163 609
163 846
163 847
163 722
163 805
163 352
163 993
163 873
163 495
163 1136
163 501
163 252
164 833
164 392
164 1068
164 940
164 460
164 1069
164 879
164 915
164 628
164 853
164 787
164 985
164 410
164 1051
165 481
165 355
165 868
165 662
165 953
165 733
165 670
165 735
166 293
166 333
166 719
166 880
166 309
166 918
166 444
166 1053
166 254
167 733
167 931
167 327
167 1127
167 743
167 499
167 308
167 406
167 695
167 564
167 1018
167 669
168 318
169 289
169 804
169 622
169 792
169 937
169 631
169 476
169 1118
169 565
171 529
171 1147
171 998
171 1134
172 777
172 173
172 669
172 938
172 429
172 304
172 434
172 184
172 736
172 322
172 455
172 462
172 336
172 440
172 466
172 214
172 857
172 911
172 352
172 737
172 361
172 1011
172 244
172 1015
173 993
173 487
173 327
173 1037
173 626
173 307
173 376
173 505
173 1051
173 421
174 385
174 337
174 979
174 1028
174 655
175 288
175 899
175 457
175 719
175 275
175 766
176 896
176 399
176 259
176 539
176 1055
176 368
176 547
176 1062
176 807
176 1067
176 308
176 182
176 194
176 453
176 239
176 333
176 465
176 210
176 211
176 621
176 750
176 367
176 624
177 782
177 275
177 407
177 792
177 743
177 414
177 929
177 934
177 1063
177 436
177 310
177 593
177 723
177 465
177 862
177 1107
177 1124
177 422
177 486
177 487
177 235
177 1004
177 402
177 1011
177 254
178 388
178 903
178 1037
178 398
178 412
178 1065
178 682
178 1075
178 180
178 180
178 313
178 314
178 443
178 581
178 581
178 697
178 601
178 994
178 247
178 766
178 1151
179 700
179 437
179 246
180 325
180 846
180 655
180 531
180 342
180 279
180 1148
181 616
181 234
181 590
181 401
181 342
182 450
182 875
182 424
182 265
182 252
182 791
182 584
182 879
182 306
182 1140
182 597
182 937
182 314
182 828
183 772
183 1157
183 905
183 1044
183 278
183 601
183 666
183 289
183 685
183 430
183 312
183 1102
183 210
183 606
183 225
183 355
183 1129
183 239
183 893
183 766
183 639
184 928
184 485
184 591
184 625
184 307
184 692
184 472
184 367
184 767
184 1119
185 547
185 763
185 491
185 243
185 379
186 305
187 905
187 885
188 608
188 681
188 1083
188 239
188 1065
189 1091
189 359
189 1096
189 652
189 621
189 687
189 305
189 788
189 406
189 695
189 761
189 602
189 1115
189 429
190 538
190 543
190 916
190 551
191 641
191 900
191 709
191 774
191 681
191 461
191 798
191 517
192 321
192 194
192 710
192 234
192 987
192 669
193 1059
193 262
193 841
193 330
193 467
193 1085
194 448
194 813
194 989
194 689
194 695
194 1083
194 199
194 461
194 1102
194 594
194 996
194 987
194 612
194 490
194 748
194 751
194 243
194 766
195 705
195 969
195 748
195 880
195 883
195 439
196 770
196 902
196 265
196 657
196 430
196 430
196 670
196 1060
196 686
196 306
196 1081
196 318
196 447
196 1092
196 713
196 204
196 338
196 470
196 1115
196 994
196 615
196 361
196 487
196 487
196 751
196 624
196 595
196 703
197 849
197 769
198 769
198 515
198 484
198 552
198 298
198 560
198 369
198 694
198 407
198 408
198 731
198 330
198 798
199 1035
199 284
200 271
200 402
200 275
200 1044
200 928
200 421
200 937
200 811
200 435
200 694
200 312
200 705
200 581
200 461
200 465
200 915
200 739
200 361
200 237
200 627
200 500
200 885
200 760
200 1147
201 1037
201 656
201 658
201 923
201 547
201 423
201 296
201 299
201 1072
201 947
201 1091
201 995
201 853
201 400
201 1123
201 1130
201 621
201 624
201 244
201 631
201 890
202 1153
202 774
202 778
202 1046
202 666
202 544
202 544
202 293
202 937
202 555
202 303
202 693
202 316
202 949
202 581
202 465
202 728
202 602
202 484
202 629
202 380
203 476
203 406
204 1026
204 1040
204 1053
204 798
204 934
204 1066
204 709
204 308
204 950
204 830
204 325
204 1094
204 207
204 342
204 611
204 484
204 364
204 880
205 547
205 708
205 785
205 333
205 369
205 533
205 918
206 645
206 1128
206 754
206 627
206 559
206 470
206 950
206 1081
206 699
206 412
206 1150
206 415
207 388
207 326
207 1062
207 616
207 303
207 344
207 382
207 581
208 608
208 260
208 781
208 978
208 221
209 245
209 431
210 640
210 307
210 659
210 934
210 411
210 415
210 289
210 548
210 1062
210 427
210 691
210 837
210 710
210 1102
210 349
210 550
210 489
210 369
210 1140
210 1014
210 248
210 1147
210 894
211 768
211 899
211 772
211 519
211 1035
211 782
211 655
211 659
211 279
211 410
211 411
211 549
211 552
211 427
211 687
211 822
211 853
211 601
211 474
211 1116
211 355
211 233
211 750
211 629
211 761
212 803
212 1124
212 1033
212 490
212 940
212 1069
212 399
212 529
212 916
212 215
212 348
213 329
214 259
214 772
214 645
214 940
214 814
214 596
214 343
214 1146
215 328
215 1034
215 290
215 300
215 643
215 1141
215 889
215 795
215 892
215 490
216 228
216 613
216 262
216 521
216 1005
216 501
216 982
216 443
216 245
217 1153
217 859
217 998
217 1033
217 266
217 491
217 464
217 404
217 600
217 667
217 252
217 733
217 798
218 352
218 484
218 486
218 1099
218 782
218 399
218 626
218 1113
219 1024
219 450
219 747
219 461
219 819
219 505
219 830
220 811
220 709
221 518
221 522
221 273
221 793
221 1136
221 812
221 687
221 821
221 694
221 570
221 830
221 450
221 711
221 719
221 476
221 366
222 932
222 935
222 318
222 1118
222 249
222 382
223 414
223 847
224 722
224 622
224 677
225 1032
225 778
225 779
225 1037
225 921
225 538
225 416
225 417
225 931
225 424
225 434
225 708
225 582
225 583
225 586
225 868
225 993
225 996
225 997
225 750
226 832
226 227
226 326
226 905
226 439
226 1017
226 378
227 704
227 483
227 262
227 551
227 875
227 944
227 754
227 853
227 822
227 313
228 1159
228 651
228 524
228 728
228 670
228 928
228 290
228 1059
228 427
228 302
228 304
228 821
228 951
228 699
228 574
228 963
228 711
228 722
228 722
228 477
228 489
228 496
228 1014
228 888
228 1146
228 1147
228 511
229 537
229 327
230 1030
230 965
230 406
231 1075
232 482
233 291
233 1126
233 259
233 330
233 685
233 1007
233 376
233 564
233 600
233 313
233 764
234 289
234 323
234 845
234 399
234 367
234 751
235 646
235 1065
235 302
235 274
235 499
235 791
235 248
235 857
236 484
236 709
236 1030
236 935
236 587
236 524
236 334
236 1015
236 605
237 917
237 537
237 287
237 288
237 1105
237 1067
237 562
237 820
237 1087
237 1090
237 323
237 842
237 849
237 849
237 855
237 485
237 743
237 616
237 880
237 1012
237 629
237 634
237 507
238 629
238 511
239 641
239 386
239 515
239 1044
239 283
239 670
239 803
239 681
239 1066
239 939
239 328
239 435
239 439
239 968
239 714
239 719
239 857
239 860
239 994
239 355
239 875
239 364
239 1151
239 895
240 782
240 483
240 397
241 717
242 772
242 517
242 522
242 269
242 405
242 931
242 293
242 439
242 443
242 322
242 964
242 1144
242 983
242 346
242 1002
242 1004
242 499
242 376
242 889
243 485
243 842
243 533
243 557
243 634
243 690
243 243
243 309
243 982
243 1046
243 731
243 860
243 1117
243 1054
243 917
244 513
244 491
244 774
244 651
244 908
244 786
244 681
244 697
244 827
244 316
244 959
244 332
244 463
244 490
244 875
244 1140
244 895
245 982
245 935
245 809
245 1040
245 564
245 1046
245 247
246 609
246 868
246 406
246 973
246 430
246 1013
246 249
246 1021
246 1045
247 782
247 264
247 1097
247 1034
247 1068
247 302
247 861
247 592
247 913
247 1042
247 788
247 793
247 1096
247 251
247 316
247 728
248 737
248 898
248 677
248 1005
248 719
248 304
248 441
249 798
249 612
249 1062
249 328
249 745
249 587
249 940
249 277
249 265
249 890
249 733
250 933
250 264
250 905
250 745
250 399
250 369
250 722
250 276
250 695
250 1096
250 857
250 858
250 411
250 411
250 1148
250 831
251 427
251 645
251 645
251 523
251 911
251 532
251 284
251 926
251 1059
251 1061
251 425
251 939
251 945
251 958
251 838
251 333
251 470
251 540
251 879
251 629
251 404
251 380
251 254
251 895
252 515
252 903
252 1155
252 539
252 545
252 677
252 686
252 969
252 572
252 1092
252 329
252 970
252 981
252 316
252 364
253 762
253 581
254 803
254 1065
254 307
255 678
255 999
255 1130
255 531
255 855
255 1144
255 793
255 607
256 864
256 1153
256 259
256 293
256 330
256 587
256 400
256 953
256 1084
257 333
257 974
257 367
257 912
257 465
257 594
257 987
258 773
258 271
258 1041
258 275
258 596
259 772
259 517
259 520
259 776
259 656
259 1046
259 1054
259 544
259 544
259 545
259 681
259 301
259 433
259 824
259 455
259 1105
259 352
259 868
259 361
259 761
260 832
260 1090
260 1003
260 519
260 392
260 827
260 810
260 939
260 589
260 624
260 306
260 405
260 312
260 1063
260 1143
260 798
261 515
261 969
261 765
261 471
262 482
262 1092
262 709
262 298
262 1090
262 977
262 446
262 284
263 544
263 418
263 967
263 968
263 738
263 1080
263 626
263 821
263 278
263 728
263 927
263 1151
264 513
264 578
264 489
264 486
264 294
264 422
264 745
264 362
264 747
264 300
264 888
264 1113
264 926
264 507
265 1128
265 403
265 461
265 880
265 947
265 695
265 920
265 827
266 481
266 868
266 807
266 455
266 879
266 950
266 920
266 673
266 538
266 923
266 702
267 1024
267 674
267 900
267 709
267 1133
267 493
267 313
267 476
267 1054
268 544
268 626
268 827
268 365
269 750
269 747
269 645
269 907
269 526
269 817
269 590
269 1046
269 855
269 697
269 284
269 469
270 855
270 303
272 544
272 866
272 291
272 677
272 935
272 1129
272 656
272 631
272 923
272 901
273 1029
273 391
273 1034
273 400
273 404
273 542
273 671
273 931
273 945
273 392
273 312
273 570
273 829
273 577
273 974
273 594
273 993
273 610
273 1125
273 872
273 1133
273 377
273 767
274 897
274 482
274 523
274 676
274 422
274 651
274 398
274 308
275 640
275 1030
275 520
275 791
275 801
275 550
275 427
275 827
275 1087
275 834
275 707
275 708
275 966
275 476
275 482
275 751
275 496
276 801
276 483
276 357
276 646
276 617
276 330
276 587
276 588
276 912
276 913
276 1011
276 819
276 986
276 348
276 618
277 857
277 557
277 1113
277 412
277 287
278 773
278 400
278 1044
278 923
278 1053
278 424
278 937
278 810
278 816
278 834
278 710
278 968
278 596
278 728
278 477
278 996
278 872
278 380
279 295
279 329
279 1069
279 540
280 640
280 1126
280 746
280 427
280 751
280 882
280 846
280 1014
280 794
281 996
281 830
281 1087
282 507
282 893
283 1005
283 912
283 1074
283 637
284 402
284 659
284 410
284 797
284 1054
284 517
284 418
284 1066
284 832
284 1096
284 1097
284 1102
284 596
284 341
284 348
284 490
284 495
284 629
284 1150
285 917
285 410
285 685
285 1095
286 640
287 672
287 915
288 769
288 650
288 858
288 335
288 882
288 1054
288 378
288 894
288 917
289 515
289 946
289 1075
289 981
289 342
290 584
290 1150
290 982
290 926
290 1141
291 1153
291 388
291 470
291 1062
291 519
291 557
291 502
291 644
291 316
291 1117
291 574
292 1014
293 624
293 1115
293 687
293 1128
293 617
293 779
293 434
293 432
293 305
293 827
293 751
293 413
293 863
294 545
294 611
294 676
294 1063
294 556
294 1133
294 911
294 708
294 837
294 788
294 1114
294 411
294 538
294 833
294 901
295 929
295 659
295 764
296 708
296 1064
296 938
296 751
296 819
296 470
296 1113
296 344
296 804
296 911
297 704
297 939
297 964
297 1130
297 621
297 430
297 823
297 1081
297 414
298 737
298 1064
298 1003
298 749
298 882
298 344
298 476
299 600
299 937
299 684
299 316
300 928
300 611
300 745
300 970
300 303
300 368
300 465
300 598
300 920
300 313
300 682
301 704
301 355
301 521
301 1133
301 464
301 723
301 342
301 670
301 421
302 609
302 820
302 1063
302 590
302 369
302 985
302 916
302 923
302 604
303 768
303 804
303 837
303 487
303 841
303 523
303 877
303 1011
303 1014
303 1113
303 893
303 979
303 1151
304 651
304 911
304 1044
304 926
304 415
304 928
304 943
304 308
304 565
304 310
304 834
304 708
304 339
304 342
304 1122
304 364
305 1153
305 645
305 655
305 1044
305 917
305 795
305 418
305 946
305 570
305 587
305 594
305 994
305 871
305 369
305 632
305 892
306 1140
306 483
306 998
306 609
306 1033
306 1130
306 941
306 913
306 1106
306 916
306 1077
306 820
306 572
307 772
307 787
307 1059
307 427
307 817
307 441
307 570
307 699
307 969
307 464
307 931
307 853
307 1116
307 1118
307 352
307 737
307 1005
307 751
307 756
307 373
307 374
307 887
307 888
307 1145
308 1030
308 537
308 1051
308 1054
308 751
308 814
308 818
308 948
308 823
308 578
308 1097
308 462
308 344
308 346
308 489
308 746
308 367
308 369
308 511
309 327
309 1035
309 388
309 711
309 617
309 490
309 395
309 461
309 477
309 439
309 794
309 381
309 446
309 1157
310 1153
310 519
310 1117
310 529
310 529
310 542
310 937
310 349
310 499
310 641
310 441
310 733
310 736
310 487
310 1127
310 497
310 627
310 510
311 705
311 578
311 659
312 388
312 528
312 666
312 923
312 669
312 930
312 838
312 437
312 959
312 708
312 325
312 582
312 589
312 850
312 598
312 599
312 477
312 612
312 997
312 1002
313 662
313 1049
313 798
313 675
313 947
313 565
313 316
313 714
313 594
313 596
313 1109
313 505
313 353
313 618
313 750
313 879
313 882
313 499
313 756
313 1014
313 489
313 1145
313 895
314 488
314 1030
315 582
315 970
315 1136
315 337
315 339
315 1051
315 947
316 1156
316 403
316 666
316 667
316 557
316 1075
316 1084
316 842
316 575
316 972
316 463
316 465
316 601
316 733
316 990
316 1005
316 750
316 879
316 659
316 765
316 511
317 409
317 466
317 1018
318 1155
318 548
318 1062
318 846
318 1059
318 366
318 982
318 537
318 612
319 896
319 1061
319 477
319 701
320 427
320 590
320 463
320 760
320 537
320 666
320 798
321 800
321 833
321 1031
321 333
321 541
322 1037
322 663
322 675
322 1061
322 558
322 1088
322 578
322 1096
322 781
322 782
322 863
322 481
322 1122
322 611
322 996
322 747
322 1012
322 760
322 378
323 1024
323 921
323 1144
323 569
323 699
323 670
324 1117
325 993
325 625
325 328
325 622
325 1071
325 464
325 632
325 470
325 503
325 985
325 1084
325 645
326 866
326 644
326 1095
326 1001
326 714
326 590
326 594
326 437
326 570
327 963
327 958
327 982
327 1144
327 1053
327 862
328 939
328 401
328 1044
328 879
328 418
328 1067
328 451
328 1145
328 1116
328 827
328 999
328 616
328 1131
328 750
328 624
328 1010
328 505
328 894
329 1062
329 518
329 540
329 429
329 537
329 795
330 352
330 482
330 519
330 519
330 1128
330 1130
330 853
330 758
330 966
330 409
330 1019
330 446
331 482
331 1102
331 495
331 1075
331 821
331 793
332 768
332 578
332 998
332 463
332 570
332 476
333 352
333 388
333 1093
333 594
333 1012
333 694
333 390
334 994
334 675
334 774
334 936
334 764
334 782
334 367
334 785
334 728
334 345
335 353
335 868
335 769
335 941
335 717
335 728
335 372
335 1016
337 944
337 808
337 461
337 880
337 602
337 349
338 384
338 517
338 998
338 523
338 626
338 915
338 564
338 790
338 823
338 600
338 537
338 763
338 447
339 609
339 587
339 1155
339 833
339 1130
339 1099
339 1069
339 398
339 594
339 568
339 732
339 542
340 640
340 489
340 554
340 402
340 713
340 1115
341 722
341 894
342 385
342 514
342 518
342 769
342 905
342 778
342 527
342 657
342 403
342 788
342 791
342 668
342 1059
342 806
342 940
342 698
342 842
342 1106
342 634
342 351
342 736
342 866
342 785
342 1134
342 624
342 755
342 628
342 378
342 380
343 656
343 927
343 690
343 819
343 957
343 1090
343 1143
343 463
343 858
343 1117
343 1117
343 997
343 743
343 620
343 752
343 1014
344 483
344 1092
344 1061
344 646
344 519
344 1004
344 657
344 659
344 1076
345 645
345 508
345 956
345 829
345 766
346 768
346 708
346 421
346 588
346 936
346 969
346 460
346 781
346 745
346 1080
346 1145
346 570
346 980
346 517
347 355
347 1092
347 517
347 847
347 465
347 562
347 883
347 500
347 602
348 872
348 635
348 829
349 928
349 1090
349 581
349 817
349 1033
349 491
349 365
349 815
349 564
349 745
349 548
350 450
350 893
351 868
351 1148
351 833
352 805
352 696
352 1085
353 1025
353 1154
353 521
353 1034
353 399
353 661
353 790
353 1053
353 926
353 810
353 541
353 1102
353 594
353 857
353 763
353 491
353 754
353 507
353 893
355 1025
355 663
355 665
355 689
355 1078
355 1078
355 1089
355 1096
355 1118
355 622
355 879
355 496
355 889
355 380
356 544
356 758
356 966
356 1101
358 515
358 1014
359 895
359 677
359 711
359 498
359 765
359 658
359 1123
359 1141
359 1014
359 1087
360 670
361 385
361 519
361 399
361 784
361 930
361 681
361 810
361 698
361 1090
361 963
361 976
361 761
361 1039
361 736
361 451
361 515
361 915
361 889
362 787
362 1085
363 911
363 823
364 768
364 720
364 392
364 937
364 597
364 1053
364 1053
365 710
365 477
366 675
366 489
366 843
366 686
366 850
366 1145
366 374
366 1129
366 793
367 512
367 930
367 827
367 667
367 1063
367 587
367 497
367 596
367 795
367 1130
367 542
368 487
368 620
368 1031
368 1008
368 882
368 529
368 959
369 385
369 641
369 907
369 926
369 543
369 930
369 624
369 964
369 714
369 1102
369 855
369 601
369 1118
369 1123
369 868
369 1126
369 1009
369 383
370 803
370 723
370 484
370 1007
371 616
371 1098
372 833
372 659
372 1044
372 921
372 765
373 675
373 1154
373 483
373 629
373 1015
373 953
374 463
375 770
375 519
375 411
375 919
375 1023
376 393
376 1025
376 748
376 1040
376 625
376 626
376 701
377 836
377 902
377 519
377 847
377 931
377 470
377 889
377 378
377 795
377 893
378 675
378 388
378 1014
378 717
378 1059
378 602
378 507
378 829
378 1054
378 965
379 804
379 645
379 403
379 986
379 795
379 828
380 745
380 795
380 787
380 442
380 763
380 863
381 822
381 1005
382 515
382 901
382 1063
382 1129
382 827
382 798
383 825
384 640
384 782
384 414
384 548
384 454
384 935
384 1064
384 1067
384 686
384 433
384 1076
384 956
384 1090
384 1094
384 862
384 876
384 594
384 623
384 760
384 1151
385 448
385 546
385 923
385 872
385 970
385 391
385 472
385 761
385 507
385 925
385 810
386 450
386 547
386 902
386 679
386 1034
386 1043
386 691
386 537
386 541
386 490
387 1153
387 642
387 546
387 925
387 729
387 634
387 667
387 429
388 768
388 903
388 649
388 394
388 399
388 402
388 794
388 541
388 521
388 1059
388 617
388 914
388 750
388 767
389 449
389 719
389 1075
389 766
389 689
391 541
391 1014
392 1128
392 652
392 1034
392 587
392 1037
392 619
392 1043
392 569
393 584
393 450
394 1102
395 772
395 901
395 1036
395 1005
395 786
395 790
395 795
395 796
395 1062
395 709
395 458
395 972
395 603
395 1116
395 1128
395 874
395 621
395 1015
396 977
396 1054
397 872
397 586
397 1010
397 594
397 470
397 690
397 986
397 709
397 1130
397 959
398 640
398 1071
398 939
398 877
398 1065
398 858
398 1115
398 862
399 544
399 544
399 737
399 679
399 748
399 911
399 1106
399 948
399 599
399 1044
400 1153
400 642
400 422
400 790
400 1062
400 545
400 748
400 911
400 923
400 1054
401 963
401 487
401 815
401 791
401 1053
402 896
402 642
402 1035
402 917
402 547
402 1070
402 947
402 832
402 834
402 850
402 855
403 772
403 485
403 915
403 819
403 698
403 1053
404 769
404 738
404 996
404 705
404 1116
404 1118
404 781
404 1069
404 562
404 819
404 1033
404 791
404 708
404 708
404 412
404 964
405 461
405 708
405 411
405 511
406 931
406 550
406 824
406 443
406 581
406 581
406 464
406 470
406 613
406 999
406 1004
406 879
406 639
406 893
406 1150
406 1151
407 961
407 911
407 1012
407 1115
408 659
409 483
409 900
409 460
409 973
409 784
409 565
409 665
410 1152
410 491
410 875
410 880
410 568
410 915
410 661
410 824
410 787
410 794
410 860
411 1037
411 665
411 923
411 670
411 938
411 414
411 994
411 614
411 998
411 743
411 882
411 723
411 639
412 868
412 904
412 617
412 846
413 675
413 632
413 665
413 477
414 769
414 1153
414 1032
414 877
414 534
414 434
414 579
414 970
414 590
414 975
414 483
414 868
414 883
414 895
416 515
416 926
417 936
417 1086
417 921
418 1122
418 808
418 1055
419 935
420 577
420 1075
420 1124
420 732
421 1064
421 600
421 1035
421 1072
421 595
421 918
421 728
422 768
422 773
422 550
422 681
422 453
422 1118
422 484
422 484
422 744
422 748
422 750
422 883
422 629
422 629
422 758
423 764
424 928
424 930
424 899
424 1128
424 843
424 696
424 857
426 696
426 489
426 765
427 517
427 617
427 472
427 1134
427 483
427 465
427 469
427 793
427 666
427 836
427 863
429 709
429 947
429 837
429 891
429 1085
429 677
430 640
430 782
430 1008
430 631
430 984
430 699
431 624
431 1076
431 901
431 808
433 669
434 1123
434 879
434 600
434 889
435 449
435 805
435 460
435 686
435 853
435 791
435 953
435 476
435 477
437 664
437 587
438 913
438 1021
438 462
438 629
439 609
439 1090
439 548
439 578
439 784
439 531
439 512
439 760
439 853
440 1037
441 999
442 609
442 956
442 525
442 880
442 1076
442 762
443 642
443 787
443 987
443 829
444 787
444 1110
445 778
445 1092
445 766
446 544
446 523
446 1073
446 766
447 736
447 545
447 803
447 1061
447 745
447 875
447 815
447 849
447 859
447 476
447 958
448 451
448 550
448 1035
448 812
448 621
448 1044
448 686
449 737
449 515
449 689
449 532
449 470
449 923
449 925
450 868
450 487
450 524
450 941
450 766
450 1001
450 1117
451 834
451 675
451 740
451 744
451 685
451 751
451 936
451 787
451 565
451 887
451 1148
451 574
452 490
453 784
453 706
453 993
453 1029
453 1128
453 738
453 1102
453 760
453 510
454 584
454 855
454 959
455 912
455 1054
456 600
456 515
457 575
457 1124
459 975
460 992
460 673
460 833
460 745
460 1063
460 1102
460 566
460 937
460 917
460 1053
461 515
461 529
461 1046
461 935
461 580
461 468
461 732
461 1040
461 754
461 627
461 888
461 1151
461 766
461 1023
462 705
462 581
462 1153
462 971
462 720
462 938
463 737
463 906
463 850
463 803
463 666
463 861
464 581
464 968
464 526
464 946
464 889
464 953
464 1055
464 882
464 958
464 773
465 1035
465 586
465 1058
465 601
465 998
465 743
465 622
465 499
465 1013
466 1056
466 578
466 1127
466 572
466 1090
466 495
466 787
467 880
467 827
467 556
467 885
468 547
468 1093
468 1102
468 508
469 481
469 677
469 814
469 950
469 824
469 634
469 797
470 810
470 1035
470 1035
470 913
470 1144
471 609
471 770
471 865
471 1133
472 507
473 1114
473 795
474 925
474 1063
475 778
475 1141
475 698
476 930
476 829
476 782
476 623
476 817
476 978
476 766
476 1065
476 564
477 675
477 709
477 1158
477 489
477 664
477 642
477 815
477 792
477 666
477 831
477 1150
478 1140
478 983
479 953
481 1062
481 1101
481 921
481 634
481 1117
482 705
482 994
482 554
482 964
482 1125
482 1153
482 1136
482 983
482 592
482 996
482 794
482 1115
482 1021
482 735
483 806
483 1064
483 814
483 708
483 853
483 982
483 860
483 614
483 490
483 747
483 1133
483 1010
483 1014
483 631
483 760
483 1018
483 511
484 640
484 1155
484 790
484 778
484 1037
484 786
484 917
484 534
484 669
484 1055
484 545
484 710
484 939
484 565
484 822
484 824
484 827
484 704
484 966
484 712
484 1124
484 493
484 634
485 964
485 1033
485 1055
485 503
485 1037
485 508
485 885
485 511
485 1096
485 703
485 540
485 947
485 1151
486 960
486 993
486 544
486 817
486 489
486 875
486 860
486 1104
486 649
486 1096
486 863
487 515
487 791
487 913
487 535
487 966
487 576
487 1094
487 974
487 723
487 1115
487 742
487 760
487 1146
488 536
488 1128
488 819
489 896
489 1158
489 523
489 912
489 529
489 546
489 552
489 952
489 955
489 829
489 958
489 835
489 964
489 719
489 1113
489 875
489 876
489 850
489 1035
489 1010
490 899
490 790
490 538
490 798
490 931
490 541
490 1075
490 1012
490 1141
490 834
490 708
490 969
490 514
490 613
490 612
490 997
490 999
490 1127
490 622
490 628
490 885
491 1153
491 1029
491 904
491 786
491 787
491 795
491 928
491 565
491 1096
491 1102
491 850
491 723
491 1115
491 745
491 493
492 1126
492 527
493 897
493 838
493 625
493 611
493 1014
493 599
493 982
493 601
495 577
495 1154
495 1031
495 529
495 1075
495 501
495 1113
495 990
497 644
497 966
497 969
497 941
497 757
497 663
497 565
498 966
498 552
498 552
498 1009
498 537
498 959
499 913
499 913
499 705
499 610
499 1158
499 714
500 617
500 970
500 756
500 1109
501 512
501 994
501 868
501 650
501 958
501 756
501 1118
501 797
501 990
502 885
503 900
503 1097
503 1140
504 738
505 651
505 659
505 1055
505 544
505 805
505 968
505 691
505 964
505 1098
505 723
505 600
505 986
505 745
505 1132
505 1129
505 888
505 763
505 508
506 800
506 965
507 899
507 1053
507 754
507 814
507 819
507 587
507 733
507 606
507 996
507 617
507 751
507 1136
507 882
507 882
507 885
507 760
507 511
508 642
508 515
508 793
508 1133
508 1102
508 751
508 593
510 515
510 900
510 617
510 1034
510 964
511 768
511 832
511 805
511 805
511 934
511 1020
511 878
511 879
511 757
511 512
511 1081
511 570
512 610
512 998
512 934
512 936
512 941
512 820
512 1015
512 703
513 645
513 998
513 1031
513 689
513 626
513 631
513 570
513 831
513 1151
515 768
515 534
515 666
515 1059
515 710
515 1105
515 722
515 595
515 987
515 862
515 1119
515 611
515 631
516 730
516 732
517 546
517 645
517 905
517 610
517 621
517 913
517 882
517 1109
517 568
517 722
517 830
518 768
518 674
518 699
518 996
518 710
518 691
518 885
518 958
519 768
519 769
519 901
519 646
519 913
519 923
519 799
519 1075
519 931
519 588
519 857
519 615
519 876
519 880
519 760
520 587
520 600
520 731
520 766
521 970
521 749
521 687
521 1073
521 659
521 916
521 861
522 686
522 662
523 545
523 778
523 624
523 754
523 594
523 537
523 986
524 774
524 887
524 923
525 996
526 962
526 707
526 677
526 774
526 526
526 847
526 1140
526 687
526 1029
528 937
528 926
529 770
529 651
529 655
529 805
529 686
529 823
529 1092
529 1098
529 587
529 719
529 723
529 853
529 745
529 758
530 808
530 928
530 612
530 853
531 899
531 998
531 794
532 544
533 744
533 747
533 654
533 1005
534 774
534 934
534 1131
534 846
534 623
535 637
536 1027
537 642
537 790
537 538
537 926
537 931
537 814
537 1054
537 713
537 965
537 974
537 591
537 737
537 1132
537 879
537 625
538 711
538 1064
538 846
538 655
538 655
538 624
538 1096
538 1106
538 1153
538 853
538 723
538 541
539 995
539 1035
539 723
539 1084
540 928
540 1153
540 613
540 1000
540 937
540 620
540 1105
541 1034
541 1039
541 784
541 1045
541 821
541 573
541 1088
541 1098
541 987
541 604
541 1117
541 867
541 879
541 887
542 667
542 1046
542 788
542 727
542 600
542 987
543 899
543 1061
543 1133
543 717
543 659
543 564
543 885
544 1029
544 923
544 901
544 544
544 903
544 947
544 692
544 698
544 709
544 715
544 974
544 600
544 601
544 998
544 624
544 1044
544 1148
544 1109
545 610
545 1105
545 939
545 882
545 1123
545 670
546 1092
546 646
546 609
546 622
546 925
546 710
546 758
546 1149
546 1087
547 1040
547 1156
547 1027
547 900
547 709
547 685
547 751
547 1074
547 819
547 788
547 798
548 1003
548 589
548 925
548 670
550 772
550 1030
550 967
550 776
550 941
550 952
550 998
550 1011
551 709
552 770
552 810
552 881
552 763
552 1066
554 678
554 1063
554 989
555 853
555 623
556 655
557 1084
557 879
558 1065
558 651
558 651
558 1009
558 1145
558 1114
558 699
558 860
558 573
558 766
559 1140
562 1128
562 1130
563 707
563 714
563 810
563 861
563 1050
563 798
563 1055
564 877
564 858
564 786
564 921
564 922
564 764
564 829
565 780
565 911
565 666
565 922
565 819
565 1092
565 953
565 745
565 618
565 760
566 973
566 679
567 1021
570 931
570 678
570 801
570 650
570 875
570 620
570 984
570 763
571 1092
572 589
572 1054
573 768
573 609
573 1115
574 768
574 1120
574 649
574 1035
575 901
575 646
575 1085
577 611
577 1140
577 1013
577 1046
577 823
577 885
578 1088
578 618
578 1037
578 659
578 667
579 708
579 812
579 849
579 922
579 638
580 612
580 1035
580 685
580 594
580 953
580 634
580 893
581 1056
581 865
581 630
581 1027
581 710
581 611
581 1074
581 899
581 599
581 1088
582 899
582 898
582 626
582 602
583 1117
584 902
584 1150
585 798
586 1090
586 587
586 939
586 624
586 1144
587 900
587 659
587 795
587 692
587 968
587 969
587 970
587 857
587 608
587 611
588 1130
590 782
590 820
590 917
591 672
592 912
592 1113
593 1151
593 692
593 1129
594 788
594 1045
594 806
594 812
594 601
594 994
594 998
594 1085
594 1141
594 1145
594 1020
595 1122
595 905
595 879
595 912
595 601
595 829
595 990
596 921
598 831
598 759
599 899
599 654
599 978
599 1141
600 1153
600 900
600 903
600 787
600 917
600 1046
600 819
600 963
600 853
600 731
600 879
600 880
601 902
601 687
601 673
601 815
601 817
601 709
601 968
601 863
601 612
601 627
601 889
602 868
602 658
602 923
602 765
603 741
604 675
604 710
604 669
604 722
604 723
604 1022
606 939
606 773
606 853
607 699
608 976
608 998
608 681
608 617
608 888
608 1054
609 736
609 936
609 617
609 808
609 937
609 937
609 782
609 783
609 1009
610 897
610 1121
610 851
610 1076
610 885
610 889
610 857
610 1018
610 751
611 776
611 1133
611 805
611 686
611 944
611 820
611 698
611 1124
611 864
611 996
611 624
612 772
612 808
612 970
612 1069
612 1012
612 789
613 1011
613 1044
614 823
614 889
615 707
615 773
615 1115
615 1021
616 1147
616 966
616 1005
616 819
616 655
617 907
617 814
617 624
618 801
618 805
618 1096
618 861
618 1086
620 659
620 669
620 958
621 999
621 1098
621 629
621 893
622 844
622 994
622 750
622 788
622 860
622 789
623 993
623 1029
623 832
623 631
623 829
624 907
624 1046
624 673
624 1067
624 829
624 657
624 890
624 764
625 1100
625 1044
625 826
625 829
626 1106
626 807
626 649
626 778
626 850
626 631
626 732
626 1151
627 674
627 997
627 1065
627 972
627 766
628 897
628 792
628 723
628 983
628 787
628 1098
629 900
629 656
629 913
629 795
629 937
629 810
629 1072
629 819
629 830
629 1090
629 708
629 974
629 722
629 746
629 1011
631 640
631 645
631 1159
631 912
631 803
631 1075
631 824
631 697
631 862
631 1011
631 763
632 979
634 640
634 997
634 905
634 943
634 688
634 763
634 639
635 639
635 939
635 1062
635 831
636 1105
636 1155
636 1159
637 934
637 973
637 882
637 786
637 1150
639 1059
639 805
639 947
639 829
640 1153
640 899
640 773
640 795
640 1029
640 686
640 819
640 670
640 717
640 732
640 758
640 767
640 1020
640 1151
641 963
641 707
641 767
642 866
642 965
642 905
642 714
642 973
643 1135
644 992
644 774
644 858
645 655
645 664
645 666
645 1061
645 942
645 691
645 830
645 721
645 728
645 1113
645 737
646 677
646 649
646 717
646 657
646 885
646 830
647 1056
649 736
649 978
649 1064
649 939
649 853
650 709
650 1097
650 879
650 889
651 748
651 887
651 732
651 1150
652 928
652 903
652 659
652 664
652 1049
652 764
653 704
653 755
653 710
654 1040
654 740
655 866
655 1030
655 1097
655 939
655 1004
655 1136
655 782
655 1147
655 1022
656 923
657 1092
657 1057
657 659
657 1113
657 733
658 1130
658 814
658 1044
659 1024
659 913
659 913
659 915
659 689
659 819
659 829
659 850
659 872
659 1141
661 1117
663 799
664 997
664 678
664 879
664 665
665 1120
665 677
665 808
665 937
665 937
665 911
665 911
665 850
665 723
665 1150
665 860
665 766
666 1026
666 926
666 801
666 819
666 692
666 1081
666 948
666 1090
666 1096
666 850
666 980
666 890
667 1124
667 758
668 1066
668 923
669 804
669 786
669 882
669 798
669 983
669 836
669 1083
669 926
670 1024
670 1050
670 935
670 1075
670 1077
670 1113
670 986
670 988
670 1132
670 882
670 885
670 1145
671 835
672 705
672 994
672 686
672 1015
673 910
674 677
674 903
674 691
675 737
675 841
675 938
675 979
675 884
675 790
675 1113
676 707
676 774
676 849
676 950
676 824
676 826
677 1044
677 928
677 685
677 814
677 717
677 719
677 723
677 738
677 1128
677 1136
678 1014
678 1064
678 937
678 950
680 1125
681 900
681 805
681 723
681 792
683 760
683 969
683 1085
683 888
684 1065
684 794
685 853
685 853
685 996
686 1090
686 1059
686 776
686 748
686 1128
686 932
686 766
687 737
687 1067
687 806
687 1035
687 921
688 913
688 899
689 769
689 1159
689 861
689 689
689 1141
689 954
690 1066
690 751
690 790
691 842
691 939
691 951
691 888
692 805
692 1096
692 795
692 788
692 1080
692 824
692 989
692 1055
693 714
693 764
693 906
693 895
694 705
694 899
694 836
694 841
694 1037
694 978
694 763
695 1030
697 1123
697 1133
697 916
697 1143
698 875
698 1065
698 1116
699 810
699 853
699 766
699 767
700 760
700 1124
701 850
704 834
704 708
704 1116
705 1030
705 1071
705 932
706 841
706 709
706 966
706 853
707 753
707 980
707 955
707 959
708 799
708 1086
708 934
708 748
708 746
708 766
709 911
709 1117
709 817
709 1092
709 845
709 748
709 1011
709 758
709 959
709 1148
710 778
710 1127
710 745
710 1075
710 790
710 823
710 1149
713 1106
713 1035
714 744
714 798
714 735
716 1009
716 743
717 1090
717 942
717 1078
717 728
717 987
718 749
719 966
719 977
719 773
719 766
720 728
720 794
720 837
722 938
722 1106
722 1077
723 903
723 1035
723 810
723 850
723 857
725 1080
725 790
726 732
726 802
727 1142
728 1133
728 743
728 772
728 819
729 1114
729 782
729 963
731 794
731 923
731 862
732 920
732 1049
732 1053
732 1156
732 827
732 1118
732 866
732 1140
732 1151
733 737
733 1003
733 781
733 919
733 1082
733 895
734 1092
735 1025
736 1133
736 859
737 895
737 900
737 1044
737 1054
737 824
737 827
737 956
737 930
737 868
737 1147
737 1151
738 923
738 763
740 1140
740 887
740 829
743 868
743 1044
743 758
744 1030
744 1071
744 1144
744 925
745 875
745 912
745 982
745 864
745 998
745 1128
745 876
745 750
745 879
745 880
745 1018
745 959
746 852
747 1057
747 914
747 791
748 971
748 758
749 899
750 768
750 931
750 945
750 999
750 1008
750 782
751 772
751 785
751 934
751 936
751 1117
751 1075
751 998
751 1151
752 896
752 993
752 1018
752 766
754 1090
754 1029
754 905
755 1065
756 790
756 1029
757 1012
757 820
758 786
758 903
758 1072
758 817
758 868
758 1006
758 1016
758 1130
760 773
760 905
760 922
760 810
760 816
760 969
760 969
760 845
760 867
761 901
761 968
761 969
761 795
761 831
762 1155
762 774
762 966
762 1035
762 1040
762 888
763 1090
763 1046
763 794
763 1005
763 1085
764 774
764 973
764 882
764 1065
764 1140
765 896
765 928
765 1090
765 1116
765 994
765 1146
766 903
766 792
766 1051
766 821
766 1078
766 1114
766 1126
766 1003
766 885
766 887
767 896
767 923
767 1075
767 1044
768 777
768 1155
768 916
768 973
768 1151
768 899
769 868
769 1153
769 905
769 970
769 1111
769 956
769 1149
769 863
770 906
770 1151
771 936
771 1005
772 1090
772 809
772 1151
773 876
773 1009
774 1126
774 966
774 999
774 968
774 926
775 1040
776 994
776 841
776 1097
776 827
778 1063
778 1038
778 911
778 1084
779 928
779 1037
779 889
780 1081
781 902
782 1035
782 913
782 1051
782 970
782 885
782 1018
782 1151
783 923
784 1145
785 850
785 895
786 1061
786 904
786 847
786 819
786 964
786 922
787 1155
787 1055
788 970
788 947
788 1115
789 870
790 1009
790 1054
791 911
792 905
792 1144
792 953
793 900
793 808
793 1085
794 1002
794 1115
794 1140
794 923
794 923
795 905
795 1052
795 1008
795 1149
797 853
798 1027
798 912
798 995
798 999
798 872
798 1005
798 1018
799 965
799 1037
800 829
800 801
801 912
801 922
802 940
802 1051
803 1059
803 1063
803 947
803 1145
804 899
804 841
804 903
804 875
804 882
804 931
804 1143
805 903
805 819
805 933
805 1089
805 1097
805 855
805 893
805 1021
806 974
807 931
807 979
808 1059
808 941
808 1040
808 1044
808 952
810 847
810 899
810 969
810 1136
811 1059
812 1157
812 829
813 1056
813 986
814 899
814 902
814 843
814 1005
815 939
817 1034
817 949
817 819
818 944
818 882
819 921
819 949
819 1094
819 849
819 849
819 1118
819 994
819 868
819 998
820 868
820 879
821 930
821 1020
822 1037
822 1005
822 912
822 1054
823 1133
823 1065
823 1031
823 850
824 1153
824 1143
824 1005
824 850
824 1085
826 1081
826 1035
827 1024
827 880
827 1064
827 1076
829 916
829 941
829 1090
829 1128
829 1015
829 1150
830 872
830 841
830 1005
830 997
830 888
831 1121
831 1063
831 888
831 901
832 1078
832 917
832 950
832 1053
833 966
833 1102
833 1030
833 888
833 1018
834 996
834 1065
834 1113
834 987
835 907
837 932
837 1062
837 1130
837 923
837 1085
838 1050
839 875
840 902
842 947
843 964
843 1064
845 1024
845 1155
845 908
845 1130
847 868
847 1063
847 1010
847 885
847 1145
847 1045
848 1097
849 1030
849 1096
849 971
849 941
850 1116
850 1151
852 969
852 1075
852 1151
853 964
853 1092
853 973
853 1131
853 1144
854 1074
855 1128
855 1130
855 1098
856 903
857 865
857 1030
857 888
857 1053
860 928
860 1088
860 1097
860 1037
860 1081
860 1021
861 1033
861 1133
861 1081
862 993
862 1091
862 1102
862 881
862 1140
862 1145
862 889
863 864
863 947
864 896
864 1087
866 1062
866 1037
866 1052
868 901
868 1063
868 1148
869 1090
872 1028
874 1128
874 902
875 944
875 967
875 880
875 1023
876 899
876 902
879 1040
879 1053
879 1003
879 1140
879 1018
880 897
880 1067
880 1071
880 1075
880 1081
880 998
880 1147
881 1112
882 896
882 1056
882 1151
883 893
883 1117
884 1151
885 904
885 1148
887 901
887 889
888 1090
888 959
889 1000
889 1150
890 996
890 1111
892 1002
892 982
893 928
893 935
893 1064
893 985
893 1147
893 1118
894 902
894 915
895 902
895 1090
895 1117
896 1097
896 940
896 1150
897 1075
897 1144
899 933
899 1090
899 1103
899 1125
899 1014
899 1145
900 912
901 1017
902 1128
902 1073
902 1116
903 1155
903 1074
905 1025
905 998
908 1138
908 975
911 1030
911 1102
911 1064
912 1029
912 1159
912 971
912 1102
912 1114
913 1145
913 1130
914 1044
914 1087
915 1052
917 1126
917 1040
917 1108
917 1151
920 931
920 1115
921 1034
921 1102
923 1027
923 1055
923 1153
924 981
925 1122
926 932
926 1125
926 1097
926 1037
926 1145
927 935
928 1030
928 966
928 974
928 1071
930 1020
931 1155
931 1035
931 1062
931 1080
931 935
932 1062
932 1040
933 1064
934 1068
934 969
934 1105
934 1124
934 1150
935 1036
935 1018
937 1054
938 1044
939 966
939 990
940 1154
941 1059
941 1000
941 1118
944 1078
944 1020
947 971
947 1144
948 959
949 1153
950 1061
950 970
952 1034
955 1046
957 1140
958 1090
959 969
961 1034
963 1011
964 1123
964 1095
964 1154
964 1074
966 1154
966 1118
966 1130
968 1040
968 977
968 1066
968 999
969 1009
969 1113
969 1113
969 1125
969 998
970 1114
974 994
977 1059
978 1024
978 1153
981 1103
981 1085
983 1127
983 1084
987 1056
993 1106
993 1071
994 1035
994 996
995 1074
996 1063
996 1071
997 1015
998 1037
998 1044
998 1064
999 1024
999 1071
999 1053
1000 1005
1003 1040
1005 1064
1005 1113
1005 1114
1009 1069
1009 1055
1012 1130
1014 1059
1014 1088
1014 1128
1014 1140
1015 1024
1016 1132
1018 1136
1018 1141
1018 1078
1018 1151
1020 1064
1020 1098
1020 1144
1022 1126
1023 1123
1023 1140
1024 1090
1024 1134
1024 1048
1025 1157
1027 1114
1029 1092
1030 1073
1030 1113
1031 1053
1034 1130
1035 1075
1035 1102
1037 1059
1037 1122
1040 1063
1041 1134
1044 1096
1045 1124
1045 1050
1050 1153
1051 1052
1053 1059
1054 1075
1054 1067
1054 1097
1054 1140
1055 1086
1056 1145
1057 1102
1063 1070
1063 1076
1063 1133
1063 1150
1064 1153
1064 1144
1065 1128
1065 1154
1065 1108
1066 1090
1067 1158
1069 1088
1075 1158
1075 1087
1075 1117
1076 1128
1079 1128
1080 1115
1080 1128
1080 1098
1080 1096
1080 1144
1081 1113
1090 1130
1092 1097
1097 1102
1098 1114
1101 1124
1104 1145
1113 1153
1113 1134
1113 1151
1114 1137
1115 1128
1123 1134
1123 1135
1128 1145
1143 1155
1144 1151
1145 1153
1151 1153
