0 448
0 448
0 1098
0 906
0 722
0 239
0 944
0 849
0 1010
0 308
0 182
0 314
0 346
0 670
1 944
2 568
2 406
3 761
3 50
3 134
3 326
3 766
4 242
4 484
4 422
4 119
5 120
5 470
5 934
6 194
6 1092
6 207
7 912
7 50
7 399
8 866
8 484
8 310
8 424
8 173
8 912
8 947
8 1090
8 824
8 1081
9 216
9 481
9 763
9 709
9 382
10 321
10 834
10 388
10 104
10 343
10 620
10 285
10 464
10 119
10 505
10 349
10 447
11 33
11 1153
11 264
11 426
11 1035
11 846
11 143
11 624
11 794
11 95
12 1113
13 746
13 1002
13 766
14 769
14 769
14 386
14 81
14 525
14 1069
14 273
14 1048
14 26
14 164
14 678
14 685
14 430
14 49
14 49
14 49
14 830
14 451
14 719
14 849
14 211
14 218
14 482
14 482
14 529
14 251
15 33
15 418
15 547
15 1031
15 745
15 586
15 880
15 145
15 306
15 163
15 724
15 1097
15 505
15 540
15 735
16 833
16 194
16 931
16 36
16 490
16 39
16 1064
16 202
16 461
16 750
16 790
16 252
16 106
17 67
17 228
17 817
17 139
17 1038
17 280
17 658
17 1075
17 663
17 824
17 250
17 795
17 190
17 507
18 993
18 546
18 130
18 322
18 117
18 184
18 28
18 798
18 895
19 618
19 173
19 686
19 756
19 313
19 1054
20 513
20 518
20 134
20 417
20 685
20 1102
20 782
20 887
20 344
20 1148
20 797
20 447
21 155
21 1028
21 41
21 778
21 778
21 356
21 666
21 1051
22 515
22 334
22 435
22 230
22 895
23 572
23 92
23 551
24 537
24 548
24 228
24 745
24 1054
24 87
24 655
24 531
24 337
24 563
24 212
24 1109
24 1065
24 632
24 313
24 510
25 117
25 228
25 998
25 550
25 969
25 1003
25 748
25 493
25 847
25 624
25 50
25 367
25 1141
25 439
25 760
25 538
25 303
25 621
25 805
26 645
26 779
26 322
26 399
26 147
26 925
26 798
26 938
26 686
26 833
26 706
26 67
26 67
26 1037
26 722
26 88
26 860
26 1117
26 1121
26 615
26 1021
26 117
26 377
26 252
26 125
27 649
27 146
27 710
28 172
28 1153
28 738
28 745
28 618
28 204
28 45
28 526
28 60
28 784
28 312
28 754
28 755
28 1012
28 54
28 297
28 760
28 55
28 860
28 787
29 640
29 114
29 968
29 1129
29 74
29 523
29 1037
29 273
29 466
29 182
29 861
30 546
30 355
30 198
30 806
30 967
30 776
30 41
30 908
30 491
30 338
30 141
30 366
30 240
30 50
30 307
30 758
30 1145
30 1114
30 90
30 182
31 1128
31 284
31 1053
32 392
32 1039
32 276
32 921
32 1055
32 33
32 177
32 819
32 455
32 969
32 205
32 83
32 212
32 987
32 608
32 355
32 872
32 361
32 748
32 1128
32 629
32 888
32 251
33 645
33 657
33 786
33 542
33 1059
33 301
33 430
33 696
33 313
33 698
33 834
33 803
33 853
33 600
33 733
33 484
33 1126
33 998
33 361
33 366
33 243
33 246
33 505
34 745
34 235
34 389
34 1062
35 385
35 293
36 226
36 1027
36 196
36 551
36 872
36 172
36 430
36 304
36 401
36 754
36 313
36 122
36 507
36 958
37 194
37 1030
37 328
37 905
37 674
37 207
37 146
37 117
37 250
37 316
37 1149
37 607
38 1129
38 420
38 974
38 1025
39 1059
39 903
39 402
39 377
39 921
39 669
39 94
40 1117
40 1117
41 641
41 803
41 101
41 101
41 106
41 172
41 365
41 78
41 79
41 913
41 850
41 629
41 1015
41 537
41 882
41 485
42 600
42 450
42 893
42 142
43 291
43 422
43 518
43 1096
43 338
43 628
43 791
44 1040
44 665
44 765
45 966
45 550
45 849
45 273
45 90
45 316
45 95
46 646
46 361
46 1130
46 681
46 1065
46 599
46 473
46 698
46 885
47 1153
47 1153
47 834
47 1029
47 501
47 923
47 581
48 883
48 827
48 956
48 143
49 513
49 902
49 1159
49 801
49 418
49 427
49 182
49 697
49 709
49 481
49 328
49 457
49 119
49 86
49 600
49 1115
49 1115
49 993
49 618
49 116
49 503
49 767
50 640
50 1153
50 387
50 520
50 786
50 790
50 409
50 544
50 136
50 834
50 963
50 717
50 975
50 215
50 1118
50 484
50 875
50 624
50 882
50 244
50 250
51 490
51 243
51 1012
51 518
52 111
52 307
52 235
52 205
52 917
53 384
53 513
53 772
53 142
53 1073
53 307
53 155
53 157
54 256
54 546
54 247
54 207
54 210
54 819
54 916
54 853
54 311
54 760
54 92
54 157
54 510
55 652
55 657
55 915
55 788
55 411
55 544
55 418
55 937
55 1069
55 307
55 446
55 288
55 969
55 461
55 206
55 208
55 598
55 1117
55 998
55 489
55 112
55 763
56 482
56 307
56 670
57 544
57 129
57 294
57 142
57 623
57 542
58 824
58 760
58 267
58 262
58 849
59 800
60 1029
60 519
60 1037
60 526
60 708
60 544
60 675
60 938
60 171
60 819
60 819
60 628
60 316
60 1085
60 1092
60 83
60 600
60 346
60 997
60 1005
60 372
60 375
60 249
60 252
60 765
61 326
61 358
61 944
61 758
61 278
61 602
61 703
62 342
62 1014
62 486
62 587
62 368
62 147
62 278
62 409
62 124
63 91
63 260
63 677
63 247
63 1036
63 367
63 87
63 1151
63 287
64 198
64 963
64 196
64 1014
64 390
64 689
64 1128
64 745
64 145
64 173
64 77
64 271
64 328
64 915
64 276
64 275
64 342
64 155
64 252
64 565
65 289
65 386
65 391
65 177
65 266
65 807
65 497
65 243
65 950
65 760
65 316
65 861
66 843
66 465
66 1140
66 565
66 313
66 570
67 1153
67 136
67 913
67 402
67 708
67 452
67 966
67 1092
67 709
67 454
67 969
67 973
67 466
67 868
67 1116
67 609
67 484
67 102
67 103
67 239
67 239
67 882
67 500
67 246
67 634
67 508
67 893
68 136
68 329
68 899
68 949
68 342
69 347
70 657
70 538
70 158
70 731
70 166
70 167
70 176
70 311
70 191
70 320
70 194
70 196
70 455
70 330
70 849
70 475
70 610
70 1003
70 880
70 885
70 889
70 252
71 728
71 380
72 289
72 521
72 778
72 273
72 210
72 950
72 378
72 1087
73 492
73 404
73 641
74 325
74 1059
74 518
74 1062
74 585
74 490
74 490
74 507
74 1084
74 905
74 760
74 953
74 1082
74 315
74 764
74 894
74 894
74 1151
75 736
75 310
75 550
75 489
75 939
75 1134
75 275
75 342
75 873
75 1080
75 793
75 90
75 766
76 304
77 386
77 899
77 582
77 202
77 139
77 657
77 310
77 247
77 345
77 1050
77 892
77 1022
77 95
78 588
78 162
78 709
78 614
78 135
78 1064
78 234
78 843
78 364
78 621
78 1075
78 696
78 766
78 1151
79 792
79 673
79 762
79 302
80 688
80 81
80 677
80 119
81 604
81 129
81 579
81 708
81 1061
81 902
81 545
81 200
81 969
81 808
81 1040
81 1073
81 370
81 489
81 312
81 1081
81 1081
81 635
81 572
81 446
82 1037
82 550
83 928
83 131
83 836
83 880
83 520
83 297
83 1131
83 304
83 412
83 511
84 194
84 163
85 928
85 1025
85 1090
85 135
85 427
85 976
85 979
86 210
86 402
86 367
86 882
86 947
86 659
86 631
86 766
87 395
87 1037
87 786
87 1050
87 155
87 1053
87 158
87 545
87 930
87 296
87 169
87 719
87 726
87 987
87 612
87 1128
87 1012
87 246
87 1016
87 251
88 1092
88 485
88 200
88 491
88 524
88 1005
88 689
88 275
88 763
88 860
89 490
89 1029
89 170
89 1069
89 977
89 114
89 117
89 182
89 471
89 152
89 669
90 645
90 902
90 173
90 410
90 670
90 546
90 941
90 841
90 180
90 565
90 310
90 201
90 570
90 196
90 1096
90 460
90 970
90 204
90 978
90 353
90 228
90 242
90 116
90 887
90 763
90 763
91 766
92 512
92 225
92 155
92 1061
92 305
92 264
92 939
92 923
92 719
92 400
92 312
92 1115
92 1048
92 953
92 314
92 219
92 1119
93 1153
93 1029
93 398
93 601
93 541
93 162
93 676
93 933
93 167
93 936
93 814
93 827
93 702
93 961
93 453
93 857
93 587
93 337
93 526
93 1113
93 1114
93 607
93 225
93 482
93 1123
93 998
93 1130
93 499
93 250
93 126
94 896
94 994
94 1093
94 361
94 618
94 879
94 1014
94 343
94 888
94 825
94 538
94 122
94 389
95 646
95 1065
95 1136
95 119
96 410
96 659
96 676
96 958
97 352
97 313
97 706
97 308
97 455
98 674
98 599
99 834
99 1035
100 130
100 1125
100 134
100 999
100 1065
100 653
100 629
100 343
100 346
100 1148
100 1146
101 612
101 1095
101 178
101 142
101 402
101 1118
101 247
101 570
101 155
101 412
101 914
102 611
102 692
102 823
103 519
103 499
103 694
103 535
103 888
104 162
104 323
104 1156
104 918
104 1031
104 1129
104 855
104 108
104 750
104 531
104 438
104 343
104 378
104 541
105 512
105 486
105 401
105 1128
105 461
105 1102
105 344
105 981
105 342
105 215
105 280
105 889
105 411
106 290
106 515
106 612
106 646
106 1035
106 1134
106 847
106 210
106 635
106 318
107 176
107 1115
108 298
108 979
108 1084
108 599
109 624
109 1059
109 453
109 776
109 316
109 558
109 464
109 210
109 947
109 284
109 969
109 347
109 860
109 1117
109 862
110 896
110 899
110 709
110 327
110 520
110 1065
110 1134
110 1076
110 600
110 572
110 893
110 830
111 410
111 491
111 853
112 1120
112 464
112 196
112 804
112 1030
112 1128
112 540
112 729
112 939
112 269
112 302
112 397
112 880
112 692
112 694
112 472
112 505
112 698
112 964
112 541
113 728
113 523
113 1116
114 258
114 258
114 594
114 656
114 145
114 147
114 937
114 813
114 178
114 1075
114 948
114 312
114 313
114 325
114 210
114 1112
114 528
114 227
114 361
114 237
114 1013
114 119
114 252
115 1136
115 519
115 136
115 208
115 723
115 830
115 758
115 633
115 313
115 922
115 155
115 924
115 158
115 885
116 162
116 228
116 965
116 843
116 493
116 973
116 912
116 689
116 761
116 188
116 805
117 367
117 156
117 602
117 544
117 291
117 817
117 304
117 177
117 819
117 183
117 827
117 1090
117 1097
117 228
117 986
117 1118
117 866
117 1124
117 239
117 247
117 249
117 1020
118 993
118 415
119 129
119 903
119 521
119 650
119 788
119 920
119 537
119 817
119 693
119 200
119 202
119 587
119 1124
119 996
119 489
119 1005
119 761
119 1150
120 1092
120 486
120 263
120 424
120 614
120 366
120 177
120 958
120 526
120 379
120 798
121 928
121 1153
121 710
121 266
121 206
121 446
122 581
122 778
122 662
122 868
122 760
122 281
122 191
122 284
122 965
123 899
123 266
123 515
123 217
123 708
123 413
123 294
123 177
123 309
123 443
123 829
123 196
123 969
123 1102
123 335
123 342
123 342
123 1113
123 591
123 732
123 355
123 484
123 422
123 422
123 760
123 124
124 1025
124 1030
124 265
124 917
124 407
124 411
124 879
124 548
124 294
124 935
124 1066
124 176
124 562
124 307
124 696
124 834
124 581
124 1097
124 330
124 824
124 1113
124 737
124 868
124 876
124 239
124 239
124 1014
124 760
124 508
125 416
125 226
125 483
125 677
125 808
125 521
125 144
125 342
126 1145
126 1018
127 631
128 296
128 145
128 476
128 1157
129 1024
129 640
129 517
129 1159
129 273
129 402
129 532
129 661
129 544
129 810
129 558
129 1080
129 451
129 462
129 339
129 734
129 866
129 617
129 499
129 1144
129 378
130 545
130 750
130 451
130 1093
130 326
130 392
130 850
130 557
130 206
130 815
130 328
130 483
130 526
130 526
130 526
130 537
130 666
130 892
130 221
130 221
130 958
130 469
131 1090
131 547
131 155
131 271
131 305
131 754
131 244
131 926
131 601
131 923
131 655
131 819
131 1011
132 896
133 487
133 877
133 558
133 723
133 789
133 631
133 1144
133 411
133 189
134 905
134 782
134 659
134 1057
134 420
134 350
134 393
134 443
134 1084
134 969
134 590
134 853
134 222
134 610
134 1128
134 493
134 882
134 628
134 629
134 1145
134 764
135 515
135 645
135 649
135 1034
135 435
135 399
135 664
135 288
135 546
135 677
135 937
135 427
135 172
135 947
135 692
135 1077
135 824
135 316
135 970
135 709
135 1098
135 888
135 732
135 621
135 368
135 1140
135 246
135 248
135 889
136 1063
136 557
136 398
136 950
136 696
136 189
137 547
137 900
137 1130
137 434
137 181
137 330
137 629
138 1102
139 513
139 1067
139 266
139 400
139 664
139 156
139 670
139 1055
139 939
139 947
139 414
139 581
139 200
139 201
139 330
139 211
139 478
139 401
139 632
139 507
140 600
140 601
140 678
140 439
141 173
141 254
141 327
142 769
142 642
142 515
142 273
142 1044
142 601
142 1096
142 666
142 163
142 548
142 174
142 689
142 819
142 316
142 319
142 968
142 1102
142 1113
142 474
142 1128
142 361
142 491
142 1008
142 762
143 368
143 1155
143 265
143 913
143 340
143 887
143 404
143 735
144 600
144 964
144 1036
144 1031
145 1155
145 774
145 777
145 651
145 656
145 403
145 544
145 684
145 301
145 571
145 316
145 831
145 832
145 928
145 722
145 855
145 227
145 227
145 996
145 1126
145 745
145 239
145 369
145 764
146 1030
146 200
146 904
146 715
146 748
146 1005
146 750
146 751
146 312
146 312
146 1074
146 387
146 244
146 966
146 570
146 763
146 763
146 1158
147 257
147 643
147 911
147 400
147 532
147 541
147 288
147 551
147 681
147 693
147 316
147 959
147 971
147 462
147 849
147 476
147 368
147 758
147 766
147 766
148 246
148 866
148 342
148 892
148 617
148 269
148 846
148 1012
148 629
148 278
148 476
148 349
149 274
150 645
150 746
150 1102
150 1014
150 919
150 1080
151 897
151 912
151 868
151 304
151 529
151 819
152 512
152 1152
152 537
152 923
152 158
152 800
152 303
152 178
152 439
152 455
152 713
152 1105
152 339
152 1115
152 348
152 989
152 998
152 745
152 745
152 236
152 629
152 248
153 1024
153 489
153 717
153 557
153 541
153 414
154 481
154 471
155 518
155 529
155 1155
155 790
155 990
155 427
155 305
155 319
155 705
155 339
155 1113
155 477
155 1118
155 611
155 872
155 493
155 366
155 888
155 249
155 1151
156 804
156 787
156 404
156 756
156 767
157 343
158 1027
158 903
158 279
158 792
158 799
158 422
158 1064
158 182
158 186
158 833
158 450
158 464
158 857
158 1114
158 228
158 1062
158 1132
158 751
158 368
158 626
158 243
159 616
159 529
159 234
160 1040
160 490
160 548
161 665
162 513
162 1030
162 666
162 795
162 669
162 799
162 1063
162 1117
162 1090
162 454
162 204
162 592
162 853
162 1115
162 998
162 760
162 761
162 477
163 773
163 276
163 533
163 666
163 922
163 542
163 930
163 934
163 808
163 681
163 696
163 833
163 853
163 613
163 1005
163 239
163 882
163 1015
163 249
164 610
164 667
164 973
164 461
164 1136
164 594
164 723
164 1140
164 1015
164 985
164 795
164 284
164 1087
165 737
165 770
165 1130
165 752
165 1009
165 244
165 342
165 1113
165 763
166 545
166 451
166 200
166 200
166 622
166 498
166 183
166 568
166 959
166 1151
167 515
167 829
167 649
167 495
167 368
167 369
167 211
167 500
167 375
167 751
167 860
168 469
169 758
169 744
169 744
169 265
169 723
169 529
169 275
169 316
169 1014
169 759
169 1080
169 217
169 572
170 994
170 244
171 1096
171 1090
171 995
171 540
172 641
172 1155
172 388
172 364
172 267
172 270
172 1040
172 772
172 800
172 545
172 677
172 937
172 885
172 928
172 1090
172 328
172 465
172 221
172 737
172 482
172 507
172 996
172 620
172 501
172 505
172 505
172 251
173 673
173 1091
173 810
173 1015
173 920
173 635
173 794
173 254
174 368
174 856
174 260
174 429
175 864
175 804
175 975
175 177
175 1080
175 1151
176 1131
176 578
176 1040
176 276
176 406
176 299
176 1059
176 875
176 684
176 1074
176 309
176 703
176 194
176 1098
176 333
176 210
176 291
176 470
176 858
176 349
176 349
176 744
176 361
176 620
176 766
177 392
177 399
177 529
177 916
177 537
177 1049
177 539
177 941
177 308
177 695
177 1081
177 957
177 341
177 303
177 476
177 221
177 864
177 617
177 879
177 1008
177 887
177 505
177 1023
178 642
178 387
178 268
178 280
178 788
178 1053
178 670
178 928
178 1067
178 300
178 562
178 193
178 332
178 591
178 850
178 342
178 477
178 487
178 488
178 617
178 1147
179 720
179 361
179 424
179 204
180 323
180 998
180 275
180 267
180 460
180 819
180 629
180 1014
181 1122
181 900
181 1030
181 935
181 686
181 752
181 244
181 1146
182 483
182 982
182 711
182 490
182 747
182 517
182 837
182 659
182 1076
182 790
182 250
182 447
183 640
183 514
183 259
183 900
183 470
183 470
183 262
183 651
183 405
183 414
183 1071
183 183
183 443
183 700
183 191
183 325
183 326
183 462
183 342
183 343
183 485
183 875
183 238
183 879
183 511
184 993
184 359
184 1064
184 361
184 305
184 1140
184 917
184 1033
184 858
184 251
184 670
184 447
185 899
185 998
185 913
185 649
185 1009
185 882
185 766
186 242
187 241
187 795
188 922
188 747
188 1118
188 406
189 737
189 876
189 1069
189 808
189 305
189 626
189 342
189 505
189 762
189 379
189 926
189 671
190 401
190 723
190 217
191 199
191 685
191 1074
191 243
191 380
191 893
192 736
192 487
192 1037
192 658
192 1140
192 857
192 795
193 330
193 1099
193 495
193 659
193 278
193 278
194 897
194 392
194 1035
194 534
194 1050
194 411
194 543
194 317
194 1102
194 723
194 984
194 507
194 573
194 250
194 251
194 1151
195 640
195 657
195 611
195 1140
195 766
195 766
196 388
196 391
196 907
196 913
196 790
196 796
196 1064
196 631
196 830
196 651
196 247
196 594
196 467
196 467
196 728
196 857
196 1118
196 863
196 736
196 612
196 743
196 1020
196 1136
196 574
196 1143
196 252
197 430
197 383
198 388
198 774
198 326
198 308
198 1097
198 267
198 1005
198 782
198 399
198 756
198 708
198 378
198 732
199 1063
199 947
199 1054
200 269
200 526
200 1045
200 794
200 538
200 699
200 1090
200 329
200 971
200 208
200 853
200 729
200 616
200 1004
200 621
200 245
200 888
200 507
201 512
201 1027
201 644
201 1029
201 652
201 529
201 1044
201 900
201 669
201 261
201 1056
201 834
201 708
201 581
201 714
201 376
201 594
201 1119
201 620
201 367
201 1136
201 627
201 248
202 1029
202 934
202 1066
202 1066
202 941
202 1075
202 829
202 449
202 578
202 965
202 461
202 464
202 468
202 1115
202 1116
202 222
202 1123
202 998
202 1145
202 1018
203 523
203 421
203 677
204 705
204 1123
204 1127
204 487
204 1096
204 1096
204 649
204 519
204 519
204 738
204 398
204 431
204 594
204 851
204 269
204 782
204 1147
204 410
204 639
205 714
205 657
205 306
205 728
205 477
206 1059
206 1059
206 211
206 903
206 745
206 300
206 738
206 846
206 239
206 259
206 244
206 332
206 699
207 386
207 1125
207 998
207 1064
207 524
207 278
207 631
207 344
207 901
207 1020
207 895
208 943
208 790
208 697
208 506
209 330
209 694
210 263
210 1133
210 784
210 275
210 1046
210 409
210 414
210 935
210 429
210 968
210 308
210 1083
210 447
210 331
210 594
210 729
210 737
210 482
210 998
210 366
210 883
210 758
210 889
210 380
211 640
211 1153
211 386
211 1030
211 435
211 407
211 416
211 676
211 421
211 678
211 817
211 307
211 824
211 831
211 832
211 1037
211 312
211 211
211 216
211 877
211 751
211 885
211 632
211 249
211 1018
211 766
212 353
212 483
212 293
212 1030
212 657
212 297
212 1019
212 303
212 534
212 361
212 792
212 539
213 353
213 515
214 678
214 774
214 557
214 237
214 624
214 595
214 399
214 1015
214 251
215 402
215 272
215 850
215 372
215 853
215 310
215 489
215 489
215 698
215 539
215 732
215 1151
216 1157
216 1097
216 651
216 594
216 723
216 950
216 823
216 1018
216 766
216 421
217 1122
217 923
217 1061
217 552
217 716
217 879
217 912
217 707
217 469
217 1015
217 601
217 413
218 546
218 900
218 837
218 1063
218 655
218 786
218 854
218 901
219 482
219 291
219 1065
219 655
219 340
219 277
219 692
219 538
219 507
219 989
220 609
220 875
220 1053
221 352
221 384
221 868
221 774
221 806
221 296
221 490
221 915
221 814
221 637
221 337
221 1011
221 1044
221 974
221 470
221 316
221 925
221 1150
222 518
222 1133
222 465
222 242
222 247
222 857
223 708
223 900
224 595
224 820
224 805
224 1126
224 1071
225 1004
225 763
225 763
225 901
225 326
225 776
225 745
225 332
225 557
225 307
225 272
225 369
225 1011
225 838
225 748
225 439
225 1081
225 1018
225 827
225 709
226 448
226 386
226 1035
226 722
226 350
227 747
227 1124
227 262
227 999
227 328
227 780
227 487
227 940
227 237
227 824
227 541
228 640
228 902
228 923
228 798
228 288
228 675
228 678
228 935
228 940
228 308
228 695
228 830
228 1141
228 1101
228 461
228 595
228 340
228 737
228 355
228 228
228 529
228 764
228 362
228 1087
228 380
229 867
229 1029
229 310
230 457
230 820
230 598
231 666
232 657
233 672
233 609
233 642
233 516
233 330
233 333
233 751
233 369
233 787
233 1150
233 1018
233 316
233 670
233 1151
234 259
234 841
234 745
234 681
234 312
234 926
235 385
235 802
235 387
235 996
235 517
235 934
235 300
235 1115
236 1075
236 1091
236 465
236 540
236 429
236 464
236 1016
236 947
236 1051
236 284
237 643
237 706
237 402
237 659
237 789
237 281
237 288
237 680
237 297
237 814
237 305
237 819
237 692
237 694
237 312
237 884
237 1090
237 963
237 1096
237 1105
237 355
237 242
237 628
237 507
238 677
238 645
239 899
239 262
239 647
239 265
239 397
239 404
239 798
239 935
239 300
239 430
239 687
239 993
239 483
239 484
239 743
239 239
239 244
239 636
240 1024
240 609
240 1101
240 313
242 256
242 397
242 1040
242 410
242 931
242 692
242 829
242 448
242 453
242 710
242 586
242 846
242 1104
242 600
242 997
242 485
242 1144
242 251
243 318
243 1090
243 411
243 485
243 325
243 489
243 930
243 1102
243 657
243 1140
243 693
243 617
243 980
243 251
243 1021
243 767
244 514
244 260
244 778
244 659
244 540
244 805
244 829
244 327
244 725
244 995
244 1001
244 748
244 625
244 625
244 627
244 372
244 1020
245 704
245 545
245 804
245 422
245 845
245 531
245 1078
245 829
245 414
246 928
246 587
246 805
246 1128
246 491
246 630
246 824
246 645
247 448
247 515
247 422
247 1031
247 489
247 298
247 395
247 1104
247 1075
247 888
247 1081
247 309
247 899
248 931
248 485
248 360
248 1135
248 530
248 476
248 1150
248 837
249 1056
249 737
249 872
249 1102
249 1020
249 878
249 475
249 915
249 541
250 385
250 611
250 900
250 422
250 395
250 786
250 529
250 857
250 511
250 964
250 805
251 520
251 269
251 274
251 915
251 794
251 542
251 677
251 939
251 431
251 690
251 437
251 953
251 699
251 318
251 449
251 709
251 728
251 347
251 995
251 998
251 500
251 634
252 769
252 899
252 650
252 398
252 280
252 795
252 1056
252 930
252 307
252 707
252 996
252 619
252 368
252 373
252 766
253 417
253 420
254 582
254 714
254 1003
254 817
254 346
255 546
255 772
255 391
255 810
255 720
255 626
255 377
255 860
255 349
256 577
256 645
256 999
256 1032
256 746
256 846
256 404
256 502
256 792
256 732
257 516
257 461
257 501
257 823
257 772
257 885
258 259
258 547
258 1067
258 738
259 512
259 385
259 385
259 769
259 266
259 406
259 1047
259 798
259 298
259 430
259 819
259 313
259 322
259 328
259 469
259 469
259 601
259 868
259 1128
259 621
259 368
259 628
259 1014
260 1056
260 450
260 517
260 294
260 1064
260 521
260 590
260 368
260 305
260 594
260 340
260 374
260 1033
260 728
260 933
260 538
260 766
261 589
261 1145
261 536
261 505
261 604
262 802
262 1078
262 812
262 399
262 307
262 758
262 727
262 1021
263 513
263 386
263 932
263 897
263 392
263 450
263 564
263 821
263 636
263 1109
264 476
264 487
264 678
264 582
264 807
264 1065
264 882
264 430
264 273
264 774
264 774
264 1079
264 1144
264 932
264 293
264 670
264 517
265 547
265 519
265 552
265 969
265 1084
265 273
265 723
265 308
265 766
265 1078
265 829
265 719
265 575
266 1090
266 581
266 586
266 751
266 273
266 690
266 1113
266 830
266 1151
267 993
267 803
267 300
267 665
267 377
268 880
268 493
268 543
269 482
269 406
269 1063
269 1130
269 1040
269 594
269 691
269 342
269 1044
269 1114
269 773
270 779
270 455
272 971
272 484
272 519
272 776
272 359
272 723
272 1147
272 445
272 862
273 1033
273 926
273 799
273 928
273 804
273 935
273 1077
273 1087
273 707
273 463
273 594
273 476
273 993
273 1136
273 369
273 631
273 893
274 976
274 323
274 1072
274 756
274 283
274 826
274 1053
275 1155
275 782
275 451
275 297
275 427
275 968
275 587
275 334
275 470
275 470
275 875
275 994
275 1127
275 490
275 743
275 364
275 879
275 500
275 761
275 639
275 765
275 511
276 929
276 704
276 582
276 902
276 487
276 1005
276 717
276 875
276 953
276 346
276 923
276 316
276 316
276 861
276 799
277 895
277 815
277 406
277 536
277 1021
277 959
278 320
278 1058
278 781
278 1029
278 422
278 353
278 424
278 298
278 322
278 303
278 296
278 794
278 309
278 758
278 666
278 639
279 998
279 652
279 623
279 435
279 1078
279 824
280 449
280 515
280 737
280 905
280 1102
280 687
280 1075
280 495
281 872
282 1035
282 1062
283 491
283 422
283 1035
283 1081
283 830
284 512
284 387
284 662
284 665
284 798
284 677
284 552
284 687
284 312
284 698
284 318
284 1088
284 964
284 454
284 842
284 460
284 717
284 343
284 1003
284 879
284 760
284 889
284 1151
285 484
285 810
285 850
286 611
286 631
287 529
287 546
287 646
288 544
288 577
288 424
288 1035
288 816
288 402
288 1043
288 888
288 511
289 802
289 484
289 652
289 594
289 464
289 1074
289 308
290 353
290 773
290 422
290 296
290 334
290 465
290 540
291 451
291 709
291 882
291 655
291 1010
291 723
291 723
291 662
291 1143
291 1080
291 491
292 733
293 1043
293 769
293 418
293 294
293 294
293 968
293 361
293 1098
293 983
293 444
293 861
293 819
293 793
293 601
293 410
293 923
293 1084
293 931
294 544
294 1153
294 803
294 968
294 1148
294 714
294 1035
294 850
294 462
294 626
294 899
294 1129
294 313
294 380
295 1128
295 352
295 562
295 1115
295 1072
296 1056
296 509
296 1045
296 1046
296 1046
296 860
297 998
297 1069
297 461
297 304
297 407
297 692
297 1115
298 1056
298 483
298 359
298 1130
298 367
298 312
298 923
299 1057
299 834
299 931
299 499
300 896
300 327
300 969
300 912
300 849
300 659
300 791
300 794
300 399
300 316
301 834
301 1090
301 710
301 774
301 330
301 674
301 657
301 1150
301 986
301 1022
302 1153
302 450
302 931
302 677
302 937
302 493
302 751
302 404
302 361
302 792
302 1018
303 544
303 868
303 694
303 1030
303 1065
303 821
303 977
303 594
303 308
303 533
303 489
303 443
303 361
303 947
303 798
303 565
304 899
304 645
304 519
304 521
304 531
304 1054
304 676
304 811
304 307
304 823
304 1080
304 448
304 695
304 855
304 601
304 1118
304 881
304 915
304 1020
305 897
305 994
305 758
305 966
305 609
305 1064
305 651
305 651
305 460
305 366
305 399
305 1078
305 855
305 921
305 767
306 768
306 1025
306 798
306 1123
306 999
306 745
306 1066
306 1067
306 466
306 437
306 857
306 1145
306 986
306 719
306 842
306 702
306 831
307 1024
307 787
307 933
307 935
307 712
307 318
307 831
307 1092
307 1096
307 464
307 594
307 344
307 1113
307 731
307 862
307 805
307 609
307 1128
307 748
307 495
307 376
308 1035
308 913
308 795
308 545
308 545
308 423
308 691
308 1090
308 581
308 469
308 601
308 605
308 863
308 1120
308 743
308 490
308 750
308 369
309 512
309 330
309 774
309 1009
309 970
309 1133
309 782
309 782
309 784
309 888
309 722
309 1107
309 472
309 640
309 1084
309 826
310 523
310 410
310 675
310 817
310 563
310 566
310 1087
310 453
310 711
310 471
310 1115
310 349
310 353
310 355
310 495
310 624
310 503
311 487
312 1028
312 538
312 1056
312 931
312 427
312 557
312 558
312 558
312 820
312 699
312 965
312 1106
312 735
312 482
312 1128
312 879
313 655
313 529
313 529
313 532
313 405
313 543
313 733
313 563
313 829
313 837
313 342
313 855
313 861
313 861
313 608
313 934
313 621
313 375
313 761
314 740
314 925
314 737
315 965
315 966
315 333
315 434
315 725
315 1054
315 597
316 641
316 906
316 1037
316 656
316 1049
316 669
316 692
316 705
316 1099
316 723
316 983
316 345
316 613
316 880
316 502
316 489
316 1150
317 1145
317 709
318 1147
318 1115
318 453
318 604
318 879
318 1073
318 786
318 885
318 758
318 665
318 505
318 1018
319 465
319 675
320 515
320 966
320 522
320 846
320 501
320 601
321 834
321 625
321 950
321 824
321 923
321 414
322 1024
322 1153
322 386
322 776
322 905
322 799
322 429
322 829
322 850
322 346
322 476
322 1117
322 481
322 610
322 620
322 880
322 625
322 631
322 507
323 956
323 850
323 1128
323 599
323 1020
324 652
324 404
325 864
325 707
325 1156
325 519
325 939
325 494
325 637
325 341
325 1046
325 855
325 409
325 634
325 923
325 892
325 511
326 1092
326 903
326 650
326 333
326 753
326 697
326 538
326 932
326 994
327 515
327 499
327 723
327 406
327 477
327 830
327 1151
328 768
328 645
328 778
328 400
328 1044
328 791
328 665
328 795
328 926
328 926
328 1071
328 1085
328 577
328 461
328 921
328 353
328 485
329 769
329 769
329 546
329 1155
329 615
329 911
329 987
330 769
330 781
330 405
330 1062
330 690
330 827
330 717
330 719
330 601
330 610
330 996
330 368
330 1151
331 885
331 791
331 634
331 380
331 829
332 999
332 937
332 491
332 369
332 532
333 804
333 623
333 1004
333 750
333 1103
333 912
333 819
333 982
333 601
333 947
333 798
333 1023
334 800
334 515
334 677
334 774
334 743
334 1128
334 732
334 1051
334 1094
334 669
335 709
335 966
335 745
335 1034
335 366
335 911
335 402
335 629
335 522
336 593
336 786
337 422
337 970
337 1105
337 980
337 343
337 1054
337 637
338 384
338 612
338 868
338 621
338 1134
338 944
338 659
338 852
338 407
338 921
338 1151
338 860
338 959
339 1056
339 815
339 655
339 888
339 547
339 372
339 410
339 411
339 637
339 798
339 666
340 645
340 814
340 342
340 956
341 466
341 594
342 769
342 923
342 923
342 581
342 934
342 1066
342 686
342 570
342 829
342 1094
342 1113
342 733
342 359
342 490
342 1003
342 748
342 495
342 376
342 916
343 640
343 1024
343 414
343 934
343 940
343 940
343 436
343 823
343 448
343 705
343 594
343 476
343 481
343 501
343 1144
344 769
344 450
344 547
344 453
344 454
344 422
344 748
344 917
344 827
344 541
344 829
345 1153
345 1090
345 900
345 783
345 1148
346 864
346 518
346 774
346 1153
346 552
346 490
346 947
346 628
346 1109
346 1113
346 823
346 377
346 1050
346 821
347 930
347 1027
347 1096
347 1065
347 491
347 402
347 1150
347 600
347 1113
347 698
347 1054
348 609
348 871
348 555
348 913
348 573
349 384
349 1064
349 1097
349 1011
349 788
349 538
349 923
349 1148
349 542
351 872
351 766
351 461
351 1078
352 1128
352 745
352 778
352 558
352 879
352 562
352 1102
352 764
353 1029
353 795
353 602
353 517
353 417
353 932
353 563
353 439
353 439
353 709
353 970
353 847
353 600
353 744
353 745
353 369
353 628
354 908
355 641
355 643
355 388
355 427
355 804
355 1063
355 811
355 1074
355 1075
355 574
355 845
355 465
355 477
355 490
355 366
355 501
355 378
355 1002
356 1144
356 947
356 997
357 1005
358 505
359 902
359 936
359 365
359 783
359 819
359 1143
359 763
359 927
361 642
361 902
361 527
361 554
361 689
361 435
361 465
361 489
361 1129
361 371
361 629
361 375
361 763
362 1000
362 798
363 769
363 887
364 640
364 609
364 1105
364 810
364 911
364 936
364 691
364 821
364 791
364 507
364 938
364 639
365 515
365 485
365 717
365 463
365 435
366 804
366 1075
366 665
366 826
367 544
367 676
367 482
367 900
367 565
367 1040
367 531
367 466
367 659
367 1044
367 568
367 447
368 998
368 395
368 1133
369 897
369 517
369 395
369 395
369 411
369 927
369 941
369 699
369 1007
369 854
369 1119
369 484
369 486
369 490
369 875
369 1149
369 758
369 1018
369 618
369 382
370 464
370 994
370 805
370 608
371 441
372 899
372 390
372 519
372 675
372 410
372 858
373 674
373 1059
373 902
373 778
373 1133
373 626
373 1080
373 443
374 665
374 414
375 912
376 513
376 1063
376 1096
376 1096
376 650
376 491
376 406
376 937
376 857
376 922
377 736
377 994
377 452
377 645
377 745
377 834
377 398
377 461
377 626
377 692
377 600
378 864
378 640
378 836
378 1065
378 874
378 907
378 974
378 879
378 505
378 694
378 631
378 793
378 624
379 580
379 617
379 617
379 587
379 529
379 883
380 1153
380 450
380 547
380 810
380 754
380 1078
380 510
380 1151
381 632
381 1053
381 845
382 576
382 810
382 910
382 1075
382 659
382 982
382 889
382 829
383 486
384 1024
384 896
384 385
384 521
384 1035
384 922
384 934
384 1074
384 821
384 827
384 446
384 523
384 586
384 465
384 1108
384 853
384 613
384 614
384 489
384 850
384 505
384 1148
384 765
385 832
385 578
385 1096
385 457
385 650
385 588
385 590
385 847
385 788
385 853
385 1012
385 861
386 777
386 743
386 401
386 923
387 1123
387 1125
387 904
387 758
387 410
388 768
388 1124
388 1090
388 1123
388 1123
388 453
388 490
388 747
388 987
388 1144
388 402
388 1046
388 406
388 760
388 708
388 708
388 538
388 1130
389 404
389 422
389 687
391 465
391 399
392 836
392 966
392 1066
392 679
392 717
392 782
392 785
392 818
392 468
392 590
392 511
393 569
393 487
393 411
393 447
394 1097
394 484
394 1021
395 517
395 1042
395 403
395 670
395 645
395 676
395 694
395 1090
395 1121
395 733
395 609
395 994
395 868
395 998
395 746
395 629
395 1014
396 737
396 907
396 943
397 422
397 968
397 875
397 659
397 1140
397 406
397 728
397 477
397 542
398 768
398 578
398 773
398 970
398 782
398 751
398 857
399 812
399 969
399 782
399 1011
399 622
399 598
399 601
399 665
399 602
399 765
400 1152
400 750
400 547
400 581
400 934
400 435
400 686
400 1071
400 526
400 507
400 541
401 499
401 567
401 476
402 526
402 621
402 795
402 677
402 941
402 562
402 868
402 837
402 843
402 612
402 484
403 768
403 705
403 709
403 594
403 544
403 544
403 539
403 927
404 912
404 1044
404 1054
404 422
404 948
404 952
404 827
404 501
404 833
404 722
404 1122
404 484
404 487
404 489
404 885
405 483
405 813
405 911
405 978
406 522
406 414
406 414
406 950
406 952
406 584
406 470
406 610
406 612
406 486
406 1127
406 745
406 1141
407 686
407 824
408 1054
408 1150
409 1151
409 837
409 535
409 635
409 828
409 581
410 1122
410 939
410 657
410 1045
410 860
410 1117
410 894
411 901
411 412
411 934
411 937
411 1075
411 1078
411 1084
411 822
411 719
411 600
411 600
411 476
411 616
411 1130
411 879
411 1145
411 1023
412 587
412 907
412 1009
412 600
412 666
413 480
413 544
413 482
413 483
413 421
413 999
413 649
414 577
414 611
414 646
414 655
414 655
414 966
414 659
414 787
414 1145
414 762
414 667
414 1115
414 1054
415 772
415 782
416 804
417 937
417 893
418 773
418 521
418 629
419 489
420 640
420 1117
421 640
421 577
421 483
421 486
421 812
421 947
421 732
422 917
422 541
422 544
422 700
422 836
422 849
422 867
422 491
422 629
422 634
423 540
423 461
424 545
424 613
424 486
424 712
424 681
424 876
424 461
424 952
424 604
425 544
426 737
426 511
427 931
427 683
427 970
427 1005
427 814
427 623
427 427
427 692
427 982
427 987
427 669
427 669
428 801
429 491
429 772
429 902
429 875
429 461
429 567
429 602
430 768
430 805
430 559
430 900
430 795
431 460
431 545
431 913
432 860
433 728
433 994
433 507
434 518
434 934
434 650
434 879
434 600
434 1054
434 767
435 768
435 938
435 1138
435 819
435 442
435 1053
436 668
437 953
437 642
437 857
438 465
438 675
438 629
439 675
439 1124
439 897
439 1130
439 590
439 495
439 561
439 1143
439 827
439 824
440 1049
440 930
440 577
441 827
441 499
441 704
441 1081
442 1075
442 947
442 916
442 1141
442 1018
442 732
442 670
443 611
443 519
443 587
443 691
443 1076
443 666
444 1000
444 640
444 500
445 980
445 1124
446 994
446 772
446 713
446 542
447 490
447 646
447 582
447 688
447 665
447 911
447 810
448 779
448 708
448 743
448 819
448 692
449 769
449 1115
449 453
449 743
449 508
449 863
450 515
450 708
450 1097
450 814
450 1076
450 532
450 670
450 1151
451 578
451 741
451 550
451 810
451 491
451 515
451 482
451 1138
451 629
451 1015
451 1098
451 766
452 587
453 578
453 517
453 934
453 558
453 1021
453 677
454 644
454 877
455 578
455 587
455 819
456 857
456 1158
456 1151
457 931
458 666
459 849
460 737
460 537
460 774
460 969
460 651
460 1101
460 464
460 466
460 905
460 505
460 664
460 697
460 765
461 903
461 664
461 917
461 792
461 538
461 670
461 1061
461 560
461 490
461 880
461 499
461 887
461 639
462 737
462 515
462 1128
462 526
462 1145
462 1053
463 675
463 558
463 936
463 941
463 618
463 717
463 942
463 850
463 1075
463 750
463 1014
463 728
463 507
463 508
463 829
463 767
464 1026
464 870
464 685
464 686
464 1053
464 1070
464 501
465 640
465 1026
465 902
465 524
465 911
465 541
465 543
465 928
465 804
465 937
465 580
465 980
465 489
465 503
465 1018
466 642
466 994
466 1044
466 507
466 830
467 523
467 590
467 998
468 515
468 795
468 508
468 862
469 612
469 659
469 694
469 889
469 1087
470 899
470 998
470 519
470 490
470 483
470 1069
470 782
470 877
470 758
470 786
470 921
470 926
471 546
471 743
471 523
472 1081
472 589
472 903
473 745
474 530
474 539
475 821
476 993
476 544
476 774
476 776
476 873
476 866
476 752
476 706
476 1018
476 1116
477 708
477 1030
477 615
477 936
477 554
477 751
477 912
477 879
477 756
477 503
477 603
477 618
477 621
478 593
479 529
479 637
481 928
481 485
481 1069
481 665
482 733
482 645
482 486
482 905
482 815
482 565
482 507
482 670
483 515
483 645
483 902
483 1159
483 484
483 791
483 1053
483 1054
483 1062
483 686
483 831
483 765
483 589
483 601
483 863
483 993
483 868
483 623
483 1136
483 637
484 517
484 1055
484 932
484 944
484 1075
484 1080
484 829
484 960
484 973
484 974
484 719
484 853
484 484
484 1130
484 788
485 705
485 546
485 1027
485 805
485 490
485 743
485 655
485 497
485 921
485 826
485 938
486 580
486 689
486 875
486 562
486 1032
486 882
486 631
486 503
486 548
487 1030
487 541
487 1075
487 1063
487 947
487 820
487 1091
487 714
487 719
487 593
487 853
487 862
487 879
487 624
487 632
487 1018
487 895
488 497
488 517
488 622
488 631
489 899
489 652
489 785
489 1044
489 544
489 803
489 558
489 952
489 953
489 705
489 581
489 601
489 861
489 610
489 627
489 1012
489 1144
489 634
490 768
490 519
490 530
490 533
490 534
490 986
490 670
490 1085
490 958
490 987
490 1116
490 609
490 627
490 631
490 763
491 787
491 937
491 1069
491 972
491 842
491 526
491 613
491 1141
491 505
492 632
492 781
493 1157
493 613
493 966
493 744
493 970
493 590
493 594
493 838
493 764
493 709
495 790
495 681
495 823
495 686
495 760
495 597
496 537
496 611
496 964
496 564
497 840
497 624
497 691
497 853
497 1029
497 1054
497 1061
498 1153
498 675
498 620
498 564
498 1045
498 703
499 1090
499 1062
499 1133
499 789
499 917
499 1151
499 799
500 708
500 1002
501 897
501 526
501 611
501 1046
501 1113
503 519
503 850
503 819
504 548
505 899
505 901
505 661
505 1066
505 819
505 594
505 982
505 868
505 869
505 634
506 868
507 774
507 903
507 748
507 523
507 1043
507 1046
507 791
507 547
507 902
507 905
507 583
507 595
507 732
507 893
507 1021
508 1058
508 872
508 778
508 812
508 880
508 727
508 510
510 612
510 618
510 587
510 723
511 769
511 1090
511 708
511 646
511 1127
511 747
511 844
511 686
511 659
511 711
511 574
511 1150
511 1088
512 832
512 544
512 578
512 968
512 911
512 1008
512 1054
513 674
513 1159
513 624
513 658
513 732
514 770
514 581
515 515
515 787
515 665
515 926
515 672
515 1054
515 983
515 862
515 866
515 868
515 1126
515 1014
517 928
517 520
517 812
517 557
517 965
517 818
517 659
517 1075
517 570
517 901
518 896
518 913
518 1096
518 745
518 945
518 542
519 642
519 1040
519 795
519 542
519 545
519 923
519 1137
519 1085
519 609
519 846
519 590
519 601
519 610
519 1009
520 896
520 1153
521 714
521 782
521 689
521 661
521 982
522 1071
523 847
523 868
523 774
523 888
523 819
523 701
524 899
524 689
524 529
525 928
526 738
526 541
526 1105
526 921
526 985
527 600
527 819
528 563
528 566
529 1053
529 674
529 1114
529 958
529 961
529 722
529 858
529 732
529 631
529 890
530 913
531 911
531 793
531 1141
533 1059
533 594
533 879
533 1055
534 896
534 837
534 903
534 937
534 845
534 914
534 714
534 1151
536 624
537 768
537 645
537 776
537 898
537 911
537 1046
537 670
537 545
537 802
537 685
537 624
537 705
537 1097
537 979
537 863
537 1124
537 752
537 882
537 889
538 1034
538 653
538 659
538 1044
538 565
538 587
538 710
538 723
538 731
538 608
538 740
539 670
540 993
540 581
540 1090
540 1133
540 819
540 1081
541 645
541 913
541 923
541 1053
541 1075
541 628
541 570
541 958
541 707
541 875
541 728
541 1140
542 1153
542 841
542 1132
542 1059
543 963
543 548
543 1035
543 1154
543 882
543 996
544 770
544 899
544 899
544 645
544 776
544 751
544 1071
544 940
544 689
544 584
544 979
544 853
544 697
544 733
544 863
544 612
544 1144
544 893
544 1023
545 1057
545 1003
545 677
545 1159
545 941
545 890
545 861
545 949
546 868
546 918
546 939
546 627
546 788
546 661
547 640
547 640
547 934
547 985
547 1069
547 626
547 563
547 819
547 733
547 926
547 959
548 998
548 917
548 829
549 803
550 1106
550 709
550 649
550 714
550 717
550 1005
550 899
550 853
550 1014
550 1065
550 830
551 658
552 933
552 689
552 722
552 885
552 923
552 1023
553 928
554 1031
554 751
554 665
554 604
555 1014
555 615
556 1114
556 959
556 847
557 564
557 1077
558 776
558 651
558 1133
558 596
558 559
559 747
560 1055
562 905
563 966
563 1005
563 1040
563 1053
564 656
564 872
564 1129
564 1035
564 846
564 784
564 625
564 852
564 999
564 1063
564 1055
565 899
565 646
565 903
565 790
565 669
565 942
565 947
565 829
565 1086
565 850
565 729
565 999
565 745
565 1141
565 760
566 861
568 841
568 787
569 1140
569 814
570 675
570 1158
570 913
570 1095
570 687
570 1137
570 917
570 885
570 921
570 666
570 1115
570 1150
572 1133
572 847
573 624
573 905
573 695
574 1154
574 709
574 817
574 1054
575 609
575 1115
575 902
575 687
577 807
577 745
577 860
577 719
577 764
578 935
578 683
578 594
578 1136
578 754
578 786
578 765
579 803
579 1062
579 808
579 750
579 1010
579 1078
580 613
580 754
580 889
580 764
580 677
581 704
581 964
581 681
581 728
581 1106
581 793
581 792
581 606
582 768
582 1024
582 849
583 778
583 1106
584 769
584 1127
584 808
584 1108
584 788
584 1051
586 773
586 1065
586 1130
586 1141
586 889
586 794
586 655
587 644
587 905
587 1113
587 1054
587 675
587 686
587 850
587 598
587 857
587 994
587 1124
587 830
588 931
588 774
589 1037
590 694
590 1053
591 709
592 1052
592 677
592 925
593 880
593 710
594 902
594 920
594 819
594 669
594 1030
594 679
594 726
594 1145
595 928
595 866
595 1059
595 678
595 934
595 1031
595 1033
596 1092
596 1095
596 1097
596 970
596 1005
596 879
596 631
596 794
597 649
599 981
599 890
599 764
599 829
600 1067
600 1035
600 909
600 939
600 685
600 687
600 705
600 968
600 877
600 750
600 1009
600 1014
601 1153
601 772
601 901
601 903
601 926
601 832
601 827
601 850
601 742
601 615
601 1015
601 1031
602 640
602 1130
602 819
602 1140
602 847
603 900
604 738
604 711
604 779
604 940
604 1133
604 1011
604 1085
606 969
606 732
606 708
606 790
607 1090
607 779
608 1153
608 1035
608 621
608 888
608 669
609 966
609 1002
609 1005
609 912
609 1116
609 791
609 795
610 993
610 843
610 879
610 663
610 1030
610 767
610 798
610 1151
611 1035
611 934
611 1065
611 1066
611 951
611 1092
611 1098
611 974
611 1106
611 859
611 733
611 736
611 872
611 722
611 625
612 709
612 1079
612 628
612 790
612 922
612 1151
613 782
613 708
614 768
614 615
614 1149
615 678
616 928
616 640
616 707
616 624
616 882
616 1081
616 698
617 704
617 864
617 744
617 880
617 880
617 1014
617 1144
617 640
617 1087
618 1059
618 860
618 912
618 949
620 1155
620 1033
620 915
621 872
621 1140
621 1054
622 868
622 626
622 947
622 820
622 629
622 760
622 634
622 1052
622 1053
622 862
622 1045
623 676
623 697
623 1012
623 634
623 733
624 1155
624 772
624 901
624 659
624 1044
624 805
624 949
624 829
624 833
624 1096
624 862
624 750
625 708
625 769
625 1068
625 1075
625 920
625 673
626 868
626 774
626 655
626 786
626 786
626 659
626 982
626 959
627 737
627 903
627 1128
627 1037
627 1110
627 1113
628 1103
628 659
628 1011
629 899
629 773
629 787
629 677
629 814
629 692
629 862
629 737
629 880
629 1145
629 766
630 923
631 1053
631 1059
631 1067
631 1054
631 822
631 841
631 1109
631 1117
631 740
631 879
634 833
634 934
634 999
634 1034
634 845
634 732
634 751
635 1089
636 711
636 1062
637 644
638 1157
639 705
639 935
639 714
639 975
639 785
639 733
640 1030
640 964
640 795
640 1054
640 1064
640 833
640 1092
640 676
640 1123
640 880
640 1009
640 882
640 765
641 1092
641 1063
641 941
642 795
642 805
642 970
642 976
642 1059
642 728
642 1019
644 931
644 709
644 839
645 912
645 659
645 822
645 1088
645 1111
645 1150
645 1150
646 969
646 1003
646 1004
646 845
646 1140
646 793
646 1145
648 1124
649 923
649 686
649 656
649 665
649 830
649 831
650 939
650 913
651 768
651 879
651 912
651 1083
651 1020
652 880
652 829
653 931
654 722
654 899
654 1118
654 838
655 994
655 1090
655 655
655 829
655 813
655 822
655 1098
655 895
656 760
656 1012
656 1021
657 667
658 805
658 1040
659 782
659 794
659 804
659 686
659 1102
659 1102
659 863
659 1145
659 893
660 819
661 1116
663 996
663 943
663 817
663 1115
664 676
664 913
664 1144
664 1146
665 675
665 710
665 899
665 1102
665 937
665 697
665 893
666 899
666 779
666 1037
666 911
666 794
666 797
666 805
666 948
666 824
666 692
666 699
666 754
666 760
666 895
667 673
667 931
667 1062
667 1037
667 860
668 912
668 782
669 939
669 1064
669 1010
669 913
669 1140
669 1113
670 936
670 811
670 1116
670 989
670 999
670 765
670 745
670 760
670 1130
671 875
672 677
672 937
672 882
672 982
673 1097
674 803
675 832
675 737
675 939
675 1096
675 880
675 849
675 822
676 864
676 709
676 955
677 936
677 936
677 710
677 722
677 736
677 1144
678 1125
678 937
678 699
679 808
679 885
681 691
681 801
681 798
681 879
681 819
681 1045
681 772
681 1145
681 827
681 964
681 963
682 901
682 1149
683 822
683 758
684 1050
684 1118
684 1054
685 1005
685 1105
685 950
685 729
685 1085
686 1154
686 939
686 1000
686 1133
686 1133
686 1102
686 888
686 847
686 764
687 728
687 1133
687 911
687 1061
687 829
688 732
689 769
689 1153
689 1063
689 1008
689 880
690 900
690 807
690 1128
690 790
691 1024
691 1024
691 997
691 1113
692 768
692 877
692 758
692 765
693 977
693 797
694 1033
694 882
694 1075
694 953
695 1027
695 967
695 1041
695 713
697 944
697 841
698 1123
698 1067
698 1075
699 827
699 1130
699 1004
699 845
699 754
700 822
701 948
701 747
703 1153
703 1090
704 960
704 710
704 763
704 1023
705 928
705 1075
705 907
706 1037
707 931
707 966
707 935
707 791
707 762
708 768
708 899
708 1046
708 966
708 1064
708 1075
708 1102
708 893
709 1034
709 1034
709 785
709 798
709 1061
709 1106
709 1111
709 882
710 768
710 1121
710 1115
710 1147
710 938
710 1037
710 754
710 981
710 822
710 1097
710 733
711 1105
711 895
713 751
713 1068
714 769
714 901
716 1091
716 1055
717 1024
717 963
717 911
718 1052
719 744
719 976
719 910
720 1064
720 964
720 766
721 758
722 833
722 926
723 997
723 997
723 821
723 994
723 1015
723 953
723 1020
724 1044
726 788
726 1013
728 764
728 1034
728 875
728 953
728 1114
728 860
728 766
730 1007
731 898
731 805
731 849
731 732
732 1155
732 1037
732 803
732 1062
732 817
732 965
732 968
732 853
733 902
733 1064
733 1012
733 992
733 1078
735 893
736 1094
736 1027
736 823
736 1054
737 1024
737 1027
737 1040
737 1054
737 963
737 837
737 966
737 1105
737 1130
737 767
738 901
738 999
738 1080
739 1065
740 831
740 773
740 773
743 1090
743 794
743 751
744 782
744 751
744 1084
745 908
745 926
745 931
745 902
745 1067
745 1094
745 868
745 751
746 794
747 1076
747 1144
748 801
748 748
748 883
748 955
749 768
749 1145
749 916
749 1063
750 769
750 1122
750 1063
750 841
750 778
750 875
750 760
751 774
751 920
751 929
751 937
751 939
751 861
751 821
751 983
751 990
751 866
751 1136
751 1001
751 1150
752 773
752 998
752 855
754 786
754 947
754 1014
754 823
755 1010
755 903
756 1063
756 816
757 902
757 904
757 875
757 847
757 827
757 861
758 938
758 926
758 1097
758 846
758 880
758 1145
760 1030
760 779
760 1051
760 805
760 940
760 972
760 1130
761 1092
761 936
761 823
761 964
762 770
762 1030
762 882
762 1145
763 875
763 876
763 819
763 916
763 1140
763 798
764 782
764 858
765 964
765 1118
765 1141
766 1035
766 1037
766 816
766 964
766 964
766 866
766 1134
766 879
766 889
767 1124
767 1005
767 950
768 1024
768 1155
768 912
768 917
768 791
768 805
768 919
768 1127
768 881
769 801
770 1158
770 969
770 853
770 926
771 1059
771 1118
772 833
772 1023
772 882
772 1033
772 886
772 885
773 897
773 978
773 879
773 818
774 1016
774 925
775 827
776 895
778 928
778 969
778 978
778 1015
779 1076
780 928
781 974
781 979
781 1140
781 810
782 896
782 1046
782 1065
782 814
782 1092
782 966
782 1005
782 885
782 1014
784 1122
784 829
785 913
785 905
785 895
786 896
786 792
786 890
786 1151
787 802
787 935
787 1084
787 1072
787 1053
788 1064
788 1044
788 1140
789 986
790 834
790 923
790 920
790 795
792 1115
793 805
793 934
793 1063
793 879
793 854
793 799
794 1018
794 819
794 885
794 1054
795 1030
795 957
795 1090
795 1124
795 888
795 1149
795 895
797 883
798 912
798 1044
798 879
798 932
798 935
798 1089
798 834
798 973
798 853
798 1118
799 1143
801 1090
801 875
801 1040
801 1097
802 1062
803 905
803 983
803 1081
804 1088
804 1096
804 906
804 923
805 1024
805 1156
805 937
805 939
805 834
806 1025
806 1060
806 838
806 1144
807 969
808 1093
808 842
808 939
808 823
808 1115
808 1148
808 830
809 978
809 1052
810 970
810 1102
810 814
810 1040
810 931
810 853
810 1055
812 1117
813 911
814 901
814 1096
814 1055
815 1037
815 827
817 1133
817 1102
818 905
819 1035
819 1070
819 959
819 1108
819 853
819 1005
819 1147
820 1153
820 901
820 889
820 1086
821 964
821 1144
822 966
822 1034
823 1050
823 923
823 958
824 945
824 1063
824 1085
824 880
825 1033
826 853
827 933
827 1067
828 855
829 1035
829 832
829 1097
829 1040
830 1123
830 1096
830 855
830 889
831 868
831 945
831 1136
831 1117
832 940
832 925
832 912
832 921
832 1081
833 966
833 934
833 936
833 1045
834 994
834 903
834 862
834 918
835 1041
835 1139
835 966
835 847
836 941
837 1150
837 991
838 1133
838 955
841 1117
842 936
842 876
842 1114
843 1033
845 956
847 901
847 934
847 1106
847 857
847 859
847 997
848 941
848 1087
849 1115
849 964
849 1054
850 933
850 1096
850 1037
850 973
850 1064
852 1113
852 950
853 1153
853 911
853 1061
853 964
853 1113
853 1005
855 1059
855 1029
855 1149
855 894
856 1145
857 1058
857 1064
857 905
858 1024
858 981
859 912
860 928
860 1128
860 1151
860 1006
860 890
861 1088
861 996
861 1148
862 1062
862 1034
862 1005
862 1113
862 865
862 994
863 1124
863 1044
863 958
864 994
864 1158
865 1076
865 1062
866 1128
866 1145
868 926
868 940
868 950
868 977
868 999
868 1018
872 890
874 1113
874 1043
875 987
875 1126
875 970
876 1140
876 950
876 926
879 1059
879 1106
879 1115
879 937
879 885
879 889
880 901
880 1035
880 1051
880 885
880 967
881 1055
882 1037
882 920
882 992
882 889
883 1002
883 1044
884 994
884 1148
885 969
887 1153
887 1065
887 990
888 1064
888 1097
888 982
888 889
889 1072
889 1117
891 987
891 1126
893 899
893 965
893 1128
893 1052
893 1130
893 974
893 923
893 970
894 1154
894 981
895 1025
895 968
895 941
895 925
895 1055
896 1014
896 999
896 1035
896 1022
896 1080
896 923
897 971
899 1044
899 1150
900 930
900 1055
901 931
901 912
902 1157
903 932
903 935
903 951
904 1110
905 941
905 1037
905 1133
905 939
908 1085
911 923
911 958
911 1130
911 1018
911 1118
912 1155
912 1073
912 978
912 1151
913 1029
913 987
913 1051
913 956
913 959
914 1034
914 950
915 928
915 944
915 1009
916 917
916 1151
917 966
917 1005
917 1135
917 1046
917 934
917 990
921 1014
921 983
922 969
923 942
923 973
923 996
923 998
923 1151
925 931
925 1009
926 982
928 1145
930 1062
930 1000
931 1043
931 1029
931 1102
931 990
931 1146
932 1062
934 937
934 1086
935 1054
935 1014
936 940
937 1046
937 1085
937 1113
937 995
938 1136
939 944
939 1044
941 998
941 1140
946 1009
946 1132
946 1014
947 1005
952 1029
953 969
953 969
954 1009
954 985
955 1084
958 1086
959 970
959 1044
959 1116
962 1132
963 1140
963 1114
964 1127
964 1034
966 1066
966 1088
966 1097
968 1044
968 1017
968 1055
968 1118
969 974
969 1113
969 986
970 1154
970 1141
971 978
971 1011
972 1126
973 1067
973 973
974 1044
977 1130
981 996
981 1064
981 1014
983 1011
984 998
984 1063
986 1030
986 1113
987 1094
987 1128
988 1114
993 1090
993 1046
993 1000
994 1024
994 1051
994 1061
994 1075
994 1114
994 996
994 1144
995 1090
995 997
996 998
996 1063
996 1128
996 1015
996 1130
996 1114
997 1144
998 1037
998 1092
998 1117
999 1085
1005 1030
1005 1088
1005 1130
1005 1133
1005 1147
1008 1046
1009 1153
1009 1125
1010 1034
1011 1128
1011 1134
1011 1147
1012 1094
1013 1128
1014 1116
1015 1085
1016 1102
1017 1067
1018 1151
1020 1117
1021 1117
1024 1075
1024 1034
1029 1056
1030 1071
1030 1145
1033 1090
1034 1039
1035 1061
1035 1091
1035 1098
1037 1153
1037 1053
1040 1059
1044 1102
1044 1114
1045 1125
1050 1092
1050 1142
1053 1098
1053 1102
1053 1102
1054 1064
1055 1113
1059 1096
1059 1145
1059 1083
1061 1074
1061 1080
1062 1063
1063 1088
1063 1118
1063 1147
1064 1065
1065 1127
1065 1140
1065 1115
1066 1087
1068 1140
1071 1145
1071 1098
1073 1108
1074 1075
1074 1080
1075 1154
1075 1131
1076 1124
1085 1127
1090 1140
1091 1153
1092 1151
1094 1134
1096 1106
1096 1097
1100 1102
1102 1155
1102 1122
1102 1140
1116 1128
1117 1126
1124 1128
1130 1131
1143 1154
1144 1154
1144 1147
1151 1153
