0 417
0 290
0 355
0 325
0 1127
0 119
0 750
0 691
0 793
0 121
0 769
0 427
0 979
0 1061
1 1011
2 377
2 970
3 272
3 497
3 754
3 395
3 472
4 1012
4 490
4 964
4 967
5 832
5 474
5 829
6 763
6 620
6 853
7 313
7 652
7 868
8 81
8 273
8 302
8 49
8 947
8 468
8 695
8 1113
8 1150
8 1151
9 600
9 329
9 250
9 235
9 750
10 512
10 996
10 1032
10 1133
10 304
10 17
10 146
10 278
10 1113
10 313
10 313
10 923
11 162
11 134
11 745
11 203
11 845
11 366
11 882
11 214
11 183
11 122
12 278
13 497
13 182
13 823
14 237
14 16
14 786
14 283
14 803
14 812
14 176
14 833
14 450
14 581
14 330
14 973
14 462
14 335
14 464
14 594
14 981
14 862
14 611
14 868
14 466
14 750
14 881
14 629
14 503
14 1150
15 737
15 66
15 612
15 487
15 328
15 1005
15 1149
15 178
15 766
15 822
15 505
15 538
15 92
15 829
15 1086
16 32
16 550
16 711
16 398
16 304
16 1043
16 372
16 181
16 758
16 87
16 1080
16 860
17 384
17 928
17 677
17 135
17 201
17 533
17 1076
17 510
17 310
17 858
17 1116
17 94
17 1119
18 387
18 421
18 233
18 1137
18 562
18 343
18 953
18 763
18 508
19 481
19 581
19 944
19 440
19 890
19 893
20 963
20 966
20 103
20 584
20 361
20 491
20 879
20 145
20 344
20 123
20 860
20 1054
21 130
21 644
21 966
21 621
21 304
21 505
21 633
21 378
22 384
22 274
22 1003
22 714
22 735
23 78
23 766
23 1077
24 960
24 482
24 67
24 485
24 1030
24 969
24 782
24 678
24 464
24 1075
24 142
24 790
24 889
24 143
24 990
24 1055
25 1024
25 609
25 155
25 1092
25 773
25 601
25 665
25 518
25 310
25 310
25 145
25 178
25 1046
25 505
25 600
25 985
25 1050
25 827
25 218
26 640
26 265
26 280
26 541
26 928
26 41
26 558
26 183
26 586
26 831
26 64
26 579
26 708
26 841
26 74
26 1102
26 337
26 855
26 601
26 482
26 875
26 750
26 624
26 1014
26 631
26 1145
27 912
27 1090
27 342
28 833
28 546
28 611
28 484
28 1127
28 200
28 107
28 495
28 880
28 531
28 306
28 1075
28 277
28 723
28 855
28 537
28 1018
28 427
28 1050
28 157
28 575
29 833
29 963
29 645
29 715
29 458
29 1035
29 109
29 206
29 210
29 406
29 509
30 640
30 193
30 196
30 172
30 135
30 617
30 1118
30 461
30 142
30 925
30 944
30 49
30 723
30 533
30 791
30 825
30 155
30 125
30 1086
30 853
31 1014
31 670
31 71
32 384
32 384
32 993
32 578
32 928
32 388
32 325
32 966
32 455
32 64
32 209
32 972
32 581
32 581
32 904
32 515
32 919
32 218
32 38
32 60
32 542
32 1151
33 1153
33 404
33 404
33 406
33 284
33 164
33 293
33 422
33 1065
33 427
33 305
33 316
33 960
33 204
33 226
33 334
33 888
33 212
33 206
33 862
33 223
33 736
33 610
33 237
33 120
33 1044
34 921
34 723
34 471
34 361
35 752
35 207
36 328
36 705
36 899
36 1092
36 39
36 296
36 105
36 139
36 812
36 476
36 335
36 1073
36 593
36 1115
36 92
37 674
37 827
37 1125
37 487
37 1033
37 847
37 466
37 596
37 342
37 219
37 220
37 222
38 570
38 548
38 1010
39 1024
39 719
39 912
39 1018
39 251
39 220
39 479
40 529
40 211
41 544
41 801
41 996
41 228
41 228
41 550
41 359
41 173
41 590
41 89
41 947
41 947
41 342
41 819
41 153
41 284
41 158
42 827
42 172
42 1061
42 731
43 512
43 609
43 164
43 970
43 559
43 631
43 1118
44 112
44 172
44 108
45 512
45 483
45 837
45 941
45 114
45 307
45 308
45 507
46 352
46 448
46 162
46 645
46 866
46 176
46 151
46 1021
46 1022
47 931
47 328
47 234
47 110
47 847
47 917
47 158
48 1040
48 460
48 109
48 109
49 267
49 536
49 542
49 1056
49 611
49 183
49 328
49 969
49 969
49 77
49 465
49 210
49 1123
49 216
49 733
49 994
49 227
49 490
49 624
49 115
49 245
49 887
49 1130
50 1027
50 388
50 773
50 518
50 275
50 931
50 551
50 312
50 1087
50 193
50 710
50 584
50 205
50 377
50 1113
50 90
50 733
50 1124
50 491
50 877
50 624
50 1010
50 1140
50 885
50 249
51 163
51 941
51 1062
51 975
52 920
52 810
52 75
52 61
52 507
53 195
53 998
53 1130
53 940
53 941
53 782
53 244
53 182
54 544
54 1008
54 395
54 486
54 641
54 617
54 714
54 1063
54 719
54 752
54 978
54 139
54 823
54 280
55 1024
55 398
55 529
55 786
55 155
55 284
55 548
55 313
55 316
55 200
55 969
55 587
55 724
55 219
55 92
55 608
55 609
55 611
55 104
55 105
55 882
55 631
55 124
56 81
56 155
56 641
57 709
57 904
57 302
57 411
57 444
57 863
58 545
58 651
58 659
58 414
58 831
59 304
60 1033
60 1035
60 782
60 153
60 544
60 1062
60 1063
60 427
60 430
60 307
60 836
60 1098
60 416
60 596
60 857
60 90
60 1115
60 613
60 874
60 363
60 751
60 881
60 114
60 631
60 1020
61 608
61 260
61 999
61 519
61 344
61 212
62 834
62 142
62 334
62 1040
62 177
62 692
62 213
62 344
62 1151
63 834
63 67
63 581
63 198
63 1099
63 666
63 666
63 95
63 1055
64 97
64 899
64 199
64 1114
64 65
64 171
64 500
64 367
64 1015
64 244
64 821
64 758
64 446
64 568
64 601
64 794
64 1116
64 414
65 130
65 675
65 763
65 124
65 333
65 719
65 624
65 465
65 786
65 955
65 316
66 804
66 276
66 794
66 847
66 1020
67 517
67 134
67 397
67 537
67 922
67 158
67 965
67 417
67 293
67 1069
67 414
67 192
67 835
67 325
67 1102
67 342
67 1018
67 485
67 487
67 361
67 490
67 743
67 620
67 1133
67 244
67 501
67 634
67 1148
68 785
68 178
68 178
68 435
68 116
69 369
70 386
70 388
70 526
70 275
70 792
70 1115
70 938
70 686
70 304
70 441
70 1088
70 74
70 335
70 87
70 719
70 847
70 484
70 489
70 754
70 629
70 507
70 1150
71 1012
72 483
72 137
72 650
72 247
72 142
72 912
72 502
72 599
73 745
73 604
73 959
74 832
74 449
74 994
74 355
74 146
74 808
74 642
74 879
74 392
74 114
74 1075
74 90
74 279
74 1083
74 1149
74 1054
74 211
75 833
75 931
75 782
75 782
75 272
75 81
75 885
75 728
75 116
75 895
75 158
75 511
76 309
77 933
77 776
77 459
77 463
77 659
77 1012
77 309
77 1046
77 823
77 666
77 511
77 252
77 191
78 641
78 555
78 100
78 293
78 1064
78 905
78 791
78 849
78 254
78 600
78 894
78 189
78 670
78 511
79 996
79 970
79 123
79 924
79 675
80 1090
80 1147
80 210
80 782
81 1037
81 1040
81 145
81 152
81 602
81 423
81 174
81 757
81 460
81 952
81 595
81 598
81 599
81 986
81 1116
81 745
81 884
81 501
81 1014
82 402
82 1092
83 1056
83 1153
83 1157
83 294
83 833
83 172
83 224
83 558
83 385
83 370
83 250
83 634
84 810
84 511
85 672
85 325
85 519
85 490
85 147
85 860
85 947
86 546
86 958
86 866
86 126
86 918
86 215
86 795
86 158
86 895
87 388
87 523
87 912
87 404
87 300
87 686
87 178
87 308
87 309
87 183
87 1111
87 486
87 108
87 110
87 499
87 629
87 119
87 760
87 252
87 125
88 259
88 613
88 1002
88 142
88 656
88 227
88 163
88 763
88 330
88 829
88 670
89 733
89 167
89 1128
89 940
89 1134
89 669
89 1140
89 117
89 765
89 1150
90 142
90 1040
90 666
90 670
90 805
90 937
90 298
90 427
90 542
90 952
90 447
90 714
90 844
90 782
90 342
90 728
90 217
90 677
90 355
90 868
90 444
90 490
90 751
90 756
90 760
90 252
91 184
91 791
92 192
92 1024
92 751
92 163
92 694
92 487
92 143
92 237
92 303
92 1115
92 340
92 214
92 505
92 447
92 316
92 639
93 385
93 388
93 133
93 518
93 655
93 657
93 367
93 543
93 879
93 165
93 1063
93 172
93 819
93 312
93 316
93 194
93 579
93 1092
93 709
93 228
93 218
93 100
93 489
93 746
93 751
93 624
93 1011
93 244
93 119
93 1151
94 994
94 613
94 808
94 905
94 278
94 269
94 335
94 947
94 853
94 470
94 217
94 795
94 572
95 491
95 344
95 658
95 183
95 120
95 799
96 640
96 521
96 468
96 112
97 626
97 884
97 901
97 821
98 850
98 979
99 1081
99 203
100 640
100 112
100 196
100 464
100 177
100 177
100 915
100 280
100 411
101 587
101 355
101 1064
101 330
101 427
101 300
101 1102
101 207
101 529
101 308
101 950
101 1051
101 893
102 259
102 956
102 109
102 541
103 706
103 676
103 594
103 1009
103 658
104 193
104 834
104 1157
104 1063
104 1064
104 427
104 427
104 461
104 147
104 340
104 1114
104 123
104 540
104 445
105 226
105 411
105 1159
105 525
105 526
105 722
105 217
105 443
105 989
105 766
105 511
106 242
106 714
106 1068
106 626
106 463
106 882
106 237
106 728
106 250
106 347
106 700
106 1117
107 478
108 1130
108 1123
108 939
109 705
109 930
109 612
109 293
109 616
109 465
109 146
109 179
109 312
109 484
109 124
110 155
110 805
110 1030
110 743
110 617
110 337
110 915
110 169
110 859
110 414
111 400
111 872
111 875
111 1081
112 834
112 827
112 379
112 264
112 937
112 1118
112 114
112 206
112 968
112 722
112 867
112 148
112 981
112 216
112 283
112 765
112 158
112 511
113 257
113 322
113 478
114 139
114 148
114 663
114 664
114 291
114 298
114 439
114 570
114 830
114 451
114 709
114 333
114 344
114 222
114 994
114 495
114 240
114 629
114 119
114 888
114 276
115 225
115 931
115 931
115 264
115 701
115 817
115 291
115 245
115 664
115 313
115 666
115 252
115 1018
116 352
116 705
116 129
116 649
116 204
116 256
116 272
116 526
116 888
116 345
116 669
117 263
117 265
117 778
117 782
117 399
117 529
117 404
117 537
117 798
117 419
117 1061
117 557
117 307
117 1033
117 181
117 310
117 201
117 184
117 829
117 969
117 465
117 342
117 600
117 484
117 624
117 882
118 251
118 691
119 394
119 1035
119 1040
119 791
119 155
119 540
119 1055
119 931
119 679
119 453
119 178
119 309
119 694
119 312
119 953
119 569
119 198
119 201
119 342
119 1009
120 424
120 521
120 874
120 652
120 1038
120 1011
120 334
120 681
120 760
120 158
121 1059
121 1063
121 280
121 250
121 639
122 640
122 1096
122 649
122 395
122 204
122 687
122 275
122 309
122 1145
122 764
123 130
123 1046
123 646
123 905
123 139
123 1037
123 912
123 278
123 540
123 169
123 172
123 177
123 178
123 523
123 457
123 462
123 850
123 609
123 868
123 879
123 880
123 634
123 893
124 384
124 1025
124 899
124 150
124 134
124 395
124 406
124 676
124 1063
124 681
124 554
124 699
124 192
124 193
124 1035
124 581
124 198
124 463
124 611
124 139
124 347
124 989
124 483
124 1126
124 233
124 243
124 247
124 763
125 384
125 130
125 969
125 204
125 463
125 632
125 670
126 1153
126 538
127 184
128 1002
128 756
128 202
128 687
129 470
129 519
129 265
129 143
129 280
129 1048
129 672
129 162
129 931
129 552
129 586
129 832
129 833
129 707
129 202
129 214
129 222
129 611
129 485
129 760
129 764
129 764
129 893
130 386
130 134
130 1031
130 657
130 657
130 146
130 158
130 935
130 180
130 565
130 313
130 315
130 965
130 467
130 853
130 470
130 346
130 880
130 1145
130 894
131 225
131 709
131 902
131 301
131 142
131 845
131 529
131 221
131 757
131 313
131 601
131 751
131 1126
131 485
132 274
133 258
133 709
133 328
133 1097
133 367
133 404
133 873
133 699
134 1155
134 1046
134 782
134 323
134 277
134 278
134 666
134 544
134 805
134 808
134 307
134 948
134 1140
134 207
134 600
134 1118
134 677
134 611
134 275
134 244
135 512
135 515
135 264
135 787
135 623
135 623
135 709
135 937
135 564
135 181
135 827
135 868
135 322
135 325
135 993
135 1055
135 585
135 460
135 466
135 217
135 734
135 737
135 187
135 996
135 998
135 366
135 879
135 498
135 245
136 642
136 935
136 328
136 903
136 493
136 398
136 788
136 885
136 825
136 345
137 896
137 837
137 234
137 683
137 216
137 732
138 819
139 429
139 920
139 275
139 788
139 152
139 795
139 547
139 427
139 172
139 813
139 176
139 178
139 1090
139 329
139 850
139 1113
139 486
140 913
140 486
140 1102
140 503
141 1056
141 754
141 147
141 463
142 266
142 398
142 400
142 145
142 402
142 276
142 1045
142 161
142 934
142 934
142 309
142 959
142 321
142 586
142 631
142 1126
142 1011
142 382
142 887
142 507
142 510
143 804
143 166
143 200
143 879
143 697
143 1114
143 573
144 353
144 194
144 1011
144 798
144 327
145 623
145 403
145 537
145 1051
145 676
145 1105
145 554
145 754
145 304
145 818
145 372
145 578
145 1098
145 342
145 569
145 487
145 361
145 746
145 237
145 751
145 242
145 1140
145 631
145 251
146 256
146 738
146 483
146 900
146 677
146 744
146 235
146 1136
146 689
146 515
146 708
146 795
146 795
146 795
146 700
146 1023
147 391
147 786
147 152
147 804
147 552
147 939
147 557
147 950
147 1080
147 827
147 316
147 578
147 451
147 333
147 211
147 473
147 476
147 861
147 1141
147 247
148 995
148 262
148 774
148 361
148 1067
148 692
148 853
148 280
148 570
148 411
149 1009
150 484
150 517
150 522
150 748
150 511
151 192
151 335
151 505
151 795
151 1118
152 358
152 658
152 289
152 290
152 675
152 434
152 180
152 196
152 1094
152 584
152 204
152 205
152 210
152 228
152 486
152 614
152 745
152 234
152 1009
152 885
153 353
153 586
153 367
153 470
154 485
154 471
155 899
155 902
155 905
155 834
155 528
155 404
155 921
155 537
155 541
155 671
155 297
155 171
155 158
155 322
155 312
155 599
155 224
155 614
155 875
155 366
155 751
155 246
156 451
156 485
156 1037
156 1037
156 410
156 284
156 805
157 913
157 875
158 515
158 656
158 600
158 1091
158 665
158 670
158 544
158 687
158 563
158 576
158 1095
158 210
158 344
158 1130
158 659
158 762
159 265
159 507
159 435
160 882
160 1092
160 239
162 1091
162 1123
162 1090
162 1090
162 645
162 406
162 925
162 169
162 587
162 653
162 655
162 1075
162 310
162 665
162 346
162 1151
162 253
162 190
162 255
163 772
163 907
163 913
163 1048
163 172
163 175
163 690
163 439
163 441
163 451
163 455
163 200
163 973
163 719
163 563
163 489
163 751
163 1129
163 1151
164 1155
164 764
164 234
164 908
164 973
164 783
164 343
164 857
164 250
164 604
164 958
164 1151
165 997
165 743
165 275
165 181
165 662
165 1144
165 318
165 191
166 963
166 645
166 1007
166 1000
166 175
166 786
166 339
166 758
166 926
166 926
167 416
167 547
167 537
167 454
167 296
167 808
167 369
167 722
167 921
167 762
167 412
167 922
168 520
169 933
169 966
169 713
169 810
169 994
169 429
169 211
169 334
169 565
169 694
169 572
170 248
170 939
170 1102
171 663
171 782
171 239
172 899
172 273
172 659
172 1044
172 665
172 283
172 797
172 301
172 306
172 1011
172 447
172 196
172 327
172 465
172 210
172 467
172 228
172 484
172 485
172 259
172 621
172 369
172 276
173 545
173 355
173 1061
173 395
173 849
173 883
173 596
173 217
173 276
173 659
173 830
173 927
174 184
174 204
174 861
174 813
175 819
175 666
175 1085
175 1055
176 517
176 777
176 911
176 532
176 670
176 545
176 1064
176 300
176 439
176 312
176 834
176 582
176 328
176 202
176 595
176 343
176 993
176 228
176 746
176 1134
176 623
176 880
176 627
176 1012
176 1014
177 774
177 194
177 526
177 272
177 410
177 538
177 417
177 547
177 1065
177 306
177 182
177 703
177 1090
177 463
177 210
177 733
177 353
177 353
177 610
177 483
177 1134
177 246
177 887
177 254
177 767
178 1034
178 785
178 277
178 669
178 805
178 1063
178 685
178 313
178 320
178 330
178 338
178 212
178 747
178 1004
178 368
178 1145
179 978
179 482
179 219
180 839
180 392
180 1033
180 377
180 315
180 284
180 957
181 513
181 853
181 1151
181 1053
181 981
182 483
182 487
182 198
182 681
182 490
182 519
182 733
182 369
182 244
182 542
182 183
182 665
182 863
182 477
182 862
183 773
183 519
183 1005
183 278
183 284
183 288
183 937
183 693
183 191
183 578
183 584
183 970
183 716
183 717
183 721
183 468
183 855
183 346
183 1126
183 365
183 750
183 882
184 1059
184 239
184 303
184 275
184 275
184 723
184 600
184 819
184 923
185 292
185 395
185 1102
185 820
185 853
185 765
185 1118
186 850
186 515
187 563
188 608
188 1092
188 307
188 732
188 821
189 321
189 930
189 411
189 710
189 519
189 970
189 395
189 364
189 338
189 469
189 250
189 987
189 1149
190 868
190 547
190 956
191 743
191 233
191 1102
191 465
191 564
191 958
192 973
192 916
192 312
193 355
193 402
193 447
194 1154
194 651
194 544
194 803
194 293
194 683
194 430
194 861
194 435
194 308
194 821
194 708
194 984
194 346
194 234
194 876
194 371
194 375
194 250
195 418
195 197
195 1129
195 242
195 756
196 1029
196 776
196 409
196 284
196 1114
196 550
196 1065
196 1076
196 926
196 953
196 322
196 580
196 841
196 465
196 340
196 740
196 474
196 347
196 865
196 738
196 747
196 748
196 1009
196 627
196 1013
196 1014
196 247
196 762
197 994
198 352
198 278
198 291
198 1124
198 392
198 524
198 591
198 244
198 342
198 763
198 763
199 936
199 331
199 596
200 1153
200 400
200 533
200 537
200 538
200 1057
200 674
200 424
200 306
200 1097
200 723
200 861
200 488
200 235
200 1136
200 628
200 887
200 639
200 252
200 510
200 511
201 901
201 536
201 670
201 670
201 301
201 947
201 951
201 831
201 581
201 710
201 841
201 202
201 1105
201 469
201 378
201 737
201 745
201 1005
201 750
201 495
201 372
201 634
202 491
202 782
202 429
202 657
202 925
202 808
202 557
202 221
202 1074
202 320
202 330
202 719
202 849
202 1113
202 1115
202 349
202 483
202 1003
202 377
203 900
204 256
204 391
204 666
204 813
204 697
204 966
204 329
204 1102
204 975
204 465
204 594
204 853
204 500
204 484
204 242
204 885
204 508
205 737
205 309
205 407
205 280
205 447
206 640
206 827
206 900
206 391
206 1096
206 449
206 338
206 1005
206 1053
206 221
206 544
206 792
206 751
207 228
207 967
207 552
207 339
207 429
207 685
207 1074
207 947
207 212
207 345
207 733
208 968
208 938
208 941
208 397
208 1040
208 307
208 1020
209 284
210 1027
210 645
210 649
210 528
210 914
210 787
210 1044
210 537
210 538
210 539
210 316
210 318
210 1092
210 1096
210 343
210 1117
210 737
210 1126
210 1084
210 368
210 1012
210 361
210 249
210 254
211 1024
211 1153
211 642
211 267
211 1113
211 640
211 538
211 546
211 935
211 429
211 820
211 310
211 312
211 455
211 330
211 719
211 722
211 852
211 600
211 601
211 346
211 989
211 353
211 1123
211 744
211 594
211 255
212 1024
212 487
212 774
212 385
212 651
212 460
212 563
212 915
212 538
212 959
213 507
214 805
214 582
214 968
214 879
214 529
214 284
215 603
215 708
215 968
215 490
215 247
215 462
215 880
215 467
215 695
215 601
215 602
215 379
215 958
216 709
216 616
216 1130
216 784
216 979
216 1141
216 790
216 787
216 477
217 1157
217 872
217 266
217 529
217 435
217 885
217 504
217 313
217 766
217 933
218 768
218 868
218 999
218 620
218 942
218 590
219 483
219 1096
219 938
219 460
219 269
219 1146
219 698
219 863
220 601
221 1024
221 769
221 902
221 264
221 781
221 404
221 790
221 676
221 325
221 1097
221 461
221 343
221 612
221 239
221 369
221 634
221 1147
221 893
221 1151
222 513
222 259
222 677
222 685
222 692
223 879
224 768
224 515
224 515
225 261
225 264
225 649
225 531
225 533
225 411
225 676
225 1065
225 1072
225 306
225 451
225 1097
225 983
225 915
225 745
225 1133
225 751
225 1009
225 1144
225 766
226 355
226 586
226 914
226 888
226 1085
227 322
227 677
227 263
227 263
227 299
227 1069
227 430
227 269
227 237
227 791
227 794
227 252
228 640
228 902
228 655
228 707
228 795
228 798
228 931
228 293
228 422
228 422
228 692
228 820
228 448
228 323
228 708
228 1094
228 338
228 341
228 953
228 728
228 858
228 620
228 879
228 1017
228 1020
228 894
229 313
229 420
229 252
230 1016
230 376
230 819
230 1128
231 322
232 652
233 641
233 291
233 900
233 775
233 476
233 779
233 1117
233 477
233 817
233 306
233 733
234 997
234 872
234 1005
235 513
235 996
235 289
235 814
235 437
235 534
235 772
236 993
236 795
236 615
236 300
236 239
236 623
236 912
236 565
236 1015
236 507
236 607
237 384
237 773
237 263
237 397
237 399
237 879
237 1055
237 559
237 692
237 821
237 1140
237 1090
237 835
237 333
237 334
237 995
237 367
237 368
237 244
237 632
237 252
238 328
238 969
238 913
239 384
239 1154
239 492
239 386
239 529
239 580
239 1055
239 290
239 803
239 806
239 689
239 439
239 1083
239 318
239 448
239 836
239 853
239 609
239 486
239 616
239 618
239 364
239 637
240 601
240 860
240 1004
240 489
241 1065
242 772
242 518
242 905
242 923
242 545
242 418
242 680
242 307
242 308
242 564
242 448
242 326
242 248
242 608
242 609
242 611
242 489
242 626
242 760
243 994
243 578
243 259
243 1025
243 646
243 838
243 903
243 842
243 875
243 461
243 1037
243 273
243 996
243 947
243 310
243 888
243 538
243 922
243 637
243 541
244 342
244 659
244 406
244 923
244 544
244 290
244 307
244 327
244 1096
244 713
244 376
244 726
244 476
244 862
244 998
244 246
244 1144
245 1024
245 385
245 412
245 308
245 761
245 508
245 768
246 768
246 834
246 923
246 422
246 678
246 330
246 880
246 851
246 666
246 766
247 376
247 1090
247 673
247 808
247 811
247 911
247 791
247 369
247 308
247 986
247 760
247 1113
247 442
247 570
247 312
248 288
248 832
248 587
248 273
248 402
248 887
248 629
248 471
248 349
249 705
249 642
249 328
249 939
249 876
249 718
249 818
249 950
249 920
249 698
249 858
249 383
250 482
250 964
250 998
250 487
250 587
250 1039
250 278
250 649
250 1115
250 330
251 640
251 899
251 901
251 649
251 1035
251 655
251 278
251 667
251 673
251 549
251 1051
251 677
251 296
251 939
251 300
251 944
251 692
251 565
251 341
251 1115
251 293
251 483
251 485
251 489
251 1005
251 1136
251 1014
251 894
252 905
252 778
252 782
252 913
252 544
252 1058
252 1075
252 831
252 1088
252 579
252 330
252 856
252 361
252 761
253 608
254 868
254 520
254 666
254 1023
255 672
255 580
255 1064
255 482
255 686
255 624
255 575
256 1094
256 1132
256 592
256 977
256 275
256 564
256 312
256 1081
256 380
257 331
257 307
257 697
257 1146
257 1148
257 766
258 359
258 406
258 760
258 505
258 799
259 901
259 264
259 393
259 450
259 398
259 665
259 537
259 1053
259 542
259 544
259 929
259 547
259 676
259 295
259 936
259 685
259 814
259 824
259 834
259 857
259 352
259 507
260 675
260 388
260 758
260 903
260 519
260 905
260 651
260 624
260 305
260 985
260 628
260 278
260 489
260 697
260 634
260 959
260 1128
260 830
260 293
261 1124
261 691
261 500
261 662
261 543
262 737
262 1091
262 486
262 490
262 1133
262 592
262 275
262 1012
262 438
262 564
262 829
263 1124
263 517
263 487
263 808
263 882
263 756
263 822
263 537
264 453
264 582
264 812
264 1037
264 579
264 611
264 1077
264 694
264 934
264 921
264 827
264 1053
264 1118
265 669
265 1126
265 327
265 968
265 1034
265 876
265 704
265 814
265 541
265 654
265 650
265 829
265 926
266 738
266 1147
266 905
266 554
266 824
266 723
266 382
266 1081
266 856
266 603
266 1066
266 798
267 587
267 307
267 651
267 567
267 1009
267 1015
267 349
268 824
268 681
268 562
268 629
269 546
269 643
269 518
269 328
269 691
269 847
269 1104
269 819
269 542
269 697
269 827
269 732
269 714
270 489
270 834
270 1035
271 1024
271 345
272 487
272 998
272 1009
272 999
272 652
272 590
272 1054
273 641
273 774
273 912
273 917
273 917
273 795
273 545
273 546
273 681
273 685
273 686
273 308
273 313
273 836
273 710
273 888
273 469
273 732
273 353
273 1128
273 626
273 1020
274 998
274 646
274 617
274 491
274 622
274 624
274 634
275 1155
275 278
275 414
275 1059
275 814
275 1073
275 926
275 310
275 708
275 581
275 968
275 971
275 588
275 732
275 610
275 614
275 489
275 766
276 800
276 323
276 772
276 998
276 1030
276 610
276 538
276 590
276 966
276 1081
276 858
276 411
276 1117
276 766
277 930
277 422
277 359
277 286
278 519
278 289
278 1062
278 935
278 681
278 316
278 447
278 347
278 994
278 491
278 493
279 834
279 996
279 485
279 651
279 888
279 444
280 640
280 832
280 455
280 1015
280 668
281 640
281 800
281 883
282 486
282 767
283 686
283 312
283 1053
284 770
284 342
284 902
284 399
284 917
284 1051
284 415
284 803
284 935
284 809
284 1067
284 1071
284 966
284 974
284 1113
284 655
284 482
284 361
284 875
285 544
285 640
285 410
285 940
286 717
287 432
287 609
287 861
287 735
288 322
288 805
288 913
288 297
288 396
288 1090
288 526
288 760
288 697
288 1085
288 1054
288 991
289 438
289 998
289 460
289 1010
289 987
289 1150
290 544
290 750
290 342
290 542
291 897
291 771
291 964
291 763
291 675
291 308
291 1109
291 819
291 411
291 636
291 1034
293 427
293 644
293 737
293 1153
293 330
293 519
293 460
293 436
293 926
293 631
293 537
293 801
293 702
294 496
294 322
294 583
294 586
294 427
294 652
294 610
294 847
294 912
294 1098
294 405
294 405
294 853
294 565
294 923
294 923
294 764
294 541
294 415
295 913
295 388
295 907
295 1062
296 896
296 846
296 368
296 787
296 1140
296 760
296 788
296 798
297 865
297 802
297 667
297 998
297 353
297 904
297 426
297 911
297 465
297 764
298 737
298 737
298 483
298 996
298 698
298 331
298 785
298 769
298 1053
299 880
299 600
299 830
299 935
300 320
300 624
300 740
300 936
300 489
300 765
300 1045
300 410
300 634
300 565
301 845
301 1037
301 529
301 931
301 760
301 634
301 1051
301 860
301 728
302 866
302 483
302 1029
302 486
302 969
302 619
302 1040
302 882
302 537
302 410
302 669
303 768
303 704
303 515
303 772
303 517
303 966
303 649
303 1097
303 874
303 748
303 1009
303 850
303 1044
303 631
303 760
303 505
303 1115
303 798
303 997
304 787
304 793
304 1084
304 315
304 316
304 832
304 841
304 717
304 1102
304 343
304 600
304 1115
304 956
304 623
304 497
304 501
304 631
304 767
304 383
305 1024
305 897
305 388
305 912
305 403
305 934
305 810
305 1080
305 573
305 326
305 460
305 333
305 974
305 343
305 1124
305 422
305 490
305 880
305 370
305 1144
306 1123
306 804
306 1096
306 330
306 493
306 846
306 655
306 316
306 341
306 406
306 361
306 369
306 350
307 386
307 1027
307 523
307 794
307 411
307 803
307 548
307 1062
307 830
307 449
307 587
307 971
307 972
307 717
307 717
307 978
307 477
307 737
307 1003
307 1009
307 627
307 766
308 640
308 1026
308 776
308 1035
308 578
308 403
308 796
308 833
308 1092
308 581
308 970
308 332
308 990
308 495
308 1012
308 373
308 1145
308 379
309 384
309 641
309 610
309 1115
309 845
309 519
309 333
309 787
309 565
309 342
309 640
309 655
309 338
310 897
310 645
310 400
310 537
310 540
310 937
310 942
310 584
310 469
310 601
310 490
310 628
310 501
310 765
310 1109
311 946
311 915
311 978
312 1154
312 902
312 395
312 1037
312 677
312 934
312 552
312 810
312 704
312 465
312 1115
312 933
312 485
312 879
312 1151
312 639
313 640
313 912
313 794
313 538
313 913
313 935
313 820
313 1089
313 964
313 586
313 462
313 853
313 477
313 990
313 487
313 1128
313 1133
313 754
313 1018
314 937
314 695
314 612
314 821
314 399
315 1121
315 333
315 470
315 889
315 380
316 529
316 531
316 916
316 836
316 751
316 412
316 669
316 1059
316 810
316 964
316 453
316 659
316 659
316 342
316 606
316 1122
316 744
316 367
316 880
316 1016
316 507
316 766
317 424
317 834
317 654
318 830
318 422
318 998
318 491
318 593
318 980
318 798
318 822
318 1044
318 923
318 636
318 861
318 926
318 789
319 857
319 611
319 484
319 941
320 866
320 964
320 1128
320 406
320 1113
321 996
321 709
321 893
321 465
321 895
322 513
322 1025
322 1040
322 1043
322 1046
322 411
322 414
322 820
322 949
322 1084
322 469
322 476
322 1117
322 489
322 615
323 747
323 594
323 786
323 1084
323 447
324 470
324 559
325 994
325 710
325 394
325 491
325 652
325 526
325 402
325 899
325 565
325 1146
325 799
325 1116
325 1117
326 768
326 864
326 899
326 1097
326 427
326 877
326 334
326 911
326 560
326 529
326 853
326 600
326 1113
327 640
327 1092
327 1001
327 733
327 890
327 925
327 1054
328 384
328 772
328 1050
328 688
328 561
328 1078
328 827
328 446
328 836
328 847
328 1113
328 484
328 745
328 761
329 832
329 875
329 463
329 913
329 1141
329 926
330 640
330 1153
330 513
330 412
330 541
330 803
330 822
330 445
330 490
330 751
330 763
331 964
331 344
331 378
332 1091
332 998
332 422
332 467
332 750
332 595
332 728
333 699
333 521
333 651
333 1073
333 948
333 1097
333 969
333 1051
333 765
334 424
334 490
334 460
334 370
334 343
334 761
334 863
335 1030
335 1067
335 974
335 689
335 602
336 882
336 491
337 520
337 655
337 402
337 339
337 1014
337 855
337 595
337 380
338 546
338 899
338 746
338 1067
338 526
338 861
338 499
338 790
338 379
338 574
339 769
339 866
339 388
339 422
339 359
339 1064
339 461
339 850
339 1078
339 952
339 794
340 744
340 395
340 464
340 821
340 574
341 566
342 518
342 526
342 404
342 404
342 664
342 412
342 1053
342 798
342 543
342 411
342 552
342 940
342 711
342 1097
342 587
342 717
342 646
342 343
342 600
342 612
342 618
343 517
343 778
343 651
343 793
343 540
343 418
343 1078
343 854
343 344
343 352
343 609
343 618
343 893
343 895
344 643
344 361
344 649
344 1140
344 1151
344 732
344 1055
345 869
345 903
345 819
346 627
346 995
346 998
346 969
346 782
346 413
346 912
346 849
346 594
346 526
346 937
346 857
346 860
346 1053
346 670
347 640
347 544
347 1030
347 422
347 786
347 373
347 1097
347 472
347 1017
347 348
348 1030
348 970
348 1035
348 882
348 857
349 484
349 646
349 903
349 686
349 847
349 689
349 659
349 373
349 406
349 399
349 476
349 766
350 442
351 1040
351 961
351 1156
351 820
352 772
352 969
352 490
352 402
352 477
352 510
353 645
353 792
353 926
353 930
353 1059
353 677
353 823
353 803
353 713
353 464
353 994
353 360
353 490
353 876
353 367
353 625
353 631
354 935
355 774
355 656
355 788
355 1046
355 692
355 1087
355 963
355 1096
355 714
355 723
355 474
355 731
355 477
355 756
355 1146
355 575
355 703
356 1016
356 770
356 996
356 982
357 866
358 685
359 768
359 547
359 966
359 941
359 754
359 1016
359 1085
359 597
361 513
361 515
361 819
361 673
361 1064
361 947
361 567
361 699
361 957
361 594
361 601
361 612
361 624
361 1015
361 763
361 380
362 592
362 1114
362 966
363 565
364 1067
364 484
364 1127
364 616
364 780
364 1098
364 395
364 524
364 941
364 529
364 1011
364 726
364 399
365 385
365 773
365 743
365 587
365 620
365 861
366 961
366 491
366 804
366 645
366 940
366 654
366 466
366 471
366 990
367 770
367 646
367 1128
367 748
367 1105
367 709
367 429
367 568
367 1125
367 397
367 613
368 899
368 1005
368 1118
368 879
368 1075
368 1141
368 378
368 604
368 1018
368 1054
369 387
369 518
369 400
369 659
369 1044
369 790
369 792
369 928
369 804
369 830
369 708
369 709
369 1097
369 843
369 601
369 1121
369 879
369 626
369 1140
369 1078
369 767
370 690
370 538
371 681
372 677
372 1037
372 558
372 463
372 627
372 982
372 956
373 1056
373 678
373 902
373 880
373 1106
373 888
374 602
374 1133
374 998
375 860
375 694
375 902
375 999
376 864
376 451
376 503
376 1125
376 1063
376 749
376 1014
376 599
376 540
376 1117
377 480
377 737
377 387
377 388
377 454
377 577
377 1034
377 1037
377 885
377 1078
377 1143
377 639
378 1153
378 930
378 483
378 645
378 678
378 1031
378 460
378 460
378 750
378 902
378 499
378 470
378 937
378 410
379 993
379 712
379 760
379 889
380 640
380 801
380 611
380 1153
380 556
380 405
380 694
380 617
380 538
380 853
381 897
381 676
381 996
382 437
382 1005
382 464
382 629
382 745
382 600
382 1020
382 511
384 1153
384 770
384 1155
384 1028
384 430
384 665
384 666
384 550
384 686
384 958
384 575
384 452
384 855
384 529
384 616
384 885
384 507
385 866
385 453
385 1128
385 489
385 983
385 925
385 816
385 723
385 596
385 617
385 442
385 1115
385 831
386 422
386 875
386 738
386 526
386 404
386 440
386 795
386 1023
387 804
387 710
387 1062
387 1005
387 626
387 793
387 413
388 781
388 790
388 923
388 925
388 1059
388 677
388 1062
388 558
388 588
388 484
388 872
388 616
388 629
389 564
389 722
389 860
389 798
389 457
390 570
390 772
391 677
391 1143
392 1120
392 768
392 587
392 838
392 935
392 519
392 1112
392 692
392 1145
392 888
392 921
392 700
392 833
393 529
393 435
393 652
393 461
394 821
395 1152
395 512
395 657
395 406
395 926
395 801
395 446
395 601
395 475
395 485
395 621
395 1140
395 885
396 529
396 1092
397 773
397 1034
397 491
397 686
397 974
397 667
397 1052
397 805
398 928
398 928
398 545
398 1031
398 876
398 862
398 959
399 634
399 645
399 550
399 747
399 1005
399 902
399 817
399 658
399 403
399 1108
399 470
399 564
399 925
399 447
400 803
400 964
400 843
400 786
400 404
400 597
400 408
400 875
400 604
400 1151
401 645
401 489
401 782
401 402
401 917
401 1046
401 409
401 958
402 646
402 453
402 547
402 935
402 681
402 819
402 964
402 601
402 732
402 738
402 1126
402 1128
402 624
402 1144
403 768
403 1153
403 806
403 624
403 1075
403 787
404 928
404 923
404 645
404 422
404 969
404 693
404 914
404 1012
404 826
404 1053
404 1054
404 863
405 598
405 1145
405 539
405 541
406 769
406 515
406 645
406 532
406 917
406 790
406 424
406 947
406 822
406 597
406 986
406 732
406 882
407 1029
407 1065
407 1066
407 692
407 823
408 999
409 739
409 998
409 745
409 1035
409 1105
409 534
409 954
409 507
410 897
410 1058
410 517
410 545
410 808
410 1159
410 626
410 435
410 693
410 411
410 925
411 899
411 665
411 666
411 418
411 451
411 586
411 843
411 727
411 473
411 1117
411 1124
411 747
411 1005
411 1008
412 422
412 754
412 568
413 705
413 1090
413 969
413 490
413 490
413 912
413 798
414 1054
414 928
414 936
414 1066
414 939
414 684
414 564
414 841
414 692
414 702
414 968
414 969
414 604
414 487
414 875
414 507
414 766
415 686
416 581
417 829
417 966
418 640
418 461
418 1102
420 792
420 738
420 1034
420 684
421 448
421 900
421 681
421 1130
421 879
421 1044
421 1141
421 727
421 888
421 778
422 519
422 521
422 1053
422 798
422 687
422 1057
422 461
422 847
422 855
422 477
422 489
422 752
422 625
423 491
423 484
424 899
424 1131
424 945
424 626
424 1059
424 686
424 1128
424 540
424 885
425 1100
426 456
426 1066
427 450
427 618
427 1102
427 938
427 1106
427 1144
427 799
427 666
428 704
429 544
429 483
429 939
429 461
429 824
430 996
430 530
430 849
430 754
430 883
430 1109
430 507
430 914
431 896
431 911
431 805
431 774
431 1087
433 763
433 972
433 902
434 1029
434 519
434 776
434 679
434 594
434 1014
434 538
434 923
435 483
435 558
435 499
435 819
435 686
435 893
435 1086
436 595
437 1128
437 539
437 694
438 786
438 710
439 612
439 1062
439 710
439 872
439 1003
439 461
439 943
439 744
439 707
439 1064
439 667
439 621
440 461
441 1088
441 1128
441 482
442 737
442 1090
442 686
442 656
442 1075
443 708
443 805
443 807
443 1063
443 687
443 720
443 725
443 505
443 893
443 895
444 928
445 804
446 482
446 681
446 463
446 629
446 1118
447 449
447 1063
447 936
447 1040
447 461
447 632
448 966
448 776
448 969
448 661
448 1115
448 655
448 541
449 998
449 460
449 790
449 793
449 538
450 517
450 454
450 490
450 582
450 902
450 657
450 707
450 822
450 665
450 601
450 570
450 763
451 584
451 490
451 843
451 973
451 911
451 1105
451 798
451 1014
451 986
451 794
451 670
452 817
452 827
453 545
453 709
453 838
453 1037
453 1102
453 1005
453 628
453 534
453 882
454 689
454 631
454 1081
455 1057
455 1066
455 694
455 508
456 819
456 1075
457 523
457 998
460 706
460 507
460 683
460 594
460 931
460 927
461 899
461 1031
461 779
461 659
461 1056
461 806
461 1064
461 1081
461 837
461 983
461 915
461 979
461 613
461 487
461 618
462 731
462 823
462 911
462 728
462 1080
462 606
463 767
463 617
463 663
463 476
463 974
463 628
463 665
463 1147
463 959
464 489
464 1002
464 849
464 1106
464 766
464 1014
464 1113
464 953
464 987
464 477
464 542
465 899
465 772
465 773
465 1034
465 920
465 1061
465 1031
465 689
465 1084
465 719
465 1106
465 601
465 476
465 871
465 752
466 1153
466 708
466 519
466 970
466 885
466 1054
466 565
467 625
468 896
468 578
468 811
469 710
469 1063
469 1128
469 477
469 626
469 732
470 611
470 965
470 1159
470 1034
470 1035
470 1117
470 913
470 723
470 564
470 798
470 728
470 1098
471 490
471 790
472 842
472 1094
472 731
475 744
475 497
476 1107
476 1059
476 1124
476 646
476 749
476 973
476 977
476 852
476 862
476 950
476 937
476 666
476 766
477 1024
477 866
477 982
477 629
477 526
477 847
477 1106
477 895
477 636
477 511
479 849
481 771
481 1069
481 622
481 483
481 663
481 987
481 987
481 893
482 736
482 834
482 743
482 489
482 896
482 1133
482 719
482 1074
482 1150
482 937
482 1081
482 763
483 769
483 645
483 1035
483 790
483 819
483 987
483 1096
483 971
483 723
483 604
483 861
483 742
483 999
483 745
483 1021
484 861
484 1035
484 661
484 1054
484 543
484 1061
484 1067
484 822
484 698
484 1121
484 1096
484 970
484 733
484 609
484 610
484 875
484 762
484 639
485 710
485 774
485 489
485 849
485 882
485 1148
485 565
485 819
485 669
486 519
486 493
486 557
486 845
486 531
486 601
486 507
486 670
486 543
487 1030
487 1030
487 934
487 692
487 1084
487 837
487 858
487 987
487 733
487 866
487 612
487 997
487 1128
487 505
488 764
488 634
488 772
488 1018
489 1033
489 1034
489 911
489 1075
489 905
489 709
489 1113
489 997
489 507
489 507
489 745
489 879
489 1014
489 1144
489 1144
489 505
489 1023
490 515
490 923
490 932
490 1066
490 1071
490 944
490 1078
490 1080
490 572
490 574
490 577
490 722
490 745
490 1084
490 751
491 649
491 787
491 788
491 1059
491 1068
491 970
491 547
491 1118
491 628
491 1148
492 1043
492 932
493 994
493 1027
493 708
493 933
493 1096
493 1034
493 546
493 1044
493 629
493 921
493 666
493 1052
494 1125
495 1122
495 517
495 1159
495 587
495 1132
495 500
495 758
495 937
495 728
496 499
496 550
496 535
497 994
497 518
497 1075
497 981
497 1078
497 893
498 544
498 1122
498 1097
498 941
498 950
498 732
499 1125
499 710
499 520
499 745
499 754
499 1071
499 505
499 751
499 829
499 543
500 1037
500 782
500 944
501 640
501 1130
501 1035
501 1005
501 912
501 792
501 563
501 760
501 505
502 855
503 1061
503 1005
503 601
503 1145
503 837
505 896
505 522
505 1054
505 937
505 698
505 1087
505 710
505 846
505 911
505 872
505 743
505 751
505 1020
506 766
506 815
507 768
507 521
507 794
507 683
507 941
507 1074
507 819
507 699
507 586
507 978
507 601
507 990
507 1131
507 879
508 640
508 1148
508 747
508 1117
508 659
508 761
508 892
508 701
510 1130
510 1044
510 795
510 1087
511 880
511 880
511 675
511 1064
511 596
511 629
511 758
511 570
511 751
511 861
511 1076
512 546
512 1025
512 1090
512 707
512 1037
512 946
512 883
512 857
512 925
513 542
513 1128
513 849
513 798
513 762
513 842
514 824
514 860
514 779
514 1084
515 515
515 1053
515 1044
515 793
515 541
515 541
515 709
515 929
515 1093
515 583
515 587
515 846
515 594
515 723
515 860
515 570
515 878
515 623
515 1018
516 618
516 655
517 864
517 996
517 837
517 550
517 872
517 876
517 738
517 750
517 789
517 853
517 631
517 917
518 640
518 635
518 1009
518 1044
518 539
518 670
519 1036
519 1044
519 665
519 1054
519 550
519 555
519 1075
519 845
519 1115
519 1122
519 594
519 630
519 639
520 577
520 931
520 889
521 544
521 931
521 964
521 709
521 660
521 601
521 987
522 999
522 983
523 1024
523 1120
523 738
523 737
523 875
523 1018
523 699
523 828
523 1151
523 1151
524 1153
524 681
524 1131
524 920
525 538
526 609
526 1031
526 936
526 711
526 1037
526 560
526 725
527 1081
527 764
527 1030
528 625
529 1024
529 773
529 919
529 537
529 879
529 959
529 705
529 853
529 1122
529 632
530 707
530 1076
530 798
531 940
531 782
531 921
531 1018
532 937
532 726
532 879
533 611
533 1029
533 958
534 706
534 774
534 1031
534 1064
534 562
534 1077
534 1014
534 1055
535 939
536 544
537 900
537 1033
537 910
537 937
537 1069
537 691
537 565
537 577
537 1090
537 950
537 860
537 999
537 1005
538 768
538 1029
538 659
538 966
538 1124
538 744
538 745
539 941
539 912
540 1035
540 677
540 1096
540 906
540 558
540 824
541 642
541 798
541 1115
541 815
541 944
541 949
541 547
541 986
541 987
541 740
541 934
541 998
541 748
541 1147
542 917
542 827
542 669
542 1054
543 1071
543 573
543 1115
543 927
544 899
544 922
544 923
544 798
544 928
544 805
544 689
544 1075
544 820
544 565
544 695
544 966
544 1096
544 969
544 980
544 983
544 601
544 994
544 748
544 1005
544 1151
545 1136
545 899
545 868
545 934
545 617
545 655
545 900
545 931
545 931
545 887
545 548
545 645
546 609
546 581
546 745
546 1130
546 723
546 1044
546 629
546 1015
546 853
547 769
547 994
547 1030
547 1118
547 711
547 655
547 880
547 833
547 1018
547 1083
547 604
547 1150
548 710
548 748
548 625
548 595
548 659
548 1145
550 896
550 781
550 710
550 1095
550 968
550 589
550 610
550 706
551 696
551 995
551 686
552 838
552 880
552 817
552 852
552 826
553 949
554 769
554 1096
554 817
555 659
556 912
556 1072
557 617
557 622
557 591
557 986
557 1119
558 1075
558 578
558 1066
558 728
558 661
558 952
558 729
558 682
562 736
562 675
562 905
562 958
563 928
563 868
563 846
563 751
563 1055
564 645
564 838
564 714
564 1150
564 787
564 670
565 795
565 1059
565 568
565 579
565 711
565 1114
565 862
565 1137
565 1140
566 1117
566 831
568 1151
569 805
570 1153
570 834
570 582
570 810
570 674
570 590
570 692
570 632
570 889
570 1148
570 1053
571 805
572 769
572 1094
572 888
573 1059
573 1140
574 931
574 868
574 645
574 627
575 1096
577 834
577 806
577 807
577 810
577 913
577 853
577 953
578 741
578 774
578 689
578 850
578 782
578 1015
578 708
579 672
579 936
580 865
580 868
580 602
580 987
580 765
581 1141
581 604
581 939
581 686
581 1087
581 625
581 594
581 1143
581 923
581 666
582 885
582 1144
582 763
583 1062
584 587
584 1041
586 1029
586 913
587 670
587 808
587 707
587 1094
587 968
587 968
587 717
587 594
587 621
587 621
587 635
588 875
588 623
589 824
589 1140
589 1039
590 709
590 809
590 815
590 722
590 861
591 834
592 602
593 1154
593 868
593 882
594 774
594 779
594 659
594 1044
594 669
594 798
594 1065
594 696
594 907
594 964
594 974
594 732
594 994
594 787
594 765
595 1153
595 968
595 938
595 868
595 799
596 868
596 1014
596 729
598 1144
598 622
599 1028
599 805
599 1001
599 635
600 644
600 1035
600 786
600 1045
600 1054
600 950
600 1085
600 966
600 1097
600 868
600 1125
600 1008
600 758
600 1020
600 895
601 911
601 880
601 1064
601 817
601 701
601 1098
601 728
601 861
602 902
602 1064
602 1034
602 1133
604 617
604 939
604 882
604 1054
605 697
606 887
606 862
606 1063
607 932
607 650
607 950
608 804
608 937
608 877
608 880
609 673
609 998
609 841
609 650
609 855
609 823
609 1021
609 1085
610 837
610 769
610 782
610 1102
610 886
610 923
610 1110
610 1054
611 655
611 791
611 1056
611 1065
611 950
611 697
611 827
611 965
611 969
611 847
611 1130
612 1056
612 899
612 694
612 758
612 885
612 759
612 1135
612 1052
613 645
613 1127
613 728
613 758
614 969
614 1132
614 1071
615 736
615 903
615 751
615 853
615 792
616 930
616 938
616 912
616 1085
617 1029
617 966
617 1128
617 901
617 882
617 621
618 896
618 918
618 937
618 1005
618 1102
618 1119
620 642
620 1129
620 1144
620 958
621 748
621 939
621 1144
621 745
621 923
621 1150
622 1059
622 1092
622 1101
622 624
622 849
622 948
622 1046
622 1145
622 830
622 767
623 966
623 879
624 908
624 772
624 675
624 1062
624 814
624 829
624 996
624 934
624 1011
624 1145
624 764
624 1149
625 647
625 1005
625 733
625 756
625 964
625 829
626 969
626 1067
626 822
626 696
626 1021
626 926
626 1055
627 805
627 650
627 907
627 822
627 1147
628 968
628 944
628 808
628 1000
628 1049
628 799
629 1030
629 904
629 664
629 923
629 1053
629 926
629 677
629 934
629 946
629 704
629 1128
629 879
629 885
629 767
630 855
631 923
631 1029
631 824
631 832
631 993
631 1113
631 860
631 862
631 745
631 1129
631 1145
631 1147
632 1043
634 768
634 966
634 931
634 939
634 947
635 793
635 1150
636 806
637 835
637 1030
637 675
637 917
637 889
638 751
639 880
639 819
639 697
639 926
640 900
640 709
640 677
640 934
640 1020
640 1085
640 728
640 857
640 862
640 1002
641 1122
641 1029
642 864
642 645
642 873
642 917
642 1046
642 1050
642 827
642 863
643 1128
644 817
644 665
644 1116
644 830
645 1027
645 901
645 799
645 704
645 964
645 855
646 1095
646 808
646 748
646 724
646 889
646 754
646 1116
648 1035
649 965
649 769
649 778
649 779
649 1140
650 705
650 879
650 795
651 842
651 1102
651 757
651 868
651 1150
652 1037
653 1081
653 997
654 879
655 1061
655 936
655 1084
655 1130
655 674
655 781
655 819
655 830
656 875
656 849
656 788
656 916
657 928
657 705
657 1124
657 966
657 842
657 1148
658 1075
658 732
659 1030
659 812
659 911
659 938
659 943
659 1075
659 694
659 1140
659 699
659 1102
659 730
659 862
659 885
659 1021
661 998
661 807
662 807
663 709
663 976
664 834
664 758
664 1097
664 754
665 778
665 1037
665 1040
665 899
665 788
665 1080
665 857
665 1150
665 895
666 768
666 1034
666 798
666 940
666 819
666 694
666 1080
666 985
666 1014
666 895
667 994
667 965
667 934
667 1013
668 1153
668 976
669 994
669 1063
669 760
669 880
669 1073
669 984
669 923
669 797
670 1037
670 685
670 708
670 1096
670 969
670 993
670 868
670 750
670 1145
670 767
671 1124
672 931
672 716
673 1157
674 736
674 994
674 1117
675 733
675 763
675 749
675 1102
675 941
675 728
675 1114
675 953
675 1050
675 1150
676 710
676 1053
676 885
676 1054
676 959
677 795
677 774
677 1063
677 1069
677 707
677 805
677 1130
677 748
677 1140
678 1024
678 706
678 708
678 758
678 717
678 1053
678 981
679 802
679 687
681 937
681 1035
681 850
681 1148
681 1014
681 891
681 901
682 1116
684 810
684 819
684 863
685 691
685 1075
685 778
685 931
686 1046
686 926
686 1071
686 687
686 846
686 853
686 1005
686 1018
687 1153
687 1045
687 887
687 1145
687 1118
688 785
688 738
689 901
689 1090
689 720
689 1108
689 1045
689 823
689 882
690 903
690 1096
690 1130
690 850
690 1117
691 868
691 810
691 1101
691 913
692 804
692 997
692 743
692 913
692 982
693 996
693 862
694 709
694 766
695 999
695 969
695 974
695 912
696 881
696 1130
698 992
698 1124
698 708
698 1063
698 1075
699 749
699 1065
699 842
699 1071
699 855
703 879
703 1145
703 1143
704 1024
704 750
704 1011
705 804
705 755
705 889
705 923
705 766
707 1155
707 885
707 853
708 774
708 1090
708 1054
708 1030
708 1067
708 830
708 855
708 988
708 892
708 765
708 767
709 1156
709 833
709 1035
709 795
709 815
709 945
709 1075
709 847
709 722
709 888
710 1088
710 769
710 932
710 1009
710 719
711 939
711 752
712 894
713 765
713 1070
714 1089
714 1113
714 923
714 733
716 737
717 903
717 850
717 821
717 1021
719 736
719 743
719 762
720 899
720 829
720 1069
722 897
722 900
722 1030
722 1151
722 915
723 736
723 803
723 901
723 934
723 877
723 723
723 1113
723 751
723 1117
726 747
728 880
728 913
728 1075
728 1140
728 793
728 943
729 1018
729 1155
729 923
731 1005
731 750
731 732
732 903
732 1044
732 1080
732 1096
732 1102
732 999
732 1128
732 1128
732 1136
732 853
733 804
733 1033
733 1140
733 830
735 896
735 1096
736 1069
736 1134
736 911
737 1024
737 768
737 916
737 926
737 814
737 1054
737 824
737 827
737 973
737 875
737 750
737 760
740 1027
740 1080
740 889
743 1153
743 1090
743 1104
743 1151
744 1061
744 1102
744 880
745 768
745 1003
745 774
745 1027
745 1054
745 820
745 1141
745 802
745 857
745 875
745 748
745 750
745 757
746 782
747 1004
747 793
748 900
748 1079
748 760
750 847
750 793
750 955
751 1153
751 776
751 817
751 829
751 1090
751 1090
751 863
751 1128
751 1013
752 772
752 1150
753 1130
754 793
754 863
755 831
755 847
756 1044
757 805
757 895
758 1106
758 893
758 937
758 1131
758 786
758 978
758 915
758 758
758 1081
758 1085
760 896
760 1153
760 1053
760 1064
760 947
760 1099
760 1144
760 850
760 1014
760 895
761 964
761 1105
761 1076
761 772
761 1092
762 773
762 935
762 833
763 939
763 1037
763 847
763 819
763 829
764 832
764 1029
764 1136
764 1054
765 968
765 938
765 883
765 1081
766 900
766 1025
766 1033
766 781
766 916
766 1056
766 968
766 860
766 1133
766 787
766 1015
766 1022
766 895
767 768
767 794
768 1025
768 788
768 1064
768 810
768 968
768 1116
768 1147
768 872
768 1021
769 896
769 1059
769 1133
769 1128
769 1005
769 879
769 819
769 815
770 867
770 1003
770 980
770 790
772 1088
772 774
772 1113
773 901
773 935
773 861
773 958
773 1093
774 903
774 937
774 906
774 1102
774 1118
776 901
776 1037
776 984
776 1151
777 829
778 928
778 899
778 838
778 1000
778 850
778 824
778 795
778 892
779 1063
779 849
779 1075
780 1144
781 782
781 976
782 1046
782 795
782 940
782 971
782 1101
782 1113
782 1136
783 821
784 827
784 827
784 923
784 1133
784 982
785 1094
785 1140
785 1114
786 1078
786 935
786 918
786 848
786 921
787 1059
787 931
787 829
788 804
788 973
788 1136
788 1114
789 945
789 810
790 901
790 913
790 879
790 1115
791 1126
791 1037
791 794
792 1014
792 862
793 1143
794 998
794 1023
794 845
794 1069
794 1045
794 824
795 1044
795 819
795 958
795 986
795 860
795 893
797 1018
797 850
798 804
798 1088
798 833
798 1092
798 977
798 877
798 1151
799 903
800 1075
800 1113
801 931
801 875
801 879
801 829
801 831
802 900
802 1156
802 959
803 941
803 859
803 1151
804 906
805 921
805 1054
805 928
805 879
805 893
805 1151
806 1063
807 1135
808 1030
808 1064
808 979
810 901
810 1097
810 879
810 1106
810 1080
811 853
812 1081
812 1054
813 1145
814 1098
814 911
814 913
814 1123
814 852
814 1046
814 1087
815 1014
816 920
816 882
817 1153
817 916
818 1026
818 1044
819 896
819 1030
819 903
819 1133
819 1074
819 826
819 843
819 1103
819 977
819 853
819 868
819 1005
819 889
820 926
822 917
823 994
823 966
823 902
823 850
823 1080
823 826
824 928
824 1154
824 1124
824 934
824 1051
824 1098
826 1042
827 1062
828 1113
829 1153
829 901
829 903
829 912
829 923
829 1067
829 1055
829 1103
829 986
829 975
829 993
830 897
830 937
830 950
830 1115
830 895
831 947
831 1144
831 895
832 999
832 1116
832 1145
833 1098
833 889
834 1035
834 1128
835 899
837 1080
837 1050
837 1115
840 866
841 1102
841 860
842 1151
843 1158
845 998
846 1127
846 905
846 1063
847 1034
847 876
848 1140
849 1128
849 1098
849 1130
850 928
850 870
850 999
850 1145
850 947
853 1046
853 928
853 934
853 1063
854 1155
854 951
855 917
857 1008
857 993
857 905
857 1152
857 1040
857 893
858 902
858 1144
859 1011
860 903
860 1154
860 899
860 1014
861 1059
862 903
862 1128
862 917
863 977
864 934
864 1034
864 1035
864 882
864 978
866 1029
868 1065
868 964
868 966
868 971
868 1102
868 982
872 1024
872 1115
872 956
875 1088
875 898
875 1040
876 915
877 880
879 1064
879 1020
879 892
880 1030
880 911
880 1118
882 902
882 1037
882 1059
882 1085
883 923
883 1118
884 905
885 939
887 998
888 963
888 999
888 1005
888 1080
888 953
888 890
889 993
889 1092
889 1037
889 912
889 1128
889 1155
889 1145
890 1140
890 950
890 1054
891 1139
893 963
893 1153
893 1066
893 987
893 1141
894 1005
895 905
895 1129
896 913
896 922
896 1151
896 1151
897 1155
897 1115
898 905
899 1158
899 911
899 1064
899 1114
899 1106
900 931
900 1105
901 902
901 980
901 1044
902 1096
903 1159
903 1127
905 1090
905 1090
905 1076
905 1021
907 1065
908 1082
908 1062
909 1090
910 1111
911 1040
911 998
911 953
911 1021
911 1029
912 1059
912 955
912 973
912 995
912 997
913 1066
913 1075
913 926
915 1136
916 936
916 1071
917 936
917 993
917 1064
917 970
920 1108
921 970
921 994
921 1019
922 1006
922 1073
923 1064
923 939
923 947
923 953
923 1130
923 1151
928 1155
928 939
928 1074
928 1114
930 1134
930 1033
930 974
931 1040
931 1050
932 1153
932 998
932 1075
932 1145
933 1053
934 1153
934 996
934 965
934 1064
934 1108
934 1141
935 1158
935 998
936 993
936 1123
937 1116
937 950
937 1044
939 1004
939 1012
940 1151
940 1055
941 1074
941 1113
942 1018
944 1035
947 1078
947 998
947 1010
948 1145
949 1059
952 1053
953 998
954 1102
955 1117
959 1036
959 1065
959 1113
962 1157
963 1102
963 1155
963 1145
964 1041
964 1076
964 1114
965 1023
966 1087
966 974
967 1105
969 1070
969 1085
969 1140
970 1059
970 1003
970 1102
970 1050
971 996
973 1015
976 1035
981 1123
981 1062
981 1010
982 1059
982 1033
982 1133
982 1023
983 1153
983 1065
985 1124
992 1049
993 1138
993 1113
994 1053
994 1011
994 1090
994 1002
994 1141
995 1067
996 1136
997 1053
999 1062
1000 1030
1000 1151
1004 1153
1005 1158
1005 1045
1007 1072
1008 1014
1009 1010
1011 1113
1012 1154
1014 1040
1014 1096
1015 1091
1015 1044
1015 1018
1018 1068
1019 1090
1022 1059
1024 1063
1027 1145
1029 1109
1029 1151
1030 1051
1030 1054
1032 1155
1035 1088
1035 1110
1037 1075
1043 1124
1044 1062
1044 1096
1045 1058
1046 1154
1047 1153
1049 1102
1052 1067
1052 1078
1053 1130
1054 1122
1054 1130
1055 1148
1056 1134
1060 1144
1061 1097
1061 1097
1061 1117
1062 1158
1062 1144
1063 1115
1063 1117
1065 1127
1065 1106
1065 1065
1065 1097
1065 1143
1065 1115
1066 1074
1069 1133
1071 1138
1072 1144
1074 1128
1075 1153
1075 1097
1076 1087
1079 1127
1084 1133
1085 1151
1086 1114
1090 1147
1090 1093
1090 1123
1090 1127
1090 1130
1090 1140
1091 1145
1092 1140
1092 1133
1096 1129
1102 1130
1113 1134
1116 1130
1117 1150
1123 1149
1128 1142
1132 1149
1133 1147
1136 1140
