0 546
0 1110
0 92
0 717
0 1122
0 558
0 749
0 211
0 854
0 610
0 246
0 695
0 889
0 380
1 385
2 714
2 565
3 496
3 841
3 904
3 398
3 1143
4 448
4 200
4 244
4 853
5 976
5 1002
5 533
6 330
6 1051
6 1114
7 770
7 300
7 855
8 645
8 134
8 393
8 493
8 969
8 343
8 1018
8 124
8 798
8 709
9 793
9 50
9 303
9 526
9 263
10 259
10 233
10 106
10 203
10 1037
10 431
10 912
10 529
10 345
10 1145
10 410
10 1054
11 164
11 933
11 74
11 876
11 493
11 269
11 592
11 50
11 243
11 477
12 145
13 236
13 470
13 206
14 1029
14 902
14 912
14 1043
14 1055
14 297
14 477
14 49
14 713
14 1085
14 64
14 705
14 194
14 201
14 462
14 93
14 96
14 737
14 737
14 123
14 115
14 1014
14 511
14 376
14 251
14 1151
15 353
15 66
15 291
15 356
15 293
15 587
15 237
15 750
15 1040
15 274
15 659
15 180
15 406
15 795
15 125
16 994
16 1123
16 1003
16 975
16 112
16 145
16 1043
16 600
16 26
16 1051
16 1053
16 766
16 831
17 130
17 931
17 228
17 903
17 1066
17 395
17 524
17 177
17 43
17 631
17 761
17 666
17 507
17 28
18 519
18 399
18 176
18 914
18 117
18 312
18 537
18 603
18 414
19 261
19 998
19 1002
19 523
19 819
19 60
20 676
20 581
20 135
20 1129
20 178
20 305
20 50
20 1113
20 888
20 761
20 829
20 415
21 903
21 392
21 587
21 689
21 754
21 248
21 1113
21 251
22 947
22 28
22 853
22 211
22 1133
23 968
23 409
23 774
24 123
24 273
24 296
24 103
24 1004
24 45
24 686
24 369
24 144
24 264
24 306
24 467
24 152
24 346
24 923
24 766
25 784
25 770
25 490
25 135
25 105
25 234
25 875
25 50
25 143
25 880
25 210
25 819
25 628
25 821
25 521
25 507
25 221
25 1118
25 751
26 384
26 399
26 530
26 787
26 1044
26 537
26 540
26 669
26 544
26 303
26 563
26 312
26 1096
26 75
26 204
26 470
26 731
26 612
26 487
26 361
26 363
26 786
26 626
26 911
26 120
27 362
27 411
27 44
28 481
28 930
28 355
28 581
28 198
28 41
28 1130
28 162
28 78
28 911
28 37
28 979
28 117
28 87
28 698
28 155
28 284
28 90
28 53
29 513
29 998
29 582
29 875
29 751
29 340
29 1077
29 215
29 889
29 87
29 183
30 866
30 227
30 260
30 710
30 211
30 177
30 1035
30 977
30 45
30 157
30 304
30 1041
30 221
30 899
30 728
30 306
30 858
30 879
30 893
30 218
31 227
31 757
31 623
32 131
32 779
32 275
32 410
32 285
32 543
32 544
32 1067
32 439
32 697
32 570
32 1084
32 609
32 841
32 466
32 853
32 1118
32 481
32 482
32 486
32 885
32 247
32 380
33 896
33 911
33 913
33 278
33 538
33 923
33 803
33 420
33 710
33 307
33 308
33 832
33 452
33 326
33 326
33 845
33 846
33 79
33 723
33 1102
33 783
33 604
33 104
33 873
33 112
33 508
34 940
34 196
34 1037
34 957
35 324
35 790
36 1056
36 483
36 178
36 177
36 937
36 1101
36 402
36 879
36 624
36 689
36 689
36 306
36 182
36 251
36 1055
37 705
37 610
37 196
37 577
37 395
37 876
37 365
37 1141
37 1046
37 888
37 505
38 601
38 250
38 707
38 485
39 704
39 769
39 547
39 718
39 817
39 178
39 788
39 95
40 996
40 78
41 263
41 865
41 228
41 677
41 551
41 264
41 176
41 1005
41 93
41 272
41 947
41 307
41 86
41 376
41 640
41 752
41 485
42 627
42 273
42 587
42 451
43 417
43 68
43 875
43 760
43 762
43 413
44 1035
44 669
45 913
45 247
45 177
45 318
45 1047
45 570
46 450
46 611
46 583
46 1097
46 622
46 880
46 305
46 355
46 665
47 548
47 842
47 940
47 333
47 723
47 342
47 670
48 58
48 139
48 1069
48 893
49 769
49 1033
49 142
49 532
49 665
49 923
49 284
49 93
49 816
49 691
49 309
49 1090
49 69
49 710
49 462
49 210
49 733
49 352
49 482
49 617
49 106
49 1022
49 124
49 380
50 256
50 646
50 918
50 152
50 1059
50 677
50 167
50 1065
50 564
50 694
50 55
50 67
50 584
50 1098
50 805
50 484
50 748
50 366
50 503
50 1144
50 766
51 681
51 99
51 900
51 885
52 846
52 532
52 829
52 326
52 631
53 483
53 644
53 104
53 172
53 369
53 342
53 793
54 515
54 388
54 872
54 1066
54 491
54 398
54 944
54 850
54 629
54 917
54 282
54 155
54 828
54 63
55 1038
55 1040
55 152
55 624
55 935
55 810
55 306
55 1148
55 312
55 313
55 447
55 200
55 460
55 568
55 728
55 732
55 221
55 863
55 380
55 880
55 117
55 1020
56 760
56 252
56 596
57 1127
57 202
57 304
57 242
57 1012
57 665
58 201
58 395
58 228
58 941
59 853
60 129
60 258
60 774
60 266
60 142
60 409
60 538
60 390
60 935
60 1075
60 315
60 325
60 198
60 327
60 201
60 74
60 347
60 989
60 1134
60 239
60 112
60 499
60 119
60 1145
60 1151
61 490
61 587
61 687
61 1074
61 629
61 280
61 1115
62 418
62 196
62 327
62 587
62 1122
62 877
62 1044
62 728
62 1118
63 515
63 950
63 779
63 227
63 313
63 378
63 925
63 446
64 384
64 289
64 578
64 259
64 709
64 966
64 233
64 751
64 529
64 531
64 590
64 470
64 489
64 152
64 819
64 1018
64 249
64 414
64 485
65 1091
65 305
65 1118
65 750
65 463
65 1105
65 659
65 1045
65 889
65 475
65 862
65 917
66 832
66 1062
66 329
66 312
66 1151
67 769
67 402
67 404
67 924
67 1054
67 1056
67 804
67 427
67 172
67 695
67 191
67 450
67 709
67 968
67 587
67 716
67 593
67 342
67 602
67 94
67 868
67 1128
67 237
67 1135
67 880
67 242
67 629
67 758
67 639
68 888
68 312
68 283
68 529
70 451
70 158
70 545
70 677
70 1062
70 424
70 814
70 303
70 696
70 704
70 577
70 323
70 964
70 328
70 338
70 728
70 857
70 1115
70 93
70 1127
70 106
70 894
71 482
71 131
72 899
72 560
72 435
72 565
72 663
72 442
72 670
72 885
73 888
73 577
73 794
74 769
74 162
74 899
74 484
74 421
74 326
74 422
74 712
74 297
74 135
74 969
74 819
74 1046
74 934
74 313
74 670
74 361
75 544
75 865
75 100
75 805
75 934
75 359
75 1069
75 302
75 120
75 153
75 123
75 765
76 86
77 611
77 228
77 1015
77 1095
77 935
77 1035
77 1008
77 564
77 171
77 631
77 344
77 698
77 828
77 1021
78 448
78 868
78 776
78 540
78 1098
78 1068
78 113
78 1044
78 393
78 600
78 92
78 234
78 1054
79 795
79 84
79 782
79 94
80 896
80 1147
80 443
80 903
81 832
81 1153
81 1090
81 676
81 1008
81 774
81 449
81 177
81 202
81 327
81 327
81 1005
81 912
81 305
81 384
81 384
81 708
81 178
81 857
81 578
81 251
81 135
82 883
82 710
83 578
83 451
83 940
83 304
83 466
83 628
83 821
83 342
83 855
83 344
83 313
83 255
84 239
85 547
85 135
85 460
85 301
85 686
85 913
85 917
86 544
86 1029
86 916
86 629
86 855
86 378
86 926
87 1153
87 519
87 1033
87 403
87 928
87 1059
87 804
87 169
87 301
87 302
87 304
87 460
87 335
87 1114
87 93
87 222
87 362
87 747
87 385
87 631
88 288
88 740
88 326
88 743
88 173
88 1005
88 272
88 145
88 529
88 1054
88 895
89 288
89 484
89 1125
89 774
89 489
89 489
89 941
89 142
89 1011
89 570
89 476
90 769
90 1029
90 269
90 782
90 284
90 670
90 933
90 540
90 300
90 429
90 558
90 177
90 692
90 1090
90 325
90 198
90 330
90 463
90 966
90 218
90 485
90 361
90 618
90 620
90 238
90 239
90 1136
90 766
91 1113
91 970
92 192
92 322
92 487
92 1033
92 587
92 620
92 541
92 433
92 1140
92 1016
92 1046
92 625
92 728
92 409
92 378
92 765
92 1150
93 1029
93 1035
93 655
93 659
93 537
93 666
93 939
93 172
93 563
93 831
93 460
93 464
93 142
93 217
93 219
93 867
93 1125
93 746
93 1003
93 366
93 368
93 246
93 889
93 1151
93 895
94 964
94 422
94 200
94 200
94 330
94 365
94 206
94 625
94 947
94 570
94 220
94 189
95 225
95 937
95 880
95 114
95 411
95 254
96 1034
96 146
96 426
97 112
97 361
97 338
97 484
97 389
98 192
98 106
99 1088
100 497
100 135
100 665
100 177
100 243
100 308
100 853
100 279
100 761
100 763
101 482
101 482
101 899
101 294
101 590
101 189
101 931
101 611
101 598
101 343
101 347
101 637
101 637
102 344
102 251
102 135
102 1151
103 291
103 227
103 941
103 1123
103 1078
104 705
104 483
104 1124
104 968
104 330
104 391
104 239
104 664
104 697
104 175
104 956
104 477
104 926
105 1108
105 737
105 130
105 422
105 521
105 106
105 529
105 1012
105 926
105 568
105 602
105 830
106 384
106 200
106 106
106 627
106 629
106 600
107 723
107 821
108 992
108 1153
108 602
108 994
108 145
109 611
109 147
109 581
109 618
109 387
109 1037
109 177
109 402
109 675
109 309
109 824
109 601
109 155
109 508
109 261
110 513
110 611
110 1092
110 805
110 776
110 682
110 816
110 392
110 794
110 155
110 892
110 922
111 369
111 1122
111 973
111 1153
112 1136
112 607
112 1062
112 710
112 807
112 1033
112 177
112 114
112 1075
112 545
112 631
112 249
112 826
112 795
112 541
112 958
112 959
113 384
113 301
114 129
114 392
114 139
114 780
114 401
114 544
114 545
114 162
114 677
114 690
114 827
114 188
114 288
114 969
114 334
114 340
114 346
114 349
114 862
114 868
114 495
114 1014
114 1145
115 609
115 235
115 584
115 329
115 939
115 748
115 303
115 489
115 312
115 169
115 923
115 316
115 861
116 705
116 645
116 236
116 845
116 367
116 758
116 335
116 499
116 1140
116 790
116 120
116 1078
116 861
117 1027
117 645
117 403
117 151
117 666
117 923
117 548
117 564
117 318
117 448
117 196
117 966
117 969
117 1098
117 378
117 1117
117 483
117 484
117 234
117 914
117 1140
117 758
117 122
117 122
118 667
118 652
119 642
119 259
119 1030
119 139
119 1092
119 411
119 669
119 1059
119 554
119 1081
119 834
119 667
119 973
119 675
119 221
119 735
119 610
119 483
119 996
119 489
119 237
119 626
119 634
120 763
120 228
120 645
120 998
120 176
120 337
120 868
120 251
120 1053
121 931
121 901
121 1034
121 982
121 316
121 541
122 259
122 196
122 517
122 808
122 395
122 239
122 950
122 124
122 959
123 385
123 133
123 139
123 1040
123 124
123 280
123 795
123 1053
123 517
123 936
123 178
123 304
123 817
123 306
123 1102
123 602
123 737
123 617
123 622
123 624
123 249
123 252
123 511
124 1153
124 515
124 143
124 657
124 917
124 300
124 686
124 243
124 692
124 694
124 952
124 698
124 710
124 455
124 587
124 982
124 399
124 476
124 225
124 251
124 868
124 1128
124 234
124 353
124 627
124 379
124 490
125 321
125 558
125 1040
125 755
125 158
125 670
125 537
125 766
126 547
126 173
126 1150
127 795
128 976
128 817
128 875
128 768
129 519
129 522
129 706
129 656
129 666
129 283
129 411
129 303
129 435
129 322
129 979
129 212
129 761
129 1114
129 1117
129 606
129 400
129 745
129 490
129 237
129 889
129 511
130 896
130 266
130 1037
130 665
130 925
130 288
130 162
130 420
130 167
130 427
130 300
130 310
130 184
130 837
130 591
130 469
130 857
130 734
130 485
130 745
130 1150
130 639
131 864
131 838
131 424
131 616
131 615
131 273
131 529
131 756
131 217
131 1096
131 153
131 1087
132 307
133 769
133 642
133 827
133 547
133 858
133 764
133 221
133 507
134 899
134 262
134 519
134 782
134 401
134 1053
134 545
134 1030
134 550
134 557
134 687
134 565
134 1089
134 452
134 326
134 717
134 208
134 1123
134 744
134 758
134 251
134 636
134 765
135 519
135 143
135 659
135 148
135 1051
135 928
135 795
135 295
135 553
135 1076
135 822
135 953
135 323
135 196
135 330
135 332
135 720
135 342
135 604
135 863
135 485
135 882
135 243
135 809
136 385
136 899
136 1014
136 172
136 557
136 849
136 310
136 280
136 764
136 542
137 1152
137 801
137 930
137 772
137 392
137 497
137 274
138 580
139 768
139 386
139 397
139 401
139 413
139 1055
139 544
139 304
139 172
139 694
139 1083
139 207
139 463
139 477
139 355
139 228
139 491
139 880
140 361
140 803
140 1124
140 1030
141 436
141 1054
141 830
141 351
142 512
142 897
142 399
142 448
142 1064
142 430
142 435
142 1080
142 827
142 958
142 832
142 580
142 1097
142 849
142 224
142 993
142 610
142 618
142 498
142 246
142 1015
142 249
142 507
142 1130
143 581
143 327
143 818
143 562
143 310
143 504
143 799
144 688
144 970
144 772
144 925
145 645
145 646
145 1031
145 520
145 266
145 276
145 665
145 248
145 544
145 1059
145 293
145 307
145 322
145 322
145 463
145 849
145 163
145 1115
145 1061
145 994
145 1125
145 371
145 888
145 893
146 192
146 899
146 228
146 1063
146 841
146 427
146 749
146 210
146 627
146 820
146 981
146 1014
146 265
146 760
146 484
146 1114
146 923
146 380
146 736
147 768
147 513
147 1154
147 278
147 921
147 284
147 798
147 288
147 288
147 804
147 686
147 820
147 309
147 1096
147 587
147 206
147 420
147 604
147 608
147 754
147 628
147 1148
148 353
148 552
148 266
148 620
148 973
148 1128
148 565
148 278
148 1145
148 1113
148 893
149 592
150 481
150 487
150 1064
150 618
150 749
150 600
151 1124
151 427
151 594
151 342
151 932
152 1046
152 521
152 278
152 163
152 548
152 686
152 689
152 435
152 566
152 699
152 451
152 196
152 1102
152 349
152 353
152 355
152 750
152 373
152 252
153 163
153 1093
153 237
153 307
154 283
154 923
155 1024
155 259
155 781
155 272
155 914
155 515
155 1045
155 278
155 920
155 920
155 537
155 798
155 421
155 808
155 1065
155 810
155 308
155 696
155 709
155 723
155 860
155 611
155 228
155 764
156 228
156 999
156 233
156 940
156 912
156 369
156 600
157 210
157 365
158 769
158 388
158 655
158 792
158 162
158 675
158 300
158 429
158 305
158 316
158 451
158 455
158 462
158 853
158 1113
158 602
158 353
158 999
158 617
158 1136
158 1011
158 634
158 252
159 483
159 893
159 325
160 291
160 342
160 987
161 364
162 864
162 1122
162 611
162 709
162 709
162 1096
162 834
162 173
162 486
162 635
162 977
162 1155
162 563
162 731
162 411
162 190
162 671
163 544
163 353
163 226
163 611
163 677
163 994
163 969
163 969
163 746
163 1154
163 176
163 689
163 402
163 819
163 308
163 1078
163 937
163 714
163 650
164 832
164 418
164 196
164 198
164 681
164 650
164 651
164 238
164 624
164 849
164 658
164 659
164 670
165 196
165 966
165 838
165 616
165 1065
165 244
165 314
165 507
165 511
166 225
166 611
166 518
166 745
166 590
166 563
166 643
166 1070
166 457
166 526
166 698
167 196
167 965
167 850
167 558
167 751
167 276
167 1115
167 252
167 1053
167 222
167 223
168 1099
169 258
169 325
169 359
169 392
169 265
169 748
169 237
169 404
169 341
169 600
169 729
169 252
170 937
170 476
170 247
171 1071
171 1018
171 667
171 227
172 256
172 1024
172 649
172 395
172 402
172 661
172 535
172 666
172 795
172 548
172 293
172 1073
172 817
172 695
172 830
172 1092
172 1115
172 872
172 235
172 876
172 786
172 579
172 375
172 1145
172 893
172 766
173 256
173 483
173 485
173 296
173 841
173 202
173 1102
173 819
173 631
173 965
174 704
174 194
174 1003
174 1155
174 335
175 1128
175 1075
175 629
175 251
175 703
176 256
176 385
176 517
176 1035
176 1044
176 790
176 794
176 1053
176 303
176 699
176 193
176 202
176 460
176 600
176 345
176 219
176 1118
176 993
176 482
176 995
176 489
176 1131
176 1005
176 760
177 773
177 493
177 923
177 218
177 692
177 1016
177 1144
177 829
177 582
177 866
177 719
177 213
177 732
177 610
177 614
177 615
177 1128
177 999
177 751
177 760
178 1029
178 774
178 395
178 322
178 406
178 537
178 294
178 307
178 321
178 706
178 713
178 970
178 332
178 1102
178 210
178 601
178 875
178 505
178 250
179 305
179 281
179 581
179 573
180 737
180 771
180 581
180 269
180 526
180 1143
180 989
180 351
181 866
181 964
181 677
181 265
181 490
181 589
181 913
181 498
181 694
182 194
182 570
182 868
182 646
182 328
182 331
182 364
182 386
182 1096
182 369
182 276
182 377
182 824
182 505
182 922
182 252
182 1146
183 899
183 903
183 264
183 398
183 911
183 400
183 913
183 913
183 1155
183 405
183 278
183 239
183 802
183 1059
183 293
183 569
183 331
183 782
183 782
183 1113
183 1119
183 234
183 1133
183 751
183 882
183 1014
183 1020
184 385
184 227
184 490
184 306
184 1005
184 1040
184 818
184 307
184 723
184 631
184 280
184 447
185 714
185 402
185 339
185 469
185 537
185 188
185 542
186 216
186 1130
187 985
187 900
188 922
188 1134
188 693
189 385
189 450
189 262
189 904
189 681
189 490
189 994
189 1053
189 465
189 788
189 534
189 1002
190 1009
190 309
190 1018
191 866
191 310
191 550
191 879
191 784
191 594
191 534
191 824
192 678
192 747
192 364
192 368
193 768
193 194
193 366
193 273
193 247
193 764
194 768
194 387
194 523
194 411
194 429
194 945
194 819
194 311
194 313
194 316
194 710
194 1096
194 847
194 217
194 353
194 499
194 1150
194 639
195 877
195 1104
195 754
195 215
195 346
195 507
196 403
196 935
196 1064
196 810
196 810
196 429
196 303
196 304
196 827
196 629
196 834
196 969
196 462
196 470
196 601
196 731
196 222
196 227
196 744
196 622
196 879
196 763
197 1080
197 482
198 640
198 902
198 776
198 845
198 750
198 1148
198 252
198 470
198 681
198 316
198 1151
199 655
199 388
199 1101
199 879
200 1159
200 521
200 1034
200 1034
200 653
200 664
200 537
200 541
200 798
200 676
200 947
200 286
200 318
200 320
200 975
200 996
200 237
200 1140
200 1151
200 511
201 386
201 1155
201 1157
201 392
201 778
201 278
201 411
201 294
201 683
201 830
201 834
201 836
201 847
201 344
201 219
201 738
201 614
201 1128
201 247
201 1144
201 763
201 763
202 384
202 515
202 214
202 1030
202 669
202 291
202 372
202 1071
202 824
202 837
202 846
202 465
202 334
202 342
202 1113
202 754
202 243
202 628
202 766
203 563
203 1149
204 1153
204 646
204 519
204 521
204 529
204 659
204 276
204 666
204 435
204 318
204 1088
204 963
204 838
204 461
204 850
204 601
204 1119
204 993
204 1128
204 758
204 507
204 639
205 834
205 1027
205 1034
205 939
205 556
205 820
205 1015
206 228
206 998
206 937
206 330
206 1035
206 403
206 368
206 858
206 915
206 772
206 826
206 1098
206 565
207 896
207 769
207 1075
207 264
207 745
207 1067
207 687
207 593
207 403
207 489
207 953
207 463
207 862
208 901
208 590
208 1136
208 440
208 402
208 728
209 461
209 557
210 388
210 778
210 276
210 665
210 546
210 293
210 297
210 427
210 826
210 444
210 447
210 320
210 581
210 1097
210 465
210 980
210 761
210 998
210 744
210 875
210 468
210 751
210 500
210 246
210 505
210 254
211 267
211 532
211 538
211 798
211 799
211 928
211 548
211 497
211 686
211 307
211 308
211 565
211 310
211 756
211 570
211 544
211 834
211 1035
211 465
211 1106
211 212
211 470
211 676
211 227
211 489
211 466
211 625
211 1140
212 507
212 487
212 1096
212 1097
212 906
212 750
212 1137
212 594
212 501
212 699
212 778
212 853
213 479
214 896
214 1024
214 450
214 275
214 266
214 465
214 1011
214 659
215 450
215 389
215 438
215 366
215 656
215 242
215 661
215 278
215 247
215 570
215 1115
215 805
216 580
216 837
216 328
216 461
216 974
216 367
216 853
216 316
216 765
216 318
216 981
217 1090
217 291
217 485
217 838
217 273
217 1096
217 720
217 657
217 275
217 885
217 312
217 636
218 1153
218 489
218 1131
218 309
218 1145
218 511
219 640
219 1059
219 804
219 263
219 584
219 586
219 1035
219 904
220 515
220 631
221 264
221 1044
221 544
221 677
221 294
221 1065
221 815
221 817
221 326
221 714
221 717
221 996
221 744
221 1005
221 624
221 1145
221 251
222 581
222 582
222 297
222 932
222 1118
223 537
224 265
224 1066
224 998
224 439
225 515
225 523
225 398
225 259
225 276
225 917
225 280
225 546
225 547
225 1069
225 309
225 321
225 578
225 590
225 860
225 617
225 491
225 629
225 765
226 897
226 964
226 1068
226 600
226 601
226 511
227 480
227 1092
227 933
227 587
227 879
227 1054
228 896
228 320
228 515
228 391
228 1069
228 795
228 546
228 675
228 810
228 685
228 572
228 832
228 450
228 333
228 465
228 412
228 995
228 369
228 754
228 250
228 251
228 380
228 893
229 483
229 805
229 1063
230 705
230 463
230 1145
230 487
231 554
232 396
233 272
233 931
233 732
233 1133
233 624
233 273
233 466
233 1075
233 1076
233 1048
233 768
234 832
234 685
234 540
235 1059
235 1130
235 1112
235 1106
235 248
235 601
235 507
235 284
236 708
236 454
236 393
236 1003
236 782
236 304
236 594
236 1114
236 381
237 1024
237 517
237 646
237 519
237 776
237 654
237 275
237 544
237 552
237 302
237 815
237 313
237 587
237 377
237 1005
237 1009
237 371
237 1145
237 507
237 767
238 250
239 774
239 519
239 392
239 906
239 538
239 934
239 1067
239 429
239 303
239 817
239 566
239 699
239 970
239 466
239 861
239 863
239 994
239 612
239 879
239 758
239 247
239 767
240 968
240 1132
240 1117
240 861
240 621
241 1114
242 768
242 484
242 550
242 294
242 893
242 361
242 361
242 330
242 559
242 434
242 244
242 1054
242 1014
242 474
242 827
242 860
242 860
242 317
242 542
242 1076
243 384
243 288
243 830
243 966
243 810
243 685
243 912
243 882
243 981
243 310
243 999
243 868
243 666
243 795
243 608
243 1151
244 515
244 279
244 538
244 540
244 541
244 803
244 1062
244 1052
244 566
244 439
244 457
244 715
244 472
244 677
244 736
244 610
244 1123
244 485
244 486
244 872
244 1002
244 762
245 993
245 515
245 966
245 902
245 490
245 1035
245 882
245 355
245 247
245 666
246 705
246 706
246 581
246 902
246 524
246 786
246 313
246 314
246 926
247 395
247 388
247 711
247 935
247 273
247 275
247 533
247 790
247 537
247 668
247 413
247 1151
248 880
248 1124
248 489
248 589
248 879
248 464
248 600
248 1081
249 1104
249 484
249 936
249 810
249 395
249 1037
249 814
249 820
249 1113
249 1066
250 352
250 928
250 1090
250 251
250 903
250 297
250 300
250 706
250 1134
250 1049
250 857
250 1115
250 1085
251 384
251 261
251 523
251 528
251 284
251 1054
251 966
251 308
251 694
251 439
251 570
251 1094
251 1097
251 842
251 717
251 654
251 999
251 882
251 382
252 773
252 787
252 792
252 496
252 677
252 687
252 565
252 959
252 331
252 338
252 293
252 1133
252 752
252 758
253 306
253 275
254 843
254 779
254 461
254 763
254 318
255 385
255 645
255 361
255 651
255 1040
255 400
255 377
255 283
256 704
256 1025
256 1072
256 620
256 303
256 595
256 461
256 604
257 939
257 269
257 563
257 631
257 888
257 892
257 926
258 900
258 709
258 1094
258 338
259 388
259 273
259 659
259 1044
259 414
259 293
259 542
259 312
259 443
259 373
259 836
259 709
259 329
259 980
259 1124
259 872
259 490
259 367
259 629
259 632
259 1020
260 994
260 612
260 646
260 518
260 487
260 424
260 970
260 395
260 306
260 893
260 272
260 561
260 530
260 692
260 830
260 346
260 847
260 444
260 925
261 676
261 728
261 762
262 384
262 994
262 547
262 612
262 774
262 1136
262 611
262 469
262 1116
262 901
263 487
263 1055
263 974
263 847
263 853
263 599
263 793
263 669
263 415
264 544
264 801
264 836
264 966
264 1153
264 1064
264 439
264 684
264 529
264 492
264 276
264 278
264 379
264 767
265 899
265 582
265 1000
265 778
265 778
265 911
265 911
265 817
265 787
265 631
265 506
265 411
265 405
266 545
266 422
266 359
266 604
266 1008
266 819
266 309
266 411
266 348
267 923
267 617
267 745
267 950
267 343
267 538
267 347
267 541
268 928
268 564
268 476
268 1063
269 512
269 678
269 519
269 424
269 554
269 647
269 461
269 430
269 409
269 573
269 410
269 1055
270 860
270 941
270 877
271 1044
271 575
272 672
272 353
272 868
272 325
272 498
272 1140
273 1030
273 1034
273 523
273 912
273 532
273 277
273 413
273 518
273 829
273 846
273 1102
273 335
273 853
273 470
273 476
273 993
273 1085
273 762
274 1132
274 850
274 691
274 1081
274 313
274 958
274 287
275 1154
275 657
275 686
275 923
275 284
275 545
275 545
275 803
275 1065
275 814
275 307
275 437
275 1081
275 318
275 447
275 321
275 461
275 986
275 352
275 483
275 491
275 1009
276 544
276 356
276 534
276 361
276 621
276 814
276 943
276 947
276 791
276 1050
276 570
276 670
277 515
277 552
277 526
277 819
277 342
277 570
278 901
278 397
278 665
278 1073
278 1078
278 823
278 833
278 972
278 723
278 1115
278 617
278 1136
278 505
279 737
279 738
279 594
279 885
279 858
280 455
280 874
280 1133
280 920
280 722
280 481
280 766
281 507
281 1151
282 577
283 1140
283 917
284 387
284 1044
284 794
284 293
284 817
284 937
284 1067
284 303
284 946
284 935
284 1081
284 578
284 708
284 594
284 313
284 313
284 732
284 477
284 490
284 634
284 1150
285 760
285 750
285 511
286 872
287 1096
287 634
287 893
288 864
288 548
288 1029
288 729
288 588
288 499
288 953
289 418
289 932
289 332
289 850
289 632
289 377
289 1114
289 1054
290 322
290 422
290 490
290 1070
290 1118
290 342
290 670
290 501
291 484
291 709
291 1062
291 968
291 656
291 754
291 870
291 309
291 1130
291 517
292 1103
293 539
293 880
293 911
293 677
293 369
293 400
293 1005
293 782
293 304
293 1043
293 1044
293 310
293 399
294 367
294 611
294 411
294 709
294 522
294 1067
294 621
294 655
294 879
294 531
294 404
294 489
294 315
294 316
294 735
295 600
295 649
295 823
295 782
296 420
296 518
296 812
296 911
296 1073
296 402
296 404
296 926
296 639
297 685
297 483
297 626
297 879
297 819
297 469
297 1045
298 578
298 1091
298 804
298 938
298 684
298 765
298 402
298 855
298 377
298 701
298 446
299 712
299 912
299 338
299 725
299 1014
300 804
300 630
300 925
300 497
300 1076
300 310
300 665
300 315
300 540
301 352
301 624
301 862
301 1110
301 689
301 1033
301 752
301 758
301 830
302 928
302 1120
302 459
302 1029
302 940
302 369
302 628
302 1145
302 633
302 411
303 608
303 489
303 1092
303 773
303 936
303 875
303 1036
303 1078
303 343
303 344
303 806
304 517
304 544
304 550
304 946
304 1145
304 322
304 710
304 841
304 726
304 996
304 483
304 868
304 1126
304 751
304 882
304 505
305 905
305 529
305 788
305 795
305 497
305 693
305 451
305 587
305 464
305 344
305 987
305 994
305 369
305 756
305 505
305 1149
306 736
306 864
306 1154
306 353
306 932
306 1159
306 560
306 529
306 1114
306 769
306 410
307 515
307 901
307 1034
307 534
307 540
307 544
307 931
307 934
307 310
307 827
307 1091
307 594
307 982
307 983
307 1118
307 736
307 743
307 744
307 490
307 754
307 595
307 889
307 378
308 384
308 773
308 321
308 649
308 657
308 805
308 1087
308 958
308 319
308 576
308 449
308 1092
308 719
308 464
308 1059
308 341
308 1147
308 1005
308 1136
308 1139
308 888
309 653
309 996
309 359
309 487
309 911
309 911
309 464
309 1044
309 676
309 571
309 604
309 413
310 896
310 670
310 934
310 699
310 701
310 1087
310 322
310 709
310 763
310 613
310 613
310 621
310 378
310 379
311 758
311 1055
312 516
312 782
312 819
312 666
312 1055
312 801
312 1011
312 318
312 447
312 448
312 963
312 609
312 594
312 339
312 726
312 350
312 993
312 355
312 1150
313 523
313 781
313 803
313 1064
313 439
313 825
313 1091
313 1014
313 482
313 847
313 722
313 484
313 335
313 860
313 1122
313 612
313 495
313 1009
313 882
313 888
314 369
314 404
314 567
315 483
315 744
315 692
315 725
315 795
316 386
316 322
316 911
316 529
316 1064
316 812
316 558
316 948
316 833
316 1098
316 461
316 397
316 339
316 469
316 470
316 1113
316 1062
316 743
316 748
316 1005
316 751
316 1136
316 885
316 1014
316 634
317 1096
317 507
318 928
318 641
318 361
318 558
318 655
318 656
318 1096
318 763
318 349
319 353
319 866
319 359
320 355
320 1059
320 918
320 505
320 765
321 900
321 829
322 411
322 454
322 529
322 594
322 430
322 829
322 1010
322 1011
322 590
322 600
322 665
322 879
322 882
322 882
323 1027
323 402
323 1075
323 507
323 476
323 443
324 601
325 384
325 624
325 642
325 708
325 709
325 394
325 397
325 622
325 1071
325 787
325 404
325 601
325 538
325 347
326 997
326 997
326 1037
326 333
326 848
326 1109
326 694
326 1050
327 546
327 964
327 942
327 1072
327 793
327 477
328 512
328 772
328 665
328 671
328 544
328 1066
328 683
328 556
328 824
328 1088
328 705
328 708
328 969
328 603
328 484
328 1125
328 875
328 875
328 760
328 766
328 767
329 640
329 1121
329 361
329 373
329 537
329 1145
330 801
330 1158
330 1062
330 860
330 754
330 430
330 577
330 837
330 966
330 333
330 463
330 1102
330 604
330 355
330 376
331 1000
331 395
331 945
332 640
332 901
332 594
332 596
332 922
333 386
333 483
333 677
333 1064
333 521
333 685
333 526
333 983
333 505
333 490
333 414
333 959
334 640
334 995
334 708
334 518
334 808
334 813
334 336
334 760
334 600
334 507
334 670
335 999
335 617
335 469
335 918
335 1022
336 581
337 1061
337 550
337 711
337 937
337 753
337 821
337 342
337 635
337 341
338 772
338 998
338 513
338 394
338 782
338 545
338 1078
338 601
338 1053
338 735
339 388
339 775
339 968
339 490
339 395
339 399
339 978
339 665
339 537
339 507
339 1151
340 1154
340 859
340 805
340 765
340 372
340 411
341 1147
342 515
342 388
342 1037
342 400
342 1057
342 675
342 677
342 1118
342 942
342 819
342 564
342 830
342 1090
342 970
342 594
342 980
342 983
342 990
342 912
342 868
342 1014
342 887
342 376
342 376
343 384
343 389
343 1035
343 405
343 663
343 664
343 675
343 942
343 461
343 978
343 468
343 470
343 733
343 481
343 743
343 616
343 1127
343 367
343 1009
344 994
344 1155
344 901
344 905
344 912
344 402
344 404
344 1114
344 411
345 963
345 970
345 914
345 605
345 798
346 1153
346 899
346 485
346 732
346 534
346 534
346 907
346 1133
346 733
346 824
346 1066
346 470
346 923
346 1116
346 829
346 543
347 708
347 934
347 935
347 748
347 622
347 477
347 913
347 1016
347 826
347 349
348 931
348 940
348 1037
348 529
348 947
349 929
349 645
349 1033
349 717
349 787
349 565
349 745
349 922
349 923
349 947
349 693
350 834
351 893
351 903
352 353
352 388
352 616
352 533
352 695
352 827
352 1020
353 518
353 543
353 552
353 437
353 710
353 455
353 723
353 470
353 476
353 737
353 484
353 497
353 831
354 722
355 1152
355 897
355 518
355 396
355 1037
355 398
355 917
355 1048
355 547
355 690
355 1076
355 570
355 709
355 472
355 860
355 758
356 640
356 993
357 1015
358 601
358 966
359 482
359 868
359 429
359 594
359 1140
359 538
359 458
360 406
361 1153
361 782
361 657
361 1054
361 422
361 937
361 626
361 447
361 838
361 456
361 476
361 476
361 611
361 1134
361 702
362 598
363 889
364 1059
364 1092
364 860
364 969
364 398
364 996
364 1013
364 1097
364 888
364 740
364 956
364 893
365 519
365 405
365 439
365 421
366 618
366 791
366 791
366 750
366 782
366 760
366 445
366 670
367 1024
367 737
367 453
367 743
367 1032
367 487
367 1068
367 879
367 688
367 403
367 501
367 1113
367 764
368 675
368 1130
368 876
368 1008
368 824
368 882
368 659
368 728
368 378
368 827
368 703
369 1029
369 902
369 394
369 407
369 1053
369 414
369 931
369 1090
369 969
369 465
369 726
369 996
369 987
369 1119
369 1124
369 382
369 764
369 1150
370 608
370 482
370 843
370 1140
370 491
372 837
372 397
372 656
372 658
372 501
372 728
372 953
372 917
373 627
373 609
373 515
373 705
373 883
373 404
374 543
374 853
374 927
375 544
375 666
375 835
375 562
376 1056
376 386
376 778
376 722
376 570
376 667
376 798
376 543
377 483
377 614
377 902
377 743
377 912
377 1010
377 1012
377 758
377 663
377 537
377 1055
378 1024
378 737
378 482
378 1125
378 534
378 397
378 505
378 923
378 819
378 819
378 1055
379 998
379 402
379 1106
379 887
379 414
380 579
380 711
380 487
380 1102
380 751
380 1006
380 733
380 1151
381 810
381 435
382 548
382 424
382 899
382 919
382 1081
382 763
382 733
382 575
383 689
383 1130
384 1027
384 646
384 649
384 534
384 923
384 939
384 1117
384 883
384 953
384 447
384 733
384 486
384 1012
384 831
385 482
385 971
385 1138
385 399
385 880
385 402
385 404
385 917
385 953
385 797
386 615
386 892
386 752
386 788
386 699
386 542
387 737
387 829
387 655
387 629
387 952
387 573
387 1055
388 1028
388 519
388 1037
388 782
388 1156
388 1060
388 1067
388 1074
388 501
388 707
388 729
388 994
388 751
388 629
389 418
389 435
390 547
391 974
391 790
391 791
392 800
392 772
392 997
392 1126
392 1102
392 726
392 1145
392 1051
392 926
393 585
393 805
395 1030
395 1035
395 926
395 1071
395 708
395 968
395 720
395 614
395 616
395 1128
395 1149
395 894
396 738
397 515
397 808
397 931
397 1144
397 788
397 511
398 610
398 1124
398 614
398 1034
398 823
398 540
399 453
399 994
399 515
399 777
399 938
399 747
399 1090
399 564
399 850
399 1050
399 795
399 446
399 901
400 832
400 1128
400 1097
400 526
400 751
400 401
400 505
400 763
400 669
400 510
401 557
401 590
401 1116
401 511
402 642
402 905
402 538
402 949
402 829
402 728
402 602
402 1011
402 889
403 642
403 719
403 988
403 862
404 640
404 963
404 1046
404 666
404 670
404 562
404 832
404 833
404 708
404 853
404 624
404 1065
404 894
404 895
405 461
405 1075
405 600
406 640
406 1153
406 903
406 536
406 410
406 544
406 707
406 453
406 973
406 594
406 723
406 1124
406 1117
406 609
406 484
406 489
406 1011
406 507
406 507
406 764
407 645
407 710
407 999
407 494
407 677
408 625
408 697
409 520
409 760
409 689
409 790
409 728
409 542
410 640
410 705
410 925
410 1127
410 861
410 1054
410 823
410 1080
410 857
410 411
410 829
410 798
411 529
411 1052
411 427
411 941
411 705
411 860
411 750
411 752
411 882
411 635
411 1150
412 676
412 421
412 490
412 793
412 570
412 477
412 798
413 964
413 687
413 538
413 495
414 772
414 1037
414 782
414 923
414 416
414 424
414 685
414 441
414 1098
414 680
414 601
414 609
414 994
414 1005
414 766
414 1015
414 510
415 626
416 544
416 736
417 666
417 947
417 709
417 861
418 1128
418 1065
418 732
419 493
420 786
421 546
421 966
421 774
421 760
421 888
421 795
421 766
422 641
422 513
422 905
422 659
422 794
422 1063
422 862
422 695
422 952
422 565
422 451
422 1098
422 587
422 674
422 983
422 475
422 738
422 1124
422 1014
422 631
423 993
423 555
423 517
424 640
424 642
424 996
424 773
424 913
424 756
424 505
424 699
425 1030
426 905
426 727
427 1024
427 1040
427 1092
427 807
427 941
427 1069
427 467
427 911
427 1136
427 659
427 609
427 763
427 855
427 957
428 1040
429 488
429 879
429 466
429 758
429 1145
430 708
430 645
430 843
430 450
430 578
430 822
430 599
430 443
431 449
431 786
431 995
431 737
432 977
433 923
433 764
434 900
434 488
434 618
434 628
434 501
434 820
434 507
434 1148
435 640
435 719
435 625
435 819
435 911
435 1054
436 845
437 531
437 493
437 517
438 575
438 678
438 774
439 544
439 675
439 1029
439 583
439 1003
439 1040
439 899
439 826
439 927
440 593
440 1115
441 745
441 610
441 531
441 1115
442 1133
442 782
442 948
442 757
442 728
442 761
442 1054
443 586
443 461
443 751
443 595
443 1076
443 462
443 500
444 801
444 674
445 923
445 895
446 866
446 998
446 1073
446 763
446 586
447 1024
447 868
447 721
447 842
447 1004
447 819
447 794
448 768
448 579
448 750
448 1113
448 665
448 829
448 1086
449 736
449 462
449 692
449 788
449 505
449 751
450 997
450 463
450 530
450 887
450 1015
450 819
450 893
450 894
451 1025
451 1027
451 644
451 837
451 481
451 455
451 612
451 534
451 857
451 931
451 991
452 963
453 961
453 1126
453 939
453 678
453 1040
453 884
453 757
453 662
453 1140
453 700
453 574
454 963
454 616
454 750
454 899
455 1129
455 692
455 489
456 489
456 879
457 624
457 473
460 770
460 515
460 742
460 875
460 460
460 1037
460 750
460 463
460 1040
460 470
460 634
460 821
461 770
461 515
461 517
461 779
461 794
461 545
461 819
461 564
461 570
461 465
461 1109
461 732
461 862
461 1022
461 1018
461 1151
462 966
462 491
462 1078
462 511
463 804
463 998
463 745
463 834
463 678
463 658
463 546
463 847
463 1037
464 834
464 932
464 645
464 1063
464 616
464 586
464 1149
464 790
464 888
464 827
464 860
464 477
465 526
465 787
465 1054
465 682
465 687
465 1074
465 574
465 1094
465 593
465 852
465 1113
465 733
465 485
465 743
465 872
465 622
465 497
465 634
466 550
466 944
466 600
466 507
466 1150
467 641
467 795
467 966
468 804
468 889
468 537
468 572
469 964
469 968
469 587
469 1096
469 921
470 611
470 677
470 913
470 745
470 599
470 529
470 754
470 696
471 1059
471 584
471 1065
471 728
471 857
471 1023
472 900
472 1117
472 1137
473 624
474 857
474 751
475 1005
476 737
476 642
476 651
476 1029
476 1128
476 747
476 1090
476 944
476 950
476 1143
476 696
476 1115
477 1090
477 745
477 714
477 1091
477 1133
477 584
477 691
477 823
477 1018
477 669
477 542
478 1064
478 1149
479 507
481 964
481 970
481 888
482 483
482 678
482 737
482 521
482 787
482 1049
482 507
482 1020
483 899
483 901
483 902
483 904
483 649
483 1049
483 541
483 686
483 1098
483 1098
483 849
483 600
483 604
483 862
483 626
484 1153
484 653
484 529
484 531
484 1053
484 543
484 1059
484 955
484 832
484 609
484 971
484 847
484 847
484 983
484 487
484 745
484 495
484 1011
485 1140
485 547
485 937
485 655
485 629
485 1014
485 791
485 923
485 829
486 769
486 931
486 645
486 998
486 1128
486 1003
486 493
486 1144
486 946
486 547
486 693
486 760
486 923
486 1023
487 1153
487 787
487 542
487 1055
487 931
487 805
487 940
487 1079
487 834
487 732
487 733
487 994
487 1005
487 1065
487 1150
487 511
488 1020
488 581
488 615
489 1040
489 915
489 675
489 932
489 1061
489 1063
489 808
489 1075
489 692
489 949
489 966
489 1096
489 1100
489 601
489 862
489 743
489 876
489 879
489 879
490 1030
490 519
490 666
490 550
490 558
490 947
490 1087
490 969
490 847
490 1118
490 866
490 490
490 1133
490 497
490 723
490 937
490 1145
490 763
491 923
491 815
491 545
491 717
491 527
491 689
491 801
491 659
491 1141
491 1046
491 759
491 697
491 731
491 541
491 541
491 507
492 1156
492 1031
493 705
493 519
493 842
493 1102
493 750
493 912
493 849
493 787
493 628
493 1081
495 768
495 1153
495 579
495 745
495 524
495 751
495 756
495 761
495 764
496 547
496 538
497 512
497 613
498 965
498 1148
498 829
498 773
499 900
499 1046
499 1096
499 649
499 765
499 944
499 913
499 690
499 790
499 538
499 893
500 1154
500 611
500 677
500 526
500 931
501 1093
501 940
501 620
501 624
501 657
501 1014
501 1087
502 1090
502 1019
503 963
503 677
503 621
503 1074
503 596
503 1114
503 1023
505 1030
505 785
505 958
505 586
505 723
505 1115
505 743
505 1127
505 722
505 631
505 1151
505 1151
506 1010
507 770
507 1033
507 526
507 659
507 550
507 822
507 591
507 1019
507 1023
508 707
508 732
508 1157
508 929
508 1128
508 777
508 1031
508 782
508 916
508 1148
509 863
510 1153
510 684
510 1054
510 950
510 670
510 987
511 992
511 1025
511 614
511 644
511 646
511 681
511 519
511 1140
511 853
512 1024
512 994
512 772
512 913
512 885
512 1046
512 793
512 1115
512 738
512 702
513 772
513 998
513 812
513 629
513 1113
513 538
513 965
514 668
514 996
514 645
514 758
515 769
515 897
515 657
515 928
515 1063
515 681
515 689
515 1084
515 629
515 722
515 857
515 937
515 634
516 805
517 1056
517 587
517 964
517 998
517 806
517 649
517 810
517 658
517 686
517 722
517 667
517 626
518 773
518 807
518 1130
518 923
518 624
518 601
518 699
519 1044
519 664
519 902
519 1074
519 830
519 961
519 578
519 708
519 723
519 732
519 611
519 612
519 617
519 1018
520 584
520 621
520 601
520 760
520 1146
521 678
521 812
521 849
521 948
521 1150
522 830
522 799
523 837
523 625
523 1129
523 696
523 642
523 686
523 1040
523 984
524 905
524 1017
524 1054
525 1080
525 686
526 802
526 805
526 967
526 903
526 655
526 530
526 827
526 958
526 1023
527 821
527 1094
528 646
528 1063
529 1026
529 901
529 901
529 1092
529 676
529 1062
529 565
529 823
529 1034
531 963
531 803
531 792
532 686
533 737
533 970
533 971
533 766
534 998
534 808
535 897
536 829
536 1085
537 1153
537 773
537 659
537 788
537 665
537 544
537 544
537 931
537 1063
537 586
537 868
537 740
537 617
538 1030
538 547
538 691
538 958
538 977
538 611
538 1124
538 882
538 637
539 640
539 984
539 666
539 987
539 1021
540 1092
540 1064
540 849
540 758
540 601
541 898
541 912
541 659
541 916
541 923
541 798
541 930
541 1061
541 935
541 1075
541 823
541 714
541 855
541 866
541 621
541 885
542 934
542 879
542 912
542 666
542 927
543 640
543 868
543 723
543 659
544 1153
544 642
544 1030
544 659
544 673
544 936
544 564
544 699
544 703
544 1105
544 852
544 728
544 612
544 1011
544 629
544 764
545 896
545 1043
545 900
545 938
545 1071
545 784
545 849
545 1081
545 1113
545 1158
546 802
546 968
546 1097
546 586
546 1154
546 723
546 692
546 794
546 1021
546 703
547 928
547 610
547 813
547 685
547 913
547 594
547 728
547 705
547 572
548 747
548 793
548 1053
549 1108
550 768
550 739
550 808
550 685
550 782
550 793
550 798
550 639
551 936
551 644
551 1020
552 834
552 677
552 743
552 748
552 669
552 805
554 675
554 580
554 1158
555 624
555 931
556 738
557 993
557 974
557 784
557 956
557 1053
558 710
558 903
558 880
558 658
558 694
558 631
558 857
559 699
559 830
562 805
562 823
562 947
562 965
563 747
563 778
563 887
563 732
564 659
564 565
564 761
564 981
564 622
564 1037
564 863
565 768
565 901
565 969
565 1035
565 776
565 1148
565 626
565 565
565 934
565 760
567 1064
568 968
568 733
568 806
569 928
569 917
570 1063
570 1096
570 686
570 968
570 1145
572 708
572 808
572 886
573 590
573 829
574 1126
574 842
574 875
574 934
574 1117
575 939
575 740
577 1120
577 611
577 868
577 1061
577 967
577 596
578 1088
578 810
578 1127
578 1040
578 824
578 632
578 1145
579 748
579 617
579 845
580 646
580 908
580 1037
580 595
581 640
581 609
581 763
581 645
581 935
581 672
581 833
581 697
581 987
581 805
582 811
582 880
582 786
582 1113
583 1075
584 609
584 931
586 803
586 730
586 766
586 853
587 900
587 910
587 656
587 1056
587 804
587 955
587 1113
587 868
587 881
588 860
588 1075
588 652
589 745
589 1118
590 911
590 655
591 881
592 819
592 1084
593 642
594 772
594 748
594 912
594 917
594 900
594 805
594 686
594 905
594 1088
594 973
594 724
594 731
594 732
594 609
595 681
595 1035
595 1021
595 676
595 956
595 893
595 798
596 673
596 1069
596 788
596 1109
596 1015
597 792
597 833
597 830
598 778
598 732
599 737
599 659
599 819
599 1145
599 766
600 913
600 1078
600 966
600 1096
600 631
600 1102
600 1133
600 879
600 627
600 1142
600 937
600 1130
600 1151
601 911
601 917
601 930
601 688
601 692
601 963
601 851
601 741
601 999
601 745
601 879
601 630
602 960
602 1102
602 986
602 1117
604 618
604 1012
604 883
604 885
606 745
606 698
606 612
606 773
607 928
607 709
607 766
608 624
608 629
608 1015
608 708
608 1023
609 1091
609 1005
609 987
609 879
609 944
609 882
609 1115
609 885
610 808
610 1065
610 1065
610 1007
610 745
610 655
610 677
611 1155
611 917
611 1077
611 836
611 1101
611 861
611 628
612 736
612 994
612 1130
612 1035
612 834
612 751
612 704
613 1056
613 996
613 938
613 716
613 1018
613 1020
615 708
615 814
615 1151
616 618
616 875
616 1118
617 768
617 645
617 789
617 985
617 829
617 799
618 999
618 823
618 1145
618 829
619 882
620 1123
620 969
620 815
620 857
621 672
621 624
621 674
621 1067
621 1046
621 732
622 1059
622 998
622 678
622 1035
622 939
622 722
622 795
623 642
623 707
623 1014
623 1064
623 845
623 690
623 1075
623 723
623 695
624 640
624 897
624 646
624 792
624 717
624 986
624 859
624 878
624 880
624 1144
625 943
625 659
625 766
625 663
625 732
625 863
626 736
626 930
626 934
626 814
626 829
626 722
626 966
626 634
627 771
627 939
627 974
627 1080
627 728
628 873
628 819
628 707
628 669
629 897
629 913
629 788
629 943
629 1064
629 810
629 810
629 710
629 1122
629 868
629 762
631 643
631 1054
631 675
631 698
631 964
631 1096
631 847
631 1062
631 872
631 1147
632 705
632 968
632 737
634 902
634 970
634 1037
634 686
634 931
634 798
634 882
635 1064
635 1063
636 794
636 862
637 1155
637 1061
637 1102
637 689
638 1153
639 745
639 1035
639 803
639 1053
639 766
640 644
640 651
640 785
640 786
640 926
640 880
640 679
640 808
640 681
640 687
640 978
640 1071
640 1106
640 723
640 658
640 757
640 937
641 1027
641 834
641 931
641 819
641 895
642 849
642 1045
642 664
643 1032
644 655
644 787
645 768
645 1036
645 1005
645 669
645 804
645 756
645 1085
645 972
645 1116
645 1133
645 1145
646 838
646 874
646 987
646 1085
648 752
649 1056
649 1059
649 774
649 940
649 1069
649 1046
649 888
650 835
650 785
650 819
650 964
650 1115
650 764
651 737
651 677
651 902
651 745
651 913
651 1140
651 953
651 1144
651 708
652 1121
652 1090
652 677
652 887
652 697
652 798
654 1146
654 1012
655 1090
655 1128
655 679
655 748
655 720
655 756
655 1144
655 1063
655 699
655 1087
656 935
656 1116
657 1102
657 814
657 814
657 849
657 885
659 896
659 1033
659 824
659 833
659 850
659 1113
659 995
659 877
659 1012
659 1144
660 1054
661 888
661 663
661 773
662 1059
662 733
663 1029
664 1058
664 902
664 794
665 930
665 708
665 1010
665 974
665 1090
665 892
665 767
666 1030
666 782
666 917
666 1053
666 802
666 941
666 965
666 1105
666 997
666 998
666 760
667 673
667 921
667 895
668 998
669 934
669 1111
669 857
669 978
669 916
669 1062
669 1084
670 1024
670 769
670 913
670 801
670 681
670 810
670 1113
670 737
670 740
670 872
670 1128
670 1144
672 902
672 1044
672 1020
673 850
673 962
674 704
674 1097
674 1134
674 831
675 1130
675 876
675 847
675 1075
675 1075
675 820
675 778
675 766
676 1075
676 974
676 819
677 882
677 822
677 736
677 1126
678 1092
678 880
678 691
679 1053
679 774
681 902
681 713
681 1102
681 880
681 694
681 803
681 760
681 761
681 895
683 1072
683 791
684 1141
684 743
685 931
685 1096
685 1004
686 935
686 834
686 709
686 856
686 1116
686 745
686 889
687 896
687 836
687 907
687 1008
687 982
689 716
689 847
689 751
689 767
690 1092
690 846
690 1080
691 899
691 709
691 850
691 889
691 889
692 1123
692 769
692 847
692 790
692 790
692 1081
692 764
693 948
694 837
694 853
694 880
694 1046
694 1141
695 923
695 1116
697 1130
697 879
697 699
698 778
698 1075
698 766
698 1115
700 936
700 804
701 973
703 900
704 774
704 717
704 868
706 770
707 768
707 969
707 916
707 1115
707 893
708 1155
708 1034
708 908
708 910
708 919
708 806
708 969
708 1107
708 999
709 906
709 1053
709 937
709 861
709 817
709 778
709 795
709 1097
709 984
709 733
709 766
710 934
710 711
710 807
710 748
710 1033
710 1050
710 863
710 1087
711 1030
711 755
711 790
713 1030
713 911
714 964
714 939
714 1044
714 855
714 953
717 768
717 1097
717 1014
717 857
719 1090
719 899
719 899
719 901
719 1065
719 810
719 1040
719 1076
719 981
720 888
722 928
722 833
722 911
722 931
723 1024
723 1090
723 808
723 1079
723 834
723 1153
723 880
724 862
727 809
728 868
728 745
728 1073
728 959
729 1018
729 1124
731 1030
731 1096
732 905
732 779
732 941
732 868
732 1009
732 1013
732 763
732 764
733 751
733 850
733 1075
733 985
733 1145
733 911
735 1009
736 939
737 1024
737 896
737 772
737 936
737 815
737 822
737 959
737 893
738 1061
738 783
738 956
740 1027
743 745
743 798
744 769
744 808
744 1075
744 798
745 897
745 1042
745 790
745 939
745 1076
745 1080
745 853
745 1001
745 763
746 1080
746 802
746 1054
747 866
747 907
747 1010
748 1001
748 882
748 757
748 1050
749 950
750 969
750 1134
750 1106
750 841
750 1021
750 766
751 1155
751 1035
751 908
751 920
751 986
751 1061
751 959
751 842
751 993
751 994
752 758
754 768
754 933
754 1040
754 1118
755 823
757 896
758 912
758 1059
758 1086
758 1141
758 978
758 760
758 766
760 1024
760 1085
760 959
760 843
760 845
760 983
760 937
760 1143
760 1144
761 864
762 993
762 980
762 794
762 1151
763 798
763 953
763 785
763 894
765 1128
765 971
765 1133
765 917
765 858
766 1153
766 799
766 1056
766 819
766 1084
766 843
766 860
766 880
766 1010
767 1155
767 1156
767 1004
767 1133
767 1018
768 1153
768 902
768 1031
768 1062
768 935
768 1114
768 993
768 915
768 1021
769 1027
769 774
769 1065
769 912
769 1097
769 1116
770 1028
770 841
772 859
772 805
772 880
772 844
772 1147
773 1089
773 935
773 970
773 1005
774 1095
774 850
774 1102
774 792
774 920
774 1063
776 934
776 1106
776 782
776 926
776 1151
778 1061
778 1063
778 920
778 1125
779 937
779 1018
779 831
780 1144
781 899
781 805
781 1075
781 981
781 1017
782 858
782 1059
782 811
782 833
782 834
782 1113
782 1117
782 872
784 1102
784 1037
785 885
785 824
785 989
786 801
786 994
786 966
786 1064
786 1094
786 912
786 819
786 1080
786 1116
787 1003
787 1097
787 1035
787 821
788 1090
788 790
788 1081
789 868
789 1102
789 1151
790 824
790 1113
791 1157
791 1045
791 999
791 895
792 1128
792 875
792 1055
793 835
793 1094
793 944
793 923
794 803
794 1005
794 1144
794 986
794 986
795 931
795 1074
795 819
795 1078
795 1090
795 852
795 1116
795 1133
796 1056
797 1083
797 1061
797 1062
798 905
798 905
798 950
798 969
798 1105
798 850
798 998
798 875
798 879
799 1064
799 884
799 823
800 840
800 947
800 997
801 966
802 1029
803 1009
803 862
804 804
804 1072
804 823
805 928
805 930
805 1065
805 947
805 879
805 1016
806 1123
806 921
807 1066
808 1069
808 921
810 1067
810 958
810 853
811 921
812 928
812 1025
813 896
813 842
814 937
814 970
814 1035
814 850
814 890
815 997
816 1126
817 1037
817 1146
818 928
818 891
819 1030
819 1054
819 1058
819 939
819 824
819 1115
819 1117
819 1117
819 864
820 1128
820 1130
820 923
821 913
821 1130
821 1117
822 834
822 1000
822 1039
822 887
822 861
823 912
823 1012
824 1126
824 936
824 926
824 923
824 1054
825 982
827 1153
827 899
827 903
827 1064
827 1098
827 882
827 1144
827 895
829 1024
829 899
829 900
829 1157
829 1035
829 1062
829 937
829 1009
829 915
830 896
830 1058
830 1080
830 889
830 923
831 1130
831 973
831 853
831 1050
831 1151
832 1035
832 1009
833 934
833 907
833 1081
833 959
833 990
833 1055
834 1124
835 847
837 983
837 926
839 978
841 933
843 1054
845 879
846 964
846 938
846 1143
846 857
847 969
847 880
847 861
848 1065
849 998
849 1066
849 969
849 1144
850 868
850 1075
850 1066
850 1053
850 1044
850 998
852 1035
853 897
853 901
853 1053
853 934
853 937
853 1102
853 854
853 1117
853 882
854 1015
855 994
855 866
855 1140
855 950
855 923
855 1084
856 968
857 1029
857 1050
858 1129
860 1026
860 1005
860 895
860 1102
860 1018
860 1141
861 998
861 905
861 941
861 1138
861 1044
862 996
862 1140
862 1130
862 907
863 1088
863 909
863 1007
864 1052
864 941
864 1084
865 880
866 993
867 937
868 939
868 1085
868 1106
868 890
869 998
871 1145
872 1029
872 1061
874 939
875 1030
875 1130
875 939
875 1044
875 1141
875 1014
876 996
876 905
877 1102
877 1018
879 1090
879 1063
879 966
879 970
879 1131
879 1133
879 1151
880 938
880 1126
880 895
881 1052
882 1030
882 1030
882 1000
882 1083
883 899
883 1075
883 915
884 981
885 1095
885 1159
885 1005
885 915
885 1085
885 1150
887 928
887 905
887 1015
888 912
888 999
888 947
889 900
889 1158
889 1075
889 940
889 1102
890 1153
890 1063
890 1064
890 1105
891 1044
893 1128
893 926
893 1116
894 1075
895 925
895 970
895 923
895 1105
895 1118
896 982
896 955
898 915
899 915
899 1044
899 966
899 985
899 1117
899 998
900 1150
901 965
901 1031
901 1096
902 994
902 965
902 1005
902 1053
903 1153
903 1059
903 933
903 934
903 1130
903 971
903 926
905 1153
905 1020
905 998
905 1094
905 1132
905 941
908 958
911 1067
911 1124
912 1024
912 1157
912 1054
912 1086
912 997
913 966
913 937
913 970
913 969
915 939
915 926
916 1064
916 936
916 1014
917 1053
917 1147
920 958
921 1024
921 994
921 1130
921 952
921 1117
921 949
922 922
923 975
923 1147
925 1062
925 968
926 1155
926 974
928 1097
928 1081
928 1140
928 1086
928 1144
930 1064
930 1065
931 1037
931 1082
931 1097
932 1128
932 1037
934 1034
934 1045
934 1080
934 1106
934 1113
934 1014
935 1037
935 979
936 969
936 1077
936 1097
937 1108
937 1128
938 1105
938 1140
939 941
939 1135
941 1063
941 1064
944 1090
944 1000
945 1122
947 1155
947 1127
947 1084
947 982
947 969
949 1075
950 1065
950 1034
950 1011
950 1023
951 1035
951 997
952 1151
953 1059
953 1102
954 1128
954 1025
955 1147
958 1097
959 1090
959 996
959 987
960 1114
964 1153
964 1037
964 1071
964 976
964 966
966 1055
967 1054
968 1011
969 1075
969 996
970 1096
971 1057
972 1141
973 996
973 1127
973 982
974 1030
976 1090
977 1014
978 1067
979 1096
979 1031
981 1009
982 1024
982 1021
986 1030
986 990
987 994
987 1159
990 1113
990 994
993 995
994 1064
994 1121
996 1097
996 1053
998 1063
998 1081
998 1011
999 1045
999 1071
1002 1140
1004 1128
1005 1044
1005 1067
1005 1071
1005 1102
1005 1115
1005 1128
1009 1140
1009 1051
1012 1148
1012 1115
1013 1031
1014 1034
1014 1123
1014 1130
1014 1021
1015 1088
1015 1045
1018 1093
1018 1069
1018 1041
1018 1075
1021 1099
1024 1150
1025 1054
1029 1054
1033 1149
1034 1136
1035 1132
1037 1123
1039 1140
1043 1103
1044 1117
1044 1128
1044 1147
1044 1151
1046 1109
1046 1144
1046 1066
1050 1129
1051 1153
1051 1140
1051 1084
1052 1085
1054 1102
1057 1102
1059 1153
1059 1129
1061 1113
1062 1092
1062 1065
1062 1151
1063 1090
1063 1114
1063 1130
1063 1143
1065 1092
1065 1145
1074 1087
1074 1140
1074 1151
1075 1088
1078 1115
1080 1147
1080 1148
1084 1154
1085 1133
1085 1108
1087 1090
1090 1092
1090 1102
1090 1128
1090 1141
1090 1151
1092 1141
1105 1151
1106 1111
1113 1128
1113 1145
1115 1127
1115 1128
1117 1136
1117 1133
1118 1134
1123 1144
1124 1153
1130 1131
1140 1144
1140 1151
1150 1158
1151 1159
