0 225
0 162
0 728
0 461
0 142
0 304
0 336
0 824
0 1011
0 301
0 119
0 216
0 761
0 90
1 152
2 211
2 629
3 808
3 1123
3 67
3 196
3 166
4 413
4 819
4 173
4 221
5 969
5 1115
5 470
6 876
6 469
6 430
7 529
7 659
7 964
8 641
8 483
8 228
8 233
8 587
8 1037
8 14
8 879
8 931
8 410
9 768
9 601
9 754
9 117
9 135
10 176
10 642
10 1091
10 1125
10 808
10 463
10 48
10 49
10 242
10 629
10 953
10 700
11 996
11 517
11 139
11 1133
11 145
11 885
11 87
11 888
11 505
11 862
12 705
13 1128
13 994
13 565
14 66
14 272
14 411
14 284
14 928
14 422
14 681
14 1010
14 431
14 304
14 691
14 1081
14 826
14 834
14 451
14 1097
14 460
14 985
14 732
14 355
14 612
14 252
14 626
14 251
14 124
15 64
15 641
15 259
15 485
15 616
15 970
15 1035
15 1106
15 208
15 338
15 276
15 342
15 119
15 349
15 255
16 994
16 803
16 731
16 713
16 930
16 1102
16 624
16 338
16 707
16 376
16 90
16 699
16 93
17 97
17 931
17 548
17 389
17 748
17 1005
17 80
17 913
17 1143
17 312
17 420
17 1018
17 1051
17 453
18 353
18 994
18 1060
18 204
18 464
18 697
18 575
18 476
18 1055
19 705
19 964
19 581
19 49
19 23
19 187
20 656
20 1155
20 106
20 1005
20 526
20 880
20 243
20 446
20 889
20 122
20 915
20 1054
21 704
21 422
21 966
21 751
21 433
21 219
21 70
21 895
22 832
22 744
22 412
22 1140
22 1053
23 547
23 907
24 1090
24 70
24 39
24 1064
24 489
24 330
24 141
24 93
24 925
24 784
24 882
24 921
24 698
24 1115
24 476
24 202
25 512
25 216
25 323
25 487
25 552
25 540
25 810
25 200
25 77
25 727
25 463
25 760
25 50
25 117
25 983
25 376
25 793
25 124
25 104
26 1024
26 903
26 523
26 527
26 152
26 155
26 925
26 1068
26 689
26 55
26 824
26 707
26 842
26 439
26 211
26 470
26 344
26 94
26 993
26 358
26 490
26 1149
26 114
26 339
26 183
26 895
27 772
27 422
27 486
28 611
28 737
28 827
28 100
28 959
28 422
28 103
28 969
28 903
28 526
28 723
28 594
28 307
28 117
28 1014
28 984
28 409
28 699
28 29
28 735
28 1119
29 610
29 676
29 489
29 110
29 751
29 177
29 338
29 307
29 629
29 795
30 805
30 181
30 162
30 293
30 262
30 316
30 714
30 1154
30 529
30 275
30 116
30 469
30 310
30 55
30 728
30 729
30 411
30 828
30 446
30 95
31 649
31 178
31 550
32 899
32 518
32 146
32 787
32 920
32 545
32 676
32 427
32 172
32 172
32 819
32 566
32 698
32 332
32 461
32 804
32 1113
32 866
32 530
32 497
32 629
32 119
32 1147
33 1153
33 515
33 900
33 135
33 273
33 276
33 276
33 277
33 534
33 923
33 1053
33 1061
33 306
33 182
33 568
33 443
33 1084
33 832
33 594
33 596
33 92
33 124
33 751
33 883
33 504
33 380
34 465
34 546
34 532
34 129
35 43
35 1102
36 544
36 481
36 547
36 328
36 1159
36 1032
36 974
36 400
36 689
36 915
36 212
36 512
36 888
36 505
36 444
37 352
37 836
37 694
37 266
37 269
37 623
37 402
37 115
37 214
37 868
37 93
37 414
38 475
38 732
38 590
38 110
39 1153
39 484
39 965
39 487
39 364
39 343
39 831
40 424
40 897
41 833
41 642
41 260
41 805
41 552
41 778
41 94
41 429
41 178
41 307
41 1045
41 406
41 1145
41 793
41 635
41 797
41 670
41 447
42 280
42 769
42 714
42 526
43 65
43 719
43 691
43 694
43 407
43 751
44 609
44 386
44 399
45 193
45 611
45 1070
45 625
45 754
45 1155
45 852
45 726
46 148
46 918
46 300
46 876
46 368
46 146
46 308
46 1046
46 121
47 610
47 934
47 297
47 204
47 110
47 81
47 855
48 708
48 1021
48 758
49 134
49 298
49 93
49 202
49 705
49 201
49 714
49 975
49 248
49 468
49 601
49 732
49 861
49 990
49 737
49 868
49 106
49 622
49 243
49 372
49 888
49 763
49 766
50 384
50 1027
50 1156
50 133
50 903
50 525
50 911
50 785
50 275
50 152
50 286
50 1055
50 928
50 819
50 823
50 827
50 75
50 729
50 608
50 1127
50 1002
50 499
50 501
50 123
51 1136
51 899
51 974
51 830
52 497
52 947
52 1085
52 551
52 733
53 129
53 546
53 1067
53 621
53 686
53 303
53 850
53 953
54 609
54 130
54 675
54 677
54 705
54 745
54 955
54 830
54 215
54 889
54 1051
54 669
54 158
54 645
55 134
55 394
55 781
55 273
55 405
55 646
55 299
55 685
55 1011
55 186
55 834
55 1102
55 1102
55 343
55 611
55 999
55 368
55 1009
55 883
55 247
55 507
56 584
56 303
56 967
57 609
57 937
57 493
57 147
57 764
57 1054
58 969
58 114
58 217
58 545
58 81
59 183
60 131
60 905
60 528
60 273
60 148
60 1046
60 410
60 283
60 670
60 801
60 163
60 805
60 166
60 172
60 558
60 305
60 1078
60 963
60 88
60 997
60 489
60 489
60 238
60 367
60 243
60 756
61 417
61 67
61 228
61 998
61 940
61 694
61 957
62 67
62 165
62 646
62 938
62 1113
62 889
62 1081
62 827
62 990
63 355
63 134
63 685
63 723
63 182
63 538
63 860
63 666
63 190
64 449
64 162
64 291
64 777
64 973
64 1035
64 172
64 493
64 271
64 625
64 307
64 307
64 628
64 158
64 313
64 665
64 666
64 399
64 1150
65 1024
65 289
65 483
65 455
65 455
65 685
65 178
65 451
65 94
65 406
65 1054
66 163
66 196
66 883
66 247
66 218
67 129
67 644
67 134
67 265
67 906
67 515
67 278
67 537
67 670
67 163
67 809
67 172
67 172
67 308
67 1097
67 463
67 594
67 732
67 480
67 229
67 487
67 748
67 750
67 758
67 1018
67 123
67 1151
68 560
68 276
68 178
68 555
68 244
69 768
70 262
70 135
70 269
70 147
70 1044
70 792
70 411
70 805
70 686
70 958
70 833
70 328
70 713
70 842
70 77
70 472
70 484
70 877
70 880
70 377
71 233
71 917
72 1088
72 577
72 386
72 515
72 481
72 616
72 846
72 309
73 1090
73 882
73 399
74 129
74 899
74 520
74 305
74 552
74 524
74 427
74 332
74 397
74 206
74 296
74 178
74 339
74 278
74 297
74 1144
74 803
74 252
74 312
75 768
75 417
75 484
75 645
75 1062
75 422
75 518
75 879
75 243
75 568
75 123
75 1061
76 896
77 832
77 258
77 931
77 517
77 361
77 395
77 556
77 1071
77 659
77 1044
77 634
77 581
78 483
78 101
78 1062
78 200
78 521
78 427
78 204
78 816
78 520
78 982
78 1065
78 824
78 569
78 188
78 93
79 540
79 147
79 788
79 397
79 1117
80 314
80 284
80 921
81 384
81 131
81 134
81 649
81 322
81 663
81 158
81 674
81 167
81 814
81 1075
81 310
81 1080
81 705
81 1090
81 204
81 210
81 998
81 1005
81 247
82 921
82 654
83 321
83 635
83 903
83 424
83 1131
83 524
83 461
83 399
83 659
83 276
83 1018
83 507
84 500
84 855
85 548
85 1063
85 1034
85 395
85 912
85 923
85 1151
86 545
86 772
86 1065
86 395
86 398
86 558
86 822
86 188
86 477
87 928
87 417
87 994
87 994
87 163
87 100
87 998
87 294
87 385
87 1132
87 786
87 1037
87 531
87 306
87 147
87 695
87 435
87 1112
87 89
87 90
87 787
88 304
88 388
88 1033
88 843
88 365
88 912
88 273
88 698
88 892
88 191
89 544
89 640
89 610
89 1009
89 1130
89 546
89 625
89 1114
89 476
89 1085
90 907
90 527
90 273
90 1044
90 1045
90 411
90 1054
90 453
90 1065
90 305
90 184
90 194
90 581
90 198
90 460
90 470
90 731
90 890
90 1118
90 736
90 996
90 999
90 1134
90 754
90 378
90 1148
91 537
91 747
92 611
92 195
92 484
92 645
92 455
92 359
92 1035
92 846
92 144
92 728
92 275
92 180
92 662
92 119
92 1144
92 601
92 410
92 830
93 534
93 904
93 450
93 274
93 790
93 671
93 288
93 300
93 861
93 447
93 194
93 714
93 973
93 979
93 334
93 857
93 857
93 733
93 677
93 104
93 1133
93 368
93 376
93 250
93 510
94 133
94 198
94 1128
94 594
94 367
94 392
94 882
94 309
94 182
94 247
94 540
95 225
95 1154
95 708
95 934
95 1034
95 600
96 745
96 763
96 1004
96 166
97 834
97 113
97 293
97 353
98 970
98 877
99 593
99 306
100 151
100 523
100 695
100 495
100 912
100 114
100 756
100 726
100 732
101 900
101 581
101 710
101 519
101 490
101 1003
101 557
101 628
101 110
101 182
101 380
101 597
102 369
102 306
102 803
102 667
103 196
103 235
103 337
103 156
103 926
104 587
104 708
104 165
104 970
104 427
104 236
104 239
104 659
104 1143
104 250
104 463
104 476
104 477
105 1067
105 677
105 615
105 264
105 617
105 202
105 939
105 622
105 496
105 563
105 489
105 1113
105 316
106 832
106 752
106 802
106 932
106 1056
106 587
106 528
106 562
106 698
106 511
107 477
107 831
108 736
108 146
108 819
108 902
108 1151
109 545
109 386
109 913
109 936
109 265
109 330
109 130
109 307
109 369
109 1034
109 1043
109 373
109 1080
109 124
109 829
110 931
110 487
110 523
110 1102
110 784
110 958
110 1046
110 158
111 401
111 162
111 284
111 665
112 192
112 769
112 515
112 196
112 609
112 1128
112 169
112 1153
112 750
112 751
112 434
112 275
112 643
112 156
112 950
112 279
112 1113
112 415
112 1020
112 766
112 735
113 994
113 710
114 400
114 917
114 278
114 412
114 1055
114 928
114 804
114 688
114 182
114 313
114 827
114 827
114 316
114 1085
114 708
114 710
114 594
114 601
114 872
114 237
114 882
114 378
115 982
115 617
115 1067
115 1036
115 269
115 847
115 880
115 273
115 178
115 307
115 308
115 246
115 1047
116 129
116 323
116 998
116 1096
116 412
116 842
116 559
116 176
116 508
116 822
116 1084
116 349
117 645
117 139
117 912
117 529
117 406
117 288
117 545
117 803
117 811
117 304
117 832
117 837
117 1102
117 847
117 342
117 983
117 218
117 863
117 994
117 487
117 501
117 1014
117 121
117 380
118 219
118 278
119 139
119 656
119 1043
119 414
119 1059
119 1067
119 304
119 950
119 1086
119 191
119 200
119 476
119 722
119 725
119 860
119 866
119 235
119 752
119 766
119 511
120 640
120 1153
120 162
120 331
120 998
120 1002
120 1035
120 1102
120 1014
120 346
120 315
120 639
121 204
121 751
121 1081
121 762
122 193
122 451
122 201
122 529
122 146
122 819
122 950
122 1065
122 696
122 1052
123 129
123 901
123 901
123 265
123 531
123 793
123 1053
123 290
123 163
123 293
123 303
123 586
123 318
123 708
123 202
123 460
123 594
123 211
123 981
123 737
123 483
123 243
123 251
124 768
124 135
124 141
124 913
124 916
124 790
124 282
124 288
124 804
124 424
124 338
124 338
124 814
124 441
124 699
124 1056
124 834
124 451
124 1092
124 584
124 210
124 223
124 353
124 1124
124 879
124 248
124 1018
125 256
125 738
125 347
125 996
125 201
125 365
125 173
125 1046
125 891
126 824
126 868
126 862
127 764
128 570
128 259
128 212
128 758
129 519
129 1045
129 545
129 424
129 681
129 819
129 1079
129 189
129 709
129 207
129 345
129 346
129 347
129 732
129 352
129 609
129 369
129 246
130 773
130 134
130 521
130 395
130 435
130 274
130 791
130 537
130 538
130 676
130 307
130 1075
130 311
130 451
130 587
130 844
130 333
130 862
130 485
130 751
130 378
130 251
131 896
131 224
131 1090
131 294
131 742
131 1000
131 201
131 176
131 1096
131 274
131 243
131 284
132 601
133 353
133 198
133 1063
133 1102
133 641
133 1145
133 827
134 899
134 773
134 521
134 1035
134 537
134 1072
134 265
134 952
134 1084
134 581
134 1106
134 748
134 621
134 624
134 631
134 760
134 251
134 639
135 896
135 389
135 652
135 142
135 913
135 919
135 795
135 414
135 1055
135 672
135 418
135 675
135 570
135 830
135 1015
135 986
135 1116
135 1117
135 738
135 486
135 623
135 497
135 244
135 247
135 247
135 760
135 1018
136 964
136 678
136 464
136 946
136 563
136 342
136 472
136 665
136 890
136 732
137 800
137 673
137 646
137 1035
137 593
137 243
137 380
138 1123
139 260
139 1029
139 911
139 284
139 1054
139 691
139 697
139 450
139 711
139 969
139 202
139 466
139 1118
139 482
139 611
139 618
139 237
139 627
139 760
140 338
140 404
140 634
140 639
141 147
141 1005
142 260
142 911
142 657
142 751
142 540
142 928
142 293
142 167
142 1072
142 819
142 189
142 194
142 966
142 330
142 1085
142 465
142 355
142 805
142 1122
142 611
142 745
142 235
142 829
142 1014
142 760
142 1150
143 163
143 326
143 1053
143 210
143 1043
143 244
143 1141
143 541
143 446
143 1055
144 146
144 763
144 610
144 326
145 265
145 728
145 402
145 533
145 150
145 152
145 410
145 541
145 541
145 541
145 677
145 298
145 183
145 313
145 1084
145 196
145 966
145 600
145 861
145 994
145 1123
145 1128
145 236
145 243
145 373
145 892
145 382
146 384
146 578
146 611
146 772
146 406
146 649
146 1130
146 623
146 305
146 915
146 212
146 1145
146 214
146 1081
146 537
147 794
147 158
147 299
147 177
147 947
147 838
147 805
147 466
147 986
147 1115
147 1061
147 1122
147 484
147 359
147 1010
147 629
147 505
147 1150
148 448
148 1025
148 963
148 424
148 490
148 1004
148 511
148 1149
148 542
148 799
149 1126
150 288
150 331
150 1005
150 590
150 507
151 1156
151 519
151 782
151 273
151 594
152 1154
152 518
152 528
152 273
152 787
152 278
152 798
152 931
152 819
152 330
152 339
152 216
152 857
152 991
152 228
152 498
152 885
152 249
152 507
153 435
153 493
153 531
153 404
153 285
153 831
154 288
154 202
155 1153
155 518
155 520
155 649
155 400
155 787
155 406
155 538
155 155
155 346
155 815
155 307
155 324
155 225
155 465
155 1113
155 986
155 353
155 613
155 231
155 749
155 623
155 624
155 624
155 1151
155 767
156 324
156 559
156 857
156 538
156 495
157 448
157 890
157 751
158 923
158 541
158 1063
158 301
158 817
158 578
158 452
158 206
158 600
158 860
158 222
158 994
158 611
158 612
158 997
158 465
158 620
158 1014
158 376
158 507
159 600
159 234
159 687
160 898
160 964
160 294
161 487
162 928
162 928
162 193
162 196
162 422
162 806
162 308
162 380
162 400
162 563
162 372
162 278
162 409
162 1030
162 923
162 413
162 447
163 650
163 1044
163 366
163 535
163 792
163 1054
163 176
163 522
163 578
163 202
163 595
163 982
163 618
163 750
163 761
163 1150
164 539
164 307
164 581
164 529
164 969
164 1134
164 829
164 273
164 594
164 691
164 628
164 763
164 989
164 254
165 385
165 547
165 1153
165 176
165 309
165 827
165 1151
166 256
166 905
166 875
166 403
166 621
166 579
166 323
166 345
167 1090
167 1124
167 677
167 1045
167 531
167 339
167 341
167 727
167 379
167 252
167 1157
168 284
169 194
169 388
169 901
169 1030
169 743
169 489
169 939
169 335
169 368
169 1140
169 998
169 925
169 805
170 344
170 609
170 310
171 624
171 301
171 228
171 1117
171 421
172 260
172 1037
172 273
172 276
172 922
172 666
172 799
172 882
172 558
172 943
172 1074
172 1080
172 1084
172 1097
172 586
172 716
172 722
172 855
172 857
172 872
172 874
172 239
172 242
172 245
172 1130
173 905
173 490
173 686
173 303
173 953
173 342
173 681
173 760
173 196
173 251
173 1148
174 753
174 994
174 609
174 453
174 687
175 322
175 651
175 495
175 369
175 1113
175 1018
176 640
176 1037
176 1037
176 272
176 665
176 928
176 681
176 372
176 931
176 830
176 441
176 837
176 584
176 1102
176 467
176 980
176 343
176 346
176 221
176 613
176 486
176 766
176 510
177 899
177 650
177 1035
177 275
177 792
177 923
177 1053
177 670
177 548
177 293
177 298
177 798
177 313
177 709
177 966
177 334
177 1114
177 733
177 737
177 355
177 616
177 622
177 1011
177 1144
177 507
177 1020
177 810
178 646
178 778
178 1035
178 788
178 1050
178 288
178 1009
178 939
178 300
178 819
178 1090
178 453
178 1100
178 467
178 228
178 369
178 374
178 631
179 666
179 861
179 326
179 1023
180 737
180 1123
180 388
180 572
180 779
180 685
180 728
180 669
181 707
181 370
181 398
181 669
181 434
181 307
181 729
181 733
182 748
182 616
182 233
182 618
182 215
182 460
182 754
182 1037
182 817
182 853
182 311
182 250
182 895
183 640
183 264
183 1033
183 280
183 1051
183 1053
183 547
183 304
183 831
183 612
183 594
183 931
183 469
183 228
183 868
183 1127
183 745
183 620
183 624
183 882
183 885
183 1014
183 1145
183 250
183 250
184 320
184 928
184 586
184 1005
184 204
184 397
184 430
184 557
184 820
184 1141
184 537
184 570
185 1092
185 709
185 550
185 402
185 788
185 728
185 1117
186 923
187 709
188 1002
188 511
188 631
189 587
189 547
189 517
189 807
189 1065
189 1067
189 1103
189 773
189 439
189 1018
189 1115
189 863
190 666
190 501
190 463
191 395
191 1096
191 778
191 471
191 1068
191 1144
191 284
192 866
192 1037
192 366
192 659
192 853
192 770
193 325
193 711
193 744
193 1018
194 640
194 1153
194 518
194 923
194 218
194 799
194 544
194 1063
194 299
194 308
194 570
194 827
194 204
194 461
194 600
194 605
194 1010
194 1151
195 743
195 1035
195 269
195 571
195 862
196 1024
196 769
196 1089
196 782
196 663
196 411
196 670
196 670
196 801
196 684
196 690
196 819
196 447
196 705
196 451
196 592
196 981
196 996
196 998
196 998
196 1127
196 622
196 1010
196 768
196 1015
197 993
197 994
198 1090
198 875
198 237
198 817
198 338
198 947
198 798
198 1078
198 631
198 664
198 1145
198 669
199 632
199 210
199 1044
199 349
200 769
200 513
200 778
200 782
200 539
200 1055
200 624
200 675
200 677
200 808
200 938
200 1093
200 837
200 595
200 419
200 862
200 1136
200 497
200 882
200 1011
200 1148
200 893
201 640
201 257
201 519
201 911
201 788
201 665
201 667
201 925
201 547
201 293
201 936
201 1069
201 565
201 330
201 888
201 723
201 342
201 677
201 492
201 376
201 1022
202 771
202 399
202 912
202 534
202 791
202 930
202 294
202 937
202 310
202 313
202 830
202 577
202 484
202 361
202 875
202 376
203 505
203 330
203 1153
204 651
204 787
204 882
204 689
204 955
204 830
204 1035
204 838
204 455
204 329
204 461
204 215
204 1118
204 699
204 491
204 626
205 577
205 899
205 289
205 651
205 814
205 275
205 342
206 604
206 307
206 263
206 476
206 434
206 558
206 850
206 947
206 659
206 758
206 666
206 530
206 284
206 330
207 896
207 547
207 804
207 1062
207 267
207 973
207 529
207 882
207 227
207 310
207 310
207 251
207 572
208 390
208 327
208 233
208 234
208 402
208 692
209 917
209 318
210 385
210 513
210 834
210 403
210 404
210 414
210 931
210 677
210 1065
210 811
210 565
210 696
210 316
210 703
210 1090
210 903
210 211
210 612
210 987
210 484
210 620
210 1134
210 880
210 339
210 1140
210 937
210 378
211 256
211 392
211 275
211 789
211 802
211 303
211 304
211 950
211 696
211 447
211 453
211 464
211 440
211 853
211 860
211 1117
211 992
211 997
211 486
211 489
211 875
211 750
211 242
211 628
211 1014
211 503
211 382
212 486
212 582
212 489
212 557
212 913
212 913
212 1145
212 278
212 297
212 441
212 766
213 544
213 1118
214 1098
214 915
214 532
214 310
214 312
214 251
214 1110
215 386
215 709
215 295
215 1001
215 490
215 875
215 529
215 434
215 1012
215 853
215 406
216 244
216 328
216 427
216 1133
216 503
216 728
216 921
216 604
216 965
217 256
217 994
217 982
217 406
217 1063
217 1129
217 266
217 502
217 594
217 790
217 1080
217 921
217 764
217 575
218 325
218 330
218 427
218 249
218 981
218 485
219 934
219 237
219 912
219 308
219 631
219 1044
219 698
219 1051
219 862
220 601
220 529
220 817
221 301
221 1124
221 290
221 1059
221 645
221 737
221 808
221 745
221 1066
221 435
221 750
221 655
221 627
221 853
221 413
221 601
221 795
221 795
221 938
221 751
222 322
222 489
222 559
222 689
222 499
222 443
222 510
223 465
224 1056
224 384
224 313
224 937
225 642
225 387
225 1029
225 395
225 272
225 407
225 922
225 1054
225 294
225 302
225 944
225 723
225 1114
225 353
225 362
225 500
225 631
225 508
225 1150
226 768
226 931
226 879
226 1076
226 631
226 857
226 254
227 290
227 455
227 296
227 329
227 938
227 1063
227 748
227 558
227 243
227 1140
227 327
227 714
227 524
228 901
228 904
228 271
228 665
228 795
228 284
228 935
228 810
228 427
228 1074
228 968
228 330
228 723
228 346
228 347
228 732
228 733
228 353
228 1009
228 242
228 366
228 752
228 369
228 370
228 882
228 766
228 639
229 786
229 251
230 1128
230 401
230 786
230 404
232 245
233 517
233 710
233 361
233 618
233 402
233 304
233 1034
233 586
233 798
233 927
234 611
234 868
234 294
234 745
234 623
234 969
235 705
235 237
235 819
235 308
235 694
235 728
235 511
236 256
236 1059
236 420
236 645
236 316
236 786
236 297
236 764
236 893
237 385
237 387
237 645
237 914
237 288
237 548
237 560
237 565
237 316
237 579
237 971
237 333
237 676
237 860
237 482
237 1128
237 489
237 621
237 634
237 380
237 381
237 382
238 466
238 599
239 388
239 782
239 923
239 1053
239 798
239 672
239 1082
239 572
239 446
239 575
239 325
239 710
239 970
239 888
239 855
239 347
239 353
239 482
239 635
239 613
239 1005
239 243
239 756
239 447
239 376
239 251
240 568
240 300
240 868
240 661
240 294
241 538
242 385
242 261
242 913
242 1044
242 1044
242 798
242 934
242 935
242 429
242 820
242 697
242 522
242 966
242 1115
242 860
242 990
242 490
242 367
242 1012
243 1153
243 546
243 260
243 837
243 487
243 860
243 647
243 1074
243 498
243 1129
243 349
244 768
244 387
244 645
244 521
244 600
244 600
244 658
244 1113
244 542
244 291
244 677
244 678
244 959
244 321
244 710
244 931
244 1124
244 732
244 355
244 484
244 872
245 322
245 259
245 934
245 461
245 819
245 248
245 795
245 1117
246 1027
246 708
246 457
246 650
246 652
246 819
246 1045
246 310
246 475
246 766
246 607
247 896
247 1124
247 454
247 1097
247 554
247 631
247 273
247 847
247 720
247 406
247 728
247 313
247 892
247 893
248 299
248 1130
248 843
248 332
248 623
248 565
248 950
248 382
249 834
249 827
249 484
249 806
249 392
249 329
249 525
249 1040
249 1059
249 1014
249 251
249 764
250 474
250 772
250 839
250 778
250 626
250 733
250 1008
250 466
250 467
250 570
250 414
250 511
251 512
251 899
251 397
251 526
251 515
251 276
251 918
251 794
251 544
251 812
251 814
251 320
251 1092
251 453
251 329
251 849
251 351
251 378
251 636
251 765
251 766
252 770
252 515
252 518
252 905
252 396
252 399
252 273
252 404
252 1055
252 1094
252 427
252 326
252 841
252 587
252 352
252 868
252 359
252 489
252 767
253 281
253 931
254 782
254 304
254 439
254 484
254 1050
255 521
255 746
255 782
255 1102
255 695
255 1016
255 798
255 1151
256 866
256 675
256 748
256 876
256 587
256 340
256 887
257 354
257 349
257 1080
257 539
257 444
257 765
258 457
258 490
258 1074
258 783
258 914
259 392
259 905
259 272
259 1044
259 664
259 795
259 453
259 803
259 558
259 687
259 817
259 312
259 577
259 450
259 1092
259 325
259 582
259 864
259 999
259 875
259 888
259 1146
259 1148
259 893
260 832
260 449
260 1027
260 1093
260 397
260 817
260 498
260 1075
260 278
260 511
260 633
260 346
260 1151
260 538
260 325
261 483
261 304
261 947
261 600
261 602
262 738
262 611
262 969
262 911
262 798
262 885
262 824
262 1145
262 1054
262 927
263 707
263 484
263 328
263 284
263 334
263 847
263 756
263 750
263 920
263 463
263 316
264 416
264 896
264 642
264 483
264 424
264 651
264 974
264 655
264 1008
264 1064
264 754
264 1131
264 505
264 602
264 495
264 297
264 511
265 982
265 297
265 297
265 652
265 978
265 757
265 629
265 822
265 329
265 824
265 917
265 895
266 961
266 1154
266 327
266 361
266 1133
266 461
266 943
266 880
266 665
266 763
266 477
266 959
267 514
267 1059
267 519
267 520
267 462
267 274
267 275
267 469
268 544
268 761
268 1148
268 317
269 1056
269 512
269 770
269 937
269 395
269 814
269 984
269 917
269 760
269 1145
269 318
269 309
270 393
270 645
270 541
272 294
272 681
272 931
272 950
272 312
272 1148
272 1023
273 388
273 518
273 280
273 918
273 798
273 1069
273 818
273 950
273 956
273 545
273 842
273 1123
273 1133
273 316
274 833
274 449
274 597
274 1015
274 615
275 640
275 513
275 513
275 646
275 776
275 277
275 666
275 308
275 670
275 959
275 834
275 708
275 966
275 333
275 342
275 601
275 609
275 997
275 491
275 491
276 895
276 388
276 293
276 422
276 1096
276 523
276 684
276 461
276 882
276 790
276 314
276 677
277 611
277 710
277 278
277 889
277 411
278 384
278 774
278 397
278 923
278 411
278 812
278 312
278 313
278 958
278 985
278 352
278 634
278 917
279 611
279 1130
279 529
279 306
279 923
279 445
280 805
280 1065
280 337
280 369
280 629
280 312
280 553
280 412
280 853
281 380
281 829
282 905
283 960
283 865
283 912
283 305
283 505
284 644
284 905
284 524
284 916
284 791
284 793
284 414
284 427
284 557
284 819
284 979
284 740
284 858
284 611
284 998
284 1129
284 1136
284 788
285 290
285 453
285 398
286 546
287 368
287 377
287 659
287 376
288 611
288 293
288 1030
288 423
288 488
288 936
288 1096
289 1029
289 1097
289 303
289 1013
289 342
289 345
289 765
290 1046
290 822
290 476
290 990
291 899
291 708
291 485
291 422
291 1097
291 394
291 1150
291 1102
291 687
291 817
291 597
291 312
291 606
292 481
293 1154
293 451
293 601
293 807
293 665
293 621
293 461
293 937
293 664
293 761
293 570
293 732
293 797
294 1030
294 875
294 524
294 845
294 1018
294 792
294 810
294 982
294 1144
294 1113
294 634
294 830
295 930
295 427
295 915
295 454
296 385
296 834
296 745
296 938
296 668
296 546
296 911
296 923
296 604
297 454
297 970
297 875
297 1002
297 766
298 709
298 489
298 343
298 812
298 1102
298 1011
298 439
298 507
299 949
300 1088
300 737
300 782
300 417
300 1064
300 717
300 369
300 622
300 722
300 346
300 447
301 640
301 804
301 421
301 462
301 565
301 923
301 732
301 511
302 515
302 452
302 328
302 489
302 875
302 652
302 1069
302 589
302 500
302 405
302 406
302 868
303 897
303 923
303 484
303 486
303 519
303 736
303 1005
303 785
303 687
303 694
303 625
303 964
303 666
303 795
303 733
304 384
304 770
304 903
304 782
304 1040
304 404
304 681
304 433
304 821
304 719
304 978
304 602
304 484
304 367
304 1009
305 1153
305 778
305 651
305 403
305 414
305 805
305 1071
305 564
305 829
305 1090
305 707
305 326
305 594
305 966
305 355
305 369
305 377
306 322
306 322
306 548
306 577
306 941
306 402
306 803
306 916
306 626
306 1144
306 308
306 737
306 343
306 639
307 640
307 915
307 538
307 677
307 413
307 312
307 455
307 1096
307 601
307 346
307 1118
307 609
307 485
307 1128
307 618
307 748
307 751
307 629
307 1148
307 1150
308 641
308 523
308 762
308 402
308 805
308 695
308 953
308 325
308 465
308 465
308 343
308 1116
308 477
308 356
308 614
308 361
308 378
308 893
309 1003
309 420
309 598
309 503
309 940
309 1005
309 399
309 337
309 414
309 819
309 1141
309 758
309 439
309 952
309 505
309 1117
310 526
310 399
310 815
310 565
310 884
310 570
310 957
310 441
310 737
310 866
310 617
310 491
310 1135
310 1137
310 1012
311 693
312 964
312 808
312 556
312 815
312 956
312 708
312 582
312 460
312 868
312 859
312 481
312 610
312 996
312 1125
312 745
312 632
312 505
312 1146
313 768
313 898
313 388
313 519
313 657
313 787
313 1051
313 544
313 684
313 558
313 699
313 737
313 333
313 987
313 481
313 355
313 487
313 365
313 879
313 879
313 1009
313 766
314 323
314 854
314 767
315 513
315 744
315 523
315 594
315 435
315 439
315 1055
316 1024
316 769
316 392
316 392
316 651
316 782
316 659
316 1044
316 666
316 427
316 564
316 694
316 956
316 1105
316 341
316 342
316 476
316 993
316 738
316 1123
316 1127
316 876
316 499
316 377
317 570
317 1133
318 512
318 868
318 517
318 678
318 1065
318 1065
318 490
318 911
318 470
318 1144
318 537
318 618
318 541
318 509
319 616
319 664
319 756
319 740
320 355
320 552
320 330
320 1003
320 723
320 1021
321 748
321 1044
321 766
321 829
321 510
322 785
322 530
322 661
322 662
322 410
322 675
322 804
322 1062
322 1078
322 963
322 501
322 461
322 590
322 470
322 496
322 629
322 762
323 928
323 1090
323 517
323 604
325 450
325 998
325 1030
325 747
325 845
325 334
325 710
325 626
325 626
325 819
325 1141
325 376
325 345
326 592
326 930
326 837
326 763
326 732
326 659
326 538
326 351
326 766
326 485
327 736
327 710
327 908
327 944
327 694
327 824
327 987
327 606
328 642
328 515
328 646
328 1035
328 913
328 927
328 829
328 1092
328 460
328 342
328 1113
328 863
328 992
328 490
328 492
328 367
328 754
328 501
328 765
329 769
329 397
329 369
329 410
330 523
330 410
330 669
330 926
330 803
330 932
330 442
330 737
330 334
330 477
330 1121
330 622
331 1028
331 937
331 458
331 782
332 1156
332 902
332 679
332 808
332 880
333 577
333 387
333 484
333 519
333 587
333 588
333 609
333 437
333 694
333 889
333 956
333 447
334 936
334 497
334 808
334 715
334 719
334 583
334 1144
334 801
335 640
335 1155
335 966
335 970
335 1005
335 622
335 403
335 507
335 541
336 587
337 774
337 1102
337 751
337 594
337 760
337 670
337 1023
338 384
338 685
338 580
338 490
338 491
338 1037
338 507
338 829
339 704
339 355
339 388
339 843
339 824
339 625
339 794
339 1085
339 511
340 507
340 879
340 818
340 435
340 634
340 1147
340 414
341 669
341 685
342 1030
342 911
342 1040
342 1005
342 665
342 547
342 804
342 422
342 1064
342 939
342 1096
342 821
342 709
342 709
342 587
342 482
342 869
342 490
342 490
342 747
342 877
342 367
342 880
342 763
342 895
343 384
343 385
343 773
343 1111
343 532
343 416
343 953
343 834
343 717
343 595
343 343
343 345
343 483
343 613
343 489
343 755
344 928
344 834
344 803
344 746
344 994
344 400
344 849
344 1054
344 406
344 663
344 1145
344 859
344 894
345 1004
345 666
346 895
346 732
346 1066
346 843
346 367
346 626
346 708
346 537
346 855
346 508
346 970
346 1119
347 355
347 581
347 456
347 745
347 399
347 722
347 798
347 655
347 670
347 639
348 683
348 932
348 810
348 523
348 493
348 722
349 960
349 1128
349 533
349 909
349 526
349 499
349 1109
349 795
349 764
349 1151
350 1144
350 512
351 1056
351 645
352 710
352 786
352 751
352 850
352 665
352 670
352 845
353 769
353 396
353 408
353 794
353 965
353 667
353 676
353 679
353 552
353 448
353 709
353 710
353 461
353 983
353 1116
353 887
355 1026
355 515
355 787
355 1049
355 797
355 544
355 498
355 1140
355 982
355 1123
355 495
355 754
355 1141
355 758
356 737
356 732
356 893
357 847
358 1024
359 544
359 489
359 689
359 627
359 373
359 598
359 599
359 443
359 862
360 493
361 1153
361 1029
361 1031
361 399
361 400
361 658
361 531
361 931
361 683
361 685
361 1096
361 968
361 716
361 847
361 593
361 596
361 470
361 1114
361 366
361 882
361 762
362 737
362 778
363 901
363 710
364 611
364 490
364 541
364 1040
364 1009
364 626
364 382
364 728
364 857
364 923
364 476
364 1021
364 670
364 757
365 1090
365 1157
365 586
365 1040
366 672
366 1122
366 934
366 935
366 403
366 853
366 409
366 1081
367 384
367 578
367 1096
367 406
367 971
367 1069
367 461
367 849
367 371
367 692
367 824
368 640
368 999
368 1098
368 745
368 461
368 621
368 626
368 1014
368 414
369 512
369 1024
369 900
369 905
369 526
369 913
369 916
369 794
369 933
369 1065
369 833
369 608
369 709
369 1106
369 864
369 483
369 1128
369 1147
370 657
370 1067
370 884
371 544
372 1094
372 1004
372 594
372 403
372 789
372 765
372 693
373 1031
373 681
373 972
373 402
373 791
373 505
374 779
374 485
375 545
375 722
375 542
375 862
375 495
376 488
376 814
376 1010
376 878
377 418
377 746
377 1099
377 428
377 751
377 382
377 565
377 463
377 855
377 537
377 959
377 766
378 449
378 609
378 393
378 1098
378 877
378 1101
378 913
378 681
378 1145
378 538
378 411
378 476
379 896
379 835
379 429
379 686
379 493
379 498
379 442
380 387
380 521
380 620
380 1075
380 982
380 745
380 574
381 1153
381 702
382 932
382 773
382 655
382 764
383 384
383 789
384 640
384 519
384 519
384 521
384 400
384 537
384 798
384 422
384 1063
384 830
384 1090
384 1119
384 484
384 1133
384 880
384 1140
384 885
385 864
385 964
385 615
385 808
385 490
385 485
385 465
385 499
385 888
385 1117
385 543
386 611
386 422
386 552
386 714
386 939
386 397
386 541
386 926
387 1014
387 1063
387 903
387 1142
387 1115
388 1153
388 899
388 1030
388 1037
388 538
388 670
388 549
388 1062
388 565
388 959
388 1123
388 745
388 500
388 937
388 766
389 507
389 564
389 1063
390 665
391 464
391 969
391 402
391 947
391 550
392 609
392 601
392 902
392 614
392 422
392 999
392 717
392 398
392 483
392 631
393 766
393 626
393 429
394 1145
395 901
395 915
395 1054
395 935
395 687
395 584
395 699
395 968
395 846
395 461
395 604
395 477
395 879
395 659
395 765
395 1023
396 689
397 966
397 787
397 436
397 1085
398 640
398 804
398 486
398 1030
398 1133
398 669
398 913
398 594
399 513
399 707
399 612
399 1063
399 557
399 1117
399 946
399 921
399 1114
399 861
400 1152
400 485
400 621
400 429
400 760
400 1049
400 1018
400 1053
401 743
401 424
401 903
401 1064
401 793
401 444
402 664
402 580
402 687
402 698
402 699
402 704
402 1092
402 731
402 863
402 1122
402 751
402 627
402 505
403 1065
403 656
403 723
403 404
404 736
404 620
404 1154
404 965
404 1052
404 476
404 1037
404 622
404 655
404 435
404 435
404 404
404 699
404 1125
404 1125
405 743
405 814
405 762
405 602
405 670
406 896
406 911
406 669
406 812
406 688
406 1085
406 860
406 611
406 490
406 883
406 631
406 1147
407 517
407 1035
407 853
407 569
408 861
409 1027
409 677
409 422
409 529
409 1076
409 821
409 795
410 420
410 1159
410 686
410 879
410 819
410 470
410 760
410 761
410 922
410 795
411 640
411 901
411 659
411 666
411 802
411 676
411 861
411 798
411 955
411 969
411 587
411 723
411 860
411 733
411 863
411 996
411 487
411 760
412 1061
412 1005
412 846
412 790
413 1029
413 1063
413 495
413 431
413 863
414 772
414 795
414 544
414 679
414 519
414 1117
414 953
414 719
414 601
414 601
414 477
414 1122
414 880
415 923
415 876
416 600
417 1085
418 1125
418 427
418 719
418 722
418 636
420 422
421 1153
421 868
421 1065
421 782
421 1105
421 885
421 470
421 923
421 853
422 791
422 656
422 1041
422 665
422 1071
422 821
422 831
422 802
422 803
422 1122
422 483
422 1005
423 649
423 937
424 544
424 747
424 685
424 565
424 667
424 893
424 798
425 922
426 776
426 810
426 1109
427 545
427 806
427 966
427 1096
427 829
427 496
427 879
427 538
429 768
429 1120
429 996
429 617
429 932
429 766
430 514
430 1059
430 996
430 517
430 519
430 655
430 882
430 629
430 829
430 757
431 608
431 1118
431 765
432 752
433 1066
434 1063
434 1015
434 658
434 595
434 1145
435 558
435 786
435 861
435 766
435 1151
436 1052
437 1113
437 1075
437 659
437 1153
438 888
438 733
438 470
438 911
439 544
439 902
439 1094
439 682
439 823
439 659
439 1015
439 810
439 442
439 666
440 857
440 1059
441 958
442 867
442 1127
442 1127
442 823
442 622
443 577
443 999
443 1074
443 531
443 853
443 819
443 987
443 1020
444 1127
445 761
445 708
446 781
446 750
446 824
446 794
447 492
447 1133
447 546
447 920
447 538
447 815
448 1058
448 464
448 786
448 595
448 885
448 790
448 1044
448 539
448 1116
449 484
449 913
449 497
449 637
449 895
450 868
450 519
450 489
450 588
450 717
450 526
450 749
450 656
450 563
450 601
450 925
451 581
451 1126
451 584
451 617
451 1039
451 624
451 1138
451 819
451 1012
451 821
451 468
452 521
453 640
453 580
453 1035
453 940
453 477
453 501
454 1040
454 764
454 477
455 709
455 935
456 628
456 708
457 1121
457 754
459 617
460 609
460 1092
460 517
460 489
460 847
460 1064
460 914
460 659
460 505
460 1053
460 830
460 959
461 794
461 540
461 1008
461 934
461 684
461 692
461 565
461 586
461 976
461 483
461 743
461 1128
461 1133
462 1075
462 1090
462 717
462 819
462 1014
462 1048
462 879
462 1151
463 1120
463 801
463 804
463 743
463 586
463 1009
463 515
463 788
463 542
463 1113
463 537
464 491
464 677
464 939
464 925
464 1000
464 1064
464 872
464 599
464 1050
464 751
464 765
464 1151
465 641
465 1046
465 544
465 675
465 678
465 686
465 819
465 928
465 923
465 974
465 849
465 1113
465 1115
465 994
465 485
465 624
465 1020
465 766
466 675
466 1094
466 743
466 913
466 978
466 861
466 766
467 763
467 1141
468 1056
468 547
468 1034
468 620
469 993
469 841
469 853
469 790
469 1098
469 1054
469 607
470 768
470 868
470 773
470 934
470 526
470 1085
470 849
470 1106
470 629
470 823
470 638
471 832
471 1123
471 733
471 829
471 511
472 482
472 932
472 1094
473 600
473 572
474 1024
474 527
475 1090
476 1153
476 1115
476 932
476 905
476 1145
476 610
476 565
476 507
476 507
476 828
477 931
477 677
477 713
477 587
477 1155
477 760
477 1145
477 602
477 924
477 570
478 634
478 674
479 841
479 829
481 966
481 491
481 689
481 895
482 611
482 768
482 1059
482 1062
482 935
482 681
482 816
482 1080
482 1042
482 643
482 951
482 760
482 689
482 1115
482 1020
483 897
483 902
483 522
483 779
483 780
483 542
483 804
483 677
483 1073
483 565
483 822
483 958
483 580
483 723
483 860
483 862
483 736
483 610
483 487
484 896
484 669
484 798
484 681
484 1066
484 1076
484 1076
484 833
484 833
484 1090
484 707
484 731
484 624
484 881
484 1148
485 645
485 842
485 916
485 621
485 1108
485 953
485 1140
485 1071
485 797
485 1151
486 704
486 816
486 1059
486 774
486 941
486 879
486 1136
486 756
486 885
486 921
486 853
487 905
487 800
487 547
487 934
487 940
487 564
487 885
487 581
487 545
487 887
487 849
487 611
487 601
487 607
487 1143
487 760
487 1149
488 1033
488 974
488 495
489 1025
489 1029
489 513
489 810
489 795
489 926
489 1066
489 1067
489 821
489 701
489 523
489 841
489 971
489 850
489 998
489 1021
489 1151
490 768
490 1158
490 793
490 666
490 678
490 808
490 627
490 564
490 1090
490 1113
490 1114
490 862
490 866
490 868
490 1005
490 883
490 507
490 1021
490 1150
491 640
491 994
491 515
491 612
491 658
491 782
491 1071
491 1113
491 594
491 532
491 503
491 1145
491 1115
491 893
491 670
493 996
493 1030
493 554
493 1008
493 882
493 755
493 1086
493 1114
493 826
493 868
494 1014
495 548
495 791
495 950
495 875
495 926
496 609
497 776
497 782
497 847
497 666
498 546
498 1158
499 1153
499 546
499 515
499 935
499 1098
499 1090
499 1102
499 877
499 849
499 1140
500 944
500 543
500 1055
501 899
501 708
501 887
501 819
501 533
501 1143
501 926
502 1151
503 1034
503 749
503 601
503 857
505 1024
505 769
505 515
505 649
505 541
505 1061
505 944
505 820
505 573
505 1114
505 872
505 1140
505 1140
505 887
506 1030
506 959
507 642
507 810
507 666
507 807
507 692
507 698
507 703
507 848
507 853
507 856
507 719
507 864
507 622
507 758
507 758
507 1130
507 1109
508 544
508 677
508 550
508 744
508 685
508 882
508 565
508 540
508 1158
510 1056
510 1153
510 708
510 969
511 705
511 899
511 515
511 803
511 819
511 618
511 1113
511 874
511 1118
511 895
512 832
512 897
512 1157
512 750
512 687
512 595
512 1086
513 1037
513 694
513 879
513 915
513 931
514 819
514 822
515 782
515 659
515 1045
515 819
515 1057
515 942
515 1075
515 566
515 830
515 1095
515 841
515 714
515 995
515 1117
515 607
515 737
515 893
516 829
516 655
517 809
517 1063
517 905
517 1129
517 687
517 1035
517 663
517 1012
517 629
517 1080
517 1050
517 543
518 1153
518 584
518 587
518 792
518 629
518 604
518 604
519 1029
519 1039
519 659
519 922
519 542
519 1059
519 946
519 608
519 736
519 612
519 617
519 1130
519 875
519 1005
519 1011
520 1153
520 557
520 1150
521 577
521 632
521 601
521 541
522 852
523 963
523 677
523 542
523 788
523 1118
524 628
526 1152
526 675
526 642
526 923
526 706
526 925
526 850
526 850
526 547
529 1064
529 681
529 682
529 556
529 686
529 819
529 820
529 565
529 829
529 708
529 709
529 1106
529 1002
529 757
529 1087
530 659
531 578
531 712
532 768
533 752
533 628
533 987
533 926
534 962
534 558
534 1066
534 798
534 795
534 1084
534 541
534 574
535 826
536 546
536 1140
536 893
537 896
537 773
537 642
537 785
537 669
537 937
537 825
537 1083
537 833
537 722
537 864
537 866
537 1131
537 1133
537 1136
537 889
538 907
538 563
538 772
538 923
538 554
538 611
538 1124
538 1125
538 620
538 624
539 868
539 926
540 900
540 774
540 999
540 810
540 723
540 1081
540 541
541 773
541 911
541 920
541 1059
541 1075
541 823
541 875
541 1132
541 624
541 1140
541 629
542 800
542 1075
542 870
542 778
542 977
542 659
543 834
543 805
543 1128
543 613
543 697
543 794
543 581
544 900
544 1159
544 1044
544 857
544 1053
544 545
544 1065
544 1031
544 587
544 1102
544 1102
544 804
544 985
544 610
544 611
544 1126
544 744
544 1130
544 879
544 1140
544 758
544 937
544 760
545 966
545 746
545 652
545 941
545 880
545 788
545 728
545 858
545 881
546 1057
546 611
546 1003
546 782
546 1117
546 1128
546 669
547 1027
547 836
547 1033
547 824
547 819
547 564
547 822
547 664
547 763
547 875
548 928
548 944
548 744
548 880
550 930
550 804
550 617
550 686
550 624
550 625
550 1075
550 1075
550 564
550 853
550 1046
550 830
551 871
551 853
551 1127
552 1025
552 646
552 751
552 1055
554 686
554 882
554 733
555 1068
555 949
557 1080
557 888
557 1018
558 736
558 1061
558 1037
558 692
558 997
561 972
562 993
562 980
562 853
562 1014
562 889
562 666
563 705
563 675
563 616
563 969
563 631
564 784
564 876
564 624
564 819
564 855
564 1144
564 1114
564 1115
565 900
565 1033
565 1035
565 814
565 1097
565 600
565 996
566 1115
567 744
567 1055
568 586
568 706
569 949
570 868
570 893
570 748
570 858
570 592
570 695
570 665
570 751
570 637
570 757
572 1088
572 1078
573 624
573 834
573 853
573 751
574 836
574 617
574 1098
574 1075
574 667
575 872
575 1085
576 947
577 1031
577 880
577 1052
578 737
578 610
578 676
578 1025
578 905
578 1130
578 786
578 911
578 1054
578 634
579 1024
579 934
579 903
579 587
579 1071
580 740
580 717
580 692
580 933
581 1090
581 901
581 902
581 1064
581 758
581 1076
581 629
581 854
581 863
581 1092
581 732
582 938
582 875
582 1044
582 885
582 853
583 1053
583 902
584 774
584 745
585 1127
586 632
586 879
586 766
587 921
587 935
587 808
587 808
587 847
587 995
587 617
587 1132
587 629
588 769
588 1034
589 825
589 604
589 1030
590 1092
590 967
590 971
590 781
590 1071
590 880
590 1018
591 873
591 692
591 773
592 612
593 768
593 649
594 899
594 657
594 675
594 690
594 624
594 969
594 973
594 1108
594 880
594 888
594 1018
594 639
595 612
595 1062
595 903
595 1097
595 879
596 640
596 1057
596 970
596 747
596 882
596 1075
596 1076
598 912
598 994
599 640
599 1102
599 767
599 1118
599 853
600 1024
600 904
600 669
600 930
600 1063
600 1063
600 937
600 814
600 837
600 710
600 841
600 732
600 745
600 1140
600 762
600 763
600 766
601 640
601 1024
601 903
601 917
601 1050
601 1062
601 689
601 1031
601 718
601 974
601 763
602 674
602 645
602 774
602 1145
602 1022
603 1090
603 866
604 911
604 723
604 631
604 954
606 888
606 937
606 651
608 649
608 650
608 1075
608 778
608 979
609 1128
609 1035
609 940
609 912
609 1019
610 963
610 1063
610 1063
610 1033
610 622
610 899
610 637
611 933
611 734
612 1024
612 936
612 782
612 689
612 887
612 987
612 1148
613 928
613 931
613 934
613 660
614 899
614 1099
614 912
614 723
615 644
615 978
615 1044
615 790
616 656
616 1145
616 1151
616 765
617 993
617 678
617 934
617 1105
617 885
617 857
618 683
618 904
618 650
618 939
618 1040
619 829
620 929
620 751
621 674
621 743
621 821
621 678
621 787
622 774
622 711
622 921
623 1061
623 969
623 629
623 1151
624 896
624 780
624 681
624 838
624 853
624 1128
624 1085
624 766
624 887
624 894
625 648
625 747
625 882
625 634
625 719
625 860
626 964
626 1074
626 1038
626 880
626 733
626 629
627 899
627 1037
627 829
627 784
627 1075
627 1150
628 1059
628 880
628 1096
628 824
628 1022
629 947
629 719
629 850
629 1115
629 994
629 994
629 996
629 1015
629 1145
630 737
630 798
631 906
631 917
631 939
631 964
631 709
631 1116
631 751
631 1140
631 760
631 634
631 634
631 766
632 1129
632 1118
634 801
634 651
634 913
634 1012
634 1113
635 1144
635 901
636 912
636 999
637 705
637 900
637 745
637 845
639 737
639 911
639 952
639 1114
640 772
640 788
640 1113
640 811
640 733
640 695
640 829
640 706
640 966
640 1096
640 1117
640 998
640 999
640 1020
641 1037
641 953
641 1128
642 931
642 1035
642 781
642 880
642 1128
642 883
643 657
644 720
644 721
644 659
644 1045
645 768
645 794
645 798
645 1064
645 939
645 686
645 686
645 823
645 1104
645 850
645 980
645 864
645 893
646 1124
646 774
646 968
646 649
646 717
646 655
646 819
646 860
649 768
649 1005
649 782
649 951
649 1115
650 1097
650 1044
650 905
651 1133
651 779
651 1128
651 815
651 698
652 994
652 819
652 670
653 665
653 1090
653 767
654 861
654 861
654 1102
655 1059
655 868
655 965
655 935
655 970
655 748
655 657
655 709
655 1064
655 1016
655 772
655 708
655 1087
656 902
656 893
657 737
657 973
657 1005
657 849
657 947
657 911
658 834
658 1059
659 1030
659 917
659 677
659 831
659 1096
659 969
659 717
659 863
659 994
659 748
659 1019
661 953
661 890
661 731
662 737
663 1133
663 958
664 801
664 1053
665 1090
665 997
665 1129
665 930
665 848
665 1015
665 1015
666 812
666 1035
666 807
666 696
666 1097
666 854
666 745
666 745
666 1087
666 879
667 970
667 1113
667 923
668 833
668 722
669 737
669 1030
669 751
669 798
669 895
670 784
670 926
670 942
670 829
670 832
670 837
670 847
670 983
670 737
670 998
671 774
672 673
672 997
672 725
673 820
673 1061
673 999
674 963
674 793
674 795
675 866
675 1059
675 745
675 759
675 691
675 1078
675 937
675 763
675 1054
676 1031
676 1065
676 989
676 846
676 719
677 1029
677 776
677 1056
677 945
677 826
677 779
678 928
678 708
678 776
678 830
679 1113
680 706
681 913
681 1055
681 1105
681 987
681 1054
681 821
683 1075
684 751
685 1091
685 690
686 977
686 996
686 1063
686 1097
686 686
686 1040
686 689
686 979
686 1078
686 837
687 747
687 1067
687 879
688 806
689 769
689 1090
689 872
689 1054
690 939
690 860
690 1054
690 1151
691 901
691 710
691 855
691 889
691 933
692 1136
692 1040
692 1023
692 968
692 875
692 941
692 1010
692 950
692 765
692 831
693 1064
693 754
693 1046
694 745
694 713
694 1144
694 1145
695 993
695 963
696 862
697 1124
697 969
697 784
697 917
697 1087
698 914
698 1113
699 1097
699 950
699 937
699 1117
700 1134
700 1126
701 798
701 1150
702 1130
703 912
703 1009
703 883
704 1053
704 1075
704 981
704 1014
704 893
705 902
705 791
705 893
706 1078
707 994
707 966
707 1069
707 760
708 709
708 1102
708 847
708 931
708 872
708 745
708 1130
708 1011
709 901
709 774
709 905
709 916
709 1054
709 934
709 941
709 827
709 969
709 728
709 1128
709 751
709 758
710 1064
710 907
710 1140
710 986
710 847
710 798
711 1024
711 941
711 879
711 1151
712 769
713 1092
714 993
714 975
714 888
714 857
716 732
717 1088
717 739
717 1061
717 855
719 777
719 1034
719 794
719 767
720 1113
720 733
720 798
722 1024
722 977
722 1138
722 1151
723 1030
723 1040
723 1041
723 931
723 941
723 795
723 1144
723 1108
723 1126
723 760
724 834
724 755
726 1034
726 829
728 1090
728 867
728 807
728 812
728 1106
728 1046
728 1095
728 799
729 1064
729 750
730 1034
731 986
731 926
732 1035
732 830
732 1098
732 745
732 879
732 894
733 1153
733 864
733 775
735 1043
735 740
736 744
736 979
737 1153
737 779
737 952
737 1106
737 996
738 993
738 745
738 874
738 1046
738 1081
740 1110
740 855
741 849
743 1062
743 968
743 1003
743 758
743 990
744 1130
744 926
745 1030
745 917
745 1073
745 950
745 1101
745 750
745 1015
745 889
746 1151
747 908
747 893
748 1005
748 752
748 917
749 1084
750 897
750 1093
750 934
750 1128
750 766
750 902
750 902
750 827
751 923
751 937
751 818
751 835
751 1103
752 799
754 765
754 857
754 858
754 763
756 838
757 768
758 998
758 934
758 1096
758 876
758 813
758 872
758 786
758 1140
758 1014
758 1144
760 1155
760 905
760 908
760 793
760 968
760 970
760 1102
760 984
761 835
761 1133
761 782
761 858
762 865
762 1113
762 953
763 1062
763 1159
763 785
763 1140
763 996
763 764
763 1098
764 770
764 1062
764 893
764 926
765 1104
765 1128
765 786
766 773
766 833
766 788
766 1055
766 928
766 821
766 978
767 808
767 1033
767 1130
767 823
767 948
768 1050
768 820
768 829
768 958
768 1087
768 841
768 860
768 880
769 961
769 1027
769 964
769 1063
769 1069
769 974
769 879
769 903
769 1007
770 1040
770 996
770 819
771 964
772 1051
772 1092
772 838
772 850
772 787
772 888
772 1147
772 860
773 815
773 948
773 822
773 1046
774 1030
774 875
774 1005
774 912
774 774
774 1061
774 1018
774 831
776 1062
776 1007
776 1151
776 1053
776 901
778 901
778 935
778 905
778 939
778 887
778 862
779 1005
779 947
781 1075
781 862
781 885
782 875
782 1031
782 913
782 931
782 937
782 849
782 986
782 994
782 998
783 1090
785 968
785 1151
786 864
786 899
786 824
786 885
786 1080
786 1081
787 1029
787 998
787 879
787 829
788 805
788 847
789 834
790 964
790 872
790 810
790 850
790 978
790 853
790 795
791 1153
791 1011
791 1044
792 1154
792 940
792 1102
792 838
793 861
793 917
793 937
793 810
794 833
794 899
794 970
794 912
794 1013
794 1117
795 1034
795 1069
795 922
795 945
795 818
795 1115
795 882
796 983
798 928
798 928
798 804
798 1062
798 969
799 902
799 921
799 891
800 889
801 937
801 849
801 932
802 868
802 916
803 999
803 985
804 934
804 1144
805 912
805 1050
805 1059
805 805
805 1064
805 981
805 989
805 998
805 1133
805 893
806 1101
806 947
808 1035
808 888
810 998
810 843
810 958
810 1046
810 894
813 1147
813 860
813 895
814 868
814 1108
814 1147
814 959
817 934
817 912
817 850
817 1141
819 907
819 1037
819 913
819 1115
819 880
820 968
820 969
820 880
821 873
822 1075
822 1128
823 837
823 1062
823 969
823 1130
823 1131
823 824
823 926
824 966
824 939
824 973
826 831
827 1088
827 923
827 935
827 1096
827 1149
827 1140
827 829
829 911
829 934
829 868
829 1000
829 1130
830 995
830 1005
830 911
831 1035
831 939
832 1029
832 1064
832 1149
833 1025
833 1020
833 845
833 1147
834 1061
834 884
834 926
835 995
836 845
836 1151
837 1151
840 1115
841 1053
842 995
842 1078
843 1088
845 879
845 1145
846 1092
846 1066
846 936
846 923
847 998
847 1130
847 875
847 1083
849 923
849 1077
849 1080
849 1054
850 1136
850 1059
850 913
850 999
850 976
850 987
850 1084
850 1023
851 1066
852 896
852 857
853 1049
853 923
853 926
853 885
853 976
853 1141
855 1126
855 1035
855 958
856 934
857 996
857 982
858 1143
858 923
859 928
860 1037
860 1054
860 988
861 900
861 939
861 981
862 993
862 995
862 1071
863 1029
863 893
864 1033
865 1105
866 940
866 1009
868 912
868 1115
868 1124
868 885
868 1151
872 1053
875 889
875 956
876 977
877 1014
879 899
879 1158
879 931
879 955
879 1086
879 1091
879 953
879 1021
880 915
880 941
880 1084
880 1147
881 1063
882 899
882 1109
882 1140
882 885
885 1059
885 900
886 943
887 1090
888 1058
888 1155
888 935
888 890
889 1075
889 1066
889 1133
889 1102
889 1001
889 1115
889 1021
890 1128
892 1053
893 935
894 1153
894 908
895 1090
895 1124
895 1128
895 1115
896 1136
896 912
896 970
896 1113
897 966
897 1097
897 1079
897 1054
899 1158
899 913
899 1064
899 1080
899 1087
899 974
899 1132
899 1015
900 1090
900 931
900 1075
900 1051
900 1054
901 1096
901 941
901 1052
901 920
902 1024
902 1092
902 966
902 1096
902 1145
902 923
903 912
903 1009
903 941
903 944
903 1085
905 941
905 1098
905 1151
906 1069
910 968
910 934
911 1091
911 930
911 1061
912 1030
912 1094
912 977
912 1118
912 994
913 1040
913 1008
915 1111
916 1030
917 1155
917 1073
917 1017
917 1147
919 1117
920 1037
920 1118
921 1153
921 1115
922 1067
923 939
923 1130
923 936
923 1020
925 1155
925 1135
926 965
926 935
928 1092
928 1044
929 1098
930 1153
931 1072
933 998
933 1096
934 1025
934 1059
935 994
936 1009
936 1014
936 964
936 987
936 1116
937 939
937 947
937 1078
937 1021
938 1124
938 1037
939 1136
939 950
939 1114
940 1026
940 1090
940 1045
941 971
941 1065
941 1143
942 964
944 1144
944 1087
945 1035
947 1027
947 1102
947 1134
947 1140
947 1140
947 958
948 997
948 973
949 1056
952 1150
954 1113
958 1067
959 1153
959 970
959 964
963 968
963 1074
964 1124
964 1074
964 1054
965 1034
965 1075
966 1037
966 1066
966 1075
966 1081
966 999
966 1130
967 971
968 1006
968 1134
968 1059
968 1077
969 1155
969 1054
969 1080
969 981
969 1146
970 1037
970 1053
972 973
973 1106
973 1013
974 1088
975 1124
976 1118
978 1034
980 1155
981 1016
982 1005
983 993
983 1140
986 1091
986 1117
987 1107
987 1014
993 998
993 1084
993 1105
994 1130
996 1097
996 1105
997 1044
998 1029
998 1029
998 1062
998 1076
998 1106
998 1005
999 1123
1000 1046
1000 1030
1003 1133
1003 1087
1004 1033
1005 1065
1005 1046
1005 1018
1009 1114
1011 1126
1011 1075
1011 1150
1011 1054
1012 1097
1012 1134
1012 1070
1012 1020
1014 1029
1014 1081
1014 1128
1014 1018
1014 1151
1015 1097
1015 1105
1016 1035
1017 1102
1018 1064
1020 1124
1021 1072
1023 1029
1024 1030
1024 1065
1024 1081
1027 1141
1028 1064
1030 1115
1032 1055
1033 1051
1034 1155
1036 1058
1037 1073
1037 1075
1037 1096
1040 1094
1040 1145
1040 1116
1040 1157
1043 1102
1044 1048
1044 1083
1044 1102
1044 1151
1050 1096
1053 1067
1053 1136
1053 1054
1054 1087
1054 1141
1059 1117
1062 1073
1062 1102
1063 1145
1063 1116
1064 1092
1064 1149
1065 1075
1065 1130
1065 1157
1069 1144
1071 1116
1074 1118
1075 1153
1076 1078
1077 1128
1080 1128
1081 1088
1081 1144
1089 1116
1090 1122
1091 1130
1092 1115
1095 1113
1096 1159
1096 1140
1097 1126
1097 1144
1114 1154
1116 1139
1118 1130
1121 1137
1128 1150
1128 1150
1136 1146
1145 1151
1153 1155
