0 928
0 65
0 164
0 1062
0 1130
0 335
0 1040
0 244
0 533
0 183
0 921
0 794
0 763
0 93
1 834
2 244
2 13
3 772
3 484
3 213
3 70
3 463
4 928
4 313
4 293
4 911
5 265
5 722
5 831
6 304
6 476
6 77
7 875
7 364
7 1030
8 930
8 763
8 260
8 487
8 882
8 533
8 55
8 251
8 221
8 158
9 242
9 818
9 398
9 670
9 557
10 944
10 68
10 872
10 202
10 235
10 879
10 464
10 113
10 882
10 729
10 1054
10 287
11 928
11 451
11 37
11 1030
11 1128
11 489
11 1008
11 1155
11 794
11 351
12 912
13 1124
13 1140
14 899
14 265
14 269
14 366
14 666
14 675
14 686
14 500
14 629
14 193
14 586
14 461
14 592
14 465
14 1115
14 93
14 94
14 353
14 1125
14 233
14 1130
14 237
14 878
14 623
14 628
14 117
15 290
15 99
15 772
15 389
15 1094
15 717
15 451
15 765
15 931
15 931
15 1046
15 247
15 56
15 155
15 1117
16 832
16 672
16 706
16 355
16 424
16 1130
16 845
16 145
16 468
16 439
16 283
16 28
16 670
17 1153
17 611
17 868
17 139
17 880
17 531
17 899
17 1076
17 21
17 1113
17 154
17 795
17 378
17 853
18 380
18 427
18 937
18 307
18 692
18 470
18 969
18 732
18 862
19 512
19 42
19 692
19 310
19 377
19 733
20 707
20 997
20 264
20 460
20 301
20 1102
20 211
20 853
20 406
20 183
20 859
20 37
21 578
21 164
21 536
21 717
21 368
21 119
21 792
22 234
22 519
22 220
22 830
22 487
23 136
23 1114
23 1094
24 705
24 387
24 580
24 709
24 577
24 339
24 46
24 46
24 675
24 916
24 1141
24 1113
24 1080
24 1156
24 347
24 863
25 162
25 507
25 1030
25 902
25 711
25 424
25 490
25 546
25 978
25 1011
25 276
25 247
25 184
25 786
25 123
25 412
25 798
25 798
25 677
26 392
26 1035
26 785
26 790
26 793
26 413
26 547
26 687
26 180
26 830
26 704
26 70
26 200
26 973
26 1102
26 465
26 219
26 861
26 484
26 253
26 1009
26 114
26 244
26 1149
26 766
26 895
27 489
27 122
27 631
28 544
28 960
28 130
28 899
28 966
28 81
28 1064
28 969
28 650
28 875
28 622
28 623
28 368
28 254
28 398
28 1111
28 795
28 508
28 1022
28 885
29 685
29 547
29 581
29 75
29 178
29 1117
29 498
29 58
29 348
29 893
29 893
30 384
30 578
30 163
30 708
30 293
30 263
30 361
30 490
30 523
30 972
30 110
30 655
30 323
30 251
30 503
30 537
30 347
30 475
30 1053
30 805
31 544
31 361
31 386
32 521
32 911
32 917
32 1055
32 37
32 497
32 683
32 45
32 178
32 693
32 501
32 67
32 454
32 974
32 483
32 93
32 610
32 50
32 100
32 493
32 1009
32 373
32 890
33 642
33 649
33 1043
33 686
33 880
33 547
33 685
33 302
33 559
33 304
33 564
33 521
33 184
33 188
33 970
33 1098
33 849
33 850
33 604
33 485
33 879
33 752
33 115
33 246
33 761
33 380
34 497
34 810
34 293
34 537
35 899
35 429
36 769
36 931
36 198
36 326
36 609
36 905
36 225
36 364
36 307
36 242
36 355
36 212
36 758
36 148
36 414
37 608
37 1154
37 105
37 460
37 304
37 659
37 827
37 92
37 862
38 121
38 467
38 191
38 247
39 128
39 868
39 487
39 488
39 1097
39 310
39 764
39 93
40 889
40 1149
41 464
41 482
41 483
41 996
41 902
41 935
41 936
41 905
41 266
41 173
41 880
41 312
41 210
41 937
41 664
41 409
41 251
41 284
42 445
42 1102
42 119
43 868
43 1097
43 145
43 371
43 1044
43 378
43 124
44 369
44 965
44 151
45 130
45 1155
45 49
45 263
45 145
45 1137
45 723
46 545
46 547
46 1128
46 308
46 182
46 666
46 988
47 385
47 67
47 225
47 782
47 398
47 854
47 853
48 736
48 1145
48 309
48 895
49 523
49 276
49 546
49 177
49 1064
49 172
49 814
49 814
49 689
49 180
49 823
49 824
49 308
49 318
49 959
49 1089
49 327
49 968
49 589
49 477
49 100
49 359
49 1145
49 1018
50 1035
50 834
50 147
50 217
50 537
50 670
50 675
50 686
50 182
50 829
50 885
50 1090
50 966
50 328
50 1102
50 598
50 1113
50 226
50 103
50 363
50 573
50 245
50 887
50 575
51 242
51 476
51 666
51 406
52 720
52 281
52 681
52 441
52 537
53 260
53 427
53 625
53 1044
53 565
53 439
53 708
53 1117
54 260
54 406
54 1032
54 1066
54 125
54 888
54 179
54 789
54 246
54 920
54 316
54 1021
54 798
54 255
55 769
55 899
55 1157
55 135
55 395
55 685
55 303
55 439
55 956
55 189
55 465
55 1106
55 94
55 444
55 490
55 367
55 499
55 628
55 120
55 505
55 895
55 255
56 692
56 541
57 737
57 932
57 653
57 334
57 206
57 1023
58 512
58 1153
58 548
58 489
59 686
60 385
60 645
60 528
60 666
60 163
60 272
60 427
60 940
60 303
60 441
60 1085
60 966
60 716
60 594
60 211
60 216
60 1118
60 97
60 994
60 490
60 491
60 210
60 750
60 637
60 242
60 893
61 67
61 407
61 1035
61 657
61 695
61 697
61 923
62 737
62 294
62 872
62 686
62 465
62 664
62 1114
62 316
62 698
63 288
63 64
63 707
63 103
63 297
63 403
63 367
63 819
63 952
64 608
64 896
64 115
64 294
64 198
64 305
64 361
64 778
64 274
64 848
64 1073
64 1074
64 1075
64 692
64 824
64 313
64 330
64 766
64 447
65 448
65 928
65 130
65 547
65 645
65 136
65 197
65 242
65 152
65 379
65 507
66 323
66 1001
66 498
66 707
66 950
66 1151
67 768
67 131
67 134
67 263
67 269
67 655
67 276
67 1055
67 164
67 805
67 294
67 823
67 697
67 829
67 322
67 710
67 355
67 853
67 342
67 313
67 483
67 233
67 1144
67 1145
67 634
67 766
67 767
68 1130
68 523
68 77
68 499
69 624
70 260
70 135
70 398
70 144
70 292
70 1066
70 815
70 563
70 309
70 184
70 316
70 437
70 323
70 205
70 470
70 490
70 750
70 624
70 246
70 1022
71 958
71 119
72 293
72 518
72 999
72 177
72 87
72 377
72 1146
72 990
73 860
73 364
73 982
74 640
74 640
74 1153
74 483
74 836
74 448
74 710
74 552
74 905
74 172
74 1101
74 782
74 335
74 840
74 723
74 820
74 245
74 827
74 799
75 899
75 1061
75 267
75 301
75 77
75 464
75 888
75 339
75 664
75 1081
75 474
75 733
76 491
77 1153
77 868
77 1033
77 618
77 275
77 917
77 342
77 601
77 189
77 1118
77 447
78 96
78 450
78 483
78 1061
78 264
78 970
78 1133
78 239
78 656
78 758
78 131
78 1044
78 642
78 216
78 933
79 336
79 147
79 147
79 612
79 1046
80 833
80 595
80 403
80 750
81 448
81 896
81 578
81 411
81 196
81 166
81 172
81 364
81 361
81 654
81 600
81 163
81 163
81 1014
81 937
81 152
81 283
81 443
81 860
81 574
81 312
82 922
82 164
83 384
83 513
83 422
83 200
83 233
83 810
83 750
83 400
83 756
83 558
83 665
83 821
84 1009
84 1141
85 808
85 808
85 109
85 751
85 862
85 438
85 222
86 675
86 104
86 330
86 907
86 372
86 150
86 507
86 220
86 190
87 128
87 1027
87 395
87 531
87 276
87 925
87 670
87 752
87 675
87 550
87 935
87 434
87 819
87 827
87 581
87 93
87 1005
87 624
87 1044
87 1020
87 1151
88 1025
88 994
88 327
88 298
88 817
88 114
88 821
88 469
88 540
88 766
88 725
89 772
89 645
89 681
89 202
89 686
89 125
89 1106
89 857
89 1116
89 541
89 1151
90 389
90 776
90 398
90 399
90 785
90 148
90 413
90 414
90 1055
90 913
90 678
90 939
90 570
90 1088
90 453
90 200
90 842
90 206
90 728
90 601
90 655
90 216
90 1117
90 355
90 741
90 998
90 401
90 489
90 875
91 761
91 875
92 611
92 710
92 1065
92 618
92 824
92 1069
92 206
92 879
92 684
92 849
92 114
92 237
92 142
92 489
92 600
92 857
92 163
92 1147
93 515
93 519
93 1151
93 152
93 558
93 309
93 832
93 708
93 1097
93 119
93 1102
93 469
93 347
93 221
93 222
93 996
93 485
93 487
93 488
93 746
93 246
93 631
93 763
93 124
93 853
94 260
94 967
94 124
94 395
94 695
94 174
94 626
94 1078
94 728
94 763
94 1148
94 167
95 640
95 545
95 1029
95 710
95 167
95 487
95 135
96 97
96 1083
96 273
97 1064
97 699
97 477
98 464
98 963
99 102
100 545
100 226
100 996
100 101
100 1037
100 676
100 482
100 921
100 122
101 704
101 320
101 709
101 1095
101 649
101 202
101 204
101 269
101 879
101 912
101 1145
101 318
102 395
102 165
102 1046
103 515
103 1066
103 659
103 543
104 577
104 131
104 708
104 838
104 807
104 136
104 905
104 554
104 269
104 1069
104 561
104 533
104 1113
104 922
105 801
105 738
105 772
105 1127
105 744
105 1003
105 142
105 624
105 435
105 632
105 196
105 833
106 544
106 709
106 454
106 361
106 298
106 655
106 723
106 692
106 407
106 377
106 602
106 957
107 188
107 1071
108 177
108 155
108 652
108 902
108 399
109 613
109 934
109 200
109 745
109 747
109 614
109 526
109 1041
109 946
109 564
109 215
109 308
109 540
109 1118
110 994
110 970
110 331
110 237
110 749
110 211
110 597
110 184
110 217
110 923
110 746
111 505
111 1133
111 278
111 1097
112 864
112 640
112 996
112 165
112 934
112 145
112 970
112 1037
112 1102
112 239
112 112
112 913
112 338
112 594
112 594
112 728
112 1092
112 252
112 657
112 287
113 778
113 383
114 641
114 403
114 277
114 792
114 421
114 584
114 310
114 311
114 185
114 958
114 325
114 1096
114 1096
114 461
114 462
114 850
114 600
114 600
114 694
114 246
114 1147
114 917
115 775
115 1096
115 476
115 490
115 935
115 135
115 385
115 369
115 821
115 124
115 541
115 414
116 1123
116 776
116 1034
116 1136
116 712
116 723
116 148
116 950
116 600
116 539
116 1020
116 414
116 312
117 256
117 391
117 392
117 266
117 653
117 915
117 788
117 284
117 284
117 677
117 1064
117 1066
117 301
117 1075
117 182
117 956
117 189
117 461
117 337
117 994
117 999
117 496
117 1013
117 1014
117 1018
117 636
118 200
118 1124
119 384
119 1033
119 408
119 787
119 152
119 922
119 544
119 551
119 296
119 861
119 564
119 322
119 849
119 211
119 728
119 998
119 361
119 624
119 1150
119 511
120 352
120 515
120 262
120 744
120 252
120 207
120 723
120 148
120 950
120 663
120 124
121 136
121 237
121 239
121 410
121 926
122 800
122 641
122 163
122 966
122 491
122 207
122 181
122 600
122 925
123 384
123 260
123 519
123 655
123 155
123 284
123 284
123 551
123 1052
123 135
123 689
123 1084
123 317
123 587
123 460
123 846
123 722
123 723
123 349
123 994
123 1129
123 747
123 620
123 757
123 758
124 1153
124 195
124 414
124 931
124 550
124 937
124 554
124 178
124 1080
124 829
124 702
124 458
124 451
124 836
124 714
124 849
124 210
124 855
124 995
124 996
124 615
124 1000
124 368
124 872
124 1014
124 1145
125 613
125 841
125 273
125 786
125 853
125 969
125 923
126 1105
126 291
126 837
127 503
128 137
128 321
129 519
129 519
129 145
129 275
129 533
129 1056
129 293
129 552
129 176
129 178
129 823
129 184
129 827
129 450
129 1115
129 225
129 996
129 1126
129 487
129 369
129 369
129 242
129 758
129 765
130 642
130 137
130 782
130 402
130 284
130 413
130 669
130 823
130 1084
130 1098
130 594
130 612
130 607
130 483
130 228
130 485
130 998
130 786
130 248
130 1018
130 511
131 640
131 800
131 134
131 391
131 328
131 551
131 312
131 1012
131 248
131 756
131 575
132 343
133 484
133 198
133 366
133 691
133 950
133 1124
133 1124
133 315
133 508
134 135
134 1035
134 278
134 155
134 624
134 427
134 1090
134 323
134 582
134 204
134 853
134 342
134 215
134 732
134 733
134 1130
134 491
134 387
134 893
134 368
134 147
134 490
135 171
135 388
135 645
135 1035
135 143
135 148
135 791
135 795
135 670
135 546
135 427
135 941
135 434
135 1082
135 443
135 963
135 581
135 1096
135 719
135 210
135 612
135 743
135 1128
135 880
135 761
136 930
136 1059
136 453
136 601
136 564
136 409
137 355
137 455
137 365
137 696
137 767
138 212
139 902
139 1159
139 392
139 1035
139 144
139 1046
139 411
139 1059
139 1066
139 300
139 867
139 700
139 923
139 931
139 342
139 855
139 483
139 616
139 372
139 246
139 378
140 900
140 203
140 380
140 1150
141 183
141 444
141 950
141 303
142 258
142 520
142 521
142 1040
142 790
142 409
142 925
142 163
142 326
142 807
142 307
142 312
142 189
142 838
142 711
142 462
142 462
142 211
142 853
142 1117
142 222
142 224
142 609
142 355
142 622
142 1021
143 999
143 199
143 1071
143 178
143 211
143 1012
143 382
143 591
143 606
144 773
144 790
144 167
145 259
145 774
145 402
145 1046
145 923
145 923
145 801
145 1065
145 1078
145 442
145 191
145 822
145 845
145 723
145 986
145 482
145 366
145 242
145 211
145 950
145 1145
145 380
145 765
146 577
146 610
146 676
146 198
146 262
146 178
146 1034
146 1034
146 353
146 482
146 1135
146 722
146 659
146 596
146 301
146 182
146 568
146 1012
146 733
146 490
147 903
147 397
147 912
147 148
147 751
147 669
147 546
147 677
147 172
147 302
147 177
147 832
147 736
147 737
147 483
147 879
147 243
147 632
147 765
148 225
148 547
148 172
148 1092
148 221
148 959
149 384
150 385
150 310
150 902
150 1010
150 246
151 768
151 997
151 651
151 430
151 627
152 900
152 577
152 787
152 665
152 795
152 349
152 945
152 439
152 1080
152 864
152 326
152 1097
152 204
152 1102
152 608
152 489
152 500
152 745
152 249
153 352
153 708
153 244
153 601
153 825
153 1114
154 483
155 384
155 769
155 402
155 158
155 162
155 803
155 821
155 188
155 964
155 201
155 1098
155 334
155 1106
155 982
155 343
155 355
155 485
155 488
155 234
155 243
155 510
155 630
155 893
155 254
156 386
156 515
156 260
156 968
156 745
156 782
156 663
157 233
157 538
157 763
158 769
158 646
158 910
158 399
158 795
158 670
158 926
158 937
158 817
158 308
158 565
158 1081
158 189
158 887
158 722
158 211
158 732
158 499
158 628
158 631
158 888
158 264
158 511
159 640
159 607
159 935
160 1088
160 641
160 631
161 757
162 773
162 776
162 913
162 285
162 542
162 550
162 819
162 312
162 1081
162 829
162 201
162 716
162 339
162 212
162 607
162 608
162 1001
162 623
162 760
162 764
163 515
163 453
163 259
163 1096
163 361
163 1035
163 296
163 754
163 307
163 917
163 264
163 889
163 443
163 541
163 1109
164 611
164 805
164 937
164 717
164 527
164 273
164 419
164 312
164 923
164 926
165 770
165 260
165 999
165 744
165 969
165 429
165 275
166 611
166 645
166 619
166 1102
166 944
166 369
166 722
166 515
166 246
166 476
167 737
167 507
167 580
167 677
167 555
167 876
167 242
167 405
167 986
167 251
168 643
169 1040
169 802
169 868
169 709
169 590
169 656
169 305
169 276
169 820
169 824
169 761
169 411
169 414
169 421
170 705
170 307
170 519
171 888
171 665
171 863
171 1097
172 515
172 1033
172 239
172 284
172 802
172 676
172 682
172 940
172 303
172 328
172 569
172 316
172 968
172 461
172 210
172 723
172 728
172 465
172 1006
172 623
172 623
172 369
172 369
172 247
172 251
172 255
173 1075
173 997
173 422
173 359
173 1004
173 973
173 176
173 754
173 659
173 489
173 184
173 857
174 744
174 489
174 994
174 326
175 545
175 484
175 558
175 309
175 375
175 312
176 259
176 1035
176 402
176 666
176 669
176 994
176 293
176 304
176 433
176 313
176 201
176 333
176 464
176 995
176 1108
176 853
176 342
176 728
176 349
176 482
176 611
176 230
176 617
176 235
176 1136
176 505
177 640
177 513
177 772
177 773
177 776
177 779
177 367
177 544
177 544
177 806
177 810
177 939
177 694
177 824
177 697
177 443
177 448
177 322
177 453
177 337
177 737
177 490
177 239
177 242
177 950
178 262
178 650
178 652
178 545
178 390
178 814
178 945
178 822
178 320
178 581
178 332
178 774
178 399
178 805
178 998
178 373
178 630
178 1144
179 352
179 778
179 343
180 618
180 843
180 882
180 1077
180 343
180 507
180 959
181 291
181 228
181 969
181 1130
181 203
181 911
181 1040
181 1014
182 1075
182 1124
182 582
182 198
182 487
182 328
182 1131
182 588
182 1037
182 275
182 1012
182 658
182 247
182 344
183 896
183 256
183 391
183 1034
183 532
183 196
183 422
183 558
183 304
183 819
183 824
183 447
183 708
183 709
183 586
183 334
183 335
183 337
183 211
183 853
183 471
183 733
183 874
183 629
183 761
184 932
184 966
184 266
184 236
184 1106
184 313
184 476
185 610
185 1124
185 421
185 1096
185 782
185 462
186 259
186 319
187 1054
187 751
188 194
188 334
189 1062
189 392
189 969
189 1086
189 1136
189 532
189 310
189 926
189 917
190 1050
190 780
190 974
191 515
191 328
191 259
191 899
191 404
191 681
191 1151
192 837
192 297
192 970
192 751
192 433
192 243
192 892
193 947
193 342
193 537
193 476
193 1053
193 447
194 1059
194 637
194 587
194 694
194 294
194 297
194 1034
194 395
194 332
194 493
194 398
194 733
194 210
194 211
194 211
194 790
194 983
194 600
194 570
194 349
194 1023
195 903
195 328
195 490
195 787
195 282
196 513
196 770
196 259
196 1029
196 519
196 239
196 659
196 667
196 798
196 931
196 1064
196 937
196 939
196 301
196 301
196 687
196 1072
196 819
196 952
196 442
196 411
196 580
196 1096
196 462
196 803
196 736
196 1128
196 495
196 250
197 1053
198 448
198 1155
198 1157
198 833
198 489
198 1043
198 247
198 826
198 361
198 798
199 1145
199 845
199 782
200 641
200 386
200 905
200 524
200 275
200 794
200 923
200 934
200 1065
200 305
200 692
200 439
200 709
200 1094
200 204
200 205
200 352
200 754
200 376
200 1020
201 265
201 397
201 400
201 659
201 277
201 304
201 1062
201 557
201 303
201 699
201 316
201 316
201 247
201 460
201 1124
201 221
201 656
201 355
201 484
201 631
201 763
201 895
202 652
202 344
202 406
202 367
202 1093
202 677
202 303
202 570
202 322
202 709
202 966
202 471
202 472
202 608
202 486
202 618
202 879
202 369
202 1140
202 249
203 565
204 1034
204 666
204 923
204 794
204 283
204 676
204 421
204 940
204 685
204 303
204 567
204 443
204 830
204 578
204 207
204 211
204 1108
204 1115
204 355
205 806
205 1127
205 486
205 1128
205 214
206 483
206 676
206 421
206 875
206 525
206 624
206 913
206 627
206 564
206 862
206 507
206 670
206 670
207 480
207 608
207 547
207 837
207 1031
207 808
207 1133
207 782
207 342
207 1111
207 479
208 1037
208 817
208 274
208 629
208 952
208 505
208 1055
209 849
209 1123
210 642
210 388
210 517
210 265
210 912
210 661
210 921
210 1054
210 548
210 817
210 958
210 711
210 460
210 334
210 342
210 732
210 1117
210 873
210 748
210 1005
210 1005
210 882
210 378
210 765
210 1151
211 1024
211 515
211 644
211 901
211 1030
211 272
211 1028
211 388
211 413
211 714
211 847
211 983
211 655
211 719
211 225
211 1122
211 484
211 998
211 894
212 930
212 935
212 1065
212 861
212 400
212 754
212 1045
212 1114
212 540
212 765
212 318
213 953
214 481
214 386
214 547
214 388
214 491
214 1074
214 732
214 829
215 994
215 450
215 1155
215 228
215 267
215 302
215 418
215 368
215 497
215 308
215 313
215 959
216 387
216 708
216 646
216 657
216 899
216 849
216 691
216 244
216 631
217 1024
217 907
217 996
217 325
217 371
217 1010
217 627
217 750
217 406
217 857
217 931
217 798
217 686
218 1153
218 227
218 868
218 297
218 395
218 430
218 788
218 628
218 507
219 612
219 581
219 808
219 457
219 754
219 819
219 406
219 887
219 824
219 378
220 228
221 640
221 385
221 901
221 911
221 275
221 799
221 1064
221 1073
221 568
221 581
221 863
221 1120
221 994
221 366
221 752
221 625
221 628
221 248
222 386
222 709
222 343
222 503
222 798
223 602
223 659
224 649
224 827
224 677
224 1075
225 513
225 517
225 646
225 785
225 345
225 538
225 325
225 550
225 680
225 1074
225 246
225 472
225 601
225 227
225 374
225 376
225 250
226 769
226 955
226 693
226 251
226 1149
227 607
227 470
227 328
227 709
227 1102
227 338
227 318
227 1118
227 310
227 443
227 606
227 469
228 1153
228 258
228 645
228 903
228 905
228 778
228 599
228 528
228 529
228 533
228 537
228 415
228 294
228 1065
228 817
228 830
228 703
228 322
228 1091
228 584
228 629
228 465
228 733
228 613
228 617
228 748
228 625
228 373
228 1023
229 313
229 534
229 487
230 361
230 674
230 813
231 966
232 955
233 417
233 868
233 998
233 1100
233 1085
233 367
233 1136
233 721
233 1077
233 1144
234 709
234 334
234 369
234 853
234 790
234 1117
235 512
235 934
235 454
235 466
235 693
235 664
235 889
235 827
236 385
236 931
236 744
236 291
236 810
236 271
236 696
236 467
236 918
236 378
237 1153
237 386
237 388
237 911
237 913
237 537
237 922
237 544
237 544
237 548
237 677
237 814
237 304
237 964
237 333
237 594
237 342
237 728
237 736
237 872
237 627
237 760
237 636
238 681
238 411
238 751
239 385
239 387
239 406
239 778
239 1037
239 656
239 917
239 534
239 921
239 921
239 1050
239 685
239 687
239 1090
239 583
239 1096
239 460
239 594
239 725
239 367
239 246
239 511
240 586
240 269
240 885
240 1054
240 487
241 402
242 519
242 276
242 790
242 1050
242 435
242 447
242 704
242 967
242 1115
242 862
242 616
242 1132
242 1140
242 250
243 608
243 1090
243 966
243 678
243 545
243 936
243 265
243 1088
243 1031
243 499
243 498
243 758
243 471
243 888
243 1113
243 477
243 254
243 490
244 769
244 401
244 537
244 542
244 805
244 560
244 953
244 586
244 450
244 708
244 842
244 463
244 594
244 346
244 604
244 1120
244 482
244 489
244 369
244 508
245 581
245 823
245 517
245 305
245 342
245 727
245 1118
245 639
246 819
246 507
246 735
247 352
247 611
247 911
247 977
247 297
247 1105
247 564
247 495
247 376
247 1030
247 795
247 1052
247 1009
248 544
248 640
248 578
248 745
248 748
248 917
248 473
248 604
249 705
249 1027
249 676
249 422
249 289
249 494
249 529
249 306
249 612
249 343
249 505
249 970
250 864
250 674
250 487
250 617
250 907
250 620
250 482
250 657
250 338
250 629
250 310
250 665
250 1115
250 956
251 518
251 908
251 273
251 659
251 659
251 276
251 665
251 1055
251 544
251 808
251 1075
251 1075
251 308
251 698
251 316
251 704
251 1092
251 717
251 863
251 864
251 491
251 748
251 629
251 762
251 895
252 896
252 1031
252 272
252 913
252 787
252 1046
252 797
252 670
252 799
252 933
252 710
252 1113
252 611
252 743
252 1128
252 624
252 872
252 626
252 499
252 888
253 542
254 928
254 484
254 1095
254 1087
255 1090
255 517
255 618
255 690
255 821
255 362
256 353
256 552
256 587
256 748
256 461
256 911
256 296
256 1140
256 312
256 377
257 387
257 1124
257 364
257 367
257 657
257 1140
257 411
258 1154
258 265
258 498
258 505
259 1024
259 262
259 903
259 1037
259 526
259 275
259 281
259 798
259 1056
259 294
259 558
259 833
259 706
259 1098
259 587
259 587
259 860
259 359
259 625
259 499
259 509
260 328
260 737
260 507
260 998
260 316
260 340
260 1128
260 1140
260 1145
260 732
260 861
260 517
261 768
261 1122
261 581
261 463
261 404
261 283
262 578
262 388
262 1030
262 716
262 372
262 663
262 740
262 634
263 486
263 874
263 430
263 857
263 1114
263 316
263 1130
263 1150
263 703
264 486
264 827
264 872
264 969
264 428
264 1037
264 335
264 1071
264 883
264 905
264 858
264 399
264 764
264 765
264 1151
265 640
265 1090
265 1059
265 838
265 455
265 392
265 875
265 1102
265 936
265 1012
265 794
266 738
266 1062
266 678
266 487
266 490
266 642
266 880
266 702
266 1051
266 394
266 446
267 768
267 934
267 398
267 339
267 537
267 505
267 507
268 379
268 562
268 795
268 316
269 994
269 297
269 1133
269 1096
269 658
269 659
269 916
269 1078
269 410
269 947
269 766
270 529
270 629
270 885
271 821
272 868
272 489
272 622
272 655
272 661
272 663
272 537
272 346
273 396
273 911
273 656
273 431
273 669
273 291
273 678
273 943
273 1075
273 1081
273 1084
273 708
273 969
273 344
273 857
273 1118
273 999
273 616
273 751
273 631
273 888
273 767
274 1075
274 321
274 685
274 430
274 275
274 694
274 670
275 774
275 774
275 782
275 670
275 928
275 674
275 931
275 552
275 349
275 819
275 317
275 318
275 834
275 835
275 452
275 978
275 860
275 612
275 850
275 631
276 610
276 612
276 1157
276 795
276 748
276 1044
276 670
276 853
276 698
276 829
276 478
276 1023
277 289
277 289
277 971
277 461
277 402
278 1024
278 386
278 644
278 517
278 912
278 663
278 409
278 800
278 931
278 298
278 685
278 312
278 1094
278 839
278 464
278 738
278 493
278 499
278 377
278 634
279 322
279 646
279 935
279 1005
279 819
279 284
279 541
280 1092
280 422
280 461
280 1102
280 304
280 819
280 302
280 824
280 571
280 893
280 893
280 382
281 853
282 624
283 430
283 596
284 512
284 635
284 517
284 1030
284 642
284 405
284 928
284 930
284 689
284 312
284 885
284 966
284 600
284 600
284 609
284 739
284 487
284 1002
284 763
284 764
285 600
285 795
285 388
286 805
286 998
287 1156
287 389
288 640
288 993
288 611
288 805
288 289
288 1096
288 814
288 528
288 318
288 544
288 793
288 732
288 1118
289 291
289 518
289 300
289 463
289 313
290 450
290 934
290 615
290 552
290 306
290 629
290 410
291 344
291 293
291 841
291 491
291 781
291 824
291 940
291 343
291 952
291 673
293 342
293 550
293 425
293 971
293 844
293 439
293 694
293 1097
293 1158
293 313
293 378
293 507
293 861
293 1023
294 862
294 902
294 934
294 451
294 1038
294 461
294 526
294 399
294 465
294 675
294 404
294 846
294 665
294 763
295 843
295 388
295 366
295 782
295 763
296 1024
296 580
296 620
296 879
296 887
296 345
296 507
296 893
297 897
297 1128
297 526
297 526
297 976
297 350
298 997
298 649
298 1040
298 310
298 376
298 1014
298 735
298 517
299 1065
299 538
299 763
299 613
299 541
300 577
300 1061
300 860
300 1130
300 812
300 782
300 624
300 822
300 792
300 1019
300 508
300 1054
300 447
301 1090
301 463
301 531
301 761
301 444
301 947
302 964
302 486
302 1005
302 367
302 312
302 466
302 603
302 926
302 639
303 512
303 544
303 484
303 709
303 709
303 742
303 1040
303 905
303 948
303 766
303 1113
303 980
303 1117
303 382
304 904
304 785
304 534
304 546
304 804
304 422
304 936
304 941
304 686
304 831
304 1090
304 974
304 849
304 876
304 1137
304 1138
304 1023
305 916
305 665
305 668
305 1057
305 1061
305 550
305 427
305 941
305 565
305 699
305 852
305 983
305 861
305 553
305 750
305 880
305 885
305 937
306 544
306 993
306 578
306 1155
306 1029
306 806
306 968
306 745
306 1150
306 649
306 1005
306 1140
306 830
306 397
306 889
306 966
306 510
307 773
307 520
307 649
307 1035
307 786
307 788
307 543
307 932
307 808
307 429
307 819
307 824
307 569
307 1029
307 1085
307 713
307 626
307 461
307 339
307 469
307 344
307 482
307 1124
307 997
307 754
307 501
307 507
308 774
308 521
308 651
308 782
308 407
308 540
308 805
308 1075
308 1080
308 1084
308 329
308 717
308 342
308 1030
308 1116
308 1126
308 615
308 1014
308 631
308 380
308 893
309 545
309 541
309 579
309 1030
309 534
309 1133
309 750
309 1123
309 565
309 1046
309 889
309 314
309 859
309 860
309 989
309 543
310 641
310 908
310 1037
310 1046
310 409
310 793
310 547
310 316
310 629
310 836
310 1104
310 342
310 600
310 373
310 1144
311 802
311 951
312 385
312 905
312 780
312 655
312 914
312 601
312 1058
312 816
312 974
312 850
312 1113
312 1115
312 865
312 1125
312 750
313 384
313 770
313 643
313 1037
313 399
313 412
313 414
313 929
313 805
313 320
313 587
313 720
313 952
313 466
313 344
313 987
313 1124
313 490
313 621
313 624
313 1140
314 1018
314 522
314 907
314 1133
315 707
315 1037
315 947
315 853
315 1015
315 507
315 927
316 769
316 912
316 530
316 410
316 413
316 798
316 674
316 931
316 420
316 562
316 572
316 1088
316 584
316 587
316 972
316 599
316 604
316 486
316 875
316 622
316 1151
317 872
318 1056
318 581
318 625
318 791
318 941
318 912
318 343
318 920
318 665
318 860
318 861
319 737
319 610
319 626
320 482
320 1066
320 354
320 719
320 1053
321 993
321 834
321 493
321 941
321 1044
322 1153
322 1033
322 778
322 671
322 544
322 803
322 696
322 970
322 958
322 1056
322 1102
322 847
322 594
322 1059
322 489
322 888
322 1020
323 486
323 1065
323 1108
323 541
324 365
324 895
325 392
325 899
325 594
325 488
325 681
325 555
325 754
325 1117
325 367
325 328
325 595
325 628
325 722
325 762
325 1053
325 963
326 931
326 645
326 778
326 791
326 429
326 1040
326 499
326 659
326 343
326 665
326 476
327 1153
327 996
327 801
327 679
327 335
327 676
327 377
327 689
327 447
328 646
328 709
328 550
328 1069
328 574
328 969
328 980
328 356
328 994
328 868
328 359
328 621
328 1134
328 634
328 893
329 804
329 594
329 751
329 882
329 1075
329 787
329 788
329 539
330 610
330 610
330 491
330 805
330 711
330 968
330 604
330 715
330 493
330 910
330 1117
330 336
330 515
330 850
330 963
330 532
330 939
330 540
330 1021
330 1061
331 586
331 398
331 563
331 406
331 570
332 353
332 483
332 389
332 1154
332 451
332 613
333 482
333 813
333 487
333 808
333 361
333 386
333 1005
333 656
333 337
333 530
333 565
333 617
333 409
333 798
334 738
334 1059
334 709
334 1128
334 405
334 758
334 1145
335 355
335 776
335 1067
335 695
335 891
337 1090
337 964
337 645
337 1044
337 1114
337 795
338 832
338 801
338 547
338 965
338 1030
338 487
338 366
338 879
338 1009
338 505
338 689
338 1024
339 486
339 945
339 361
339 497
339 1076
339 1054
339 599
339 1113
339 990
340 353
340 484
340 1158
340 424
340 459
340 1069
340 526
341 928
341 833
341 923
341 609
342 1003
342 449
342 911
342 915
342 795
342 540
342 670
342 670
342 429
342 699
342 1092
342 709
342 595
342 610
342 614
342 615
342 616
342 489
342 491
342 707
342 1021
342 511
343 899
343 650
343 399
343 917
343 1048
343 706
343 708
343 727
343 999
343 490
343 368
343 1014
343 760
343 1020
344 612
344 393
344 1074
344 916
344 470
344 375
344 860
344 511
344 511
345 518
345 361
345 917
345 1144
345 346
346 801
346 515
346 646
346 1159
346 649
346 1003
346 441
346 750
346 751
346 498
346 1075
346 999
346 1018
346 764
346 1117
346 979
346 511
347 640
347 1063
347 489
347 906
347 971
347 845
347 531
347 662
347 923
347 446
347 853
348 705
348 417
348 625
348 853
348 989
349 515
349 612
349 392
349 745
349 810
349 718
349 1140
349 599
349 537
349 380
350 829
351 895
351 1005
351 519
352 1126
352 841
352 364
352 366
352 1141
352 984
353 905
353 784
353 923
353 541
353 928
353 1062
353 939
353 828
353 710
353 461
353 476
353 996
353 486
353 489
353 1136
353 1136
353 361
353 761
353 766
355 768
355 513
355 1091
355 521
355 565
355 835
355 587
355 465
355 476
355 364
355 624
355 629
355 1143
355 508
356 896
356 810
356 493
357 529
358 625
358 580
359 517
359 935
359 457
359 939
359 495
359 1040
359 982
359 888
360 813
361 640
361 649
361 409
361 925
361 798
361 1067
361 821
361 700
361 830
361 465
361 875
361 511
361 511
362 886
362 798
363 707
364 450
364 1096
364 681
364 811
364 812
364 685
364 969
364 602
365 834
365 944
365 757
365 827
365 541
366 465
366 1067
366 790
366 985
366 826
367 546
367 612
367 935
367 939
367 595
367 436
367 1081
367 477
367 1125
368 609
368 934
368 373
368 1159
368 450
368 681
368 1087
368 821
369 854
369 518
369 526
369 659
369 819
369 411
369 928
369 1074
369 499
369 697
369 570
369 581
369 717
369 470
369 1115
369 864
369 510
369 1151
370 819
370 683
370 820
370 710
370 609
372 868
372 805
372 519
372 490
372 461
372 890
372 604
373 810
373 564
373 923
373 732
374 1067
374 565
375 1016
375 426
375 1087
376 611
376 581
376 897
376 1134
376 434
376 885
376 507
376 1085
376 1151
377 421
377 470
377 717
377 816
377 693
377 758
377 982
377 666
377 923
377 926
378 546
378 1125
378 422
378 939
378 1029
378 847
378 976
378 536
378 924
378 986
378 447
379 1094
379 1101
379 399
379 475
379 605
379 735
380 768
380 546
380 1096
380 491
380 882
380 526
380 1078
380 1112
381 505
381 842
381 677
382 578
382 388
382 903
382 652
382 535
382 506
382 414
383 1009
384 1154
384 899
384 645
384 911
384 529
384 406
384 418
384 931
384 939
384 439
384 696
384 1084
384 576
384 712
384 596
384 1117
384 485
384 1005
384 1008
384 501
385 388
385 972
385 750
385 627
385 404
385 1065
385 695
385 889
385 666
385 787
386 450
386 773
386 393
386 766
387 804
387 934
387 487
387 507
387 639
388 1156
388 526
388 804
388 518
388 572
388 705
388 994
388 998
388 490
388 1133
388 760
388 763
388 1151
389 1018
390 497
391 443
391 798
392 893
392 490
392 823
392 466
392 915
392 489
392 600
392 631
392 956
393 947
393 692
393 413
394 928
394 467
395 900
395 911
395 915
395 939
395 820
395 694
395 579
395 841
395 460
395 858
395 999
395 489
395 498
395 1015
395 1018
395 507
395 1151
396 761
396 884
397 743
397 908
397 748
397 626
397 916
397 406
397 856
397 795
397 511
398 659
398 1115
398 732
398 541
399 768
399 866
399 690
399 804
399 1029
399 412
399 1090
399 819
399 628
399 501
399 1084
400 896
400 847
400 675
400 900
400 997
400 486
400 815
400 817
400 537
400 1076
400 719
400 639
401 455
401 584
401 745
401 783
401 1096
401 1075
402 880
402 1090
402 1090
402 1027
402 714
402 486
402 552
402 969
402 810
402 613
402 450
402 686
402 751
402 733
402 542
402 895
403 772
403 1029
403 1065
403 681
403 479
403 476
403 862
404 1035
404 652
404 1069
404 1117
404 1078
404 441
404 831
404 961
404 970
404 546
404 601
404 731
404 733
404 550
404 998
404 1128
404 749
404 505
404 507
405 901
405 723
405 635
405 573
406 923
406 1056
406 424
406 687
406 829
406 577
406 729
406 477
406 610
406 884
406 1146
406 766
406 766
407 1144
407 858
407 1151
408 581
409 448
409 466
409 1118
410 896
410 930
410 902
410 966
410 642
410 912
410 1074
410 726
410 717
410 666
410 411
410 655
410 861
411 666
411 1053
411 939
411 669
411 565
411 444
411 736
411 968
411 595
411 476
411 864
411 611
411 1130
411 624
411 882
411 499
411 1147
411 1149
412 832
412 484
412 489
412 500
412 447
413 903
413 1005
413 543
414 783
414 529
414 665
414 1051
414 540
414 798
414 674
414 422
414 938
414 559
414 829
414 464
414 476
414 994
414 505
415 427
415 982
416 684
416 917
416 822
417 1064
417 667
417 769
418 683
418 493
418 911
418 854
418 766
420 708
420 820
420 934
420 879
421 1122
421 1004
421 696
421 601
421 920
422 900
422 621
422 1050
422 1052
422 669
422 544
422 1059
422 683
422 568
422 829
422 460
422 467
422 981
422 1110
422 729
422 1115
422 620
422 493
423 621
423 1102
423 733
424 641
424 1091
424 490
424 556
424 723
424 822
424 471
424 635
424 830
424 1061
426 640
426 1105
427 803
427 1073
427 1064
427 745
427 1002
427 491
427 460
427 657
427 1027
427 529
427 723
427 507
427 1066
429 864
429 708
429 1064
429 846
429 757
429 889
430 968
430 713
430 782
430 782
430 529
430 745
430 1053
431 807
431 573
431 437
431 965
432 592
433 594
434 1024
434 443
434 776
434 973
434 659
434 667
435 443
435 677
435 1128
435 490
435 1102
435 880
435 880
435 472
435 1080
435 1115
435 773
436 855
437 832
437 651
437 693
438 489
438 587
438 477
439 1093
439 906
439 493
439 694
439 439
439 857
439 829
439 766
440 674
440 1035
440 1090
441 470
442 677
442 941
442 752
442 665
442 634
442 829
443 822
443 1018
445 1128
445 507
446 1115
446 646
446 814
446 593
446 1076
446 893
447 505
447 1030
447 1098
447 665
447 810
448 773
448 903
448 778
448 519
448 624
448 855
449 928
449 451
449 998
449 1127
449 624
449 1123
449 570
449 1115
450 1029
450 1029
450 489
450 554
450 1069
450 970
451 834
451 1032
451 1052
451 476
451 558
451 529
451 606
451 694
451 600
451 893
451 1054
451 895
452 624
452 895
453 640
453 609
453 1027
453 547
453 964
453 1128
453 1097
453 1103
453 1116
453 477
454 701
454 465
454 1085
455 485
455 486
455 1130
455 1005
455 1102
456 1088
456 768
456 1044
457 1107
457 766
460 640
460 581
460 1098
460 1098
460 558
460 600
460 666
460 733
460 798
461 519
461 657
461 788
461 547
461 565
461 931
461 993
461 590
461 975
461 595
461 483
461 998
461 879
461 632
461 510
461 767
462 548
462 745
462 655
462 1140
462 959
463 928
463 1059
463 868
463 778
463 1003
463 846
463 565
463 565
463 758
463 1143
463 507
463 1148
463 805
464 864
464 784
464 931
464 591
464 631
464 793
464 826
464 720
464 733
464 543
465 902
465 786
465 922
465 541
465 555
465 821
465 970
465 472
465 1114
465 550
465 998
465 621
465 634
465 508
465 639
466 1097
466 973
466 1011
466 1044
466 473
466 765
467 545
468 994
468 888
468 855
468 1016
468 537
469 610
469 586
469 1117
469 815
469 1155
469 1049
469 794
470 481
470 834
470 1059
470 999
470 519
470 615
470 846
470 501
470 1145
470 470
470 601
470 782
471 899
471 766
472 862
474 848
474 514
475 1097
476 548
476 934
476 1130
476 1054
476 1145
476 698
476 477
476 1151
477 994
477 694
477 582
477 732
477 1021
477 508
477 724
477 969
477 1080
477 763
477 957
477 511
478 998
481 1123
481 1030
481 1097
481 651
481 947
481 1141
481 933
482 1105
482 611
482 582
482 967
482 1129
482 782
482 818
482 526
482 667
482 926
483 515
483 1059
483 1071
483 885
483 964
483 711
483 584
483 594
483 594
483 1141
483 737
483 866
483 492
483 879
483 629
483 1145
483 890
483 893
484 903
484 1037
484 915
484 669
484 1061
484 1065
484 572
484 703
484 965
484 600
484 990
484 1122
484 1128
484 745
484 490
484 879
484 515
484 628
484 631
484 575
484 636
485 901
485 1126
485 519
485 968
485 809
485 938
485 642
485 1009
485 852
485 601
485 1096
485 665
485 766
485 837
486 869
486 1004
486 625
486 750
486 762
486 862
487 640
487 640
487 647
487 1044
487 937
487 692
487 769
487 723
487 1113
487 868
487 879
487 762
488 1011
489 515
489 1033
489 1090
489 913
489 1063
489 564
489 1096
489 1037
489 994
489 490
489 748
489 758
489 507
489 511
490 1153
490 523
490 1039
490 1091
490 788
490 1053
490 670
490 832
490 1116
490 1121
490 879
490 1014
490 1151
491 640
491 793
491 812
491 819
491 708
491 850
491 979
491 863
491 996
491 754
491 758
492 745
492 853
493 912
493 899
493 601
493 857
493 784
493 964
493 656
495 993
495 642
495 745
495 912
495 708
495 501
495 760
495 1113
495 827
495 927
496 794
496 788
496 541
497 1030
497 983
497 1005
497 757
497 1054
498 695
499 1154
499 515
499 611
499 600
499 1151
500 545
500 1128
500 629
500 887
501 747
501 970
501 587
501 1076
501 1018
501 923
501 639
502 1008
502 1062
503 1140
503 596
503 665
503 505
503 698
504 538
505 1034
505 1053
505 557
505 1074
505 953
505 583
505 979
505 1116
505 745
505 624
505 1141
505 766
506 545
507 661
507 537
507 1062
507 687
507 969
507 594
507 856
507 1113
507 850
508 1095
508 876
508 1009
508 629
508 511
510 708
510 911
510 659
510 990
511 805
511 1104
511 937
511 882
511 691
511 537
511 766
512 897
512 578
512 997
512 550
512 876
512 1102
512 599
512 760
512 926
513 864
513 738
513 709
513 1075
513 584
513 875
513 750
514 769
514 1012
514 711
515 640
515 779
515 1046
515 926
515 1067
515 563
515 707
515 969
515 853
515 601
515 731
515 868
515 1128
515 875
515 622
516 713
516 881
517 1090
517 644
517 743
517 935
517 606
517 529
517 1054
517 912
517 1081
517 922
517 769
517 862
518 896
518 1155
518 1125
518 1051
518 1064
518 822
518 793
518 613
519 524
519 1045
519 798
519 673
519 834
519 719
519 850
519 728
519 728
519 986
519 865
519 995
519 1128
519 889
520 1005
520 594
520 1109
520 1148
520 542
521 760
521 657
521 728
521 1144
521 635
521 767
521 543
522 875
522 564
522 826
523 611
523 776
523 740
523 782
523 850
523 883
523 830
523 819
523 964
523 757
524 930
524 964
524 655
524 982
525 766
526 645
526 746
526 623
526 530
526 916
526 1117
526 830
526 767
527 981
527 750
529 1025
529 899
529 774
529 1153
529 795
529 1059
529 934
529 814
529 705
529 580
529 838
529 996
529 1131
529 885
529 634
530 820
531 651
531 1012
531 987
531 572
532 899
532 963
533 691
533 862
534 672
534 582
534 1035
534 877
534 1140
534 921
534 766
535 563
536 655
537 537
537 928
537 1061
537 946
537 817
537 691
537 714
537 677
537 612
537 1008
537 754
538 769
538 923
538 677
538 934
538 570
538 1090
538 738
538 1102
538 723
538 989
538 994
538 617
538 1130
538 1009
538 889
538 634
538 765
538 895
539 833
539 937
539 629
539 631
540 913
540 1054
540 984
540 602
540 1130
540 981
541 899
541 1054
541 678
541 1066
541 557
541 947
541 1059
541 979
541 1124
541 1127
541 893
541 1151
542 770
542 1070
542 751
542 751
542 786
542 642
542 601
542 926
543 560
543 620
543 1150
543 1055
544 768
544 641
544 770
544 774
544 1046
544 1051
544 1058
544 547
544 948
544 953
544 698
544 698
544 1083
544 584
544 1144
544 1113
544 866
544 868
544 744
544 1005
544 1148
544 894
544 1151
545 610
545 1153
545 733
545 617
545 778
545 655
545 914
545 1014
545 955
545 602
546 897
546 738
546 1034
546 782
546 1135
546 558
546 1145
546 573
547 928
547 1029
547 1129
547 1121
547 931
547 888
547 634
547 579
548 745
548 815
548 1075
548 701
548 799
549 950
550 1059
550 1010
550 594
550 611
550 1146
550 570
551 1053
552 708
552 616
552 655
552 760
554 1045
554 921
554 799
556 744
556 1149
557 770
557 1069
557 557
557 969
558 585
558 939
558 1005
558 1007
558 1115
558 798
559 793
562 964
562 1097
562 593
562 627
562 1124
563 1092
563 879
563 1099
563 1015
563 1114
563 1084
564 932
564 785
564 717
564 913
564 937
564 1148
565 913
565 982
565 614
565 747
565 651
565 750
565 1072
565 1048
565 875
565 1144
566 944
566 723
566 1030
567 900
568 667
568 668
569 802
570 675
570 772
570 1034
570 626
570 829
570 880
570 786
570 1144
570 868
570 732
570 778
572 578
572 603
573 612
574 934
574 587
574 1011
574 667
574 1085
575 628
575 621
577 677
577 618
577 939
577 692
577 798
578 643
578 719
578 787
578 1123
578 767
579 898
579 1027
579 834
579 860
580 928
580 1147
581 618
581 587
581 587
581 880
581 947
581 790
581 954
581 895
582 866
582 665
582 795
583 921
584 745
586 688
586 679
586 1097
586 940
586 1045
587 769
587 644
587 1030
587 1043
587 812
587 975
587 737
587 998
587 1130
587 882
587 887
588 889
588 645
588 862
589 905
589 1044
589 983
590 737
590 737
590 1067
590 714
590 651
590 1014
590 631
590 925
591 681
592 642
592 903
593 1018
593 691
593 858
594 773
594 903
594 1090
594 788
594 1029
594 1061
594 901
594 1085
594 714
594 600
594 1127
594 882
595 1024
595 992
595 905
595 938
595 974
596 1059
596 1062
596 745
596 722
596 969
597 822
597 1030
598 947
598 829
598 935
599 754
599 760
599 857
600 646
600 1031
600 921
600 669
600 670
600 808
600 686
600 821
600 728
600 737
600 760
601 901
601 901
601 1133
601 913
601 792
601 1059
601 936
601 1072
601 1072
601 1054
601 969
601 843
601 883
601 760
601 763
602 1092
602 773
602 681
602 781
602 670
604 675
604 772
604 838
604 609
604 976
604 1055
606 1055
608 1012
608 764
609 611
609 837
609 903
609 1096
609 681
609 977
609 1012
609 1064
609 985
609 1148
609 766
610 1024
610 642
610 867
610 875
610 752
611 779
611 690
611 947
611 964
611 714
611 1102
611 612
611 618
611 766
612 912
612 1018
612 794
613 640
613 786
614 1065
614 813
614 1145
615 965
615 1076
616 970
616 814
616 732
616 958
616 1055
617 737
617 1025
617 1063
617 621
617 1009
617 723
617 628
617 726
617 1015
617 829
618 1126
618 1063
618 1067
618 631
620 709
620 1128
620 631
620 1145
621 709
621 903
621 974
621 904
621 883
621 699
622 704
622 1035
622 651
622 940
622 973
622 879
622 720
622 689
622 1119
623 899
623 678
623 1115
623 829
624 902
624 925
624 675
624 804
624 1063
624 691
624 1015
624 1002
624 626
625 677
625 748
625 772
625 698
626 1128
626 779
626 879
626 723
626 1113
626 760
626 953
626 915
626 637
627 1090
627 809
627 876
627 1015
627 1119
628 803
628 670
629 1035
629 1035
629 1035
629 666
629 670
629 926
629 689
629 949
629 698
629 1085
629 959
629 762
629 1021
631 768
631 937
631 1067
631 695
631 994
631 1130
631 766
631 1151
632 896
632 773
632 1016
633 868
634 758
634 973
634 1040
634 659
634 887
634 819
634 1054
635 758
636 841
637 905
637 814
637 723
637 948
638 993
639 845
639 877
639 881
639 1010
639 861
640 896
640 902
640 669
640 670
640 673
640 1054
640 823
640 966
640 846
640 1103
640 977
640 1108
641 935
642 964
642 894
644 939
644 1063
644 746
645 772
645 923
645 672
645 812
645 949
645 1086
645 831
645 782
645 737
645 1129
645 1005
645 760
645 763
645 766
646 710
646 934
646 695
646 882
646 1080
646 786
646 837
648 769
649 1155
649 1030
649 936
649 690
649 1014
649 1078
650 934
650 843
650 1073
650 658
650 1051
651 1075
651 888
651 729
651 735
651 1087
652 968
652 690
652 1078
653 935
654 880
654 1011
654 1053
655 932
655 774
655 897
655 747
655 861
655 1144
655 956
656 1065
657 1059
657 993
657 1101
657 1083
658 868
658 1144
658 1081
659 900
659 777
659 659
659 1050
659 803
659 1064
659 939
659 691
659 841
659 1081
659 731
659 736
659 993
660 778
661 853
661 686
662 810
662 853
663 1065
664 998
664 1102
664 1014
664 1084
665 768
665 1066
665 717
665 966
665 1011
665 954
666 779
666 797
666 926
666 926
666 1064
666 810
666 823
666 709
666 850
666 737
666 828
666 756
666 758
666 938
667 1064
667 958
668 778
669 995
669 868
669 678
669 795
669 843
669 817
669 699
669 860
670 1031
670 786
670 793
670 1052
670 1121
671 1060
672 723
672 692
672 797
673 1080
673 1122
674 1062
675 899
675 710
675 746
675 1005
675 1010
675 885
675 895
675 764
675 831
676 1024
676 707
676 708
676 885
676 791
677 1157
677 705
677 708
677 689
677 1075
677 1076
677 951
677 1092
677 823
677 1147
678 786
678 692
678 819
678 894
679 908
679 740
681 740
681 909
681 751
681 850
681 1044
681 846
681 1081
682 1098
684 756
684 1155
684 766
685 950
685 697
685 861
686 769
686 901
686 1044
686 806
686 808
686 939
686 1081
686 713
686 958
686 758
686 1017
687 738
687 803
687 776
687 1041
687 1113
687 731
687 794
688 993
688 845
689 768
689 706
689 899
689 774
689 834
689 978
689 694
690 1129
690 827
691 876
691 986
692 803
692 1029
692 1030
692 879
692 822
692 1085
694 751
694 1035
694 888
695 745
697 931
697 760
697 1113
697 794
698 994
699 790
699 1094
699 1064
699 847
699 879
699 767
700 1153
701 787
703 964
703 805
704 968
704 782
704 911
704 792
705 743
705 905
705 1040
705 885
705 726
705 1114
706 749
707 1024
707 768
707 1116
708 1153
708 1033
708 791
708 923
708 943
708 855
708 758
709 1026
709 913
709 798
709 823
709 847
709 743
709 882
709 1143
709 1144
710 930
710 1092
710 1122
710 1065
710 1132
710 877
710 1009
710 1109
710 1144
710 738
710 923
711 877
713 818
714 931
714 966
714 761
714 860
717 731
717 1087
719 899
719 996
719 1063
719 1133
719 782
719 1044
719 927
720 827
722 987
722 999
722 903
722 1035
722 1123
722 1118
723 1153
723 833
723 885
723 760
724 750
726 1022
728 1090
728 963
728 868
728 785
728 1080
728 919
728 760
728 858
728 853
729 1096
730 1007
731 1026
731 830
732 1024
732 1033
732 1044
732 1045
732 794
732 1053
732 1053
732 842
732 751
732 888
732 1147
733 1035
733 770
733 845
733 860
734 857
736 1014
736 902
736 982
736 760
737 899
737 1034
737 1044
737 901
737 1097
737 1113
737 1124
737 751
737 830
737 883
737 885
740 781
740 1054
743 865
743 1071
743 1140
743 1049
743 1044
743 831
743 831
744 994
744 804
744 875
745 1034
745 911
745 942
745 936
745 824
745 1087
745 1102
745 847
745 857
745 1115
745 1127
745 1150
747 998
747 847
747 1040
747 853
748 1059
748 904
748 847
748 1106
748 765
749 1106
750 937
750 1020
750 895
751 1037
751 911
751 912
751 912
751 932
751 1063
751 1070
751 944
751 947
751 969
751 847
751 804
751 863
751 981
752 855
752 1005
753 1054
754 759
754 880
754 830
755 1106
755 1004
755 962
756 768
756 832
756 1053
758 771
758 1044
758 1054
758 1063
758 808
758 833
758 834
760 1133
760 1113
760 940
760 940
760 819
760 1092
760 852
760 880
760 762
761 792
762 994
762 1040
762 860
763 977
763 808
763 1102
763 944
763 860
763 1055
764 868
764 973
764 1075
764 791
764 795
764 959
765 949
765 984
765 985
765 959
766 1040
766 1086
766 842
766 1123
766 1113
766 866
766 888
767 901
767 913
767 822
768 789
768 795
768 936
768 1080
768 829
768 831
768 981
768 1113
768 1020
768 1133
768 1014
769 1151
769 966
769 888
769 1044
769 799
770 1093
771 941
772 772
772 938
772 846
772 789
772 1145
773 1068
773 926
773 850
773 862
774 1056
774 995
774 901
774 1063
774 808
774 1159
774 882
774 788
774 920
774 911
776 1062
776 1034
777 1150
778 815
778 926
779 912
779 998
779 880
781 992
781 833
781 1058
781 1140
782 1071
782 829
782 963
782 1097
782 875
782 1133
782 1144
784 969
784 847
784 948
785 885
786 900
786 958
786 938
786 1150
786 823
787 996
787 903
787 860
787 942
787 915
787 841
788 899
788 879
788 1081
789 829
790 1061
790 934
790 937
790 1140
790 853
790 1130
791 1092
791 866
791 1096
791 890
792 963
792 902
792 1075
793 1124
793 1118
793 1017
793 1021
794 1073
794 905
794 850
794 937
794 917
795 1131
795 920
795 934
795 937
795 1037
795 976
795 1003
796 1128
797 889
798 911
798 937
798 819
798 969
798 974
798 1115
798 993
799 805
799 982
800 996
801 1030
801 999
801 1128
801 819
802 1031
802 905
803 879
803 1037
803 1080
803 1053
804 928
804 1105
804 1063
804 941
804 872
804 884
804 964
805 805
805 941
805 820
805 863
805 874
805 1133
805 1136
806 847
806 819
807 889
807 925
808 899
808 1045
810 833
810 1027
810 998
810 1127
810 941
810 1011
811 921
811 849
812 1053
814 1092
814 905
814 953
814 857
815 935
816 1071
817 866
817 829
817 919
818 1069
819 901
819 1036
819 1039
819 912
819 1009
819 937
819 955
819 830
819 1090
819 1097
819 1144
819 1115
819 985
819 991
820 1126
820 998
823 1131
823 1099
823 923
824 868
824 1062
824 850
824 981
824 1116
824 853
825 838
826 1014
827 987
827 932
827 1021
827 831
827 861
827 1054
827 895
829 1063
829 990
829 1113
829 1130
829 1142
829 1144
829 892
830 1090
830 897
830 1063
830 863
831 1037
831 947
832 901
832 1034
832 1144
832 959
833 896
833 1090
833 939
833 1133
834 993
834 1127
834 941
834 1011
834 1050
834 923
834 1118
835 1140
835 1159
836 1075
836 850
837 1154
837 1092
837 1114
837 923
841 982
842 999
842 1067
843 868
845 849
846 1005
847 1154
847 1138
847 855
847 998
847 1020
849 903
849 1000
849 849
849 1074
849 1063
850 896
850 1158
850 879
850 1040
851 902
852 937
853 1025
853 1118
853 880
855 1158
855 1134
855 859
855 1149
855 959
857 1090
857 996
857 966
857 1140
858 994
858 987
860 1024
860 1000
860 1102
860 1102
861 871
861 970
861 1084
862 928
862 1035
862 1148
863 931
863 882
866 1123
866 1002
866 1105
866 920
868 896
868 1055
868 1123
868 893
870 925
872 1064
872 1075
872 996
873 877
875 941
875 1071
875 879
875 1010
875 1015
876 993
876 980
877 996
879 1153
879 933
879 934
879 978
879 1091
879 966
879 1096
879 885
880 1025
880 1034
880 915
880 1055
880 936
880 983
880 1126
880 1140
881 1110
882 1063
882 1071
882 953
882 1089
882 966
882 975
882 1129
882 1011
882 1151
883 1125
883 923
885 1024
885 922
887 1075
887 1078
888 1158
888 923
889 1091
889 1066
889 1005
889 1037
889 912
889 1059
890 902
890 1130
891 1146
892 1153
892 912
893 934
893 1063
893 911
893 931
894 1081
894 1087
895 1086
896 1063
896 1004
896 1133
897 940
897 1043
897 1145
898 1114
899 1055
899 1106
899 1118
899 916
900 1003
900 1065
900 1005
900 1145
900 1118
900 1151
901 1063
901 1053
901 912
901 915
902 1136
902 998
902 1009
902 969
903 966
903 1075
904 1036
905 1128
905 1046
906 1029
907 1155
911 987
912 1051
912 1090
912 1000
912 1150
912 1150
913 1153
913 1115
913 1014
913 1020
913 1130
913 971
913 914
913 1046
914 1097
915 1087
916 1063
917 1155
917 1059
917 929
917 935
917 1014
917 978
918 1051
918 931
920 1106
921 1024
921 1035
923 1152
923 928
923 1088
923 1116
923 1130
923 1151
925 932
926 966
926 1018
928 1037
928 1102
930 1005
930 1075
931 1033
931 1115
933 939
933 947
934 980
934 1005
935 1090
936 1076
936 1014
936 1085
937 1092
937 968
937 1113
938 1145
938 1116
939 1018
940 997
941 1040
941 1062
942 1102
943 947
944 1064
944 947
946 1024
947 965
947 1140
947 1114
949 1136
950 970
950 1140
950 1050
953 1024
953 1031
953 981
953 1145
958 1098
958 1102
958 1128
959 1069
959 1008
960 987
961 1013
963 1054
964 994
964 1028
964 1029
964 971
965 994
965 1109
966 1098
966 1018
966 1143
968 1064
968 1075
968 1077
968 1132
969 1037
969 1030
969 1134
970 1063
970 986
971 1143
973 1081
973 1050
973 1118
974 1096
974 1151
977 1037
978 1062
978 1015
979 996
981 1115
983 1151
986 1064
986 1148
987 1027
987 1002
987 1037
987 1054
993 1065
993 1150
994 1145
995 1134
997 1116
998 1043
998 1044
998 1057
998 1117
998 1140
999 1094
999 1147
1000 1078
1003 1056
1005 1157
1005 1113
1005 1011
1011 1080
1011 1115
1012 1092
1013 1088
1014 1153
1014 1033
1014 1044
1014 1054
1014 1136
1015 1096
1015 1065
1015 1097
1015 1151
1016 1090
1018 1153
1018 1035
1018 1150
1019 1148
1020 1062
1021 1084
1023 1092
1024 1153
1025 1030
1029 1075
1033 1090
1035 1062
1035 1079
1037 1040
1037 1132
1042 1130
1044 1154
1044 1134
1045 1064
1045 1053
1046 1105
1046 1054
1047 1053
1049 1153
1051 1054
1053 1059
1053 1143
1054 1153
1054 1128
1054 1128
1055 1152
1056 1153
1056 1153
1057 1130
1059 1150
1061 1102
1061 1080
1062 1067
1062 1074
1063 1085
1063 1145
1064 1151
1065 1141
1065 1147
1065 1085
1067 1151
1068 1113
1068 1126
1075 1115
1078 1088
1079 1145
1087 1139
1090 1136
1090 1150
1096 1150
1105 1140
1113 1133
1114 1153
1115 1128
1116 1122
1117 1153
1117 1140
1119 1147
1127 1155
1128 1141
1128 1147
1133 1151
1134 1151
1140 1145
1141 1153
1141 1144
