0 155
0 273
0 204
0 829
0 112
0 145
0 879
0 1075
0 1044
0 1009
0 347
0 923
0 733
0 414
1 366
2 237
2 183
3 312
3 1092
3 565
3 54
3 727
4 225
4 323
4 1094
4 1023
5 1136
5 937
5 224
6 17
6 301
6 953
7 817
7 998
7 135
8 162
8 487
8 1128
8 364
8 845
8 47
8 626
8 628
8 631
8 824
9 624
9 547
9 939
9 342
9 551
10 900
10 581
10 668
10 1102
10 303
10 594
10 819
10 942
10 233
10 984
10 60
10 508
11 33
11 894
11 236
11 14
11 222
11 595
11 277
11 55
11 1118
11 1109
12 704
13 665
13 659
13 343
14 259
14 902
14 395
14 655
14 656
14 17
14 407
14 33
14 931
14 221
14 54
14 185
14 315
14 832
14 323
14 720
14 139
14 342
14 477
14 994
14 355
14 1006
14 495
14 114
14 114
15 515
15 1124
15 645
15 872
15 622
15 911
15 264
15 819
15 20
15 181
15 376
15 569
15 1114
15 124
15 893
16 896
16 833
16 486
16 265
16 779
16 461
16 1008
16 946
16 213
16 152
16 28
16 221
16 862
17 544
17 544
17 737
17 804
17 104
17 1067
17 1144
17 563
17 760
17 507
17 414
17 1087
18 705
18 164
18 838
18 177
18 781
18 461
18 369
18 626
18 29
19 515
19 198
19 743
19 328
19 490
19 412
20 832
20 608
20 708
20 293
20 1128
20 172
20 330
20 428
20 206
20 368
20 1074
21 353
21 642
21 955
21 74
21 387
21 375
21 761
21 411
22 25
22 994
22 705
22 273
22 591
23 698
23 252
23 470
24 896
24 611
24 503
24 493
24 1035
24 1133
24 893
24 624
24 291
24 438
24 697
24 441
24 634
24 923
24 92
24 570
25 67
25 67
25 475
25 1046
25 518
25 1145
25 77
25 857
25 176
25 177
25 339
25 117
25 313
25 1113
25 666
25 507
25 669
25 377
26 1024
26 1024
26 1027
26 659
26 919
26 280
26 30
26 289
26 937
26 302
26 1074
26 54
26 695
26 188
26 448
26 707
26 196
26 463
26 339
26 93
26 481
26 875
26 367
26 368
26 382
26 511
27 74
27 484
27 484
28 640
28 288
28 36
28 934
28 84
28 327
28 196
28 167
28 492
28 369
28 1011
28 1044
28 691
28 310
28 601
28 312
28 793
28 123
28 964
28 1055
29 260
29 1032
29 142
29 529
29 594
29 243
29 148
29 1141
29 57
29 959
30 737
30 646
30 966
30 433
30 649
30 1130
30 620
30 302
30 335
30 849
30 50
30 435
30 1141
30 663
30 663
30 793
30 591
30 476
30 1054
31 665
31 866
31 834
32 266
32 621
32 1055
32 165
32 424
32 430
32 1071
32 305
32 883
32 449
32 709
32 200
32 969
32 842
32 333
32 1102
32 722
32 854
32 1124
32 617
32 109
32 625
32 1011
33 384
33 769
33 399
33 275
33 406
33 794
33 669
33 159
33 678
33 1064
33 184
33 825
33 191
33 322
33 717
33 344
33 733
33 486
33 624
33 296
33 915
33 119
33 1018
33 767
34 64
34 305
34 460
34 748
35 256
35 1031
36 162
36 164
36 228
36 70
36 587
36 1074
36 974
36 464
36 913
36 146
36 309
36 1014
36 537
36 155
37 194
37 194
37 931
37 294
37 717
37 46
37 467
37 406
37 1114
37 411
37 764
37 410
38 697
38 507
38 269
38 694
39 1059
39 167
39 715
39 279
39 378
39 795
39 284
39 890
40 349
40 758
41 343
41 100
41 517
41 236
41 650
41 939
41 172
41 782
41 847
41 117
41 534
41 185
41 376
41 1145
41 900
41 463
41 170
41 927
42 369
42 767
42 399
42 847
43 98
43 913
43 686
43 497
43 953
43 1084
43 765
44 1037
44 853
44 623
45 513
45 332
45 620
45 398
45 400
45 978
45 756
45 1119
46 737
46 211
46 147
46 1047
46 604
46 93
46 158
46 293
47 1056
47 1063
47 1128
47 1084
47 1015
47 124
48 50
48 1053
48 142
48 821
49 769
49 1028
49 269
49 142
49 912
49 158
49 166
49 424
49 937
49 176
49 49
49 309
49 574
49 120
49 94
49 353
49 1128
49 364
49 493
49 113
49 760
49 122
49 122
49 124
50 519
50 278
50 409
50 1053
50 546
50 164
50 686
50 821
50 439
50 578
50 210
50 211
50 344
50 220
50 349
50 1118
50 483
50 489
50 722
50 372
50 629
50 1145
50 639
51 1065
51 458
51 92
51 657
52 1028
52 1148
52 830
52 430
52 495
53 513
53 116
53 182
53 344
53 602
53 316
53 986
53 1087
54 768
54 998
54 711
54 239
54 573
54 401
54 250
54 923
54 252
54 541
54 895
55 261
55 524
55 279
55 1062
55 1063
55 56
55 570
55 451
55 590
55 342
55 215
55 215
55 601
55 314
55 861
55 611
55 745
55 110
55 246
55 634
55 251
55 510
56 604
56 102
57 483
57 325
57 1037
57 188
57 925
58 792
58 865
58 1025
58 950
58 399
59 1067
60 903
60 265
60 1037
60 786
60 1051
60 675
60 806
60 176
60 310
60 705
60 708
60 694
60 202
60 887
60 205
60 589
60 853
60 346
60 738
60 485
60 745
60 1005
60 367
60 1010
60 503
61 483
61 781
61 975
61 242
61 284
61 477
61 670
62 64
62 491
62 685
62 686
62 655
62 337
62 466
62 278
62 923
63 353
63 77
63 369
63 1075
63 244
63 510
63 790
63 1053
63 862
64 194
64 131
64 805
64 550
64 970
64 355
64 322
64 269
64 240
64 1106
64 307
64 692
64 691
64 537
64 114
64 251
64 413
64 453
65 450
65 1027
65 804
65 422
65 618
65 1154
65 1102
65 207
65 177
65 611
65 696
65 676
66 256
66 609
66 804
66 326
66 657
66 312
67 896
67 196
67 1030
67 264
67 782
67 537
67 410
67 367
67 879
67 810
67 301
67 883
67 439
67 313
67 708
67 711
67 1096
67 586
67 723
67 470
67 857
67 861
67 355
67 1130
67 623
67 211
67 120
67 124
68 123
68 225
68 83
68 411
68 824
69 677
70 901
70 392
70 147
70 534
70 666
70 1054
70 547
70 179
70 436
70 414
70 1087
70 204
70 600
70 476
70 481
70 483
70 485
70 495
70 116
70 378
70 1023
71 529
71 1095
72 1026
72 163
72 134
72 969
72 1005
72 278
72 926
72 543
73 640
73 1081
73 1059
74 544
74 798
74 765
74 422
74 807
74 519
74 279
74 482
74 1071
74 145
74 1106
74 788
74 789
74 119
74 892
74 893
74 606
75 291
75 114
75 1126
75 486
75 1097
75 939
75 397
75 302
75 720
75 498
75 277
75 984
75 477
76 850
77 834
77 259
77 167
77 361
77 106
77 935
77 877
77 237
77 723
77 921
77 222
77 479
78 608
78 768
78 482
78 708
78 933
78 422
78 1063
78 491
78 162
78 541
78 819
78 1016
78 858
78 442
78 805
79 512
79 162
79 251
79 565
79 751
80 1091
80 244
80 341
80 806
81 1131
81 529
81 1155
81 277
81 278
81 791
81 293
81 177
81 307
81 182
81 1083
81 193
81 454
81 987
81 606
81 225
81 486
81 491
81 365
81 1134
81 369
81 114
82 243
82 364
83 544
83 1061
83 744
83 969
83 721
83 470
83 824
83 89
83 794
83 540
83 477
84 1037
85 611
85 198
85 1128
85 978
85 1046
85 251
85 732
86 424
86 876
86 750
86 144
86 594
86 819
86 244
86 342
86 666
87 737
87 675
87 293
87 424
87 489
87 490
87 490
87 219
87 421
87 207
87 880
87 305
87 690
87 243
87 181
87 246
87 183
87 889
87 794
87 719
87 766
87 629
88 1056
88 1027
88 973
88 503
88 685
88 143
88 882
88 823
88 889
88 284
88 1151
89 994
89 743
89 298
89 829
89 176
89 369
89 819
89 219
89 1034
89 751
90 1003
90 388
90 1034
90 651
90 784
90 275
90 790
90 665
90 926
90 1127
90 831
90 450
90 462
90 723
90 601
90 1118
90 863
90 999
90 361
90 361
90 490
90 359
90 111
90 242
90 242
90 447
90 762
90 507
90 895
91 618
91 202
92 96
92 450
92 323
92 388
92 645
92 774
92 1129
92 713
92 614
92 1133
92 1102
92 463
92 206
92 1013
92 119
92 537
92 189
93 896
93 1153
93 901
93 397
93 397
93 399
93 912
93 788
93 278
93 157
93 289
93 674
93 810
93 820
93 1090
93 964
93 328
93 587
93 853
93 983
93 731
93 608
93 353
93 994
93 998
93 1127
93 247
93 511
94 327
94 1123
94 580
94 1000
94 777
94 491
94 782
94 945
94 404
94 949
94 951
94 923
94 222
95 704
95 385
95 167
95 202
95 368
95 380
95 543
96 518
96 1046
96 390
97 320
97 145
97 850
97 749
97 493
98 400
99 217
99 244
100 929
100 482
100 963
100 139
100 593
100 117
100 855
100 284
100 829
100 414
101 293
101 550
101 487
101 971
101 369
101 114
101 404
101 117
101 278
101 564
101 442
101 346
101 734
102 976
102 537
102 277
103 774
103 969
103 817
103 252
103 860
103 318
104 1092
104 294
104 262
104 529
104 855
104 596
104 723
104 500
104 310
104 695
104 761
104 316
104 765
104 542
105 769
105 386
105 934
105 616
105 361
105 139
105 130
105 622
105 845
105 177
105 181
105 719
105 252
106 708
106 421
106 633
106 681
106 176
106 594
106 307
106 537
106 1113
106 378
106 221
107 940
107 430
108 632
108 484
108 211
108 1116
108 215
109 194
109 675
109 1124
109 198
109 808
109 684
109 749
109 590
109 493
109 1011
109 142
109 631
109 152
109 415
110 737
110 200
110 265
110 265
110 211
110 316
110 953
110 282
110 1052
110 957
110 926
111 1033
111 882
111 237
112 1153
112 1153
112 322
112 803
112 549
112 488
112 714
112 779
112 876
112 482
112 733
112 784
112 1128
112 499
112 501
112 982
112 535
112 505
112 751
112 253
113 178
113 178
114 905
114 395
114 913
114 916
114 663
114 541
114 932
114 934
114 682
114 815
114 692
114 582
114 202
114 211
114 270
114 601
114 609
114 616
114 489
115 833
115 515
115 902
115 1096
115 810
115 889
115 1037
115 173
115 180
115 404
115 631
115 601
115 362
115 318
116 194
116 547
116 534
116 745
116 334
116 254
116 822
116 966
116 377
116 411
116 830
117 130
117 133
117 519
117 778
117 529
117 786
117 532
117 406
117 164
117 704
117 452
117 327
117 328
117 971
117 462
117 465
117 861
117 998
117 117
117 1145
117 507
117 766
118 348
118 765
119 387
119 902
119 790
119 1054
119 302
119 176
119 310
119 698
119 1091
119 847
119 464
119 339
119 469
119 218
119 1116
119 228
119 235
119 882
119 1140
119 1140
119 1014
120 422
120 1063
120 861
120 369
120 882
120 1075
120 1044
120 1044
120 1018
120 154
121 928
121 225
121 258
121 517
121 436
121 728
122 262
122 1030
122 912
122 1109
122 793
122 793
122 666
122 123
122 414
123 1024
123 1046
123 774
123 784
123 273
123 534
123 289
123 262
123 176
123 304
123 307
123 307
123 183
123 959
123 198
123 968
123 470
123 344
123 997
123 617
123 622
123 242
123 1151
124 172
124 781
124 1040
124 451
124 534
124 300
124 564
124 822
124 905
124 318
124 194
124 964
124 325
124 711
124 968
124 183
124 845
124 1116
124 614
124 1003
124 882
124 245
124 1144
124 889
124 1018
124 200
124 511
125 832
125 550
125 745
125 1066
125 942
125 406
125 283
125 874
125 318
126 689
126 963
126 534
127 395
128 312
128 155
128 926
128 1015
129 641
129 1158
129 1037
129 526
129 911
129 146
129 146
129 148
129 792
129 1050
129 1052
129 808
129 169
129 686
129 310
129 1085
129 194
129 334
129 465
129 476
129 477
129 483
129 880
129 247
130 785
130 281
130 409
130 155
130 1052
130 550
130 935
130 298
130 432
130 757
130 196
130 709
130 461
130 860
130 1117
130 228
130 934
130 998
130 487
130 490
130 1133
130 507
131 1024
131 1027
131 740
131 517
131 838
131 300
131 462
131 849
131 501
131 790
131 344
131 1113
131 133
132 383
133 545
133 514
133 486
133 1127
133 1108
133 1144
133 756
134 770
134 645
134 782
134 275
134 923
134 807
134 173
134 183
134 570
134 316
134 316
134 964
134 201
134 717
134 465
134 342
134 487
134 361
134 879
134 888
134 377
134 1021
134 766
135 640
135 1025
135 901
135 520
135 1038
135 911
135 152
135 788
135 149
135 920
135 937
135 303
135 182
135 439
135 575
135 322
135 840
135 1108
135 729
135 379
135 486
135 487
135 490
135 369
135 242
135 760
135 249
135 511
135 252
135 1023
136 802
136 621
136 429
136 880
136 402
136 629
136 505
136 346
136 315
136 766
137 163
137 900
137 424
137 361
137 621
137 590
137 335
138 1056
139 930
139 389
139 849
139 139
139 1101
139 941
139 399
139 177
139 786
139 629
139 1014
139 665
139 568
139 164
139 762
139 367
139 284
139 1054
140 966
140 490
140 333
140 422
141 689
141 596
141 349
141 950
142 513
142 515
142 1037
142 1005
142 402
142 276
142 538
142 671
142 162
142 678
142 167
142 552
142 1065
142 274
142 172
142 820
142 692
142 210
142 985
142 1118
142 865
142 489
142 885
142 507
143 289
143 483
143 709
143 555
143 495
143 152
143 916
143 666
143 1149
144 912
144 745
144 782
144 439
145 1027
145 519
145 392
145 401
145 1043
145 158
145 1062
145 558
145 305
145 1075
145 315
145 829
145 324
145 198
145 592
145 342
145 733
145 507
145 745
145 624
145 1009
145 243
145 1014
145 1147
145 899
146 224
146 1059
146 422
146 1062
146 330
146 387
146 626
146 173
146 912
146 850
146 627
146 1140
146 917
146 1015
146 889
146 736
146 901
147 1029
147 776
147 1035
147 921
147 664
147 665
147 541
147 288
147 552
147 169
147 557
147 575
147 928
147 710
147 343
147 485
147 359
147 872
147 751
147 1015
147 376
148 353
148 770
148 517
148 917
148 855
148 856
148 827
148 732
148 893
148 229
150 1092
150 361
150 971
150 720
150 338
150 476
151 196
151 677
151 781
151 621
151 246
151 376
152 512
152 270
152 795
152 795
152 284
152 285
152 423
152 297
152 689
152 950
152 705
152 199
152 462
152 466
152 857
152 1123
152 613
152 893
152 766
153 160
153 1053
153 530
153 564
153 918
153 765
154 316
155 899
155 772
155 902
155 905
155 796
155 546
155 291
155 934
155 685
155 695
155 959
155 453
155 457
155 846
155 595
155 227
155 863
155 611
155 228
155 228
155 228
155 499
155 760
155 505
156 482
156 421
156 1031
156 392
156 1118
156 477
156 894
157 594
157 611
158 1153
158 519
158 1034
158 1035
158 274
158 537
158 540
158 289
158 1058
158 1061
158 936
158 558
158 1074
158 196
158 968
158 202
158 208
158 594
158 215
158 483
158 234
158 250
159 537
159 265
160 491
160 284
161 1133
162 641
162 527
162 913
162 275
162 409
162 1071
162 343
162 346
162 222
162 233
162 1133
162 239
162 1009
162 1012
162 1014
162 375
162 379
163 266
163 656
163 537
163 667
163 938
163 303
163 689
163 435
163 439
163 1080
163 1079
163 850
163 340
163 478
163 617
163 745
163 242
163 1140
163 361
163 378
164 864
164 355
164 200
164 1033
164 483
164 819
164 723
164 247
164 728
165 875
165 332
165 431
165 337
165 244
165 1018
165 411
165 798
166 288
166 1122
166 707
166 1092
166 678
166 298
166 299
166 207
166 596
166 758
167 627
167 1153
167 227
167 465
167 275
167 310
167 186
167 1087
168 326
169 822
169 935
169 297
169 239
169 760
169 1075
169 726
169 407
169 216
169 292
169 890
169 350
170 304
170 182
171 808
171 260
171 1085
171 1102
171 1021
172 1024
172 448
172 686
172 538
172 411
172 1054
172 928
172 928
172 557
172 814
172 1075
172 1075
172 320
172 1090
172 328
172 206
172 464
172 981
172 600
172 612
172 612
172 1127
172 361
172 880
172 372
172 758
172 895
173 544
173 770
173 675
173 677
173 955
173 750
173 751
173 635
173 316
173 958
174 1064
174 841
174 826
174 294
174 888
175 1124
175 620
175 365
175 787
175 344
175 860
176 768
176 259
176 523
176 404
176 792
176 177
176 435
176 696
176 395
176 197
176 587
176 847
176 337
176 339
176 476
176 862
176 352
176 877
176 880
176 1009
176 244
177 768
177 1034
177 1037
177 911
177 656
177 660
177 794
177 799
177 427
177 307
177 953
177 523
177 1102
177 269
177 207
177 1120
177 740
177 743
177 239
177 244
177 250
177 1151
178 517
178 774
178 265
178 778
178 913
178 799
178 1068
178 304
178 310
178 325
178 846
178 210
178 488
178 1115
178 355
178 1124
178 1128
178 489
178 491
178 236
178 760
178 1145
179 400
179 515
179 686
180 578
180 996
180 296
180 395
180 402
180 1109
180 228
180 915
181 353
181 1067
181 667
181 939
181 1014
181 827
182 801
182 994
182 228
182 758
182 758
182 240
182 398
182 912
182 856
182 565
182 1046
182 664
182 1049
182 309
183 899
183 387
183 287
183 544
183 675
183 558
183 944
183 312
183 312
183 313
183 966
183 583
183 201
183 291
183 724
183 983
183 1113
183 998
183 743
183 879
183 496
183 1018
183 1150
184 1090
184 1063
184 1096
184 842
184 1127
184 322
184 1040
184 981
184 697
184 794
184 603
184 829
185 487
185 207
185 720
185 982
185 506
186 218
187 243
187 380
188 377
188 879
188 429
189 834
189 1155
189 356
189 998
189 615
189 808
189 299
189 304
189 787
189 756
189 1140
189 923
189 1117
190 969
190 770
190 628
190 489
191 640
191 518
191 274
191 435
191 628
191 251
191 476
191 1117
192 352
192 1066
192 1003
192 652
192 689
192 308
192 671
193 483
193 786
193 594
193 594
193 755
193 404
194 451
194 548
194 294
194 641
194 552
194 427
194 941
194 719
194 273
194 947
194 1005
194 529
194 795
194 221
194 926
195 804
195 709
195 938
195 333
195 952
195 767
196 1153
196 773
196 513
196 523
196 898
196 913
196 544
196 1064
196 1075
196 313
196 829
196 318
196 322
196 464
196 853
196 470
196 267
196 1113
196 986
196 353
196 355
196 1005
196 750
196 373
196 1018
196 763
197 786
198 512
198 669
198 237
198 872
198 1033
198 1004
198 879
198 629
198 886
198 413
199 812
199 405
199 573
200 772
200 774
200 269
200 1040
200 283
200 670
200 801
200 552
200 304
200 829
200 830
200 1087
200 581
200 204
200 848
200 339
200 477
200 872
200 318
200 760
200 637
201 278
201 791
201 284
201 670
201 415
201 262
201 554
201 306
201 308
201 1085
201 579
201 709
201 969
201 345
201 227
201 1125
201 617
201 1002
201 491
201 750
201 1140
201 745
201 426
202 896
202 772
202 529
202 917
202 288
202 987
202 309
202 202
202 582
202 586
202 587
202 717
202 720
202 849
202 482
202 765
202 893
203 642
203 659
203 786
204 266
204 661
204 406
204 793
204 297
204 813
204 698
204 317
204 318
204 327
204 1103
204 464
204 722
204 733
204 862
204 611
204 748
204 370
204 1015
204 508
205 489
205 1012
205 377
205 666
205 1147
205 1053
206 896
206 387
206 763
206 519
206 1065
206 1066
206 1095
206 1036
206 451
206 1140
206 949
206 1147
206 799
207 713
207 259
207 745
207 586
207 623
207 1104
207 979
207 308
207 310
208 768
208 294
208 403
208 1150
208 890
208 245
209 665
209 651
210 513
210 901
210 1159
210 264
210 920
210 1055
210 418
210 1059
210 295
210 941
210 904
210 691
210 695
210 959
210 1088
210 581
210 330
210 439
210 342
210 1114
210 347
210 608
210 233
210 498
210 629
210 890
210 252
210 766
211 896
211 1153
211 515
211 1030
211 385
211 402
211 795
211 294
211 940
211 305
211 308
211 451
211 330
211 216
211 475
211 225
211 998
211 1130
211 881
211 882
211 243
211 629
211 690
211 250
211 251
212 1024
212 803
212 1062
212 1097
212 1144
212 1039
212 280
212 405
212 617
212 1080
212 409
212 986
212 1084
212 312
213 414
214 544
214 544
214 1115
214 529
214 1042
214 1080
214 315
214 349
214 926
215 385
215 309
215 316
215 908
215 685
215 434
215 1065
215 521
215 1148
215 895
216 259
216 326
216 618
216 564
216 401
216 1076
216 791
216 1044
216 572
216 1098
217 627
217 1075
217 833
217 252
217 714
217 237
217 653
217 1002
217 547
217 405
217 727
217 760
217 284
217 947
218 515
218 362
218 879
218 819
218 888
218 540
218 381
219 1090
219 932
219 743
219 939
219 340
219 388
219 388
219 634
219 315
220 723
220 445
221 385
221 834
221 985
221 410
221 538
221 673
221 291
221 308
221 325
221 841
221 601
221 349
221 230
221 748
221 750
221 758
221 247
221 1144
222 769
222 521
222 670
222 829
223 450
223 1012
224 904
224 465
224 964
225 417
225 994
225 994
225 547
225 547
225 1061
225 487
225 361
225 420
225 273
225 237
225 624
225 451
225 1078
225 893
225 833
225 556
226 481
226 708
226 998
226 1074
226 658
226 281
226 666
227 644
227 328
227 1084
227 330
227 516
227 1009
227 852
227 964
227 346
227 252
227 1066
228 260
228 1029
228 1031
228 785
228 278
228 819
228 947
228 675
228 686
228 307
228 308
228 826
228 316
228 1090
228 835
228 454
228 970
228 340
228 482
228 1127
228 234
228 1005
228 893
228 626
228 1149
229 1046
229 463
230 1121
230 1130
230 505
231 834
232 364
233 899
233 934
233 500
233 610
233 242
233 1140
233 537
233 665
233 250
233 1053
233 884
234 384
234 385
234 750
234 272
234 465
234 692
235 612
235 1062
235 266
235 466
235 627
235 565
235 505
235 330
235 703
236 489
236 773
236 521
236 334
236 913
236 723
236 439
236 542
237 257
237 1034
237 1037
237 399
237 785
237 404
237 290
237 422
237 1081
237 1085
237 1090
237 471
237 655
237 737
237 737
237 484
237 657
237 488
237 750
237 242
237 763
238 249
238 460
238 325
239 692
239 642
239 515
239 773
239 1030
239 1064
239 434
239 307
239 307
239 948
239 953
239 698
239 443
239 1090
239 597
239 342
239 600
239 474
239 610
239 1130
239 751
239 376
239 507
239 618
240 760
240 346
240 486
241 940
242 737
242 322
242 251
242 1155
242 679
242 242
242 782
242 785
242 882
242 1011
242 244
242 969
242 570
242 703
243 1090
243 582
243 558
243 616
243 380
243 748
243 1102
243 719
243 1044
243 821
243 760
243 505
243 732
243 766
243 1055
244 263
244 397
244 782
244 1044
244 926
244 1063
244 681
244 554
244 939
244 414
244 570
244 829
244 830
244 320
244 325
244 497
244 888
245 483
245 1029
245 486
245 626
245 398
245 1135
245 306
245 793
246 320
246 1153
246 681
246 778
246 300
246 879
246 400
246 1144
246 1081
246 827
247 608
247 1090
247 570
247 741
247 1002
247 603
247 858
247 1102
247 435
247 885
247 470
247 824
247 826
247 538
247 863
247 959
248 483
248 534
248 297
248 490
248 687
248 944
248 758
248 434
248 310
248 284
248 1021
249 640
249 834
249 461
249 708
249 325
249 745
249 875
249 941
249 879
249 305
249 534
249 1050
250 673
250 507
250 868
250 1029
250 747
250 1132
250 879
250 880
250 369
250 410
250 827
250 517
251 640
251 901
251 1034
251 399
251 659
251 659
251 669
251 1055
251 1055
251 937
251 812
251 437
251 313
251 578
251 836
251 1096
251 482
251 334
251 468
251 1102
251 1118
251 994
251 879
251 1144
252 540
252 1053
252 421
252 301
252 1080
252 313
252 830
252 709
252 590
252 743
252 880
252 1009
252 628
252 631
253 499
254 1088
254 801
254 1159
254 938
254 1035
254 622
255 961
255 964
255 905
255 580
255 855
255 708
255 538
255 541
255 766
256 384
256 519
256 300
256 330
256 1035
256 588
256 1040
256 947
256 538
256 863
257 418
257 970
257 812
257 275
257 923
257 764
258 774
258 424
258 849
258 788
258 406
259 307
259 1034
259 1069
259 529
259 531
259 542
259 928
259 677
259 552
259 557
259 814
259 435
259 1097
259 441
259 572
259 288
259 841
259 343
259 729
259 735
259 355
259 762
260 384
260 833
260 483
260 483
260 1030
260 551
260 460
260 1133
260 1014
260 1145
260 1145
260 1145
260 847
260 604
260 1149
260 1150
260 800
261 449
261 1089
261 402
261 537
261 636
262 427
262 655
262 531
262 1017
262 1081
262 666
262 602
262 543
263 928
263 361
263 778
263 335
263 275
263 629
263 313
263 444
263 746
263 926
263 447
264 674
264 707
264 388
264 998
264 710
264 359
264 1097
264 875
264 492
264 515
264 308
264 887
264 665
264 346
264 414
264 575
265 1157
265 772
265 406
265 838
265 1033
265 659
265 766
265 534
265 937
265 767
265 414
266 1056
266 546
266 1063
266 364
266 1005
266 1102
266 521
266 1018
266 794
266 766
267 384
267 1061
267 273
267 461
267 465
267 1010
267 694
267 517
268 611
268 342
268 1054
268 934
269 832
269 1090
269 998
269 935
269 674
269 630
269 934
269 1049
269 640
269 507
269 670
270 325
271 1064
271 561
272 1056
272 1027
272 999
272 712
272 1037
272 1072
272 690
272 1140
272 758
272 758
273 1024
273 771
273 645
273 781
273 275
273 1062
273 799
273 548
273 550
273 937
273 1096
273 307
273 564
273 692
273 328
273 594
273 470
273 473
273 996
273 294
274 935
274 617
274 395
274 275
274 342
274 1151
275 768
275 388
275 525
275 782
275 784
275 421
275 294
275 950
275 443
275 829
275 595
275 600
275 1124
275 1000
275 745
275 1130
275 624
275 369
275 763
276 491
276 772
276 328
276 1065
276 1021
276 588
276 717
276 463
276 788
276 756
276 297
276 312
276 953
276 635
276 316
276 829
276 1054
276 351
277 939
277 1069
277 686
278 409
278 288
278 1059
278 1074
278 310
278 311
278 313
278 447
278 970
278 803
278 605
278 489
278 760
278 763
279 876
279 301
279 368
279 349
280 1024
280 900
280 388
280 1005
280 626
280 819
280 628
280 853
280 283
280 764
281 765
282 834
283 901
283 659
283 342
284 769
284 782
284 529
284 659
284 622
284 411
284 676
284 1067
284 1097
284 579
284 580
284 965
284 548
284 888
284 1123
284 1128
284 618
284 366
285 384
285 411
285 860
286 544
286 587
287 895
287 601
287 583
288 455
288 1064
288 841
288 491
288 624
288 624
288 562
288 410
289 1088
289 600
289 1114
289 764
290 868
290 901
290 550
290 654
290 304
290 342
290 921
291 934
291 519
291 489
291 489
291 1098
291 973
291 637
291 752
291 568
291 414
293 897
293 578
293 293
293 774
293 486
293 958
293 493
293 751
293 912
293 1150
293 890
293 795
293 316
293 866
293 798
294 913
294 515
294 1096
294 617
294 323
294 903
294 689
294 786
294 691
294 855
294 314
294 714
295 905
295 435
295 1102
295 731
296 1056
296 758
296 1004
296 461
296 786
296 596
296 469
296 1078
296 888
297 385
297 968
297 392
297 791
297 713
297 600
297 861
298 868
298 304
298 708
298 1014
298 600
298 1081
298 635
298 1148
299 640
299 786
299 853
300 880
300 868
300 550
300 427
300 782
300 464
300 515
300 451
300 951
300 600
300 443
301 483
301 862
301 424
301 973
301 808
301 675
301 693
301 1150
302 706
302 838
302 999
302 1065
302 365
302 399
302 1054
302 824
302 1115
303 770
303 770
303 868
303 453
303 966
303 391
303 875
303 322
303 624
303 344
303 1018
303 887
303 728
303 1156
303 666
303 442
303 766
303 319
304 514
304 1030
304 1030
304 790
304 547
304 551
304 941
304 686
304 1072
304 853
304 1125
304 487
304 622
304 368
304 883
304 631
304 760
304 1150
305 1153
305 347
305 1125
305 808
305 745
305 330
305 430
305 726
305 366
305 756
305 853
305 853
305 470
305 343
305 378
305 539
306 640
306 1153
306 804
306 423
306 1062
306 487
306 745
306 778
306 587
306 463
306 399
306 498
306 756
306 598
306 666
306 969
306 829
307 1024
307 772
307 520
307 669
307 937
307 810
307 427
307 1068
307 823
307 697
307 316
307 1085
307 456
307 587
307 477
307 990
307 866
307 364
307 882
307 377
307 1020
308 896
308 640
308 520
308 526
308 655
308 512
308 805
308 705
308 325
308 332
308 470
308 347
308 732
308 990
308 487
308 1011
308 501
308 887
308 760
308 766
309 675
309 709
309 518
309 392
309 861
309 312
309 402
309 692
309 470
309 600
309 982
309 1030
309 1128
309 541
309 966
310 645
310 652
310 787
310 677
310 941
310 1080
310 570
310 836
310 327
310 728
310 482
310 1020
310 764
311 940
311 462
312 902
312 706
312 515
312 1070
312 923
312 1054
312 798
312 675
312 1063
312 686
312 460
312 594
312 343
312 349
312 1123
312 503
312 379
312 1023
313 769
313 519
313 649
313 908
313 1053
313 544
313 546
313 1115
313 1065
313 810
313 687
313 687
313 1075
313 693
313 699
313 469
313 987
313 1117
313 1140
313 632
313 1023
313 1023
314 824
314 519
314 484
315 787
315 1044
315 342
316 640
316 642
316 521
316 404
316 1055
316 417
316 684
316 1071
316 944
316 543
316 321
316 332
316 850
316 860
316 614
316 361
316 620
316 622
316 625
316 1138
317 427
317 447
318 548
318 805
318 326
318 523
318 621
318 552
318 1075
318 1077
318 537
318 1013
319 640
319 1133
319 798
320 399
320 659
320 923
320 463
321 547
321 1096
321 330
321 365
321 437
321 543
322 1025
322 397
322 963
322 791
322 1051
322 413
322 1065
322 451
322 1094
322 1097
322 631
322 349
322 487
322 1005
322 937
323 823
323 728
323 635
323 831
324 1157
325 816
325 482
325 1126
325 460
325 880
325 883
325 1045
325 600
325 795
325 1151
326 544
326 768
326 966
326 1062
326 839
326 802
326 813
326 337
326 723
326 541
326 1011
327 675
327 964
327 939
327 782
327 944
327 439
328 646
328 652
328 655
328 786
328 665
328 822
328 570
328 447
328 833
328 461
328 342
328 475
328 348
328 484
328 750
328 372
328 1144
329 1153
329 1124
329 535
329 621
329 882
329 629
329 342
329 343
329 632
330 449
330 520
330 911
330 787
330 414
330 689
330 692
330 966
330 602
330 987
330 817
330 868
330 629
331 675
331 485
331 1097
331 1067
331 782
331 631
332 384
332 1059
332 424
332 841
333 996
333 745
333 619
333 1037
333 494
333 751
333 1136
333 497
333 786
333 947
333 708
333 367
333 639
334 768
334 736
334 803
334 667
334 519
334 1027
334 1045
334 889
334 860
335 357
335 646
335 491
335 369
335 850
335 1141
335 733
336 627
336 639
337 519
337 649
337 882
337 501
337 489
337 517
338 1090
338 379
338 484
338 1064
338 683
338 495
338 496
338 950
338 505
338 601
338 795
338 1117
338 1117
338 751
339 384
339 421
339 751
339 1104
339 1010
339 439
339 376
339 762
339 1151
340 795
340 1034
340 1008
340 887
340 601
341 424
341 1090
341 964
342 896
342 772
342 1030
342 522
342 1040
342 913
342 1053
342 1051
342 422
342 860
342 813
342 692
342 820
342 604
342 609
342 1124
342 361
342 786
342 369
342 372
343 903
343 669
343 798
343 928
343 881
343 881
343 1064
343 1065
343 970
343 998
343 490
343 878
343 369
343 754
343 509
344 587
344 455
344 936
344 427
344 1132
344 590
344 723
344 819
345 1153
345 1037
345 401
345 787
345 634
345 860
346 640
346 1024
346 358
346 616
346 1034
346 429
346 754
346 805
346 888
346 664
346 699
346 1117
346 613
347 678
347 700
347 722
347 915
347 563
347 1144
347 410
347 763
347 764
347 414
348 482
348 901
348 1044
348 505
349 768
349 547
349 515
349 913
349 595
349 629
349 1117
350 1012
351 1010
351 819
351 429
352 995
352 422
352 519
352 1064
352 471
352 1005
352 766
352 887
352 830
353 911
353 1041
353 580
353 411
353 798
353 804
353 550
353 938
353 434
353 1076
353 1080
353 733
353 745
353 1004
353 624
353 497
353 1147
354 862
355 769
355 1030
355 1035
355 1040
355 916
355 964
355 1063
355 1063
355 429
355 686
355 1081
355 1092
355 849
355 860
355 737
355 1124
355 1044
356 403
356 876
356 998
358 693
359 393
359 363
359 845
359 594
359 626
359 983
359 375
359 855
359 990
360 888
361 768
361 823
361 678
361 1064
361 686
361 521
361 1080
361 447
361 587
361 850
361 490
361 1145
361 891
362 438
363 404
364 705
364 998
364 399
364 880
364 594
364 1015
364 824
364 794
364 380
365 805
365 936
365 709
366 1064
366 599
366 621
366 1040
366 849
366 402
366 435
366 407
366 1115
367 996
367 518
367 774
367 581
367 977
367 1123
367 1081
367 823
367 998
367 1147
367 540
367 893
367 645
368 866
368 1115
368 422
368 519
368 392
368 1065
368 1102
368 443
368 476
369 905
369 399
369 666
369 414
369 1064
369 941
369 670
369 587
369 862
369 862
369 1133
369 752
369 497
369 766
370 384
370 685
370 902
370 559
371 1092
371 477
372 1124
372 647
372 880
372 657
372 950
372 540
373 610
373 675
373 645
373 391
373 875
373 591
373 803
373 495
374 722
374 594
374 485
375 993
375 926
376 866
376 411
376 773
376 465
376 466
376 659
376 567
377 769
377 484
377 518
377 1034
377 719
377 689
377 664
377 634
377 655
377 508
378 1120
378 515
378 422
378 521
378 589
378 637
378 1140
378 1113
378 966
378 601
378 795
378 899
378 1053
379 485
379 595
379 854
379 414
380 673
380 642
380 936
380 651
380 557
380 912
380 466
380 499
380 1018
380 958
381 836
381 501
382 1056
382 389
382 968
382 590
382 723
382 790
382 790
382 1148
382 669
383 519
384 529
384 404
384 413
384 563
384 439
384 952
384 1035
384 580
384 845
384 862
384 993
384 482
384 616
384 874
384 624
384 885
384 1142
384 1151
385 928
385 385
385 899
385 584
385 489
385 1071
385 400
385 758
385 505
385 410
385 735
386 582
386 935
386 714
386 433
386 595
386 499
386 953
386 601
386 411
386 444
386 1054
387 769
387 1062
387 905
387 788
387 538
388 778
388 795
388 669
388 427
388 947
388 827
388 829
388 838
388 460
388 469
388 867
388 868
388 1000
388 879
388 1140
388 1018
389 418
389 471
389 599
390 821
391 732
391 495
391 860
392 827
392 644
392 902
392 618
392 493
392 1021
392 879
392 893
392 1118
392 831
393 1133
393 923
393 501
393 926
394 1008
394 1078
394 1063
395 900
395 880
395 1067
395 940
395 565
395 696
395 827
395 579
395 587
395 952
395 612
395 1126
395 1130
395 1005
395 879
395 752
395 887
396 546
396 1115
396 732
397 1123
397 773
397 717
397 655
397 819
397 536
397 559
398 512
398 934
398 903
398 1096
398 624
398 625
398 722
398 823
398 1113
399 737
399 994
399 523
399 489
399 597
399 790
399 1065
399 1114
400 997
400 422
400 935
400 809
400 719
400 450
400 437
400 537
400 819
400 837
401 1153
401 835
401 634
401 507
402 1044
402 923
402 798
402 799
402 545
402 819
402 694
402 1090
402 583
402 463
402 722
402 474
402 990
402 404
402 510
403 880
403 678
403 1030
403 456
403 911
403 497
403 1014
403 863
404 768
404 899
404 645
404 911
404 790
404 544
404 545
404 933
404 685
404 1090
404 465
404 599
404 1136
405 1090
405 913
405 601
405 606
406 900
406 903
406 649
406 791
406 931
406 678
406 936
406 1084
406 829
406 582
406 850
406 738
406 1005
406 497
406 885
406 1145
407 706
407 489
407 747
408 628
408 877
409 515
409 708
409 584
409 748
409 602
410 737
410 1153
410 669
410 1072
410 1074
410 628
410 982
410 640
410 926
410 645
411 911
411 911
411 546
411 547
411 431
411 438
411 707
411 993
411 969
411 588
411 1105
411 505
411 762
411 636
411 893
412 804
412 662
412 782
412 497
412 659
412 694
412 1116
413 484
413 902
413 747
413 1009
413 629
414 538
414 670
414 420
414 807
414 1073
414 565
414 1097
414 1113
414 885
415 1044
416 489
416 477
416 505
417 820
417 525
417 517
418 897
418 526
418 880
418 1144
419 1143
420 1113
420 508
420 774
421 613
421 1065
421 692
421 600
421 831
422 515
422 792
422 793
422 677
422 832
422 710
422 713
422 714
422 461
422 864
422 865
422 611
422 996
422 501
423 659
424 998
424 1067
424 1043
424 670
424 639
425 1055
426 808
426 965
427 611
427 899
427 933
427 925
427 842
427 1069
427 947
427 537
427 1151
427 541
427 670
427 1029
429 705
429 460
429 963
429 1078
429 761
429 828
430 769
430 930
430 1035
430 1153
430 779
430 523
430 782
430 465
431 656
431 526
431 846
433 748
434 970
434 888
434 601
434 732
434 1054
435 640
435 560
435 486
435 842
435 626
437 868
437 589
438 508
439 480
439 558
439 1114
439 987
439 860
439 639
440 888
440 947
440 743
441 889
441 899
441 613
442 640
442 842
442 645
442 477
442 543
443 932
443 486
443 1066
443 461
443 691
443 670
443 959
444 487
444 463
445 1128
445 872
446 736
446 710
446 460
446 751
446 688
446 723
446 564
446 1145
447 544
447 609
447 772
447 1096
447 1134
447 1136
447 489
447 1116
448 961
448 609
448 648
448 970
448 970
448 593
448 665
448 1145
448 732
448 1054
449 899
449 1156
449 846
449 624
449 894
449 511
450 1024
450 1154
450 909
450 764
450 941
450 815
450 912
450 760
450 987
450 666
451 1092
451 709
451 710
451 906
451 557
451 774
451 980
451 787
451 1113
451 1151
452 907
452 620
453 640
453 674
453 710
453 649
453 847
453 908
453 578
453 876
453 655
453 626
453 764
454 769
454 917
454 694
454 477
455 770
455 901
455 813
455 814
455 694
455 733
456 1075
457 964
457 580
457 631
459 1136
460 1057
460 707
460 1090
460 998
460 487
460 487
460 1054
460 814
460 1055
460 885
461 899
461 645
461 1030
461 776
461 531
461 792
461 545
461 803
461 804
461 949
461 709
461 609
461 978
461 912
461 808
461 634
461 767
461 511
462 805
462 687
462 626
462 666
462 623
463 968
463 938
463 485
463 754
463 744
463 853
463 885
463 857
463 1029
464 1088
464 833
464 581
464 823
464 765
464 498
464 499
464 628
464 1052
464 541
464 1151
465 645
465 519
465 776
465 1037
465 911
465 941
465 955
465 1084
465 830
465 843
465 1114
465 860
465 1129
465 1005
465 501
465 618
466 609
466 1155
466 689
466 611
466 694
466 634
467 833
467 804
467 1061
467 1046
468 1062
468 681
468 842
468 626
468 888
469 521
469 1040
469 1075
469 469
469 1016
469 1085
470 737
470 972
470 685
470 688
470 629
470 830
470 760
470 1141
470 798
470 959
471 546
471 515
471 915
472 1080
472 1009
472 523
472 1053
472 735
473 774
474 594
476 965
476 1096
476 937
476 490
476 524
476 1037
476 974
476 623
476 584
476 882
476 756
476 725
476 542
476 540
477 996
477 774
477 879
477 879
477 1012
477 824
477 889
477 830
478 604
479 610
481 868
481 933
481 1031
481 853
481 758
481 1117
482 768
482 707
482 742
482 585
482 687
482 1148
482 617
482 863
483 1029
483 913
483 922
483 1117
483 822
483 699
483 1096
483 981
483 733
483 610
483 879
483 753
483 1140
483 761
483 634
483 895
484 645
484 1030
484 523
484 528
484 1044
484 1050
484 670
484 544
484 801
484 547
484 939
484 686
484 564
484 850
484 505
484 857
484 986
484 1117
484 737
484 489
484 495
484 617
485 512
485 624
485 805
485 874
485 944
485 758
485 754
485 948
485 761
485 1012
485 1018
485 538
485 511
486 684
486 782
486 751
486 817
486 1140
486 640
486 1045
487 643
487 930
487 1059
487 558
487 1071
487 819
487 833
487 601
487 732
487 997
487 1128
487 1130
487 622
488 732
488 1140
489 512
489 902
489 519
489 906
489 797
489 670
489 681
489 882
489 686
489 565
489 1097
489 718
489 736
489 490
489 625
489 1145
490 640
490 517
490 782
490 1039
490 529
490 917
490 931
490 1065
490 1071
490 1075
490 692
490 692
490 1078
490 1081
490 655
490 596
490 1115
490 868
490 1010
490 629
490 892
490 511
491 646
491 903
491 776
491 782
491 1050
491 1051
491 545
491 577
491 983
491 860
491 609
491 996
492 922
493 836
493 577
493 1097
493 917
493 950
493 921
493 953
493 763
493 956
493 829
495 518
495 663
495 570
495 639
495 831
496 629
496 1149
497 1145
497 819
498 609
498 835
498 1153
499 897
499 508
499 770
499 1011
499 920
499 607
499 1053
499 574
499 895
500 1092
500 805
500 1130
500 787
500 508
501 768
501 966
501 556
501 566
501 1055
502 1064
502 1153
503 709
503 615
503 1015
503 541
504 1014
505 645
505 666
505 581
505 1059
505 950
505 697
505 709
505 966
505 723
505 1118
505 507
505 1128
505 1147
506 728
507 1155
507 518
507 649
507 653
507 899
507 665
507 540
507 1053
507 1056
507 931
507 808
507 693
507 994
507 913
507 1001
507 751
507 1014
507 631
508 711
508 969
508 811
508 658
508 701
510 1025
510 1066
510 686
510 624
510 656
511 963
511 1092
511 649
511 618
511 971
511 1069
511 782
511 912
511 978
511 819
511 923
511 1054
511 543
512 805
512 776
512 520
512 1098
512 1080
512 794
512 639
513 1153
513 1096
513 1130
513 752
513 1105
513 562
513 792
514 554
514 708
515 1156
515 650
515 938
515 941
515 1097
515 842
515 972
515 1113
515 1115
515 1123
515 1128
515 748
515 1005
515 1020
516 674
517 834
517 667
517 581
517 808
517 905
517 1075
517 853
517 1144
517 923
517 572
517 1151
518 866
518 1147
518 587
518 953
518 762
518 1116
519 524
519 531
519 680
519 694
519 578
519 1092
519 995
519 868
519 849
519 1129
519 766
520 612
520 601
521 903
521 912
521 1012
521 857
522 976
522 1144
522 843
523 1092
523 612
523 686
523 530
523 570
523 733
524 751
524 850
524 821
526 544
526 899
526 580
526 806
526 806
526 903
526 1097
526 716
526 882
526 885
526 1112
526 923
526 1151
526 1151
527 857
527 1085
528 763
528 931
529 779
529 666
529 546
529 814
529 1053
529 1094
529 1096
529 1103
529 738
529 922
529 626
529 634
529 541
530 766
530 745
531 1067
531 1099
531 723
531 894
532 751
532 836
532 733
532 879
533 544
533 710
533 814
533 687
533 882
533 563
533 827
534 687
534 634
536 969
536 778
537 1030
537 904
537 1033
537 778
537 912
537 707
537 545
537 1059
537 860
537 1087
537 1088
537 857
537 748
538 900
538 913
538 677
538 697
538 959
538 704
538 860
538 862
538 872
538 1130
538 750
538 751
538 1140
539 896
539 805
539 1035
539 629
539 637
540 1025
540 645
540 978
540 658
540 799
541 768
541 656
541 544
541 805
541 550
541 702
541 1087
541 709
541 1143
541 717
541 853
541 1128
541 748
541 760
542 618
542 975
542 692
542 857
542 728
542 1049
542 1115
542 989
542 799
543 1062
543 860
543 565
544 1026
544 905
544 659
544 795
544 795
544 1062
544 936
544 937
544 958
544 1091
544 837
544 847
544 849
544 858
544 621
544 1011
544 1140
544 1014
544 1143
544 889
545 995
545 774
545 615
545 875
545 655
545 624
545 645
545 1155
545 805
545 852
545 1113
545 923
545 1053
545 574
546 546
546 965
546 806
546 841
546 1105
546 917
546 888
546 581
547 1116
547 823
547 791
547 1106
547 1075
547 693
547 857
547 1147
547 956
547 757
548 642
548 613
548 1094
548 776
548 744
548 850
550 550
550 1133
550 1014
550 728
550 699
550 901
551 815
552 577
552 937
552 1022
552 670
553 911
554 709
554 651
554 913
555 1060
555 1125
556 767
557 928
557 930
557 686
557 888
558 731
558 708
558 709
558 847
558 880
558 658
558 822
558 879
559 1131
560 760
562 640
562 641
562 940
562 762
562 1053
563 896
563 581
563 999
563 627
563 1141
563 604
564 737
564 1128
564 651
564 1132
564 944
564 676
564 795
564 1020
565 905
565 707
565 686
565 1083
565 1087
565 1091
565 969
565 594
565 1109
565 982
565 604
565 872
565 751
565 883
566 584
566 670
567 677
568 651
568 1085
568 1159
569 709
569 974
570 577
570 931
570 931
570 1092
570 934
570 1127
570 1068
570 980
570 1020
571 1040
572 750
572 1052
572 958
573 728
573 1155
573 661
574 936
574 844
574 688
574 1115
575 782
575 723
576 732
577 931
577 1033
577 1130
577 1102
577 789
577 791
577 1018
578 923
578 646
578 969
578 821
578 652
578 1007
578 981
578 790
578 885
579 875
579 1043
579 728
579 669
580 1065
581 880
581 1090
581 617
581 906
581 829
581 1098
581 885
581 787
581 915
581 765
581 1086
581 629
582 710
582 1131
582 802
584 640
584 1096
584 625
584 891
586 993
586 642
586 776
586 747
586 950
586 1114
586 751
586 958
587 642
587 899
587 1029
587 905
587 947
587 928
587 676
587 705
587 974
587 849
587 737
587 612
588 626
589 996
590 744
590 970
590 600
590 698
592 810
592 763
592 719
593 666
593 883
593 855
594 915
594 1046
594 931
594 1065
594 1114
594 1085
594 1096
594 1106
594 1059
594 994
594 659
594 1130
594 1151
595 899
595 843
595 651
595 1003
595 819
596 1063
596 1106
596 659
596 1046
597 973
598 1113
598 931
598 847
599 768
599 837
599 871
599 717
599 794
600 902
600 1040
600 657
600 668
600 937
600 814
600 973
600 710
600 850
600 601
600 602
600 732
600 620
600 1140
600 761
600 1147
601 1035
601 797
601 1054
601 1054
601 808
601 938
601 959
601 707
601 713
601 994
601 879
601 625
602 708
602 1037
602 1014
602 731
602 862
604 677
604 744
604 620
604 686
604 1144
606 665
606 677
607 643
607 893
607 917
608 710
608 970
608 945
608 1084
609 928
609 738
609 611
609 996
609 877
609 754
609 948
609 824
609 761
609 670
610 834
610 805
610 642
610 655
610 1105
610 723
610 1145
610 922
610 911
610 819
610 917
611 769
611 899
611 772
611 776
611 650
611 1011
611 1088
611 934
611 998
611 1000
611 1139
611 758
612 801
612 1124
612 997
612 1136
612 659
612 917
612 1015
612 829
612 837
613 675
613 1064
613 758
613 900
614 707
614 879
614 862
615 931
615 1069
615 730
615 1116
616 1090
616 998
616 966
616 793
616 1054
617 999
617 750
617 817
617 654
617 990
617 831
618 746
618 781
618 922
620 866
620 810
621 704
621 646
621 650
621 1010
621 1033
622 1063
622 1035
622 748
622 1141
622 1129
622 980
623 1005
623 818
623 985
623 795
623 754
624 778
624 1054
624 803
624 798
624 1114
624 995
624 740
624 657
624 872
624 764
625 911
625 1136
625 754
625 1043
625 821
625 857
626 778
626 827
626 959
627 773
627 999
627 824
627 760
627 732
628 708
628 1030
628 745
628 686
629 854
629 943
629 937
629 820
629 952
629 824
629 984
629 1117
629 1134
629 879
630 766
631 651
631 1040
631 923
631 1055
631 795
631 936
631 1075
631 1081
631 958
631 1035
631 1096
631 969
631 1126
631 750
631 1011
632 928
632 672
632 885
634 900
634 1005
634 912
634 1075
634 827
635 850
636 952
636 728
637 678
637 1158
637 822
638 902
639 931
639 999
639 788
639 958
640 901
640 908
640 653
640 1062
640 1065
640 689
640 829
640 1108
640 1122
640 868
640 1005
640 879
641 672
641 1058
641 1065
641 748
642 800
642 882
642 850
642 722
642 863
643 696
644 833
644 787
644 1044
644 795
644 700
645 1153
645 817
645 819
645 885
645 855
645 868
645 1141
645 1003
645 882
646 993
646 939
646 1126
646 689
646 723
646 887
646 889
646 1085
646 1151
649 1090
649 1019
649 774
649 778
649 1134
649 659
649 1061
650 897
650 966
650 1098
650 766
651 678
651 902
651 1094
651 827
651 669
652 864
652 709
652 679
652 968
654 1140
654 766
655 802
655 1059
655 900
655 969
655 1101
655 1101
655 1102
655 784
655 1122
656 804
656 853
657 681
657 782
657 982
657 699
657 1020
657 733
658 1074
658 1077
659 768
659 1037
659 782
659 1044
659 925
659 670
659 800
659 676
659 679
659 812
659 1056
659 1113
659 752
661 981
661 819
661 997
662 732
662 733
663 736
663 676
664 745
664 1133
664 1137
664 841
665 993
665 994
665 1071
665 751
665 1146
665 1118
665 1144
665 1115
665 1085
666 792
666 1054
666 1059
666 805
666 832
666 708
666 1100
666 1113
666 868
666 738
667 864
667 710
667 803
667 697
668 790
669 677
669 780
669 1102
669 689
669 916
669 858
670 921
670 1069
670 1089
670 706
670 709
670 979
670 853
670 861
670 895
672 743
672 1128
672 1005
672 850
673 896
673 706
674 834
674 1017
675 676
675 901
675 807
675 1061
675 996
675 1118
676 1029
676 705
676 1128
676 764
676 1054
677 965
677 937
677 1074
677 1076
677 831
677 1090
677 978
677 728
677 864
677 1128
677 1005
677 751
677 1151
678 704
678 963
679 830
681 893
681 1158
681 745
681 749
681 845
681 913
681 1054
681 823
681 1050
681 1021
681 926
681 926
682 1020
683 1064
683 1117
683 1102
684 716
684 781
685 936
685 760
685 1021
685 895
686 824
686 875
687 733
687 787
687 814
687 956
687 947
689 769
689 1113
689 701
690 1131
690 971
690 811
690 958
691 1024
691 805
691 993
691 717
691 829
692 896
692 736
692 708
692 774
694 732
694 1094
694 815
694 719
695 1098
695 829
695 758
695 733
696 1129
697 903
697 767
698 931
698 838
698 745
698 873
698 1009
699 1090
699 902
699 969
699 714
699 882
699 1046
699 1148
700 744
701 832
702 911
703 1130
703 788
703 1126
704 809
704 1066
704 1113
705 912
705 1136
705 758
705 1118
707 1102
708 928
708 1064
708 1086
708 710
708 722
708 868
708 1137
708 1130
709 899
709 776
709 905
709 920
709 795
709 1053
709 974
709 850
709 736
709 1014
710 804
710 822
710 937
710 1098
710 940
710 1059
710 1046
710 889
711 897
711 1124
711 1159
712 750
714 925
714 765
714 760
714 861
714 1151
716 717
717 902
717 841
719 940
719 974
719 751
719 1076
719 795
722 1033
722 1035
722 1081
722 829
723 785
723 793
723 1080
723 963
723 1014
723 1021
724 954
725 1093
726 773
726 745
728 1154
728 993
728 1122
728 1064
728 969
728 1069
728 974
728 820
729 738
729 877
729 981
731 1024
731 973
731 894
732 899
732 912
732 939
732 817
732 966
732 987
732 1151
732 1151
733 1034
733 1115
735 890
736 995
736 1096
736 1035
737 899
737 1029
737 1029
737 1059
737 1061
737 1061
737 817
737 1114
737 1127
737 1012
737 1018
738 810
738 1133
738 786
739 835
740 864
740 964
740 773
743 905
743 1133
743 912
743 950
743 987
744 779
744 882
744 1145
744 765
745 1153
745 941
745 966
745 1098
745 855
745 877
745 1014
745 888
745 1019
746 817
746 754
746 993
747 1062
747 998
747 893
747 966
747 837
748 774
748 1128
748 793
749 1151
750 1125
750 934
750 970
750 912
750 1053
751 923
751 880
751 825
751 969
751 969
751 1105
751 1145
751 893
752 1078
752 860
754 866
754 1128
754 1045
754 1014
754 1130
755 1005
755 785
757 1095
757 939
757 1133
757 983
758 900
758 775
758 1072
758 923
758 1054
759 1018
760 905
760 1044
760 880
760 950
760 861
760 1118
761 1075
761 829
761 1150
762 903
762 821
763 832
763 994
763 1059
763 1057
763 876
763 976
763 849
763 849
763 853
763 899
763 766
764 872
764 933
764 1151
765 1092
765 849
765 798
766 1046
766 801
766 803
766 955
766 968
766 981
766 994
766 1128
766 1130
766 1134
766 1144
767 804
767 966
767 1081
767 964
768 778
768 907
768 833
768 967
768 847
768 1113
768 875
768 895
768 895
769 996
769 901
769 1136
769 819
769 814
769 964
769 853
771 895
772 866
772 1037
772 786
772 917
772 982
772 1053
772 830
773 1075
773 1134
773 912
773 1016
773 795
773 1151
774 816
774 1040
774 819
776 822
777 805
778 918
778 1069
778 1008
779 902
779 1064
779 829
780 932
782 898
782 1158
782 1034
782 794
782 983
782 1018
783 1064
783 1135
784 996
785 1004
786 882
786 1030
787 829
787 830
787 959
788 930
788 1155
788 1065
788 1005
789 997
789 935
790 1051
790 818
790 798
790 1147
791 913
791 1045
792 977
792 953
793 965
793 1118
794 966
794 934
794 1075
794 1076
794 795
794 988
795 914
795 1067
795 895
797 1113
797 1069
798 901
798 934
798 808
798 810
798 940
798 880
798 994
798 1130
798 1136
798 883
798 1013
798 887
798 1150
798 1151
799 964
800 1063
801 1008
801 1000
801 1015
802 1096
802 1133
803 928
803 832
803 1075
804 845
804 1014
804 1146
805 899
805 936
805 937
805 940
805 1093
805 879
806 1105
807 1054
808 945
808 852
810 993
810 1029
810 1121
810 846
810 1106
810 1045
810 1078
810 1151
811 935
812 834
812 857
814 1138
814 817
814 920
814 847
815 1035
815 819
816 993
817 862
818 918
818 998
819 903
819 1044
819 923
819 930
819 1063
819 827
819 829
819 964
819 1153
819 853
819 1115
819 911
820 833
820 1154
820 1102
821 823
821 1054
822 1123
823 1040
823 847
823 823
824 913
824 1092
824 923
824 862
824 1151
826 1051
826 997
827 928
827 1090
827 837
827 1034
827 994
827 978
828 994
829 880
829 888
830 1063
830 1102
830 921
830 987
830 895
831 1088
831 834
831 975
831 1044
832 932
832 1130
832 859
833 1123
833 1063
834 1153
834 934
834 1127
834 917
834 847
834 1022
837 987
837 1097
837 1067
837 1084
843 939
843 921
843 893
845 915
846 847
846 859
846 907
846 1132
847 921
847 1143
847 1084
848 999
849 868
849 942
850 996
850 1092
850 977
851 1054
852 911
853 1037
853 917
853 921
853 923
853 926
853 1073
853 968
853 968
853 1014
855 994
855 1030
855 1102
855 1108
857 994
857 996
857 1091
857 911
858 1059
858 1040
858 1144
859 933
860 989
860 893
861 1073
861 905
861 1035
861 1007
861 880
861 903
862 1117
862 986
863 994
863 937
863 979
864 885
864 1111
864 1144
866 884
866 1014
867 1155
868 1153
868 1154
868 1030
868 1034
868 931
868 939
868 1090
868 1106
868 875
868 1145
869 1151
870 1029
872 905
872 1144
873 1086
875 1059
875 991
875 1153
875 1153
875 1145
875 923
875 1020
875 1150
875 981
876 969
876 948
879 923
879 1141
879 963
879 1145
879 966
879 1128
879 1005
880 1058
880 1066
880 1090
882 986
882 994
882 1149
882 895
884 927
885 998
885 939
885 1043
885 1044
885 888
888 910
888 895
889 896
889 1154
889 1158
889 1037
889 1020
889 1149
889 1151
892 1075
892 1054
893 994
893 998
893 1075
894 999
896 900
896 1035
897 1094
897 968
897 947
897 1022
899 913
899 916
899 1116
899 968
899 1009
899 1150
900 996
900 927
901 912
901 1115
902 1090
902 999
902 911
903 1122
903 935
903 1128
903 1033
903 1009
904 1133
905 1066
905 1046
905 943
907 1024
907 1002
910 1117
911 1067
912 921
912 946
912 958
912 973
913 1044
913 930
914 1145
914 1098
914 926
915 1152
915 1128
915 974
916 1140
916 1084
916 1087
917 1015
917 973
917 1014
917 919
920 1124
920 938
921 1096
921 983
922 979
922 949
923 1155
923 1090
923 929
923 969
923 1118
923 1150
924 1075
925 993
925 931
925 974
925 1078
925 1150
926 958
926 1055
928 1128
928 1153
928 1040
928 936
928 1050
928 957
930 1033
930 1115
931 1154
931 1032
931 1048
931 964
931 973
931 1003
931 1018
932 943
932 977
932 1086
934 1053
934 1020
934 1085
934 1126
934 1018
934 1148
935 992
935 1065
935 941
935 941
935 1050
936 1102
937 1154
937 1059
937 941
937 963
937 1097
939 1031
939 1102
939 1106
939 1113
944 1122
944 1141
946 1059
947 1130
947 1004
947 1113
947 1113
947 987
947 1118
947 1055
950 1037
953 1045
954 1102
956 1035
956 1140
959 1082
960 1035
960 1115
962 1128
964 1123
965 1105
965 1079
966 1050
966 1090
966 985
966 1128
967 993
967 1080
968 1126
968 1128
968 986
969 1029
969 1066
969 1111
970 999
970 1044
970 1102
970 1151
970 1023
971 1116
972 1097
973 1119
976 1051
977 997
979 1035
980 1145
982 996
982 1133
982 1119
986 1012
989 1130
992 1117
993 1115
994 1051
994 1059
995 1011
996 1053
996 1048
997 1081
998 1064
998 1031
998 1080
998 1144
999 1027
999 1157
999 1065
1001 1155
1002 1063
1003 1041
1005 1035
1005 1115
1005 1140
1005 1150
1009 1121
1009 1141
1011 1090
1012 1117
1014 1092
1015 1143
1015 1151
1016 1035
1021 1150
1024 1061
1024 1062
1024 1116
1024 1146
1025 1115
1029 1159
1030 1088
1030 1129
1030 1115
1031 1124
1035 1055
1035 1114
1036 1045
1037 1153
1037 1096
1037 1098
1040 1107
1044 1046
1044 1076
1054 1097
1057 1145
1059 1070
1061 1122
1061 1106
1062 1096
1062 1078
1063 1152
1063 1091
1063 1080
1063 1151
1064 1155
1071 1153
1073 1115
1073 1076
1075 1153
1075 1113
1076 1143
1077 1099
1078 1145
1081 1096
1083 1150
1090 1113
1093 1105
1097 1157
1097 1148
1102 1157
1102 1117
1102 1146
1110 1114
1110 1148
1113 1136
1115 1130
1125 1140
1134 1140
