0 547
0 708
0 358
0 1158
0 587
0 847
0 305
0 693
0 791
0 697
0 666
0 1062
0 765
0 830
1 1025
2 798
2 830
3 523
3 983
3 542
3 342
3 1135
4 912
4 225
4 563
4 765
5 163
5 748
5 70
6 87
6 837
6 911
7 936
7 889
7 565
8 578
8 968
8 201
8 754
8 913
8 786
8 344
8 858
8 1147
8 604
9 216
9 250
9 1050
9 389
9 526
10 950
10 392
10 139
10 652
10 142
10 81
10 850
10 819
10 277
10 630
10 344
10 476
11 288
11 130
11 259
11 667
11 226
11 302
11 495
11 595
11 499
11 795
12 176
13 345
13 907
13 388
14 768
14 261
14 264
14 1034
14 143
14 913
14 1045
14 24
14 1029
14 33
14 931
14 815
14 305
14 697
14 827
14 970
14 579
14 196
14 1098
14 87
14 348
14 489
14 236
14 882
14 1145
14 1018
15 577
15 490
15 393
15 970
15 493
15 782
15 61
15 208
15 913
15 1130
15 1113
15 119
15 473
15 669
15 830
16 642
16 163
16 328
16 201
16 1037
16 176
16 146
16 1140
16 297
16 137
16 698
16 829
16 30
17 544
17 353
17 327
17 1096
17 871
17 743
17 688
17 115
17 609
17 1141
17 342
17 119
17 90
17 1127
18 512
18 290
18 996
18 805
18 596
18 537
18 920
18 244
18 244
19 676
19 136
19 110
19 882
19 147
19 191
20 548
20 744
20 937
20 717
20 877
20 176
20 563
20 723
20 564
20 644
20 916
20 127
21 225
21 179
21 584
21 937
21 588
21 655
21 243
21 699
22 936
22 745
22 362
22 819
22 486
23 1040
23 498
23 829
24 896
24 97
24 482
24 902
24 806
24 1052
24 172
24 658
24 463
24 146
24 201
24 568
24 764
24 297
24 1118
25 998
25 966
25 785
25 938
25 172
25 302
25 463
25 465
25 1011
25 597
25 982
25 430
25 600
25 89
25 378
25 63
25 63
25 28
25 575
26 518
26 135
26 523
26 913
26 788
26 794
26 800
26 808
26 938
26 61
26 686
26 1078
26 829
26 710
26 460
26 332
26 1102
26 81
26 92
26 737
26 994
26 999
26 234
26 1007
26 148
26 380
27 105
27 482
27 1051
28 1090
28 483
28 548
28 325
28 308
28 802
28 388
28 875
28 301
28 526
28 499
28 515
28 616
28 371
28 212
28 505
28 979
28 123
28 158
28 101
29 709
29 486
29 999
29 1130
29 557
29 912
29 564
29 601
29 538
29 251
29 255
30 768
30 193
30 961
30 547
30 932
30 901
30 166
30 1075
30 202
30 599
30 599
30 353
30 623
30 579
30 819
30 545
30 631
30 665
30 731
31 46
31 166
31 999
32 130
32 395
32 396
32 275
32 1045
32 541
32 926
32 928
32 928
32 422
32 936
32 1065
32 183
32 1080
32 60
32 325
32 652
32 230
32 233
32 106
32 363
32 369
32 114
33 899
33 520
33 649
33 557
33 284
33 158
33 805
33 936
33 937
33 301
33 1054
33 954
33 827
33 449
33 834
33 326
33 720
33 1105
33 217
33 986
33 606
33 744
33 882
33 244
33 631
34 106
34 1093
34 238
34 845
35 817
35 882
36 1059
36 130
36 1035
36 198
36 75
36 460
36 802
36 931
36 691
36 1076
36 249
36 538
36 540
36 733
36 1119
37 448
37 451
37 294
37 859
37 1134
37 242
37 147
37 308
37 343
37 665
37 1114
37 347
38 1096
38 624
38 810
38 670
39 640
39 225
39 485
39 134
39 361
39 747
39 177
39 991
40 306
40 1116
41 768
41 993
41 899
41 677
41 326
41 1073
41 586
41 1037
41 402
41 305
41 466
41 532
41 790
41 695
41 537
41 1114
41 530
41 62
42 689
42 106
42 691
42 717
43 364
43 623
43 145
43 850
43 533
43 155
43 117
44 616
44 996
44 677
45 1154
45 999
45 811
45 689
45 404
45 182
45 376
45 1116
46 544
46 64
46 673
46 359
46 333
46 915
46 181
46 600
47 545
47 1155
47 903
47 236
47 1102
47 430
47 925
48 176
48 1133
48 645
48 1063
49 772
49 519
49 812
49 522
49 400
49 922
49 798
49 543
49 1056
49 934
49 169
49 169
49 135
49 940
49 158
49 707
49 708
49 460
49 600
49 95
49 491
49 366
49 1065
49 937
49 1144
50 386
50 519
50 779
50 145
50 146
50 1044
50 283
50 422
50 301
50 692
50 439
50 709
50 455
50 1096
50 723
50 995
50 868
50 934
50 487
50 105
50 106
50 1134
50 361
50 760
50 764
51 665
51 1033
51 893
51 831
52 152
52 439
52 293
52 1030
52 1063
53 805
53 167
53 300
53 1135
53 304
53 593
53 124
53 413
54 547
54 1092
54 328
54 297
54 471
54 460
54 912
54 1107
54 300
54 87
54 1144
54 420
54 507
54 829
55 384
55 1153
55 135
55 395
55 1045
55 791
55 155
55 798
55 1059
55 941
55 303
55 946
55 313
55 61
55 959
55 714
55 847
55 594
55 853
55 94
55 738
55 744
55 495
56 346
56 429
56 303
57 609
57 67
57 228
57 649
57 368
57 1065
58 1040
58 699
58 756
58 901
58 1077
59 737
60 1024
60 797
60 537
60 283
60 925
60 1054
60 808
60 1071
60 687
60 819
60 827
60 708
60 581
60 854
60 346
60 604
60 863
60 483
60 868
60 614
60 489
60 751
60 244
60 244
60 894
61 646
61 173
61 335
61 733
62 1058
62 1064
62 1122
62 243
62 308
62 629
62 822
62 476
63 518
63 1067
63 748
63 429
63 920
63 828
63 93
64 96
64 96
64 640
64 994
64 387
64 228
64 1061
64 743
64 265
64 491
64 684
64 781
64 304
64 344
64 182
64 792
64 1145
64 1050
64 315
65 865
65 450
65 869
65 523
65 748
65 81
65 211
65 438
65 119
65 1115
65 1053
65 773
66 227
66 328
66 1097
66 300
66 693
66 251
67 1029
67 781
67 835
67 794
67 155
67 414
67 418
67 1065
67 1066
67 556
67 947
67 926
67 310
67 183
67 312
67 707
67 969
67 714
67 601
67 986
67 1128
67 745
67 235
67 237
67 495
67 659
67 758
67 758
67 252
68 969
68 964
68 172
68 521
68 303
69 692
70 769
70 387
70 656
70 152
70 1055
70 803
70 293
70 294
70 446
70 327
70 74
70 587
70 600
70 857
70 482
70 104
70 620
70 626
70 499
70 764
70 1151
71 601
71 786
72 611
72 261
72 166
72 328
72 515
72 601
72 764
72 222
73 490
73 732
73 853
74 640
74 768
74 450
74 388
74 545
74 194
74 821
74 1150
74 1150
74 462
74 176
74 373
74 86
74 695
74 89
74 507
74 990
74 511
75 411
75 1037
75 1133
75 367
75 1150
75 214
75 471
75 857
75 827
75 1053
75 1053
75 830
76 90
77 768
77 416
77 738
77 387
77 147
77 296
77 1035
77 172
77 194
77 435
77 600
77 827
77 670
77 639
78 994
78 548
78 392
78 137
78 810
78 556
78 686
78 690
78 822
78 631
78 248
78 964
78 1114
78 316
78 634
79 353
79 211
79 860
79 158
79 646
80 450
80 699
80 580
80 1118
81 896
81 521
81 805
81 582
81 999
81 1065
81 745
81 114
81 114
81 564
81 1145
81 1046
81 439
81 888
81 729
81 411
81 765
81 1054
81 543
82 328
82 342
83 640
83 129
83 161
83 396
83 750
83 847
83 529
83 114
83 417
83 407
83 760
83 431
84 923
84 659
85 507
85 455
85 1069
85 269
85 176
85 659
85 251
86 545
86 342
86 338
86 629
86 1046
86 311
86 574
86 101
87 649
87 670
87 819
87 823
87 313
87 709
87 341
87 470
87 731
87 732
87 485
87 998
87 237
87 372
87 1141
87 1014
87 887
87 377
87 1023
88 770
88 612
88 1063
88 136
88 875
88 591
88 177
88 855
88 986
88 251
88 252
89 710
89 823
89 302
89 304
89 853
89 407
89 314
89 251
89 255
90 260
90 902
90 1044
90 1046
90 540
90 675
90 518
90 306
90 312
90 1090
90 968
90 461
90 846
90 465
90 722
90 724
90 228
90 1115
90 355
90 740
90 485
90 872
90 750
90 255
90 888
90 379
90 639
91 400
91 610
92 897
92 1121
92 162
92 310
92 965
92 391
92 937
92 546
92 239
92 656
92 385
92 1043
92 214
92 649
92 1144
92 954
92 190
92 863
93 515
93 392
93 398
93 529
93 531
93 788
93 406
93 624
93 421
93 169
93 298
93 305
93 564
93 1078
93 1090
93 325
93 1106
93 211
93 1114
93 863
93 105
93 368
93 115
93 1014
93 632
93 889
93 1148
93 638
93 511
94 868
94 617
94 139
94 364
94 880
94 920
94 309
94 1014
94 824
94 505
94 1055
94 1055
94 767
95 257
95 172
95 947
95 310
95 1081
95 953
96 483
96 788
97 466
97 996
97 1094
97 559
98 400
98 782
99 872
99 868
100 227
100 744
100 937
100 490
100 335
100 369
100 404
100 889
100 411
100 1150
100 447
101 385
101 931
101 369
101 489
101 490
101 939
101 172
101 846
101 241
101 251
101 797
102 955
102 316
102 469
102 135
103 325
103 1033
103 685
103 819
103 631
103 893
104 544
104 129
104 484
104 999
104 456
104 1035
104 1005
104 424
104 1064
104 1110
104 215
104 1096
104 314
104 218
105 194
105 163
105 998
105 203
105 912
105 850
105 579
105 1047
105 123
105 189
106 130
106 325
106 392
106 200
106 307
106 444
106 618
106 446
107 940
107 470
108 819
108 827
108 326
108 886
108 151
109 464
109 291
109 1124
109 518
109 289
109 1096
109 206
109 880
109 433
109 1043
109 596
109 117
109 983
109 761
109 158
110 227
110 196
110 135
110 1066
110 845
110 526
110 272
110 594
110 467
110 439
110 987
111 896
111 608
111 926
111 519
112 544
112 834
112 611
112 196
112 774
112 465
112 586
112 183
112 322
112 911
112 600
112 178
112 819
112 244
112 661
112 1015
112 312
112 276
112 794
112 698
112 565
113 673
113 227
113 117
114 1154
114 398
114 143
114 411
114 163
114 164
114 1061
114 166
114 1075
114 442
114 829
114 830
114 117
114 973
114 973
114 339
114 347
114 677
114 373
114 125
114 255
115 801
115 260
115 328
115 587
115 332
115 125
115 913
115 242
115 819
115 888
115 728
115 414
116 384
116 483
116 1124
116 326
116 487
116 487
116 1010
116 1005
116 498
116 979
116 532
116 1045
116 378
117 1153
117 875
117 129
117 792
117 284
117 543
117 540
117 570
117 316
117 450
117 451
117 451
117 717
117 211
117 215
117 987
117 359
117 519
117 745
117 490
117 491
117 629
117 124
118 267
118 956
119 1025
119 130
119 140
119 1053
119 1055
119 162
119 931
119 804
119 683
119 304
119 177
119 309
119 182
119 451
119 325
119 1096
119 1102
119 471
119 993
119 227
119 1009
120 707
120 196
120 293
120 745
120 1070
120 815
120 950
120 841
120 888
120 826
120 687
120 286
121 993
121 547
121 582
121 321
121 201
121 1149
122 226
122 1061
122 582
122 529
122 912
122 369
122 338
122 275
122 1147
122 732
122 511
123 896
123 515
123 645
123 905
123 400
123 529
123 544
123 1062
123 733
123 180
123 439
123 884
123 447
123 210
123 343
123 601
123 346
123 1117
123 1118
123 491
123 879
123 244
123 247
123 764
124 386
124 491
124 518
124 655
124 259
124 538
124 798
124 291
124 303
124 826
124 196
124 582
124 201
124 332
124 464
124 995
124 598
124 855
124 344
124 225
124 1123
124 233
124 747
124 882
124 631
124 760
124 1145
124 764
124 1151
125 832
125 513
125 263
125 558
125 880
125 308
125 347
126 1091
126 806
126 751
128 770
128 383
128 486
128 399
129 256
129 131
129 778
129 1037
129 789
129 1063
129 939
129 310
129 1097
129 313
129 830
129 200
129 969
129 460
129 732
129 353
129 228
129 1132
129 631
129 1151
129 533
130 264
130 912
130 1046
130 664
130 410
130 162
130 803
130 300
130 301
130 1090
130 709
130 974
130 466
130 860
130 482
130 743
130 246
130 505
130 1021
131 544
131 342
131 678
131 135
131 392
131 714
131 427
131 497
131 818
131 627
131 596
131 1046
131 346
132 299
133 320
133 550
133 275
133 1045
133 502
133 343
133 1023
133 414
133 1151
134 260
134 519
134 983
134 527
134 272
134 533
134 290
134 163
134 165
134 169
134 569
134 448
134 328
134 328
134 334
134 212
134 855
134 860
134 484
134 489
134 367
134 242
134 1014
135 384
135 259
135 905
135 268
135 409
135 666
135 288
135 931
135 805
135 808
135 939
135 941
135 824
135 578
135 326
135 326
135 887
135 722
135 1115
135 732
135 750
135 495
135 497
135 631
135 378
136 259
136 872
136 650
136 483
136 884
136 1118
136 202
136 318
137 931
137 164
137 659
137 212
137 542
138 640
139 768
139 196
139 670
139 1056
139 297
139 554
139 557
139 309
139 1078
139 1087
139 834
139 1092
139 966
139 967
139 476
139 353
139 355
139 487
139 609
139 761
140 729
140 386
140 406
141 264
141 1050
141 251
141 242
142 517
142 1031
142 1040
142 536
142 275
142 152
142 537
142 282
142 289
142 931
142 935
142 296
142 1074
142 185
142 186
142 196
142 709
142 973
142 210
142 547
142 470
142 743
142 877
142 1009
142 242
142 372
142 1147
143 768
143 1088
143 868
143 481
143 714
143 278
143 202
143 586
144 824
144 210
144 580
144 751
144 751
145 1024
145 771
145 532
145 306
145 708
145 155
145 157
145 927
145 675
145 817
145 169
145 689
145 178
145 958
145 1092
145 330
145 207
145 976
145 210
145 343
145 225
145 611
145 1003
145 752
145 788
145 382
146 251
146 932
146 694
146 902
146 776
146 1002
146 463
146 1010
146 589
146 760
146 530
146 533
146 1046
146 343
146 697
146 347
146 735
147 896
147 901
147 1035
147 404
147 414
147 288
147 1058
147 950
147 697
147 450
147 332
147 204
147 1105
147 857
147 478
147 992
147 353
147 493
147 625
147 758
148 1075
148 930
148 485
148 897
148 172
148 397
148 655
148 307
148 692
148 766
148 511
149 276
150 172
150 300
150 208
150 469
150 250
150 501
151 1088
151 546
151 778
151 1037
151 1054
152 516
152 409
152 294
152 298
152 811
152 557
152 687
152 177
152 946
152 313
152 316
152 327
152 460
152 461
152 338
152 484
152 615
152 1012
152 632
152 892
153 545
153 1122
153 163
153 260
153 385
153 1106
154 578
154 198
155 651
155 1037
155 621
155 665
155 795
155 1053
155 670
155 300
155 541
155 177
155 307
155 820
155 221
155 837
155 1102
155 981
155 249
155 347
155 733
155 868
155 1005
155 626
155 1144
155 1145
156 737
156 966
156 682
156 564
156 697
156 378
156 1085
157 971
157 211
158 395
158 365
158 537
158 941
158 1071
158 312
158 832
158 779
158 325
158 460
158 204
158 1106
158 477
158 478
158 225
158 489
158 879
158 1009
158 499
158 375
159 568
159 705
159 1131
160 272
160 612
160 654
162 512
162 1153
162 619
162 645
162 262
162 395
162 278
162 280
162 163
162 819
162 184
162 328
162 210
162 675
162 855
162 347
162 610
162 1003
162 500
163 641
163 642
163 259
163 260
163 651
163 659
163 815
163 196
163 965
163 587
163 591
163 233
163 879
163 253
163 511
164 801
164 483
164 774
164 904
164 842
164 939
164 300
164 210
164 526
164 406
164 649
164 1081
165 832
165 194
165 517
165 898
165 402
165 342
165 637
165 255
166 705
166 549
166 1126
166 487
166 237
166 1115
166 1115
167 449
167 515
167 612
167 326
167 1153
167 235
167 461
167 719
167 858
167 1114
167 414
167 639
168 666
169 356
169 490
169 493
169 723
169 278
169 727
169 191
169 316
169 543
170 916
170 598
170 695
171 544
171 274
171 517
171 766
171 711
172 640
172 515
172 515
172 388
172 1158
172 906
172 412
172 1053
172 931
172 430
172 1077
172 566
172 189
172 693
172 194
172 1102
172 206
172 990
172 611
172 489
172 366
172 1140
172 1015
173 994
173 996
173 1142
173 487
173 1000
173 882
173 211
173 372
173 917
173 694
173 666
173 923
174 624
174 251
174 500
174 565
174 814
175 966
175 178
175 786
175 243
175 409
175 636
176 896
176 769
176 395
176 782
176 273
176 917
176 325
176 1061
176 562
176 1074
176 441
176 453
176 587
176 982
176 732
176 477
176 608
176 482
176 621
176 239
176 242
176 1140
177 1026
177 259
177 395
177 278
177 923
177 670
177 928
177 421
177 294
177 296
177 178
177 1054
177 182
177 185
177 574
177 447
177 973
177 999
177 239
177 1008
177 1140
177 702
177 251
177 893
178 777
178 1040
178 786
178 404
178 366
178 543
178 673
178 678
178 194
178 964
178 200
178 212
178 1114
178 861
178 228
178 494
178 1008
178 937
178 980
178 894
179 224
179 1124
179 316
180 544
180 387
180 932
180 966
180 1034
180 269
180 557
180 1139
181 455
181 1064
181 1034
181 204
181 722
181 694
181 503
181 316
182 705
182 514
182 485
182 391
182 937
182 937
182 896
182 524
182 559
182 466
182 274
182 793
182 748
182 421
183 256
183 512
183 386
183 391
183 1035
183 397
183 912
183 657
183 275
183 666
183 768
183 768
183 1061
183 560
183 1076
183 581
183 717
183 1106
183 217
183 732
183 251
183 879
183 369
183 1140
183 379
184 705
184 1027
184 487
184 904
184 402
184 1011
184 821
184 310
184 600
184 505
184 442
184 250
185 672
185 1124
185 294
185 816
185 952
186 820
187 792
187 237
188 1153
188 1114
188 301
188 342
188 377
189 1024
189 385
189 610
189 1156
189 226
189 841
189 303
189 308
189 361
189 600
189 628
189 1147
190 1140
190 634
190 899
191 450
191 875
191 754
191 1044
191 696
191 923
191 1011
192 368
192 387
192 656
192 657
192 451
192 631
192 767
193 642
193 517
193 264
193 617
193 305
193 222
194 284
194 935
194 814
194 829
194 446
194 709
194 849
194 349
194 611
194 487
194 744
194 490
194 1131
194 1133
194 879
194 368
195 642
195 899
195 745
195 882
195 627
195 823
196 1153
196 903
196 523
196 537
196 665
196 239
196 1059
196 604
196 307
196 1090
196 453
196 795
196 202
196 338
196 338
196 732
196 737
196 651
196 485
196 750
196 879
196 1010
196 634
196 767
197 745
197 1101
198 384
198 424
198 697
198 1116
198 776
198 786
198 1014
198 215
198 228
198 316
198 829
198 1054
198 543
199 305
199 330
199 634
199 1134
200 259
200 1029
200 1158
200 215
200 544
200 805
200 304
200 309
200 831
200 631
200 470
200 343
200 1117
200 355
200 485
200 1129
200 751
200 369
200 754
200 628
200 503
200 767
201 388
201 1040
201 791
201 670
201 417
201 677
201 312
201 313
201 1084
201 842
201 465
201 476
201 737
201 998
201 1129
201 368
201 881
201 511
201 764
201 1151
202 409
202 1090
202 663
202 324
202 414
202 701
202 704
202 834
202 581
202 465
202 211
202 343
202 735
202 608
202 737
202 750
202 880
202 723
202 629
203 482
203 675
204 384
204 641
204 903
204 520
204 410
204 543
204 930
204 1063
204 815
204 447
204 1097
204 846
204 470
204 737
204 745
204 363
204 1014
204 361
204 248
204 1021
205 801
205 810
205 750
205 346
205 795
205 922
205 926
206 965
206 233
206 778
206 1099
206 632
206 207
206 848
206 1009
206 402
206 435
206 853
206 1144
206 901
206 885
207 483
207 1125
207 529
207 810
207 1159
207 364
207 306
207 980
207 1102
207 276
207 1051
207 477
208 928
208 900
208 209
208 307
208 766
209 737
210 905
210 396
210 668
210 293
210 940
210 436
210 823
210 322
210 325
210 330
210 848
210 782
210 342
210 1115
210 989
210 993
210 994
210 486
210 529
210 488
210 1002
210 367
210 503
210 508
210 767
211 645
211 1159
211 919
211 787
211 788
211 791
211 537
211 538
211 667
211 926
211 799
211 938
211 312
211 953
211 842
211 453
211 587
211 719
211 976
211 228
211 1114
211 866
211 996
211 766
212 768
212 322
212 234
212 523
212 365
212 750
212 723
212 1015
212 312
212 763
213 498
213 1003
214 359
214 712
214 402
214 434
214 410
214 890
214 1151
215 1092
215 1029
215 369
215 366
215 624
215 804
215 217
215 252
215 829
215 1055
216 544
216 513
216 837
216 262
216 649
216 1085
216 944
216 947
216 309
216 477
216 1055
217 1057
217 931
217 297
217 855
217 429
217 430
217 689
217 306
217 340
217 565
217 470
217 1113
218 336
218 866
218 782
218 880
218 392
218 469
218 248
218 284
219 612
219 1061
219 333
219 622
219 368
219 804
219 310
219 631
219 537
219 284
219 766
220 899
220 411
220 507
221 1030
221 651
221 659
221 917
221 280
221 670
221 546
221 1059
221 565
221 963
221 967
221 461
221 338
221 419
221 733
221 610
221 237
221 495
221 467
221 631
221 634
222 649
222 364
222 879
222 628
222 250
222 367
223 681
223 930
224 769
224 587
224 259
224 1113
225 384
225 267
225 276
225 278
225 547
225 953
225 827
225 584
225 593
225 596
225 313
225 1115
225 611
225 747
225 879
225 369
226 1059
226 326
226 489
226 666
227 773
227 760
227 1102
227 1106
227 1075
227 917
227 824
227 601
227 1147
228 833
228 1035
228 401
228 275
228 448
228 278
228 411
228 411
228 668
228 669
228 545
228 675
228 559
228 817
228 565
228 577
228 1090
228 708
228 968
228 1113
228 476
228 1124
228 490
228 366
228 1130
228 1130
229 483
229 542
229 747
230 717
230 718
230 399
231 424
232 507
233 641
233 322
233 353
233 361
233 940
233 466
233 948
233 277
233 410
233 1022
234 646
234 617
234 491
234 399
234 377
234 252
235 994
235 964
235 454
235 236
235 269
235 1102
235 594
235 1150
236 421
236 468
236 461
236 819
236 1076
236 406
236 761
236 797
237 1027
237 1029
237 519
237 779
237 527
237 899
237 276
237 283
237 288
237 305
237 563
237 313
237 315
237 837
237 970
237 332
237 984
237 476
237 624
237 1009
237 370
237 888
238 968
238 1138
239 385
239 1025
239 750
239 410
239 1050
239 934
239 938
239 557
239 513
239 824
239 706
239 838
239 455
239 1105
239 484
239 613
239 361
239 622
239 1009
239 243
239 1014
239 505
239 766
239 766
240 1145
240 602
240 1051
240 556
240 625
242 772
242 647
242 778
242 1037
242 659
242 666
242 798
242 288
242 690
242 312
242 703
242 397
242 733
242 612
242 626
242 251
242 1021
243 384
243 961
243 966
243 806
243 769
243 1096
243 1033
243 810
243 1037
243 1069
243 486
243 624
243 624
243 405
243 342
243 762
243 767
244 1153
244 772
244 389
244 519
244 1044
244 1045
244 926
244 1075
244 685
244 817
244 947
244 589
244 1102
244 470
244 477
244 359
244 1128
244 249
245 353
245 258
245 484
245 613
245 807
245 247
245 889
245 1114
245 347
245 284
246 772
246 618
246 876
246 305
246 1141
246 1014
246 1113
246 888
246 665
246 923
246 414
246 821
247 928
247 512
247 1154
247 547
247 1124
247 1125
247 322
247 578
247 814
247 640
247 273
247 626
247 435
247 1140
247 697
247 1044
247 538
247 661
248 518
248 1097
248 754
248 499
248 917
248 760
248 697
248 1053
249 1153
249 740
249 467
249 264
249 875
249 462
249 339
249 723
249 1148
249 637
249 1055
250 1153
250 578
250 995
250 836
250 854
250 433
250 276
250 798
250 1044
250 312
250 420
250 346
250 1085
251 386
251 387
251 388
251 645
251 398
251 273
251 1045
251 288
251 806
251 305
251 1087
251 544
251 969
251 887
251 617
251 368
251 501
251 503
251 1149
252 928
252 993
252 606
252 547
252 393
252 1067
252 722
252 815
252 913
252 882
252 882
252 1118
252 631
252 754
252 763
252 540
252 682
252 894
253 295
254 515
254 774
254 519
254 489
254 778
254 803
254 958
255 343
255 534
255 1113
255 1086
256 677
256 903
256 649
256 266
256 399
256 303
256 818
256 469
256 921
256 975
257 484
257 774
257 1064
257 751
257 328
257 442
258 723
258 1078
258 1049
258 860
258 1053
259 515
259 529
259 786
259 532
259 1059
259 814
259 308
259 600
259 476
259 736
259 996
259 968
259 487
259 487
259 490
259 1140
259 629
259 376
259 1151
260 834
260 675
260 454
260 316
260 555
260 482
260 307
260 547
260 529
260 529
260 758
260 1067
260 695
260 860
260 958
261 998
261 304
261 439
261 763
262 736
262 865
262 614
262 801
262 307
262 1098
262 811
262 657
262 1075
262 340
263 832
263 288
263 526
263 398
263 338
263 307
263 628
263 853
263 822
263 926
263 511
264 322
264 1092
264 588
264 388
264 716
264 879
264 784
264 722
264 822
264 951
264 312
264 539
264 1021
264 799
265 774
265 1063
265 1128
265 651
265 782
265 541
265 273
265 1074
265 968
265 462
265 470
265 953
265 794
265 829
265 990
265 373
266 352
266 320
266 899
266 581
266 266
266 366
266 911
266 944
266 659
266 662
266 922
266 453
267 1123
267 609
267 343
267 364
267 303
267 887
267 606
268 595
268 427
268 1133
269 515
269 1124
269 453
269 881
269 269
269 657
269 498
269 629
269 313
269 443
269 606
269 805
270 896
270 792
270 1021
271 547
271 1054
272 864
272 548
272 1030
272 392
272 849
272 595
272 1145
272 1018
273 1030
273 691
273 947
273 544
273 421
273 349
273 562
273 435
273 310
273 443
273 1088
273 1097
273 461
273 338
273 732
273 1117
273 507
273 594
273 751
273 751
273 761
273 893
274 1092
274 517
274 1064
274 330
274 497
274 1148
274 1054
275 384
275 385
275 772
275 646
275 1034
275 658
275 922
275 670
275 675
275 804
275 294
275 423
275 308
275 564
275 330
275 931
275 998
275 746
275 364
275 879
275 880
275 888
276 482
276 899
276 868
276 519
276 989
276 631
276 748
276 882
276 339
276 1140
276 343
276 499
276 766
277 966
277 1035
277 885
277 1051
277 1117
278 288
278 322
278 322
278 483
278 1124
278 934
278 1001
278 763
278 429
278 681
278 655
278 946
278 1145
278 1065
278 505
278 926
279 971
279 652
279 917
279 1145
279 927
279 925
279 1109
280 1155
280 457
280 1066
280 877
280 912
280 692
280 790
280 313
280 507
280 318
281 384
281 639
281 847
282 414
283 1064
283 747
283 284
284 515
284 644
284 778
284 1035
284 579
284 794
284 346
284 799
284 928
284 1069
284 945
284 565
284 955
284 451
284 1092
284 453
284 341
284 470
284 601
284 491
284 1018
285 868
285 515
285 588
285 489
286 600
287 1136
287 624
287 477
287 855
288 356
288 698
288 1083
288 636
288 541
288 1054
289 640
289 427
289 463
289 750
289 312
289 313
289 511
290 897
290 710
290 498
290 849
290 658
290 885
291 577
291 930
291 484
291 550
291 999
291 296
291 939
291 814
291 817
291 914
291 1140
291 866
291 894
292 905
293 640
293 802
293 310
293 932
293 677
293 422
293 422
293 649
293 587
293 1040
293 819
293 692
293 726
293 793
293 792
293 346
293 1012
294 612
294 453
294 460
294 1037
294 708
294 723
294 532
294 766
294 853
294 952
294 890
294 477
294 1150
294 703
295 944
295 641
295 805
295 902
296 772
296 1084
296 305
296 565
296 987
296 604
296 1055
297 704
297 425
297 782
297 691
297 600
297 600
297 1053
298 545
298 994
298 451
298 586
298 798
298 635
298 732
298 778
298 862
299 344
299 586
299 829
299 373
300 1088
300 785
300 529
300 594
300 628
300 983
300 348
300 895
301 459
301 1153
301 1131
301 834
301 369
301 562
301 829
302 388
302 936
302 717
302 612
302 850
302 1140
302 885
302 406
302 1144
302 542
303 404
303 450
303 677
303 711
303 380
303 342
303 403
303 751
303 465
303 819
303 1076
303 1080
303 630
303 601
304 900
304 518
304 408
304 539
304 547
304 547
304 1080
304 834
304 1096
304 342
304 1117
304 611
304 795
304 879
304 1136
304 378
304 1148
304 510
304 1151
305 1083
305 665
305 1075
305 691
305 699
305 708
305 722
305 343
305 355
305 614
305 361
305 639
306 1075
306 602
306 422
306 838
306 969
306 1003
306 814
306 495
306 1041
306 819
306 659
306 824
306 947
306 670
307 384
307 395
307 526
307 785
307 537
307 900
307 1054
307 928
307 677
307 423
307 320
307 835
307 330
307 1015
307 726
307 343
307 349
307 1150
307 883
307 885
307 1143
307 1044
307 766
307 766
308 768
308 519
308 782
308 1155
308 535
308 923
308 413
308 819
308 309
308 316
308 322
308 709
308 710
308 725
308 482
308 485
308 359
308 490
308 370
308 318
309 624
309 386
309 708
309 645
309 486
309 935
309 1037
309 1136
309 402
309 883
309 1081
309 699
309 1053
309 773
310 771
310 776
310 405
310 921
310 801
310 819
310 692
310 953
310 1091
310 1098
310 1102
310 600
310 862
310 760
310 1151
311 513
311 868
312 769
312 389
312 1034
312 524
312 787
312 517
312 435
312 958
312 1102
312 850
312 378
312 351
312 864
312 491
312 1140
312 375
313 911
313 407
313 1053
313 1063
313 681
313 709
313 966
313 331
313 331
313 1116
313 483
313 485
313 1128
313 751
313 751
313 1140
313 764
313 766
313 766
313 511
314 969
314 1066
314 707
315 800
315 515
315 908
315 782
315 686
315 405
316 899
316 773
316 781
316 527
316 402
316 533
316 934
316 414
316 1056
316 798
316 933
316 1062
316 936
316 814
316 719
316 335
316 1126
316 361
316 1130
316 750
316 369
316 1021
317 400
317 915
317 1005
318 1157
318 1074
318 773
318 905
318 1002
318 845
318 369
318 709
318 853
318 677
318 895
318 604
318 490
318 511
319 833
319 958
319 790
319 969
320 1027
320 683
320 462
320 335
320 597
321 613
321 903
321 1064
321 752
321 1048
321 349
322 768
322 388
322 523
322 1044
322 925
322 368
322 431
322 953
322 442
322 832
322 964
322 1109
322 985
322 1141
323 545
323 1157
323 487
323 968
323 875
323 625
323 659
323 947
324 465
325 675
325 934
325 732
325 970
325 750
325 1044
325 505
325 378
325 1115
325 895
326 578
326 484
326 645
326 330
326 1073
326 404
326 413
327 966
327 998
327 843
327 339
327 374
327 1145
327 819
327 799
328 649
328 669
328 931
328 421
328 570
328 1087
328 334
328 337
328 979
328 857
328 733
328 361
328 506
328 635
329 418
329 996
329 613
329 941
329 786
329 531
329 665
329 666
329 795
330 627
330 544
330 772
330 609
330 968
330 935
330 685
330 564
330 853
330 567
330 819
330 959
330 959
330 735
330 1151
331 640
331 855
331 589
331 1049
332 1062
332 728
332 988
333 609
333 482
333 421
333 1063
333 1067
333 354
333 413
333 465
333 723
333 686
333 921
333 601
333 1084
333 733
334 611
334 740
334 902
334 422
334 681
334 970
334 655
334 849
334 786
334 483
334 861
335 546
335 743
335 683
335 885
335 599
335 923
336 677
337 704
337 388
337 805
337 361
337 908
337 1005
337 760
337 601
337 891
338 640
338 1029
338 395
338 686
338 657
338 676
338 1115
339 513
339 484
339 1062
339 999
339 725
339 1078
339 852
339 570
339 1084
339 414
340 610
340 934
340 903
340 717
340 1076
340 382
341 515
341 589
342 512
342 393
342 911
342 911
342 659
342 1072
342 675
342 420
342 948
342 1078
342 1033
342 959
342 710
342 838
342 838
342 787
342 347
342 1127
342 616
342 1130
342 621
342 1128
342 380
342 510
343 642
343 1030
343 402
343 935
343 1064
343 853
343 609
343 487
343 629
343 761
343 507
344 832
344 452
344 614
344 924
344 490
344 1096
344 691
344 377
344 676
344 410
345 1059
345 486
345 812
345 497
345 1076
345 669
346 1147
346 1062
346 1059
346 585
346 907
346 1037
346 626
346 899
346 437
346 824
346 475
346 416
347 963
347 804
347 402
347 1044
347 793
347 1054
348 640
348 659
348 376
348 895
349 646
349 936
349 681
349 490
349 878
349 402
349 1044
349 1102
349 470
349 508
349 686
350 1056
350 887
351 889
351 970
351 939
352 1057
352 740
352 901
352 550
352 489
352 1004
352 782
352 1044
352 443
352 540
353 384
353 642
353 1028
353 391
353 406
353 406
353 675
353 677
353 935
353 798
353 1085
353 1141
353 974
353 745
353 1144
353 1147
355 768
355 641
355 645
355 403
355 1044
355 546
355 818
355 1081
355 570
355 578
355 453
355 853
355 853
355 993
355 493
355 493
355 1134
355 507
355 510
355 1109
356 795
356 910
357 570
358 758
359 928
359 482
359 772
359 365
359 463
359 916
359 890
360 1067
361 900
361 1030
361 1033
361 672
361 1065
361 427
361 1098
361 461
361 727
361 956
361 857
361 378
361 868
361 762
361 380
361 381
362 369
362 395
364 545
364 427
364 427
364 620
364 489
364 1068
364 820
364 1014
364 760
365 773
365 874
365 875
365 825
366 706
366 1065
366 523
366 623
366 763
366 669
367 770
367 843
367 517
367 1063
367 518
367 587
367 655
367 404
367 789
367 982
367 1143
367 505
367 443
367 895
368 544
368 834
368 1063
368 503
368 905
368 505
369 768
369 769
369 776
369 778
369 710
369 945
369 439
369 454
369 465
369 728
369 611
369 745
369 1005
369 378
369 1149
369 1150
370 1048
370 554
370 667
371 650
372 896
372 1035
372 622
372 402
372 1111
372 508
372 798
373 645
373 1000
373 843
373 1059
373 1015
374 842
374 395
375 640
375 881
375 1053
376 768
376 1063
376 746
376 455
376 655
376 1136
376 1035
376 1141
376 887
376 798
377 994
377 875
377 708
377 1031
377 1129
377 1090
377 847
377 400
377 406
377 905
377 476
377 1151
378 604
378 707
378 423
378 1116
378 592
378 895
378 862
378 862
378 959
379 708
379 526
379 687
379 752
379 1043
379 763
380 544
380 928
380 772
380 903
380 594
380 723
380 1046
380 521
380 570
380 511
381 581
381 831
382 1078
382 1030
382 519
382 622
382 463
382 561
382 790
382 698
383 626
384 640
384 645
384 529
384 786
384 411
384 550
384 935
384 1067
384 685
384 687
384 1075
384 822
384 969
384 723
384 731
384 765
385 482
385 879
385 868
385 1062
385 491
385 899
385 399
385 434
385 1140
385 411
385 596
385 613
386 704
386 1074
386 1133
386 913
386 499
386 1015
387 905
387 845
387 745
387 1113
388 398
388 914
388 403
388 935
388 937
388 687
388 822
388 1085
388 449
388 1113
388 482
388 1010
388 629
389 866
389 596
390 670
390 631
391 830
392 768
392 995
392 534
392 966
392 788
392 853
392 982
392 916
392 541
393 593
393 507
394 1059
394 412
394 1005
395 1031
395 658
395 535
395 792
395 422
395 684
395 941
395 826
395 1090
395 964
395 709
395 849
395 1013
397 422
397 902
397 719
397 719
397 784
397 689
397 823
397 468
397 477
398 1029
398 399
398 1080
398 979
398 723
398 1144
398 420
399 1153
399 994
399 709
399 936
399 970
399 583
399 824
399 499
399 888
399 896
399 760
399 505
399 1151
399 938
400 993
400 1092
400 1029
400 582
400 484
400 460
400 781
400 689
400 1044
401 579
401 1128
401 1098
401 531
401 529
401 451
401 437
402 769
402 655
402 795
402 413
402 1054
402 678
402 940
402 692
402 710
402 626
402 758
403 485
403 998
403 810
403 465
403 599
403 956
403 901
404 641
404 1155
404 782
404 790
404 411
404 803
404 710
404 847
404 977
404 728
404 610
404 611
404 1105
404 617
404 489
404 763
405 993
405 610
405 1061
405 1069
406 512
406 1025
406 526
406 934
406 810
406 812
406 969
406 472
406 1113
406 986
406 488
406 489
406 628
406 1014
406 893
407 1064
407 1080
407 798
408 751
409 1096
409 784
409 626
409 751
409 650
409 1151
410 705
410 750
410 610
410 1090
410 686
410 722
410 692
410 692
410 917
410 461
410 862
411 776
411 651
411 526
411 1114
411 926
411 418
411 676
411 550
411 817
411 690
411 464
411 466
411 602
411 998
411 1133
411 888
412 621
412 431
412 1144
412 634
412 861
412 766
413 544
413 996
413 524
413 594
414 538
414 545
414 675
414 550
414 819
414 696
414 834
414 601
414 1115
414 1122
414 613
414 497
414 893
415 778
415 581
415 855
416 969
417 760
417 1138
417 1081
418 899
418 526
418 879
418 792
420 849
421 487
421 745
421 999
421 601
422 646
422 666
422 1059
422 434
422 564
422 439
422 698
422 572
422 717
422 468
422 854
422 1113
422 624
422 754
422 758
422 758
422 761
422 634
424 669
424 644
424 998
424 999
424 489
424 519
424 1117
424 787
424 821
424 728
424 477
426 852
426 477
426 998
427 704
427 963
427 1029
427 1096
427 429
427 758
427 936
427 670
427 707
427 760
427 505
427 1087
427 931
427 1011
428 570
429 640
429 737
429 483
429 1001
429 816
429 629
430 484
430 1005
430 850
430 723
430 659
430 1018
430 540
430 543
431 1128
431 570
432 1118
433 786
434 1004
434 970
434 587
434 524
434 457
434 890
435 544
435 931
435 969
435 939
435 563
435 1140
435 950
435 541
436 732
437 491
437 650
437 901
438 601
438 508
438 677
439 1072
439 642
439 483
439 594
439 912
439 889
439 921
439 895
440 900
440 558
440 511
441 849
441 602
441 804
441 719
442 1028
442 787
442 1045
442 694
443 578
443 1030
443 1000
443 522
443 1136
443 665
443 798
444 745
444 1117
444 469
445 818
445 1027
445 763
446 738
446 1117
446 659
446 760
446 1130
447 897
447 643
447 453
447 880
447 652
447 624
447 626
447 982
447 888
447 604
448 833
448 645
448 646
448 897
448 905
448 906
448 782
448 469
448 823
449 657
449 1079
449 699
449 1148
449 958
449 511
450 1153
450 872
450 686
450 624
450 1150
450 758
450 733
450 958
451 737
451 642
451 677
451 489
451 913
451 885
451 1081
451 763
451 933
451 709
452 889
452 517
453 933
453 1130
453 651
453 728
453 760
454 1096
454 813
454 868
455 827
455 943
455 863
456 465
456 883
457 1018
457 710
458 941
460 1029
460 1029
460 918
460 622
460 623
460 563
460 484
460 720
460 678
461 911
461 539
461 937
461 939
461 950
461 824
461 500
461 572
461 829
461 707
461 1092
461 966
461 984
461 483
461 615
461 600
461 1012
461 501
461 1023
462 737
462 547
462 774
462 1014
462 489
462 793
463 868
463 1110
463 1128
463 489
463 484
463 1117
463 657
463 723
463 659
463 758
463 761
463 1085
464 1090
464 1059
464 710
464 1062
464 487
464 521
464 1035
464 524
464 847
464 1014
464 934
464 767
464 889
464 645
465 897
465 903
465 903
465 1035
465 806
465 1065
465 565
465 833
465 843
465 862
465 1120
465 1129
465 880
465 659
465 763
466 675
466 644
466 749
466 483
466 542
467 552
467 519
468 515
468 1034
468 635
469 481
469 700
469 944
469 787
469 666
470 640
470 481
470 708
470 805
470 1005
470 558
470 558
470 846
470 666
470 795
471 1063
471 970
471 911
472 762
472 571
472 534
472 519
473 827
474 708
474 914
474 580
475 953
475 766
476 1075
476 484
476 484
476 773
476 753
476 691
476 1123
476 675
476 564
476 821
476 969
476 853
476 853
477 768
477 609
477 1075
477 495
477 787
477 787
477 853
477 915
477 490
477 798
479 489
479 732
480 542
481 736
481 1005
481 782
481 824
481 655
481 732
482 966
482 1033
482 646
482 655
482 1012
482 853
482 887
483 517
483 651
483 915
483 1055
483 1062
483 1063
483 1067
483 648
483 594
483 695
483 608
483 994
483 1130
483 1133
483 882
484 513
484 779
484 787
484 751
484 681
484 1095
484 1088
484 833
484 708
484 839
484 719
484 609
484 610
484 1130
484 492
484 507
485 534
485 928
485 868
485 601
485 903
485 938
485 1128
485 499
485 950
485 895
486 674
486 548
486 550
486 817
486 905
486 562
486 1105
486 533
486 1113
486 763
486 574
487 1153
487 538
487 540
487 937
487 820
487 584
487 970
487 974
487 1111
487 1113
487 1122
487 889
487 766
488 832
488 515
488 774
489 646
489 521
489 661
489 666
489 545
489 966
489 966
489 685
489 701
489 710
489 732
489 868
489 631
489 1017
489 1018
489 766
490 1153
490 1090
490 1155
490 665
490 708
490 801
490 678
490 936
490 1067
490 812
490 562
490 566
490 1092
490 709
490 709
490 737
490 994
490 499
490 760
490 761
491 1043
491 539
491 1054
491 671
491 934
491 1076
491 1085
491 831
491 722
491 737
491 1009
491 763
492 562
492 810
493 880
493 880
493 930
493 517
493 1153
493 875
493 1090
493 1071
493 515
493 857
493 989
495 740
495 581
495 861
495 879
495 600
495 572
496 888
496 819
496 590
496 1014
497 769
497 939
497 1005
497 784
497 611
498 778
498 1114
499 963
499 774
499 798
499 826
499 1053
500 676
500 809
500 548
500 868
501 610
501 644
501 1030
501 903
501 711
501 529
501 594
501 1075
501 722
501 1021
502 925
503 685
503 694
503 926
504 779
505 513
505 642
505 542
505 545
505 547
505 686
505 689
505 694
505 831
505 587
505 614
505 882
505 1015
505 767
506 940
507 1155
507 537
507 808
507 944
507 830
507 968
507 867
507 1124
507 1115
507 860
507 1130
507 875
507 1005
507 1005
507 623
507 880
507 595
507 595
507 885
507 635
508 929
508 1090
508 941
508 1038
508 952
508 1115
508 764
508 1117
509 998
510 738
510 872
510 876
510 795
510 701
511 594
511 879
511 1080
511 850
511 574
511 663
511 889
511 987
512 580
512 519
512 969
512 621
512 529
512 917
512 601
512 893
513 994
513 710
513 782
513 698
513 766
514 609
514 1098
514 923
515 770
515 650
515 664
515 928
515 800
515 1090
515 969
515 594
515 600
515 601
515 736
515 1133
515 879
515 1018
516 880
517 928
517 587
517 612
517 905
517 942
517 544
517 758
517 1015
517 570
517 623
517 1021
518 1092
518 965
518 1062
518 683
518 659
518 830
519 1153
519 790
519 672
519 685
519 947
519 695
519 578
519 1094
519 987
519 875
519 748
519 1010
519 758
520 877
520 911
520 913
520 794
520 699
521 1056
521 615
521 657
521 629
521 617
521 570
521 604
522 1125
522 1037
523 834
523 803
523 964
523 623
523 1084
523 702
523 1151
524 1071
525 969
525 829
526 547
526 843
526 587
526 940
526 528
526 625
526 1144
526 1011
528 824
528 916
529 658
529 531
529 934
529 570
529 578
529 1102
529 599
529 618
529 978
529 751
529 1143
530 997
530 1102
531 769
531 1041
531 1035
531 1055
533 831
534 737
534 548
534 1127
534 781
534 913
534 601
534 1054
536 1051
536 923
537 640
537 770
537 902
537 916
537 686
537 546
537 731
537 558
537 1085
537 830
537 710
537 861
537 867
537 829
537 1086
537 762
537 893
538 1152
538 545
538 899
538 964
538 773
538 779
538 1097
538 748
538 882
538 590
538 945
538 850
538 850
538 1129
538 1021
539 1035
539 895
540 868
540 709
540 912
540 692
540 982
540 600
541 902
541 1040
541 1044
541 729
541 923
541 1053
541 937
541 981
541 1113
541 858
541 1118
541 739
541 996
541 1127
541 623
541 880
541 635
541 637
541 766
542 544
542 705
542 808
542 787
542 852
542 895
543 709
543 1034
544 1024
544 899
544 686
544 923
544 799
544 1075
544 679
544 939
544 627
544 670
544 1086
544 965
544 545
544 850
544 1119
544 1123
544 935
544 883
544 1144
545 834
545 1128
545 847
545 765
545 751
545 1117
546 704
546 833
546 699
546 804
546 997
546 1126
546 620
546 685
546 923
546 926
546 799
547 866
547 901
547 710
547 778
547 972
547 781
548 899
548 964
548 868
550 1088
550 674
550 829
550 911
550 563
550 1075
550 1113
550 765
550 965
551 868
551 819
551 1020
551 757
552 640
552 643
552 1064
552 746
552 594
552 821
552 790
552 1145
552 767
553 819
554 993
554 1070
554 1040
554 670
555 893
555 1053
557 616
557 617
557 850
558 928
558 994
558 804
558 581
558 583
558 1003
558 1137
558 827
558 732
560 1118
562 1144
563 899
563 970
563 879
563 714
564 893
564 1069
564 861
564 625
564 686
564 763
565 897
565 900
565 911
565 1062
565 944
565 692
565 624
565 846
565 853
565 622
565 880
565 757
565 1020
566 824
567 1063
568 705
568 866
568 1052
569 1065
569 1046
570 1024
570 707
570 1097
570 973
570 781
570 625
570 953
570 795
572 939
572 889
572 923
573 860
573 819
573 684
573 774
573 737
574 737
574 968
574 970
575 1130
575 699
575 853
575 995
576 732
577 1005
577 686
577 624
577 1115
577 723
577 983
577 655
577 669
578 1063
578 908
578 1075
578 597
578 921
579 1140
579 1150
580 673
580 708
580 880
580 652
581 640
581 1057
581 1090
581 803
581 604
581 744
581 841
581 689
581 830
581 950
581 728
581 762
581 894
582 805
582 805
582 1113
583 868
584 868
584 678
584 810
584 590
584 699
586 1003
586 875
586 655
586 611
586 860
586 1055
587 1034
587 1035
587 791
587 1073
587 710
587 862
587 620
587 1005
587 750
587 629
587 1014
588 749
590 896
590 896
590 876
590 714
590 812
590 913
590 823
591 1009
592 1051
592 707
592 774
593 751
593 645
594 1155
594 773
594 773
594 902
594 911
594 1053
594 927
594 692
594 829
594 963
594 1128
594 880
594 787
594 1145
594 895
595 900
595 653
595 782
595 1014
595 1146
595 1151
596 1127
596 791
596 901
598 912
598 1016
599 640
599 624
599 692
600 1029
600 1029
600 926
600 819
600 1092
600 711
600 970
600 1116
600 765
600 1140
600 893
601 907
601 907
601 934
601 937
601 798
601 864
601 994
601 1128
601 617
601 748
601 890
602 677
602 855
602 782
602 947
602 1113
602 1085
603 1046
603 798
604 608
604 999
604 889
605 639
606 705
607 800
607 808
607 837
607 670
608 611
608 747
608 728
608 798
609 931
609 1000
609 857
609 1072
609 808
609 627
609 1092
609 827
609 1151
610 1059
610 1092
610 780
610 880
610 1144
610 860
611 655
611 917
611 1056
611 686
611 833
611 736
611 996
611 747
611 1006
611 882
611 1145
612 640
612 1153
612 866
612 646
612 679
612 853
612 1081
612 893
613 681
613 970
613 1020
614 819
615 997
615 1102
615 912
615 974
616 694
616 1130
616 823
616 1080
616 990
616 959
617 1156
617 646
617 808
617 751
617 690
617 915
617 787
617 810
618 930
618 774
618 1128
618 1005
618 850
618 659
618 853
618 794
618 1117
620 772
620 661
620 822
620 1081
620 766
621 641
621 931
621 1153
621 1064
621 875
621 1123
621 665
621 666
622 804
622 681
622 880
622 849
622 917
622 1144
622 921
622 925
623 1090
623 798
624 774
624 686
624 1063
624 937
624 941
624 829
624 708
624 847
624 982
624 872
624 1009
625 1155
625 1124
625 1075
625 828
625 634
625 1151
626 769
626 965
626 679
626 773
626 758
626 888
626 888
627 677
627 1159
627 1102
627 915
627 728
627 728
628 995
628 1030
628 937
628 748
628 819
628 799
629 1154
629 1031
629 911
629 914
629 1065
629 826
629 827
629 831
629 834
629 1102
629 853
629 864
629 750
629 1009
629 1146
629 1151
631 645
631 912
631 977
631 675
631 809
631 1105
631 877
631 750
631 1151
632 645
632 912
632 1106
633 858
634 1024
634 964
634 713
634 939
634 882
634 926
634 666
634 795
636 745
636 1115
637 650
637 850
637 949
637 983
639 737
639 885
639 986
639 987
639 987
640 772
640 1040
640 790
640 921
640 920
640 922
640 804
640 942
640 716
640 852
640 677
640 1151
641 669
642 649
642 759
642 985
642 660
642 794
643 889
644 1030
644 911
645 1153
645 1030
645 1024
645 940
645 691
645 703
645 711
645 1106
645 1115
645 861
646 929
646 923
646 1097
646 1144
649 905
649 912
649 670
650 708
650 1014
651 1059
651 743
651 1128
651 1034
651 850
652 805
652 913
652 786
653 1074
653 807
654 888
654 758
654 1024
655 758
655 1032
655 681
655 1035
655 722
655 808
655 788
655 829
656 737
656 882
656 659
656 853
656 857
657 901
657 744
657 846
657 893
658 1022
659 769
659 782
659 666
659 819
659 1089
659 834
659 966
659 1097
659 728
659 998
659 748
661 751
662 1040
662 1133
663 1093
663 748
663 752
663 760
664 1024
664 737
664 1062
664 1128
664 681
664 674
665 780
665 849
665 1128
665 1095
665 1100
665 1072
665 985
665 762
665 764
665 765
666 675
666 814
666 1098
666 706
666 714
666 994
666 876
666 1140
666 885
666 1020
666 766
667 834
667 1064
667 719
667 888
667 798
668 1090
669 737
669 808
669 873
669 714
669 810
669 814
669 889
669 700
669 733
670 1158
670 783
670 784
670 798
670 1064
670 708
670 709
670 858
670 752
671 769
672 1034
672 755
672 798
673 751
674 875
674 948
674 885
674 923
675 1024
675 709
675 1126
675 690
676 1088
676 934
676 968
676 971
676 882
676 722
676 925
677 770
677 1063
677 681
677 731
677 1123
677 868
677 879
677 1023
678 1133
678 681
678 879
678 690
678 1054
679 849
680 849
681 804
681 745
681 754
681 1044
681 1114
681 1085
684 905
684 747
685 743
685 785
685 1097
686 903
686 795
686 1073
686 822
686 1076
686 1090
686 1011
687 805
687 1062
687 905
687 1046
687 791
687 857
688 1084
688 1062
689 1033
689 1034
689 858
689 709
689 922
689 1053
689 831
690 902
691 1148
691 1071
692 1059
692 1037
692 1071
692 879
693 754
693 719
694 769
694 1157
694 774
694 1064
694 782
694 882
695 847
695 699
696 928
696 883
696 1012
697 851
698 1027
698 879
698 1105
698 1016
699 1087
700 794
703 896
703 968
704 1130
704 1037
704 879
705 1121
705 866
705 901
705 874
705 917
706 899
706 909
707 745
707 879
708 1030
708 928
708 808
708 1075
708 1087
708 1097
708 999
709 1037
709 960
709 973
709 1113
709 858
709 859
709 1004
709 1005
709 882
710 981
710 887
710 1065
710 720
710 893
711 987
711 732
712 1090
713 1032
713 913
713 763
713 836
714 1030
714 1150
714 798
715 941
716 861
717 1125
717 937
717 758
717 1112
719 1033
719 971
719 1005
719 766
720 860
720 953
721 1118
722 892
722 875
723 913
723 792
723 805
723 941
723 824
723 845
723 1119
724 1146
726 788
726 790
728 923
728 1031
728 940
728 908
728 1145
728 1146
728 1115
728 1115
728 1023
729 974
729 1037
730 1008
731 1115
731 1085
732 1153
732 1054
732 860
732 735
732 760
733 783
733 832
733 1130
733 1004
733 1133
733 857
733 1124
734 1015
736 998
736 1040
736 823
736 795
736 957
737 782
737 918
737 1052
737 959
737 833
737 872
738 833
738 932
738 934
738 776
738 915
740 1145
741 1035
742 903
743 1120
743 899
743 904
743 912
743 931
743 760
744 1094
744 1128
744 1130
745 1037
745 912
745 785
745 1054
745 932
745 1065
745 810
745 1097
745 1098
745 978
745 983
745 997
745 764
745 765
746 900
746 998
747 768
748 1101
748 817
748 1050
749 817
749 1155
750 1084
750 921
750 837
751 1044
751 934
751 968
751 975
751 850
751 1125
751 913
751 754
751 766
752 994
752 1137
754 1158
754 1127
754 857
754 923
755 756
755 966
756 998
756 842
756 1140
756 757
756 1018
757 807
757 795
757 1151
758 810
758 974
758 984
758 763
758 901
760 899
760 912
760 1062
760 814
760 981
760 883
760 1144
760 1018
761 1096
761 1046
762 1124
762 1005
762 1073
763 768
763 880
763 1106
763 1067
763 1022
764 835
764 1123
765 1152
765 894
765 1063
765 1037
765 862
766 939
766 786
766 1061
766 966
766 1127
766 879
766 1140
766 1148
767 1102
767 859
768 902
768 803
768 1061
768 947
768 827
768 973
769 1089
769 1091
769 1065
769 1136
769 947
769 982
769 1145
770 931
770 1034
772 964
772 796
772 969
772 921
772 893
773 937
773 982
773 1143
774 1014
774 1030
774 1035
774 1113
774 829
774 863
775 923
776 1035
776 1132
776 921
776 1053
777 1140
778 823
778 876
778 1014
778 861
779 832
779 801
782 1159
782 1037
782 1042
782 1054
782 998
782 1126
782 1011
782 937
784 804
785 996
785 1117
786 838
786 790
786 795
786 1151
787 1159
787 920
788 834
788 853
788 1055
788 949
789 860
789 829
790 801
790 902
790 903
790 793
790 1050
791 876
791 1005
791 1145
792 1125
793 830
793 903
793 941
793 1140
793 949
793 1014
793 958
794 901
794 1064
794 1005
794 968
794 1074
794 947
794 820
795 1034
795 797
795 923
795 1053
795 1090
795 795
795 1018
798 1054
798 829
798 879
799 1020
801 994
802 912
802 1075
802 1080
803 837
803 1128
803 934
803 892
803 1087
804 820
804 917
804 1065
805 1157
805 1040
805 1061
805 960
805 986
805 933
805 1132
805 885
806 1075
807 994
807 1118
808 966
808 822
808 887
810 1127
810 1109
810 1117
810 895
812 863
813 816
813 1102
813 1005
814 993
814 1126
814 1134
815 1098
817 1036
817 857
819 1026
819 1068
819 1074
819 1091
819 930
819 915
819 1000
819 1130
819 1023
820 1024
820 998
820 895
821 903
821 841
821 1063
821 916
822 941
823 841
823 1014
823 986
823 1151
824 964
824 1061
824 1104
824 893
825 1115
827 1090
827 964
827 1094
827 1002
827 1054
829 931
829 1065
829 1096
829 1103
829 1059
829 868
830 880
830 947
830 967
830 1054
830 1024
831 966
831 1103
831 888
832 996
832 966
832 1136
833 865
833 976
833 1140
833 996
833 923
834 1153
834 966
834 1018
835 955
836 864
836 1011
836 998
837 1094
837 1134
837 956
838 1064
840 1067
841 962
841 998
841 1151
842 1024
842 1121
843 923
844 899
845 1090
845 1128
845 1011
846 972
846 1113
846 1117
847 907
847 998
847 902
847 857
847 978
847 1014
847 965
849 1140
849 950
849 898
849 1150
850 1056
850 1059
850 1044
850 923
853 1154
853 1096
853 1097
853 1108
855 937
855 1066
855 1065
855 1144
856 920
856 913
857 899
857 974
857 920
860 1104
860 1154
860 1027
860 866
860 1117
860 964
860 893
861 872
861 1075
861 917
861 1081
861 1087
861 885
862 1153
862 1124
862 968
862 1081
862 1113
862 1130
862 862
863 1002
863 1044
863 1081
863 1147
864 872
864 1097
864 1049
864 1147
866 994
866 981
868 899
868 987
868 993
870 947
872 939
872 1143
873 1011
874 1096
875 996
875 1064
875 1075
875 893
875 1150
876 931
876 941
877 882
879 1044
879 939
879 1086
879 1118
879 1128
879 1009
880 1064
880 1069
880 998
880 882
882 977
882 1128
883 971
884 944
885 1027
885 1141
885 1097
885 911
885 977
888 1075
888 958
889 1024
889 1039
889 917
889 996
890 1102
891 1116
892 1145
893 969
893 1020
895 1092
895 1136
895 1151
896 1055
896 1035
896 1102
897 1123
897 1012
899 1155
899 1037
899 1052
899 942
899 1136
900 912
900 912
900 931
900 1030
900 1005
900 978
901 1059
901 998
901 1066
901 1044
902 1024
902 1133
902 997
902 1096
902 1050
903 1080
904 998
905 1156
905 975
905 958
905 943
905 1116
906 1151
910 1147
911 1155
911 969
911 1037
911 1069
911 1066
912 1052
912 987
912 1128
913 1056
913 1025
913 913
913 916
915 966
915 1150
917 1065
917 1069
917 1115
918 1150
919 996
921 1033
921 1148
922 997
923 1153
923 931
923 1053
923 1096
923 977
923 981
923 997
923 1128
923 956
925 998
925 1090
926 1088
926 998
926 1011
926 953
928 993
928 964
928 1075
928 1108
928 1145
930 1153
930 932
931 1014
931 1016
932 935
933 1128
933 944
934 1153
934 936
934 1117
934 993
934 1133
934 1018
935 994
935 963
935 1106
935 1046
935 1084
936 1020
937 1037
937 1113
937 973
938 1040
938 1061
939 1153
939 969
939 1145
939 1054
940 1030
941 1023
943 1071
947 1093
947 1046
947 1016
947 1144
948 1151
949 1025
950 1091
950 1031
950 972
950 1113
951 994
952 974
952 959
953 1040
955 1044
957 981
958 1062
959 1095
959 1035
959 1071
959 978
963 963
963 973
964 1127
964 970
964 1035
966 1097
969 1153
969 1154
969 1037
969 1054
969 1151
970 1018
971 1012
973 1068
974 1108
976 1075
978 1122
978 1141
979 1094
980 1024
980 1043
981 1099
982 1054
985 1018
986 1102
987 1096
990 1075
992 1117
993 1128
994 1069
994 1129
994 1145
994 1018
996 1149
996 1005
997 1009
997 1018
998 1059
999 1078
1003 1064
1004 1128
1005 1066
1005 1101
1007 1096
1008 1085
1008 1126
1009 1033
1010 1063
1011 1074
1012 1090
1012 1102
1012 1051
1013 1081
1013 1054
1014 1115
1015 1031
1015 1079
1015 1115
1017 1134
1018 1097
1019 1136
1019 1083
1020 1094
1020 1113
1020 1141
1024 1124
1024 1082
1027 1097
1029 1036
1029 1145
1030 1133
1030 1102
1030 1078
1030 1130
1034 1091
1035 1046
1035 1102
1039 1102
1040 1153
1040 1075
1044 1051
1050 1096
1053 1141
1054 1080
1054 1131
1055 1060
1056 1157
1058 1149
1059 1122
1059 1084
1062 1065
1063 1071
1063 1123
1064 1154
1064 1151
1065 1114
1066 1067
1066 1118
1075 1133
1077 1105
1078 1080
1080 1092
1080 1090
1081 1113
1084 1151
1087 1143
1090 1102
1090 1128
1090 1133
1096 1145
1098 1130
1108 1115
1113 1153
1116 1130
1116 1118
1116 1118
1118 1132
1122 1133
1123 1149
1126 1145
1128 1136
1130 1144
1148 1155
