0 1
0 3
0 6
0 9
0 16
0 17
0 18
0 44
0 59
0 63
0 64
0 69
0 70
0 71
0 74
0 78
0 88
0 108
0 113
0 128
0 155
0 165
0 193
0 221
0 241
0 279
0 291
0 337
0 361
0 369
0 471
0 473
0 496
0 773
0 847
0 863
0 906
0 923
0 972
0 983
0 1114
0 1136
0 1164
1 3
1 6
1 9
1 16
1 17
1 18
1 24
1 44
1 59
1 63
1 64
1 69
1 70
1 71
1 74
1 88
1 90
1 108
1 113
1 128
1 193
1 220
1 221
1 241
1 267
1 270
1 279
1 291
1 337
1 361
1 369
1 471
1 473
1 847
1 861
1 863
1 884
1 906
1 972
1 1114
1 1136
1 1153
1 1157
1 1212
1 1240
2 4
2 66
2 70
2 74
2 108
2 113
2 122
2 220
2 257
2 258
2 260
2 340
2 386
2 471
2 606
2 659
2 666
2 754
2 769
2 920
2 1004
2 1041
2 1077
2 1136
2 1157
3 6
3 9
3 16
3 17
3 18
3 44
3 59
3 63
3 64
3 69
3 70
3 71
3 88
3 90
3 108
3 113
3 124
3 128
3 193
3 220
3 221
3 241
3 311
3 337
3 361
3 369
3 473
3 590
3 847
3 861
3 863
3 884
3 906
3 972
3 1114
3 1136
3 1140
3 1153
3 1240
4 9
4 56
4 98
4 108
4 113
4 208
4 260
4 275
4 377
4 529
4 567
4 659
4 666
4 726
4 819
4 921
4 1004
4 1120
4 1136
5 97
5 135
5 262
5 280
5 349
5 407
5 495
5 546
5 786
5 862
5 895
5 917
5 1128
5 1133
5 1145
5 1164
5 1169
5 1208
6 17
6 24
6 44
6 59
6 64
6 69
6 88
6 90
6 118
6 193
6 221
6 224
6 241
6 267
6 270
6 369
6 373
6 511
6 587
6 837
6 906
6 916
6 1093
6 1114
6 1234
7 65
7 272
7 381
7 494
7 519
7 531
7 551
7 591
7 654
7 678
7 739
7 810
7 976
7 1040
7 1214
7 1249
8 12
8 13
8 40
8 50
8 75
8 111
8 123
8 211
8 227
8 263
8 278
8 329
8 376
8 411
8 425
8 427
8 667
8 757
8 787
8 984
8 1057
8 1109
8 1166
8 1209
9 16
9 18
9 44
9 59
9 63
9 70
9 71
9 74
9 78
9 88
9 98
9 108
9 113
9 128
9 135
9 165
9 193
9 208
9 221
9 256
9 260
9 291
9 337
9 473
9 510
9 590
9 659
9 666
9 726
9 773
9 786
9 847
9 861
9 863
9 921
9 923
9 972
9 1004
9 1120
9 1136
9 1164
9 1208
10 12
10 26
10 29
10 33
10 38
10 50
10 59
10 87
10 90
10 108
10 124
10 130
10 211
10 220
10 241
10 263
10 311
10 347
10 376
10 399
10 448
10 482
10 487
10 510
10 675
10 861
10 884
10 888
10 959
10 960
10 1153
10 1191
10 1240
11 287
11 472
11 947
11 1042
11 1110
11 1131
11 1184
12 13
12 15
12 211
12 227
12 263
12 347
12 376
12 425
12 667
12 757
12 787
12 865
12 888
12 959
12 960
12 1057
12 1061
12 1139
12 1166
13 15
13 40
13 75
13 227
13 278
13 376
13 425
13 427
13 443
13 534
13 667
13 757
13 865
13 870
13 873
13 908
13 950
13 1057
13 1060
13 1061
13 1094
14 90
14 91
14 130
14 160
14 266
14 356
14 514
14 1221
14 1224
14 1240
15 227
15 228
15 368
15 425
15 427
15 443
15 455
15 534
15 757
15 762
15 790
15 865
15 873
15 908
15 950
15 1057
15 1060
15 1061
15 1094
15 1139
15 1166
16 17
16 44
16 55
16 59
16 63
16 64
16 70
16 71
16 78
16 88
16 90
16 108
16 113
16 124
16 128
16 165
16 193
16 208
16 220
16 221
16 241
16 311
16 337
16 347
16 473
16 510
16 590
16 659
16 666
16 773
16 861
16 863
16 884
16 972
16 1004
16 1114
16 1136
16 1153
16 1164
16 1240
17 24
17 44
17 59
17 64
17 66
17 69
17 70
17 71
17 88
17 90
17 108
17 113
17 122
17 149
17 193
17 220
17 221
17 241
17 267
17 270
17 361
17 369
17 422
17 471
17 570
17 578
17 587
17 659
17 861
17 863
17 884
17 906
17 972
17 980
17 1114
17 1136
17 1153
17 1157
17 1197
17 1212
17 1234
17 1240
18 44
18 63
18 71
18 74
18 78
18 88
18 128
18 135
18 155
18 163
18 165
18 193
18 218
18 221
18 279
18 291
18 337
18 361
18 369
18 473
18 492
18 496
18 773
18 786
18 847
18 863
18 923
18 972
18 983
18 1033
18 1164
19 102
19 223
19 409
19 466
19 797
19 816
19 917
19 952
19 1127
20 110
20 195
20 835
20 860
21 43
21 61
21 158
21 163
21 280
21 317
21 395
21 823
21 843
21 903
22 140
22 198
22 228
22 236
22 248
22 538
22 617
22 625
22 653
22 663
22 689
22 708
22 762
22 1060
22 1064
23 30
23 238
23 446
23 479
23 563
23 644
23 682
23 745
23 830
23 832
24 44
24 64
24 69
24 88
24 90
24 118
24 149
24 221
24 224
24 241
24 267
24 270
24 369
24 373
24 511
24 587
24 837
24 906
24 916
24 1093
24 1114
24 1234
25 34
25 86
25 126
25 162
25 217
25 359
25 531
25 591
25 605
25 654
25 712
25 732
25 739
25 743
25 1032
25 1049
25 1075
25 1234
26 29
26 33
26 37
26 38
26 55
26 87
26 91
26 124
26 130
26 171
26 356
26 448
26 482
26 514
26 675
26 888
26 944
26 959
26 960
26 1011
26 1187
26 1191
27 53
27 107
27 171
27 650
27 788
27 1091
27 1187
28 95
28 137
28 161
28 209
28 261
28 385
28 440
28 619
28 749
28 815
28 818
28 995
29 33
29 37
29 38
29 87
29 124
29 130
29 448
29 482
29 514
29 675
29 888
29 959
29 960
29 1011
29 1187
29 1191
30 479
30 644
30 821
30 830
31 523
31 572
31 868
32 62
32 105
32 123
32 127
32 170
32 190
32 288
32 329
32 330
32 483
32 555
32 599
32 750
32 783
32 1119
32 1172
32 1194
33 37
33 38
33 55
33 87
33 91
33 124
33 130
33 171
33 347
33 448
33 482
33 514
33 675
33 888
33 944
33 959
33 960
33 1011
33 1187
33 1191
34 86
34 126
34 162
34 217
34 359
34 494
34 531
34 551
34 591
34 605
34 654
34 678
34 712
34 732
34 739
34 743
34 810
34 1032
34 1075
35 345
35 774
35 904
35 938
35 1089
36 54
36 137
36 155
36 161
36 197
36 209
36 244
36 261
36 328
36 385
36 440
36 509
36 621
36 852
36 923
36 995
36 1098
36 1112
36 1155
37 38
37 60
37 87
37 171
37 185
37 448
37 482
37 499
37 675
37 888
37 959
37 960
37 1011
37 1021
37 1100
37 1191
38 87
38 124
38 130
38 347
38 356
38 448
38 482
38 514
38 675
38 888
38 944
38 959
38 960
38 1011
38 1187
38 1191
38 1240
39 379
39 456
39 664
39 752
39 1055
40 75
40 79
40 123
40 227
40 278
40 376
40 427
40 443
40 534
40 667
40 757
40 865
40 873
40 950
40 1057
40 1061
42 297
42 475
43 61
43 158
43 163
43 272
43 280
43 496
43 823
43 843
43 923
43 1112
43 1249
44 59
44 63
44 64
44 66
44 69
44 70
44 71
44 74
44 88
44 90
44 108
44 113
44 122
44 193
44 220
44 221
44 241
44 279
44 337
44 361
44 369
44 422
44 471
44 473
44 587
44 659
44 847
44 861
44 863
44 884
44 906
44 972
44 980
44 1004
44 1114
44 1136
44 1153
44 1157
44 1197
44 1212
45 109
45 151
45 213
45 229
45 234
45 318
45 345
45 774
45 957
45 1203
46 684
46 1016
47 134
47 172
47 181
47 351
47 635
47 807
49 51
49 104
49 139
49 253
49 265
49 302
49 303
49 357
49 428
49 451
49 453
49 481
49 513
49 516
49 560
49 583
49 602
49 775
49 811
49 1014
49 1054
49 1161
50 62
50 111
50 123
50 211
50 220
50 257
50 263
50 278
50 311
50 347
50 376
50 399
50 411
50 487
50 552
50 555
50 570
50 659
50 769
50 787
50 849
50 884
50 984
50 1004
50 1109
50 1115
50 1153
50 1157
50 1209
51 104
51 139
51 215
51 253
51 302
51 303
51 357
51 428
51 451
51 453
51 481
51 513
51 516
51 560
51 583
51 602
51 752
51 811
51 886
51 1014
51 1054
51 1221
52 125
52 398
52 406
52 428
52 451
52 560
52 583
52 827
52 886
52 943
53 107
53 171
53 346
53 450
53 650
53 788
53 1091
53 1187
54 74
54 155
54 197
54 209
54 244
54 291
54 496
54 509
54 621
54 726
54 847
54 852
54 923
54 995
54 1098
54 1111
54 1112
55 91
55 124
55 130
55 208
55 240
55 256
55 424
55 473
55 510
55 590
55 861
55 944
56 73
56 98
56 143
56 260
56 377
56 378
56 430
56 459
56 529
56 567
56 614
56 621
56 648
56 666
56 726
56 819
56 852
56 921
56 1120
56 1207
57 452
58 66
58 115
58 122
58 162
58 305
58 422
58 578
58 605
58 724
58 735
58 880
58 980
58 1049
58 1053
58 1075
58 1101
58 1197
58 1212
59 63
59 64
59 70
59 88
59 90
59 108
59 124
59 193
59 221
59 241
59 311
59 361
59 473
59 590
59 861
59 863
59 884
59 972
59 1114
59 1136
59 1140
59 1153
59 1240
60 171
60 185
60 301
60 400
60 944
60 1091
61 158
61 163
61 204
61 218
61 280
61 317
61 492
61 665
61 823
61 843
61 903
61 923
61 1033
61 1133
62 105
62 111
62 123
62 142
62 170
62 175
62 190
62 257
62 264
62 278
62 288
62 329
62 330
62 334
62 411
62 552
62 555
62 570
62 599
62 606
62 696
62 769
62 783
62 787
62 849
62 984
62 1109
62 1115
62 1119
63 70
63 71
63 74
63 78
63 88
63 98
63 108
63 113
63 128
63 135
63 165
63 193
63 208
63 221
63 291
63 337
63 361
63 473
63 590
63 666
63 726
63 773
63 786
63 847
63 863
63 921
63 923
63 972
63 983
63 1004
63 1120
63 1136
63 1145
63 1164
63 1208
64 69
64 70
64 71
64 88
64 90
64 193
64 221
64 241
64 267
64 270
64 279
64 361
64 369
64 473
64 511
64 587
64 837
64 861
64 863
64 884
64 906
64 916
64 972
64 1114
64 1153
64 1240
65 381
65 434
65 489
65 494
65 551
65 678
65 810
65 976
65 1040
65 1095
65 1175
66 69
66 70
66 122
66 193
66 241
66 257
66 258
66 305
66 386
66 422
66 471
66 552
66 570
66 578
66 587
66 605
66 606
66 659
66 696
66 735
66 754
66 769
66 880
66 920
66 980
66 984
66 1101
66 1115
66 1136
66 1157
66 1197
66 1212
67 72
67 84
67 167
67 393
67 444
67 549
67 643
67 930
67 935
67 1124
68 382
68 525
68 541
68 868
68 891
68 1083
68 1141
68 1172
69 70
69 71
69 88
69 90
69 118
69 122
69 149
69 193
69 221
69 241
69 267
69 270
69 369
69 422
69 471
69 511
69 570
69 578
69 587
69 605
69 880
69 884
69 906
69 980
69 984
69 1114
69 1136
69 1153
69 1157
69 1197
69 1212
69 1234
70 71
70 74
70 88
70 90
70 108
70 113
70 122
70 193
70 220
70 221
70 241
70 257
70 263
70 311
70 337
70 347
70 399
70 471
70 487
70 570
70 587
70 659
70 666
70 769
70 861
70 863
70 884
70 1004
70 1114
70 1136
70 1153
70 1157
70 1212
70 1240
71 74
71 78
71 88
71 108
71 113
71 128
71 155
71 165
71 193
71 221
71 241
71 279
71 291
71 337
71 361
71 471
71 473
71 496
71 659
71 666
71 773
71 847
71 852
71 863
71 921
71 923
71 972
71 1114
71 1120
71 1136
71 1157
71 1164
72 84
72 167
72 393
72 444
72 549
72 643
72 930
73 129
73 143
73 166
73 325
73 328
73 378
73 459
73 529
73 621
73 818
73 974
73 1207
74 78
74 88
74 108
74 113
74 128
74 155
74 165
74 193
74 244
74 258
74 291
74 337
74 471
74 496
74 621
74 659
74 666
74 726
74 754
74 847
74 852
74 921
74 923
74 1098
74 1120
74 1136
74 1164
74 1208
75 427
75 443
75 534
75 547
75 757
75 870
75 873
75 908
75 950
75 1057
75 1060
75 1094
76 99
76 104
76 139
76 265
76 274
76 324
76 394
76 516
76 601
76 602
76 775
76 784
76 811
76 1054
76 1086
76 1161
76 1178
77 176
77 240
77 289
77 298
77 495
77 502
77 537
77 612
77 680
77 1243
78 128
78 135
78 163
78 165
78 218
78 279
78 291
78 337
78 349
78 361
78 473
78 492
78 590
78 726
78 773
78 786
78 847
78 863
78 921
78 923
78 972
78 983
78 1033
78 1120
78 1133
78 1136
78 1145
78 1164
78 1208
79 358
79 384
79 667
79 1068
79 1100
79 1209
80 141
80 441
80 484
80 802
80 890
80 1070
80 1235
81 115
81 214
81 250
81 389
81 412
81 539
81 588
81 681
81 724
81 755
81 779
81 800
81 969
81 978
81 981
81 982
81 1080
81 1122
82 232
82 321
82 397
82 417
82 475
82 623
82 639
82 878
82 994
82 1125
83 102
83 203
83 342
83 543
83 593
83 748
83 797
83 826
84 167
84 393
84 444
84 549
84 642
84 643
84 930
84 935
84 1124
85 807
85 956
85 988
86 126
86 359
86 434
86 476
86 494
86 531
86 551
86 591
86 654
86 678
86 712
86 732
86 810
86 905
86 1028
86 1175
87 124
87 130
87 171
87 347
87 448
87 482
87 514
87 675
87 888
87 944
87 959
87 960
87 1011
87 1187
87 1191
88 90
88 108
88 113
88 128
88 193
88 220
88 221
88 241
88 270
88 279
88 291
88 311
88 337
88 361
88 369
88 471
88 473
88 590
88 659
88 847
88 861
88 863
88 884
88 906
88 972
88 1114
88 1136
88 1153
88 1157
88 1240
89 212
89 515
89 701
89 809
89 1142
90 108
90 124
90 130
90 193
90 220
90 221
90 241
90 263
90 311
90 347
90 473
90 587
90 861
90 863
90 884
90 1114
90 1153
90 1166
90 1240
91 120
91 124
91 130
91 148
91 424
91 445
91 514
91 676
91 944
91 1140
91 1191
92 250
92 412
92 681
92 779
92 969
92 982
92 1053
93 249
93 259
93 953
94 214
94 285
94 439
94 765
94 978
94 1084
94 1246
95 261
95 328
95 385
95 426
95 818
95 831
95 1167
96 186
96 518
96 1223
97 102
97 262
97 298
97 349
97 407
97 495
97 546
97 612
97 797
97 862
97 895
97 1145
97 1169
97 1195
97 1243
98 165
98 208
98 260
98 262
98 275
98 377
98 529
98 567
98 648
98 726
98 786
98 819
98 921
98 1120
98 1164
98 1182
98 1208
98 1225
99 253
99 265
99 324
99 507
99 516
99 592
99 602
99 689
99 708
99 775
99 784
99 811
99 864
99 1054
99 1086
99 1161
99 1178
100 131
100 207
100 390
100 431
100 1129
100 1181
100 1215
100 1236
101 239
101 804
101 888
101 1011
101 1021
101 1244
102 203
102 409
102 466
102 543
102 546
102 748
102 797
102 1169
103 336
103 1151
104 139
104 160
104 253
104 265
104 302
104 303
104 324
104 357
104 428
104 453
104 513
104 516
104 560
104 583
104 602
104 775
104 784
104 811
104 839
104 1014
104 1054
104 1161
104 1221
105 111
105 123
105 142
105 170
105 190
105 257
105 278
105 288
105 329
105 330
105 411
105 552
105 555
105 570
105 599
105 696
105 728
105 750
105 783
105 787
105 849
105 984
105 1109
105 1115
105 1119
105 1171
106 467
106 698
106 731
106 896
106 918
106 1013
106 1036
106 1071
107 346
107 450
107 650
107 669
107 687
107 788
107 1187
108 113
108 124
108 193
108 208
108 220
108 241
108 257
108 260
108 311
108 337
108 347
108 399
108 471
108 473
108 487
108 510
108 590
108 659
108 666
108 769
108 861
108 863
108 884
108 1004
108 1114
108 1136
108 1153
108 1157
108 1240
109 153
109 229
109 234
109 276
109 343
109 957
109 1019
109 1238
110 343
110 400
110 423
110 556
110 645
110 672
110 813
111 123
111 175
111 257
111 264
111 278
111 288
111 329
111 334
111 340
111 376
111 399
111 411
111 487
111 552
111 555
111 570
111 606
111 769
111 783
111 787
111 849
111 984
111 1109
111 1115
111 1209
111 1219
112 252
112 515
112 604
112 1047
113 122
113 165
113 193
113 208
113 220
113 241
113 257
113 260
113 311
113 337
113 399
113 471
113 487
113 510
113 659
113 666
113 769
113 861
113 863
113 884
113 921
113 1004
113 1114
113 1120
113 1136
113 1153
113 1157
114 142
114 214
114 258
114 264
114 334
114 340
114 386
114 528
114 606
114 740
114 754
114 755
114 765
114 800
114 869
114 920
114 1041
114 1077
114 1246
115 305
115 389
115 412
115 509
115 526
115 588
115 724
115 755
115 800
115 882
115 969
115 981
115 982
115 1101
115 1122
116 596
116 794
116 1076
117 164
117 198
117 538
117 613
117 625
117 686
117 762
117 1035
117 1064
118 145
118 149
118 224
118 267
118 270
118 373
118 511
118 578
118 587
118 605
118 837
118 867
118 906
118 1075
118 1093
118 1198
118 1234
119 172
119 212
119 351
119 701
119 1156
119 1174
120 148
120 176
120 240
120 256
120 424
120 445
120 473
120 670
120 1140
121 382
121 384
121 437
121 858
121 891
121 941
121 1068
121 1073
121 1083
121 1172
122 193
122 220
122 241
122 257
122 258
122 305
122 386
122 422
122 471
122 552
122 570
122 578
122 587
122 606
122 659
122 696
122 735
122 754
122 769
122 880
122 920
122 980
122 984
122 1101
122 1115
122 1136
122 1157
122 1197
122 1212
123 278
123 288
123 329
123 376
123 411
123 552
123 555
123 783
123 787
123 849
123 984
123 1109
123 1115
123 1209
124 130
124 311
124 347
124 448
124 473
124 482
124 510
124 590
124 861
124 863
124 884
124 944
124 959
124 1114
124 1140
124 1153
124 1191
124 1240
125 253
125 265
125 303
125 356
125 368
125 398
125 406
125 508
125 560
125 827
125 886
125 943
125 1221
126 162
126 217
126 359
126 476
126 494
126 531
126 591
126 654
126 678
126 712
126 732
126 739
126 743
126 1032
126 1049
126 1075
127 170
127 310
127 329
127 330
127 483
127 750
127 924
127 999
127 1172
127 1194
128 135
128 155
128 163
128 165
128 193
128 218
128 279
128 291
128 337
128 361
128 473
128 492
128 496
128 726
128 773
128 786
128 847
128 863
128 921
128 923
128 972
128 983
128 1033
128 1120
128 1133
128 1136
128 1145
128 1164
128 1208
129 244
129 328
129 426
129 459
129 621
129 818
129 869
129 1041
129 1207
130 311
130 347
130 356
130 448
130 482
130 514
130 675
130 861
130 888
130 944
130 959
130 960
130 1011
130 1191
130 1240
131 207
131 390
131 431
131 478
131 637
131 1129
131 1181
131 1215
131 1236
132 307
132 383
132 396
132 703
133 452
133 497
133 1210
134 172
134 181
134 351
134 635
134 988
135 163
135 165
135 204
135 218
135 256
135 262
135 280
135 291
135 337
135 349
135 473
135 492
135 726
135 773
135 786
135 862
135 863
135 895
135 921
135 923
135 972
135 983
135 1033
135 1120
135 1128
135 1133
135 1145
135 1164
135 1208
136 281
136 456
136 501
136 668
136 711
136 720
136 766
136 942
136 964
136 1055
136 1147
137 161
137 209
137 225
137 261
137 385
137 440
137 619
137 749
137 995
137 1155
138 174
138 573
138 879
139 253
139 265
139 302
139 303
139 357
139 406
139 428
139 451
139 453
139 481
139 513
139 516
139 560
139 583
139 602
139 775
139 784
139 811
139 1014
139 1054
139 1161
140 198
140 236
140 248
140 443
140 534
140 538
140 617
140 762
140 908
140 1060
140 1064
140 1094
141 484
141 763
141 802
141 890
141 1070
141 1137
141 1235
142 175
142 190
142 250
142 257
142 264
142 334
142 412
142 552
142 558
142 599
142 606
142 755
142 783
142 920
142 982
142 1109
142 1115
142 1119
143 166
143 206
143 325
143 378
143 459
143 463
143 529
143 614
143 648
143 974
144 319
144 684
145 149
145 263
145 373
145 425
145 570
145 578
145 587
145 696
145 725
145 867
145 870
145 901
145 984
145 1166
145 1171
145 1198
147 709
147 795
147 986
147 1196
148 176
148 240
148 256
148 424
148 445
148 502
148 1140
149 263
149 373
149 570
149 578
149 587
149 605
149 696
149 725
149 735
149 867
149 901
149 906
149 980
149 984
149 1166
149 1171
149 1198
149 1212
149 1234
150 166
150 206
150 299
150 325
150 493
150 598
150 974
150 985
150 987
151 213
151 229
151 318
151 327
151 345
151 892
151 919
151 1071
151 1104
151 1203
151 1205
152 173
152 341
152 540
152 616
152 759
152 1031
152 1088
152 1195
153 234
153 343
153 836
153 957
153 1025
153 1238
154 179
154 269
155 163
155 193
155 197
155 217
155 251
155 279
155 291
155 337
155 361
155 471
155 496
155 509
155 591
155 739
155 847
155 923
155 1098
155 1111
155 1112
155 1249
156 403
156 756
156 1027
157 326
157 705
157 1097
158 163
158 280
158 317
158 395
158 823
158 843
158 903
158 1128
158 1133
159 196
159 506
159 619
160 180
160 266
160 302
160 357
160 453
160 513
160 536
160 670
160 811
160 839
160 1043
160 1221
160 1224
161 209
161 225
161 261
161 385
161 440
161 619
161 749
161 995
161 1112
161 1155
162 217
162 359
162 605
162 712
162 732
162 743
162 1032
162 1049
162 1075
162 1101
163 204
163 218
163 279
163 280
163 291
163 317
163 337
163 361
163 492
163 496
163 665
163 773
163 786
163 823
163 843
163 847
163 923
163 972
163 983
163 1033
163 1133
164 464
164 613
164 686
164 933
165 208
165 260
165 262
165 291
165 337
165 349
165 473
165 590
165 726
165 773
165 786
165 847
165 852
165 863
165 921
165 923
165 972
165 983
165 1120
165 1128
165 1133
165 1136
165 1145
165 1164
165 1208
166 206
166 299
166 325
166 459
166 463
166 493
166 974
167 310
167 393
167 444
167 549
167 559
167 642
167 930
167 935
168 792
168 1050
168 1180
170 190
170 288
170 329
170 330
170 354
170 483
170 599
170 750
170 783
170 1119
170 1194
171 185
171 301
171 650
171 675
171 944
171 1091
171 1187
171 1191
172 181
172 351
172 635
172 1174
173 341
173 380
173 435
173 566
173 1031
173 1072
173 1116
174 296
174 573
174 653
174 879
175 190
175 257
175 264
175 329
175 334
175 340
175 411
175 552
175 555
175 606
175 769
175 849
175 1083
175 1109
175 1115
175 1141
175 1209
175 1219
176 240
176 256
176 298
176 424
176 445
176 495
176 502
176 612
176 687
176 1243
177 210
178 304
178 430
178 614
178 645
178 648
178 819
179 269
180 266
180 453
180 536
180 670
180 837
180 839
180 856
180 910
180 916
180 1043
180 1224
181 351
181 635
181 649
181 791
181 807
181 956
182 632
182 668
182 716
182 766
182 1138
182 1226
184 254
184 262
184 546
184 609
184 1169
184 1225
185 243
185 301
185 306
185 314
185 400
185 510
185 672
185 1100
187 391
187 463
187 541
187 764
187 765
187 1141
187 1246
188 480
188 1181
189 522
189 562
189 911
189 1199
190 250
190 264
190 330
190 334
190 541
190 558
190 599
190 606
190 640
190 755
190 783
190 1115
190 1119
190 1219
191 203
191 317
191 342
191 388
191 395
191 466
191 593
191 777
191 897
191 903
192 194
192 576
192 1149
193 220
193 221
193 241
193 258
193 279
193 291
193 337
193 361
193 369
193 422
193 471
193 659
193 666
193 847
193 863
193 884
193 906
193 972
193 980
193 1004
193 1114
193 1136
193 1153
193 1157
193 1197
193 1212
194 576
194 618
194 1149
195 630
195 829
195 835
195 858
195 860
195 1073
196 929
197 209
197 217
197 225
197 251
197 457
197 496
197 509
197 739
197 995
197 1001
197 1032
197 1098
197 1111
197 1112
197 1249
198 236
198 248
198 538
198 617
198 625
198 762
198 1064
199 331
199 574
199 607
199 825
199 1045
199 1093
199 1102
199 1144
200 333
200 1087
201 1029
202 274
202 394
202 710
202 806
202 945
202 1018
202 1058
203 342
203 395
203 409
203 466
203 543
203 593
203 748
203 797
203 826
204 218
204 280
204 317
204 492
204 632
204 665
204 777
204 850
204 983
204 1012
204 1033
204 1138
204 1145
205 363
205 413
205 512
205 608
205 692
205 834
205 965
206 299
206 325
206 463
206 614
206 974
207 234
207 390
207 433
207 1129
207 1181
207 1215
208 256
208 260
208 275
208 314
208 377
208 487
208 510
208 567
208 590
208 666
208 1004
208 1136
209 225
209 244
209 261
209 328
209 385
209 440
209 509
209 621
209 749
209 852
209 882
209 995
209 1098
209 1112
209 1155
211 220
211 263
211 311
211 314
211 347
211 376
211 399
211 487
211 667
211 787
211 884
211 888
211 959
211 960
211 1100
211 1153
211 1209
212 701
212 809
212 1142
213 229
213 318
213 327
213 344
213 345
213 433
213 907
213 919
213 1071
213 1104
213 1203
213 1205
214 412
214 528
214 539
214 588
214 740
214 755
214 765
214 800
214 978
214 981
214 1080
214 1246
215 356
215 508
215 560
215 676
215 721
215 752
215 886
215 1014
216 634
216 655
216 730
216 793
217 251
217 457
217 494
217 509
217 532
217 591
217 732
217 739
217 1001
217 1032
217 1111
217 1249
218 279
218 280
218 291
218 317
218 361
218 492
218 665
218 773
218 777
218 786
218 923
218 972
218 983
218 1033
218 1145
219 875
220 241
220 257
220 263
220 311
220 347
220 399
220 411
220 471
220 487
220 510
220 552
220 570
220 659
220 666
220 769
220 787
220 849
220 861
220 884
220 1004
220 1109
220 1114
220 1136
220 1153
220 1157
220 1240
221 241
221 267
221 270
221 279
221 337
221 361
221 369
221 473
221 590
221 861
221 863
221 906
221 972
221 1114
221 1136
221 1140
221 1240
222 360
222 486
222 722
222 812
222 1160
223 816
223 881
223 917
223 952
223 1127
223 1128
224 267
224 270
224 373
224 511
224 837
224 867
224 906
224 1093
224 1198
224 1234
225 261
225 440
225 457
225 702
225 749
225 995
225 1001
225 1155
225 1206
226 312
227 376
227 425
227 427
227 443
227 534
227 667
227 757
227 865
227 873
227 950
227 1057
227 1061
227 1094
227 1139
227 1166
228 236
228 253
228 294
228 455
228 592
228 617
228 689
228 708
228 762
228 1139
228 1161
229 234
229 318
229 345
229 774
229 957
229 1203
230 322
230 403
231 561
232 321
232 397
232 417
232 475
232 623
232 639
232 878
232 994
232 1125
233 608
233 692
233 1134
233 1229
234 390
234 892
234 957
234 1238
235 1162
235 1177
236 248
236 538
236 617
236 625
236 653
236 663
236 689
236 708
236 762
236 1060
236 1064
237 309
237 742
238 240
238 298
238 446
238 563
238 745
238 788
238 830
238 832
239 368
239 782
239 804
239 1011
239 1021
239 1244
240 256
240 298
240 424
240 445
240 495
240 502
240 687
240 745
240 944
241 257
241 263
241 311
241 347
241 471
241 570
241 587
241 659
241 769
241 861
241 863
241 884
241 906
241 1004
241 1114
241 1136
241 1153
241 1157
241 1197
241 1212
241 1240
242 945
243 306
243 314
243 358
243 400
243 499
243 630
243 672
243 829
243 835
243 858
243 912
243 1073
243 1100
244 328
244 621
244 726
244 852
244 921
244 923
244 954
244 995
244 1098
244 1112
244 1120
244 1155
246 348
246 1223
247 454
248 538
248 617
248 625
248 689
248 708
248 762
248 1060
248 1064
249 259
249 707
249 953
250 412
250 539
250 541
250 558
250 599
250 640
250 681
250 755
250 779
250 871
250 982
250 1080
250 1119
251 457
251 496
251 509
251 532
251 591
251 732
251 739
251 1001
251 1032
251 1111
251 1249
252 462
252 515
252 604
252 683
252 1047
253 265
253 294
253 302
253 303
253 324
253 357
253 455
253 516
253 560
253 592
253 602
253 775
253 784
253 811
253 1054
253 1161
253 1221
254 289
254 298
254 407
254 446
254 495
254 546
254 609
254 1169
254 1182
254 1195
254 1225
254 1243
255 748
255 826
255 893
256 262
256 298
256 407
256 424
256 473
256 495
256 590
256 773
256 863
256 944
256 983
256 1145
256 1243
257 258
257 264
257 334
257 340
257 386
257 399
257 411
257 471
257 487
257 552
257 570
257 606
257 659
257 666
257 769
257 783
257 787
257 849
257 880
257 884
257 920
257 984
257 1004
257 1109
257 1115
257 1153
257 1157
257 1197
257 1209
257 1212
258 305
258 386
258 422
258 471
258 509
258 552
258 606
258 659
258 666
258 735
258 754
258 880
258 882
258 920
258 980
258 1041
258 1077
258 1101
258 1136
258 1157
258 1197
258 1212
260 275
260 377
260 529
260 567
260 666
260 726
260 819
260 921
260 1004
260 1120
260 1136
261 328
261 385
261 440
261 619
261 749
261 818
261 995
261 1155
262 298
262 349
262 377
262 407
262 495
262 786
262 862
262 895
262 917
262 1145
262 1164
262 1169
262 1182
262 1208
262 1225
262 1243
263 278
263 311
263 347
263 376
263 411
263 425
263 570
263 587
263 787
263 861
263 884
263 984
263 1109
263 1114
263 1153
263 1166
263 1171
263 1240
264 334
264 340
264 411
264 552
264 555
264 606
264 769
264 849
264 1109
264 1115
264 1141
264 1209
264 1219
265 303
265 324
265 357
265 406
265 428
265 507
265 516
265 560
265 583
265 592
265 602
265 775
265 784
265 811
265 1161
266 302
266 357
266 453
266 513
266 536
266 670
266 839
266 1043
266 1221
266 1224
267 270
267 369
267 373
267 511
267 837
267 906
267 916
267 1093
267 1114
267 1234
268 320
268 402
268 460
268 746
268 853
270 369
270 373
270 511
270 837
270 906
270 916
270 1093
270 1114
270 1234
271 297
271 626
271 925
272 295
272 381
272 494
272 519
272 531
272 551
272 591
272 654
272 678
272 732
272 739
272 810
272 976
272 1040
272 1214
272 1249
274 394
274 601
274 1054
274 1058
275 306
275 314
275 377
275 487
275 510
275 567
275 912
275 1004
276 343
276 400
276 957
276 1019
276 1185
278 288
278 329
278 376
278 411
278 425
278 427
278 552
278 555
278 570
278 696
278 757
278 787
278 870
278 984
278 1057
278 1109
278 1115
278 1171
278 1209
279 291
279 337
279 361
279 369
279 492
279 496
279 739
279 773
279 847
279 863
279 923
279 972
280 317
280 349
280 395
280 466
280 492
280 777
280 786
280 823
280 843
280 895
280 903
280 954
280 1033
280 1128
280 1133
281 346
281 379
281 687
281 711
281 1017
281 1147
282 449
282 720
282 922
282 1096
283 1107
285 486
285 1084
286 802
286 1070
286 1137
287 728
287 901
287 947
287 1042
287 1110
287 1184
288 329
288 411
288 552
288 570
288 599
288 696
288 728
288 750
288 783
288 870
288 984
288 1109
288 1115
288 1119
288 1171
289 298
289 446
289 495
289 540
289 563
289 609
289 612
289 616
289 832
289 1195
289 1243
291 337
291 361
291 473
291 492
291 496
291 726
291 773
291 786
291 847
291 852
291 863
291 921
291 923
291 972
291 983
291 1033
291 1098
291 1120
291 1133
291 1136
291 1145
291 1164
291 1208
292 414
292 832
292 1023
292 1179
292 1232
293 323
293 841
294 324
294 455
294 516
294 592
294 607
294 775
294 784
294 811
294 1054
294 1161
295 332
295 359
295 494
295 531
295 532
295 551
295 591
295 654
295 678
295 732
295 810
295 1032
295 1040
295 1214
296 573
296 677
296 1045
297 925
297 966
298 407
298 446
298 495
298 502
298 612
298 745
298 862
298 1169
298 1182
298 1225
298 1243
299 325
299 493
299 598
299 987
301 400
301 672
301 830
301 1091
302 303
302 324
302 357
302 453
302 513
302 516
302 560
302 583
302 602
302 775
302 784
302 811
302 839
302 1014
302 1043
302 1054
302 1161
302 1221
302 1224
303 357
303 428
303 451
303 453
303 481
303 513
303 516
303 560
303 583
303 602
303 775
303 811
303 886
303 1014
303 1054
303 1161
303 1221
304 430
304 614
305 386
305 389
305 422
305 471
305 509
305 724
305 735
305 754
305 800
305 880
305 882
305 920
305 980
305 1041
305 1077
305 1101
305 1111
305 1197
305 1212
306 314
306 399
306 487
306 510
306 630
306 672
306 829
306 858
306 912
306 1100
307 383
307 595
307 673
307 703
308 327
308 731
308 1071
308 1104
308 1205
310 483
310 549
310 559
310 924
310 999
310 1194
311 347
311 376
311 399
311 487
311 510
311 659
311 769
311 787
311 861
311 884
311 1004
311 1114
311 1136
311 1153
311 1157
311 1240
312 1039
313 475
313 569
313 646
313 1213
314 399
314 487
314 510
314 630
314 672
314 829
314 858
314 912
314 1004
314 1100
315 716
315 1012
315 1095
316 472
316 760
316 803
316 840
316 899
316 1148
317 492
317 632
317 665
317 777
317 850
317 983
317 1012
317 1033
317 1145
318 327
318 345
318 433
318 907
318 919
318 1104
318 1203
319 387
319 684
319 999
319 1135
320 402
320 460
320 746
320 853
321 397
321 417
321 623
321 639
321 878
321 994
321 1126
323 841
324 357
324 455
324 516
324 592
324 602
324 708
324 775
324 784
324 811
324 864
324 1054
324 1161
325 378
325 493
325 808
325 974
325 985
325 987
326 705
326 1097
327 344
327 345
327 1013
327 1071
327 1104
327 1203
327 1205
328 385
328 426
328 621
328 778
328 818
328 831
328 882
328 995
328 1155
328 1207
329 330
329 411
329 483
329 552
329 555
329 599
329 750
329 783
329 787
329 849
329 1109
329 1115
329 1119
329 1194
329 1209
330 483
330 558
330 599
330 640
330 750
330 783
330 1119
330 1172
330 1194
331 574
331 607
331 653
331 663
331 825
331 1045
331 1102
331 1144
332 457
332 532
332 799
332 1001
332 1032
333 519
333 1047
333 1087
333 1214
334 340
334 411
334 552
334 555
334 606
334 769
334 849
334 1109
334 1115
334 1141
334 1219
336 435
336 447
336 1105
337 361
337 471
337 473
337 496
337 590
337 666
337 726
337 773
337 786
337 847
337 852
337 863
337 921
337 923
337 972
337 983
337 1120
337 1136
337 1164
337 1208
338 363
338 388
338 413
338 965
338 1241
339 1151
340 399
340 487
340 552
340 555
340 606
340 659
340 769
340 849
340 1109
340 1115
340 1219
341 380
341 435
341 537
341 566
341 680
341 1072
341 1096
342 435
342 543
342 593
342 748
342 809
342 1105
343 400
343 556
343 1019
343 1025
343 1185
344 345
344 904
344 919
344 1071
344 1089
344 1104
344 1203
344 1205
345 774
345 919
345 1104
345 1203
346 687
346 688
347 376
347 399
347 448
347 482
347 487
347 510
347 787
347 861
347 884
347 959
347 1004
347 1153
347 1240
348 1223
349 407
349 492
349 495
349 546
349 773
349 786
349 862
349 895
349 917
349 983
349 1033
349 1128
349 1133
349 1145
349 1164
349 1169
349 1208
349 1243
350 545
350 1008
351 635
351 1174
354 559
354 750
354 947
354 1110
354 1245
355 1020
356 368
356 398
356 448
356 482
356 508
356 514
356 1011
356 1191
356 1221
357 453
357 513
357 516
357 560
357 583
357 602
357 775
357 784
357 811
357 839
357 1014
357 1043
357 1054
357 1161
357 1221
357 1224
358 384
358 499
358 774
358 1100
358 1132
359 476
359 494
359 531
359 551
359 591
359 654
359 678
359 712
359 732
359 739
359 743
359 810
360 486
360 722
360 885
360 1084
360 1160
361 369
361 473
361 492
361 496
361 773
361 847
361 863
361 923
361 972
361 983
361 1033
361 1114
362 476
362 477
362 629
362 846
362 931
362 1079
362 1082
362 1173
363 413
363 512
363 834
363 965
365 589
366 405
366 679
368 455
368 1139
368 1221
369 496
369 511
369 739
369 837
369 847
369 906
369 916
369 972
369 1114
369 1234
370 622
372 639
372 994
372 1135
373 511
373 837
373 867
373 906
373 1093
373 1198
373 1234
374 674
374 699
375 474
375 1067
375 1152
376 399
376 411
376 425
376 487
376 667
376 769
376 787
376 884
376 1109
376 1153
376 1209
377 430
377 529
377 567
377 648
377 819
377 1182
377 1225
378 430
378 459
378 529
378 614
378 648
379 456
379 711
379 1055
380 435
380 537
380 566
380 680
380 1072
380 1096
381 494
381 531
381 551
381 591
381 654
381 678
381 732
381 739
381 810
381 976
381 1040
381 1175
381 1214
381 1249
382 387
382 437
382 891
382 941
382 1083
382 1172
383 396
383 595
383 673
383 703
384 437
384 858
384 938
384 1068
384 1073
385 440
385 619
385 749
385 818
385 995
385 1155
386 471
386 528
386 606
386 659
386 666
386 740
386 754
386 800
386 869
386 880
386 882
386 920
386 1041
386 1077
386 1157
386 1197
387 891
387 999
387 1135
387 1172
388 632
388 777
388 897
388 1241
389 412
389 526
389 588
389 618
389 724
389 800
389 969
389 981
389 982
389 1101
389 1122
390 431
390 1123
390 1129
390 1181
390 1236
391 463
391 764
391 765
391 798
391 1141
391 1246
392 522
392 693
392 1232
393 444
393 549
393 643
393 930
393 935
393 1124
394 481
394 601
394 710
394 806
394 839
394 1018
394 1054
394 1058
395 409
395 466
395 903
396 703
397 417
397 623
397 639
397 878
397 904
397 994
397 1089
398 508
398 560
398 782
398 827
398 886
398 943
399 411
399 487
399 552
399 555
399 630
399 659
399 769
399 787
399 849
399 884
399 912
399 1004
399 1109
399 1153
399 1157
399 1209
400 672
400 829
401 554
401 877
401 1146
401 1218
402 460
402 746
402 853
403 756
403 1027
405 679
406 428
406 451
406 560
406 583
406 827
406 886
406 943
407 446
407 495
407 546
407 612
407 862
407 895
407 1145
407 1169
407 1182
407 1225
407 1243
408 771
408 927
409 466
409 748
409 809
409 893
409 903
410 628
411 487
411 552
411 555
411 570
411 606
411 696
411 769
411 783
411 787
411 849
411 984
411 1109
411 1115
411 1157
411 1171
411 1209
412 539
412 558
412 588
412 681
412 724
412 755
412 779
412 800
412 871
412 969
412 982
412 1080
412 1122
413 512
413 608
413 965
414 961
414 1017
414 1179
414 1232
415 533
415 535
415 1053
416 418
416 564
416 781
416 845
417 623
417 639
417 646
417 878
417 994
417 1125
418 504
418 564
418 626
418 845
420 652
420 719
421 596
421 794
421 909
421 1076
422 471
422 570
422 578
422 587
422 605
422 735
422 754
422 880
422 906
422 920
422 980
422 1075
422 1101
422 1111
422 1197
422 1212
422 1234
423 556
423 813
423 1185
424 445
424 473
424 502
424 590
424 983
424 1140
425 427
425 443
425 534
425 725
425 757
425 908
425 1057
425 1094
425 1139
425 1166
426 778
426 831
426 985
426 1167
427 443
427 534
427 757
427 865
427 870
427 873
427 908
427 950
427 1057
427 1060
427 1094
428 451
428 481
428 560
428 583
428 602
428 1014
428 1178
430 529
430 567
430 614
430 648
430 819
431 637
431 1129
431 1181
431 1215
431 1236
433 478
433 637
433 907
434 489
434 531
434 551
434 654
434 678
434 856
434 905
434 910
434 1095
434 1175
435 593
435 897
435 1072
435 1105
436 633
436 864
436 1086
436 1233
437 858
437 891
437 941
437 1068
437 1073
437 1083
437 1172
438 723
438 762
438 790
439 520
439 764
440 619
440 702
440 749
440 995
440 1001
440 1112
440 1155
441 744
441 802
441 890
441 1235
442 915
443 534
443 547
443 757
443 762
443 870
443 873
443 908
443 950
443 1057
443 1060
443 1094
444 549
444 643
444 930
445 473
445 670
445 1140
446 495
446 563
446 612
446 745
446 832
446 1243
448 482
448 514
448 675
448 888
448 944
448 959
448 960
448 1011
448 1187
448 1191
449 512
449 720
449 766
449 834
449 922
449 964
450 650
450 688
450 1024
451 481
451 560
451 583
451 752
451 886
451 1014
452 497
453 513
453 516
453 536
453 602
453 775
453 811
453 839
453 1014
453 1043
453 1054
453 1224
455 592
455 602
455 689
455 708
455 762
455 784
455 790
455 1161
456 711
456 752
456 1055
456 1147
457 509
457 532
457 591
457 702
457 732
457 739
457 1001
457 1032
457 1111
457 1249
458 951
459 529
459 621
459 648
459 869
459 974
459 1207
461 679
462 515
462 604
462 967
462 1047
463 697
463 764
463 798
463 974
464 737
464 842
464 899
464 1035
465 609
465 627
465 1056
465 1088
466 893
466 903
467 698
467 731
467 892
467 896
467 1013
468 479
468 527
468 568
468 644
468 685
468 821
468 963
468 1023
469 973
471 659
471 666
471 754
471 847
471 880
471 920
471 980
471 1077
471 1136
471 1157
471 1197
471 1212
472 760
472 840
472 894
472 1131
473 492
473 590
473 773
473 861
473 863
473 972
473 983
473 1114
473 1140
473 1164
474 624
474 751
474 1067
475 569
475 639
475 994
476 712
476 876
476 1028
477 846
477 913
477 1082
477 1113
477 1173
478 637
478 892
478 907
479 540
479 563
479 616
479 644
479 821
479 832
479 1023
480 1181
481 583
481 710
481 806
481 902
481 1014
481 1018
482 514
482 675
482 888
482 944
482 959
482 960
482 1011
482 1187
482 1191
483 750
483 924
483 999
483 1172
483 1194
484 727
484 763
484 890
484 1070
484 1124
484 1137
485 652
485 1036
486 722
486 1084
486 1160
487 510
487 630
487 659
487 666
487 769
487 787
487 849
487 884
487 912
487 1004
487 1109
487 1153
487 1157
487 1209
488 544
489 856
489 905
489 910
489 1095
489 1159
489 1175
490 733
490 1034
490 1192
491 967
491 1034
491 1156
491 1227
492 665
492 773
492 777
492 786
492 863
492 972
492 983
492 1033
492 1145
493 598
493 974
493 985
493 987
494 531
494 532
494 551
494 591
494 654
494 678
494 732
494 739
494 810
494 976
494 1032
494 1040
494 1214
494 1249
495 546
495 612
495 862
495 895
495 1145
495 1169
495 1182
495 1225
495 1243
496 591
496 739
496 847
496 923
496 972
496 1098
496 1111
496 1112
496 1249
499 675
499 888
499 957
499 960
499 1100
499 1132
501 668
501 711
501 720
501 766
501 942
501 964
501 1055
501 1147
502 612
502 687
502 1179
504 626
504 845
505 1215
506 997
507 592
507 689
507 708
507 864
507 1086
507 1233
508 514
508 688
508 886
509 754
509 882
509 1032
509 1041
509 1077
509 1101
509 1111
509 1155
510 590
510 861
510 912
510 944
510 1004
510 1153
511 837
511 906
511 910
511 916
511 1093
511 1234
512 834
512 942
512 965
513 536
513 560
513 583
513 839
513 1014
513 1043
513 1106
513 1224
514 675
514 888
514 959
514 1011
514 1187
514 1191
515 604
515 1047
515 1081
516 592
516 602
516 775
516 784
516 811
516 839
516 1054
516 1161
517 1024
518 939
518 1015
518 1223
519 810
519 976
519 1040
519 1214
521 844
522 693
522 1162
522 1199
524 601
524 671
524 1178
525 640
525 868
525 871
525 1080
526 530
526 600
526 618
526 724
526 800
526 981
526 989
526 1122
526 1206
527 568
527 580
527 669
527 682
527 685
527 788
527 854
527 961
527 963
527 1023
528 740
528 778
528 800
528 869
528 882
528 981
528 1041
528 1077
528 1207
528 1246
529 567
529 614
529 648
529 819
530 597
530 600
530 812
530 828
530 989
530 1206
531 551
531 591
531 654
531 678
531 712
531 732
531 739
531 810
531 976
531 1040
531 1175
532 702
532 732
532 1001
532 1032
533 579
533 931
533 1149
534 547
534 757
534 762
534 790
534 865
534 873
534 908
534 950
534 1057
534 1060
534 1061
534 1094
535 1113
536 670
536 839
536 856
536 910
536 916
536 1043
536 1224
537 612
537 680
537 1072
537 1096
538 625
538 762
538 790
538 1035
538 1060
538 1064
539 558
539 588
539 640
539 681
539 755
539 765
539 779
539 871
539 978
539 982
539 1080
539 1122
540 616
540 644
540 832
540 1088
541 558
541 599
541 640
541 765
541 871
541 1080
541 1119
541 1141
541 1219
541 1246
542 638
543 593
543 748
543 826
543 1072
545 753
545 1008
546 609
546 797
546 862
546 895
546 917
546 1169
546 1195
546 1243
547 842
547 873
547 950
547 1035
547 1060
548 1029
549 559
549 642
549 924
549 930
549 935
549 999
550 611
550 996
551 591
551 654
551 678
551 732
551 739
551 810
551 976
551 1040
551 1175
551 1214
552 555
552 570
552 606
552 659
552 696
552 769
552 783
552 787
552 849
552 880
552 920
552 984
552 1109
552 1115
552 1157
552 1197
552 1209
552 1219
554 846
554 876
554 877
554 1146
554 1218
555 769
555 787
555 849
555 1109
555 1115
555 1209
555 1219
556 813
558 599
558 640
558 755
558 765
558 783
558 871
558 1080
558 1119
559 642
559 750
559 924
559 935
559 1245
560 583
560 602
560 752
560 886
560 1014
560 1161
560 1221
562 693
562 911
563 644
563 682
563 745
563 788
563 832
563 1023
564 781
564 845
565 753
566 1031
567 648
567 666
567 819
568 682
568 685
568 963
569 646
569 1125
569 1213
570 578
570 587
570 659
570 696
570 735
570 769
570 787
570 867
570 880
570 884
570 980
570 984
570 1109
570 1115
570 1153
570 1157
570 1171
570 1197
570 1212
572 868
573 677
574 615
574 825
574 1045
574 1102
574 1144
575 738
576 618
576 1149
578 587
578 605
578 696
578 735
578 867
578 880
578 901
578 906
578 980
578 984
578 1075
578 1101
578 1171
578 1197
578 1198
578 1212
578 1234
580 669
580 685
580 836
581 1201
582 1150
583 602
583 752
583 886
583 1014
584 968
584 1143
586 822
587 605
587 696
587 735
587 867
587 880
587 884
587 906
587 980
587 984
587 1114
587 1157
587 1166
587 1171
587 1197
587 1198
587 1212
587 1234
588 681
588 724
588 755
588 779
588 800
588 969
588 981
588 982
588 1122
590 773
590 861
590 863
590 944
590 983
590 1140
590 1164
591 654
591 678
591 732
591 739
591 810
591 976
591 1032
591 1040
591 1249
592 602
592 689
592 708
592 775
592 784
592 811
592 864
592 1054
592 1161
593 748
593 897
593 1072
593 1105
594 601
594 1217
594 1220
595 673
595 703
595 737
596 794
596 1076
597 600
597 989
597 1206
598 792
598 987
599 640
599 750
599 755
599 783
599 1115
599 1119
600 778
600 812
600 828
600 981
600 989
600 1155
601 1220
602 775
602 784
602 811
602 1014
602 1054
602 1161
602 1221
603 767
604 1047
605 735
605 743
605 867
605 880
605 906
605 980
605 1049
605 1075
605 1101
605 1197
605 1212
605 1234
606 659
606 740
606 754
606 769
606 783
606 849
606 920
606 1109
606 1115
606 1157
606 1219
607 617
607 653
607 663
607 1045
607 1102
607 1144
608 692
608 1134
608 1229
609 616
609 1088
609 1169
609 1195
612 680
612 832
612 1169
612 1243
613 625
613 686
614 648
614 819
615 1045
615 1217
615 1218
616 644
616 832
616 1088
616 1195
617 653
617 663
617 689
617 708
617 864
617 1064
618 724
618 969
618 1049
618 1206
619 749
619 815
621 726
621 852
621 869
621 882
621 1041
621 1077
621 1098
621 1112
621 1155
621 1207
623 639
623 878
623 904
623 994
623 1089
623 1125
624 1152
625 686
625 762
625 1064
627 820
627 1056
629 1079
629 1082
630 672
630 829
630 835
630 858
630 912
630 1073
630 1100
630 1209
631 824
631 1121
631 1230
632 716
632 777
632 850
632 897
632 1012
632 1138
632 1241
633 1233
634 655
634 793
634 900
635 791
635 1174
637 892
639 878
639 994
639 1125
639 1135
640 779
640 871
640 1080
640 1119
642 760
642 802
642 935
642 1016
643 930
643 998
644 821
645 813
645 830
646 1125
646 1213
648 819
649 807
649 956
650 1091
650 1187
651 1002
651 1085
652 1036
653 663
653 708
653 1045
653 1102
653 1144
654 678
654 712
654 732
654 739
654 810
654 1040
655 730
655 793
659 666
659 754
659 769
659 849
659 884
659 920
659 1004
659 1109
659 1136
659 1153
659 1157
659 1197
661 674
661 914
663 689
663 708
663 864
663 1045
663 1102
663 1144
665 777
665 850
665 983
665 1012
665 1033
665 1138
666 754
666 769
666 920
666 921
666 1004
666 1120
666 1136
666 1157
667 787
667 865
667 888
667 960
667 1061
667 1100
667 1209
668 676
668 711
668 721
668 766
668 942
668 1009
668 1055
668 1147
668 1226
669 854
669 961
670 1138
670 1140
670 1224
671 937
671 1026
671 1178
672 829
672 835
672 912
672 1100
673 737
674 914
675 888
675 959
675 960
675 1011
675 1021
675 1191
676 721
676 1009
676 1226
678 732
678 739
678 810
678 976
678 1040
678 1175
680 897
680 1072
680 1096
681 755
681 779
681 871
681 969
681 982
681 1080
681 1122
682 685
682 788
683 850
683 1012
683 1241
685 788
685 854
685 961
685 963
685 1023
687 1179
689 708
689 864
689 1086
689 1233
690 718
690 734
690 1180
691 883
691 909
691 1076
692 1229
693 911
696 728
696 735
696 783
696 867
696 870
696 880
696 984
696 1109
696 1115
696 1171
696 1197
696 1212
697 798
698 731
698 892
698 896
698 918
698 1013
700 1019
701 809
701 1142
702 799
702 929
702 1001
704 926
705 962
705 1097
707 953
708 784
708 864
708 1086
708 1233
709 795
709 986
709 1196
710 806
710 902
710 1018
710 1168
711 964
711 1055
711 1147
712 732
712 743
714 1006
716 850
716 1012
716 1138
716 1241
717 1158
720 766
720 834
720 922
720 942
720 964
721 766
721 1009
721 1147
721 1226
722 885
722 1160
723 731
723 790
724 735
724 755
724 800
724 880
724 969
724 981
724 982
724 1053
724 1101
724 1122
725 867
725 870
725 908
725 1166
725 1171
725 1198
726 786
726 852
726 921
726 923
726 954
726 1098
726 1120
726 1128
726 1133
726 1164
726 1208
727 763
727 998
727 1124
728 783
728 870
728 901
728 947
728 984
728 1042
728 1110
728 1171
729 970
729 1052
730 793
731 896
731 1013
732 739
732 743
732 810
732 1032
733 1034
733 1192
734 1180
735 867
735 880
735 920
735 980
735 984
735 1075
735 1101
735 1171
735 1197
735 1212
736 1167
738 1029
739 810
739 1032
739 1040
739 1111
739 1249
740 765
740 778
740 800
740 869
740 882
740 1041
740 1077
740 1207
740 1246
743 913
743 1049
743 1075
743 1234
745 788
745 832
746 853
748 809
748 826
748 893
749 995
750 783
750 1110
750 1119
750 1194
752 886
752 1014
754 880
754 882
754 920
754 980
754 1041
754 1077
754 1101
754 1157
754 1197
754 1212
755 779
755 783
755 800
755 982
755 1080
755 1119
757 865
757 870
757 873
757 908
757 950
757 1057
757 1060
757 1061
757 1094
757 1139
757 1166
759 1031
759 1088
759 1116
760 802
760 840
760 935
762 790
762 950
762 1060
762 1064
762 1094
763 998
763 1070
763 1124
763 1137
764 765
764 1141
764 1246
765 871
765 1080
765 1246
766 942
766 964
766 1009
766 1147
766 1226
767 1022
767 1026
769 787
769 849
769 884
769 1004
769 1109
769 1115
769 1136
769 1153
769 1157
769 1209
773 786
773 847
773 863
773 921
773 923
773 972
773 983
773 1033
773 1120
773 1133
773 1145
773 1164
773 1208
774 938
774 957
774 1132
775 784
775 811
775 839
775 1054
775 1161
777 850
777 983
777 1033
777 1145
778 800
778 882
778 981
778 989
778 1041
778 1077
778 1155
779 871
779 969
779 982
779 1080
779 1122
780 1108
781 845
781 932
782 827
782 943
782 1066
783 1109
783 1115
783 1119
784 811
784 1054
784 1161
786 862
786 895
786 921
786 923
786 954
786 983
786 1033
786 1120
786 1128
786 1133
786 1145
786 1164
786 1208
787 849
787 884
787 984
787 1109
787 1115
787 1153
787 1209
788 961
790 950
790 1064
793 900
794 1076
795 986
795 1196
797 917
797 1169
799 929
800 882
800 981
800 982
800 1041
800 1077
802 935
802 1070
802 1137
802 1235
803 840
803 894
804 1011
804 1021
804 1244
806 902
806 1018
806 1168
807 956
808 881
808 1099
809 893
809 1142
810 976
810 1040
810 1214
811 839
811 1054
811 1161
811 1221
812 828
812 989
815 988
816 881
816 952
816 1127
817 1229
819 1182
819 1225
820 1056
823 843
823 903
823 967
824 1121
824 1230
825 1042
825 1045
825 1102
825 1144
825 1184
827 886
827 943
828 989
829 835
829 858
829 860
829 912
829 1073
829 1100
830 1182
831 985
831 1167
832 1179
834 942
834 964
835 858
835 860
835 1073
836 1025
836 1123
836 1238
837 906
837 910
837 916
837 1093
837 1234
838 859
839 1043
839 1054
839 1224
840 894
841 1000
842 1003
842 1035
843 903
843 967
844 889
844 1239
846 877
846 1082
846 1173
847 852
847 863
847 921
847 923
847 972
847 1098
847 1112
847 1120
847 1136
847 1164
848 860
849 1004
849 1109
849 1115
849 1157
849 1209
849 1219
850 1012
850 1241
852 921
852 923
852 954
852 1098
852 1112
852 1120
852 1133
852 1164
852 1208
854 961
854 1023
856 910
856 916
856 1043
856 1095
856 1175
858 912
858 1068
858 1073
858 1100
858 1209
860 1073
861 863
861 884
861 1004
861 1114
861 1136
861 1153
861 1240
862 895
862 917
862 1145
862 1169
862 1243
863 972
863 983
863 1114
863 1136
863 1140
863 1164
864 1086
864 1233
865 873
865 950
865 1057
865 1061
867 901
867 984
867 1075
867 1093
867 1171
867 1198
867 1212
867 1234
869 1041
869 1077
869 1207
869 1246
870 908
870 947
870 1057
870 1094
870 1171
871 1080
873 908
873 950
873 1057
873 1060
873 1061
873 1094
876 1028
877 1146
877 1218
878 904
878 994
878 1089
878 1126
880 920
880 980
880 1075
880 1101
880 1115
880 1157
880 1197
880 1212
881 952
881 1127
882 920
882 981
882 1041
882 1077
882 1155
883 909
884 984
884 1004
884 1109
884 1114
884 1136
884 1153
884 1157
884 1166
884 1240
885 932
885 1084
885 1160
886 1014
888 959
888 960
888 1011
888 1021
888 1061
888 1191
888 1244
890 1070
890 1235
891 941
891 1083
891 1172
893 1174
894 1131
895 917
895 954
895 1128
895 1133
895 1145
895 1164
895 1169
895 1208
896 918
896 1013
896 1036
897 922
897 1072
899 1148
901 913
901 1042
901 1184
901 1198
902 1018
902 1168
904 1089
905 1028
905 1159
905 1211
906 916
906 1075
906 1093
906 1114
906 1212
906 1234
907 919
908 950
908 1057
908 1060
908 1094
909 1076
910 916
910 1043
910 1175
912 1004
912 1100
912 1209
913 1049
913 1053
913 1075
913 1113
916 1175
917 952
917 954
917 1127
917 1128
917 1133
917 1208
918 1013
918 1036
918 1071
919 1203
920 980
920 1041
920 1077
920 1101
920 1157
920 1197
920 1212
921 923
921 954
921 1120
921 1128
921 1133
921 1136
921 1164
921 1208
922 1096
923 954
923 972
923 1033
923 1098
923 1112
923 1120
923 1128
923 1133
923 1164
923 1208
924 999
924 1172
924 1194
929 1001
931 1082
931 1149
931 1173
934 1189
937 1026
937 1178
939 1015
940 979
941 1083
942 964
942 971
942 1055
942 1147
944 959
944 1187
944 1191
945 1058
947 1042
947 1110
947 1184
948 1044
948 1228
950 1057
950 1060
950 1061
950 1094
952 1127
954 1098
954 1120
954 1127
954 1128
954 1133
954 1208
956 988
957 1019
957 1132
957 1238
959 960
959 1011
959 1191
959 1240
960 1011
960 1061
960 1100
960 1191
962 1097
962 1108
964 1055
964 1147
966 1183
967 1156
968 1143
969 982
969 1053
969 1122
970 1052
971 1055
971 1168
972 983
972 1033
972 1114
972 1140
972 1164
976 1040
976 1214
978 981
978 989
978 1084
978 1122
978 1160
980 1075
980 1101
980 1157
980 1197
980 1212
980 1234
981 982
981 989
981 1041
981 1122
982 1122
983 1033
983 1140
983 1145
983 1164
984 1109
984 1115
984 1171
984 1212
985 987
985 1167
986 1196
994 1135
995 1098
995 1112
995 1155
998 1124
998 1137
999 1172
999 1194
1001 1032
1001 1249
1002 1125
1003 1117
1004 1136
1004 1153
1004 1157
1005 1051
1007 1174
1009 1106
1009 1147
1009 1226
1011 1021
1011 1191
1011 1244
1012 1241
1014 1221
1015 1088
1015 1223
1018 1058
1018 1106
1018 1168
1019 1185
1021 1244
1023 1232
1024 1066
1025 1238
1026 1178
1031 1088
1031 1116
1032 1111
1032 1249
1033 1145
1033 1164
1034 1156
1034 1227
1035 1064
1036 1071
1040 1214
1040 1249
1041 1077
1041 1155
1041 1207
1042 1110
1042 1184
1043 1054
1043 1224
1044 1228
1045 1102
1045 1144
1049 1053
1049 1075
1049 1101
1050 1201
1053 1101
1054 1161
1055 1147
1057 1060
1057 1061
1057 1094
1057 1139
1057 1166
1060 1064
1060 1094
1061 1139
1068 1073
1068 1083
1070 1137
1071 1104
1071 1203
1071 1205
1072 1105
1075 1101
1075 1212
1075 1234
1077 1207
1079 1082
1080 1246
1082 1173
1083 1141
1083 1172
1083 1219
1084 1160
1085 1090
1086 1178
1086 1233
1088 1116
1088 1195
1093 1198
1093 1234
1095 1175
1097 1108
1098 1112
1100 1209
1101 1197
1101 1212
1102 1144
1104 1203
1104 1205
1106 1168
1109 1115
1109 1157
1109 1171
1109 1209
1111 1112
1111 1249
1112 1249
1113 1173
1114 1136
1114 1153
1114 1240
1115 1119
1115 1157
1115 1197
1120 1128
1120 1133
1120 1136
1120 1164
1120 1208
1121 1230
1123 1236
1127 1128
1128 1133
1128 1164
1128 1208
1129 1181
1129 1215
1129 1236
1131 1235
1133 1145
1133 1164
1133 1208
1134 1229
1136 1153
1136 1157
1136 1164
1139 1166
1141 1219
1145 1164
1145 1208
1146 1218
1147 1226
1153 1157
1153 1240
1156 1227
1157 1197
1157 1212
1158 1204
1161 1221
1162 1177
1162 1199
1164 1208
1166 1240
1169 1195
1169 1243
1171 1198
1171 1212
1172 1194
1177 1199
1181 1215
1181 1236
1182 1225
1182 1243
1187 1191
1197 1212
1198 1234
1202 1204
1203 1205
1212 1234
1217 1220
1225 1243
1235 1245
