0 3
0 6
0 25
0 26
0 57
0 61
0 108
0 109
0 110
0 248
0 267
0 327
0 371
0 455
0 503
0 517
0 520
0 534
0 539
0 635
0 682
0 754
0 801
0 807
0 847
0 848
0 853
0 1121
0 1165
0 1201
1 4
1 9
1 18
1 144
1 158
1 223
1 336
1 400
1 414
1 423
1 427
1 428
1 451
1 586
1 651
1 666
1 672
1 705
1 782
1 786
1 813
1 844
1 845
1 938
1 1020
1 1049
1 1067
1 1068
1 1198
1 1218
2 25
2 26
2 72
2 86
2 104
2 109
2 114
2 116
2 131
2 153
2 234
2 327
2 427
2 455
2 479
2 490
2 496
2 503
2 520
2 534
2 539
2 635
2 682
2 782
2 789
2 852
2 1155
2 1201
2 1240
3 6
3 16
3 25
3 26
3 42
3 55
3 110
3 229
3 234
3 248
3 267
3 327
3 371
3 416
3 455
3 496
3 503
3 517
3 518
3 520
3 534
3 682
3 735
3 754
3 807
3 847
3 852
3 877
3 923
3 1047
3 1119
3 1165
4 18
4 23
4 51
4 53
4 128
4 223
4 305
4 405
4 414
4 427
4 496
4 553
4 651
4 666
4 671
4 672
4 705
4 723
4 740
4 741
4 813
4 842
4 844
4 845
4 891
4 938
4 1036
4 1067
4 1068
4 1083
4 1125
4 1146
4 1160
4 1197
4 1218
5 19
5 74
5 100
5 203
5 320
5 352
5 430
5 521
5 548
5 599
5 654
5 796
5 817
5 960
5 1000
6 25
6 26
6 42
6 55
6 110
6 229
6 248
6 267
6 327
6 371
6 455
6 503
6 517
6 520
6 534
6 639
6 682
6 735
6 754
6 807
6 847
6 853
6 1119
6 1165
7 60
7 101
7 164
7 257
7 391
7 397
7 422
7 485
7 636
7 784
7 920
7 980
7 1203
8 39
8 41
8 129
8 322
8 395
8 401
8 806
9 29
9 107
9 158
9 223
9 261
9 336
9 365
9 423
9 427
9 443
9 451
9 586
9 651
9 688
9 731
9 758
9 782
9 887
9 938
9 1024
9 1064
9 1067
9 1068
9 1092
9 1130
9 1198
10 56
10 138
10 140
10 466
10 484
10 486
10 571
10 575
10 581
10 680
10 749
10 812
10 940
10 967
10 1011
10 1012
10 1162
10 1169
11 14
11 123
11 346
11 395
11 401
11 510
11 548
11 568
11 806
11 838
11 890
11 946
11 1038
11 1192
12 16
12 55
12 65
12 268
12 290
12 316
12 397
12 409
12 416
12 462
12 518
12 554
12 735
12 772
12 877
12 887
12 893
12 923
12 1111
12 1149
13 32
13 33
13 59
13 83
13 85
13 97
13 135
13 170
13 174
13 190
13 205
13 208
13 232
13 241
13 253
13 284
13 319
13 354
13 372
13 378
13 383
13 452
13 472
13 504
13 513
13 555
13 588
13 775
13 906
13 1127
13 1159
13 1205
14 123
14 346
14 395
14 548
14 715
14 817
14 838
14 946
14 1038
14 1164
14 1192
15 43
15 90
15 119
15 127
15 227
15 356
15 489
15 753
15 808
15 881
15 957
15 1005
15 1176
15 1189
16 26
16 42
16 55
16 65
16 156
16 164
16 229
16 234
16 268
16 316
16 365
16 397
16 409
16 416
16 480
16 503
16 518
16 523
16 526
16 682
16 689
16 731
16 735
16 754
16 772
16 877
16 887
16 893
16 923
16 930
16 1047
17 121
17 222
17 230
17 259
17 558
17 598
17 642
17 1031
17 1156
18 23
18 53
18 223
18 305
18 405
18 414
18 427
18 428
18 496
18 553
18 651
18 666
18 672
18 705
18 740
18 782
18 813
18 842
18 844
18 845
18 891
18 938
18 1036
18 1067
18 1068
18 1083
18 1146
18 1160
18 1197
18 1218
19 23
19 160
19 256
19 414
19 430
19 448
19 495
19 521
19 654
19 671
19 672
19 786
19 1000
19 1218
19 1237
20 38
20 54
20 122
20 125
20 126
20 262
20 302
20 380
20 510
20 568
20 603
20 687
20 838
20 874
20 884
20 927
20 966
20 986
20 1075
21 32
21 67
21 97
21 135
21 142
21 205
21 237
21 319
21 354
21 378
21 383
21 504
21 555
21 591
21 597
21 693
21 819
21 964
21 1079
22 31
22 218
22 271
22 544
22 761
22 777
22 869
23 51
23 53
23 128
23 176
23 223
23 405
23 414
23 467
23 576
23 592
23 624
23 651
23 671
23 723
23 740
23 741
23 786
23 842
23 844
23 845
23 891
23 919
23 932
23 1068
23 1125
23 1146
23 1160
23 1197
23 1218
24 172
24 210
24 228
24 251
24 254
24 457
24 708
24 721
24 981
24 1009
24 1064
24 1124
24 1130
24 1141
24 1182
24 1228
25 26
25 108
25 109
25 248
25 267
25 327
25 371
25 455
25 503
25 517
25 520
25 534
25 539
25 635
25 682
25 754
25 801
25 807
25 847
25 852
25 859
25 1165
25 1201
26 42
26 55
26 109
26 110
26 229
26 234
26 248
26 267
26 327
26 371
26 416
26 455
26 496
26 503
26 517
26 520
26 534
26 539
26 635
26 682
26 735
26 754
26 807
26 847
26 852
26 1047
26 1119
26 1165
26 1201
27 52
27 66
27 163
27 188
27 210
27 212
27 294
27 347
27 421
27 457
27 532
27 538
27 563
27 676
27 803
27 958
27 1182
27 1191
28 50
28 117
28 132
28 170
28 208
28 217
28 241
28 246
28 378
28 381
28 442
28 472
28 775
28 918
28 1021
28 1057
29 107
29 158
29 223
29 242
29 256
29 269
29 336
29 365
29 423
29 451
29 610
29 651
29 758
29 786
29 919
29 947
29 1009
29 1064
29 1068
29 1092
29 1130
30 74
30 320
30 352
30 806
31 57
31 61
31 82
31 114
31 120
31 185
31 209
31 218
31 267
31 544
31 635
31 761
31 801
31 848
31 869
31 916
31 1121
32 33
32 67
32 83
32 97
32 135
32 142
32 170
32 174
32 190
32 205
32 232
32 237
32 241
32 284
32 319
32 354
32 372
32 378
32 383
32 418
32 452
32 472
32 504
32 513
32 555
32 591
32 775
32 906
32 1127
32 1159
32 1205
33 59
33 83
33 85
33 97
33 135
33 170
33 174
33 190
33 205
33 208
33 232
33 241
33 284
33 319
33 354
33 372
33 378
33 383
33 452
33 472
33 504
33 513
33 555
33 588
33 775
33 906
33 1127
33 1159
33 1205
34 139
34 162
34 1219
35 375
35 413
35 574
35 587
35 679
35 765
35 774
35 1177
36 87
36 94
36 99
36 145
36 151
36 197
36 449
36 508
36 522
36 550
36 634
36 1046
36 1117
36 1142
37 58
37 79
37 141
37 186
37 339
37 448
37 521
37 835
37 932
37 949
37 1211
37 1237
38 54
38 122
38 125
38 126
38 262
38 302
38 380
38 501
38 510
38 603
38 687
38 838
38 874
38 884
38 927
38 934
38 966
38 986
38 1075
39 41
39 129
39 322
39 326
39 401
40 233
40 235
40 275
40 366
40 549
40 650
40 711
40 944
40 1043
40 1212
40 1226
41 129
41 339
41 401
42 55
42 107
42 223
42 229
42 234
42 248
42 305
42 316
42 327
42 365
42 405
42 416
42 496
42 503
42 518
42 526
42 682
42 689
42 735
42 754
42 877
42 887
42 923
42 1047
42 1067
42 1119
42 1146
42 1197
43 90
43 127
43 227
43 356
43 489
43 751
43 753
43 808
43 957
43 1176
43 1189
44 124
44 332
44 860
46 285
46 562
46 840
46 970
46 1062
47 207
47 340
47 377
47 408
47 436
47 519
48 379
48 583
48 787
48 920
48 953
48 956
48 980
49 243
49 283
49 309
49 364
49 415
49 709
49 791
49 851
49 856
49 945
49 972
49 1233
50 117
50 161
50 208
50 241
50 246
50 342
50 343
50 378
50 381
50 472
50 597
50 819
50 1057
50 1206
51 53
51 128
51 176
51 185
51 467
51 553
51 592
51 671
51 723
51 741
51 842
51 844
51 845
51 932
51 949
51 1036
51 1083
51 1125
51 1160
52 126
52 163
52 188
52 212
52 250
52 294
52 380
52 421
52 563
52 661
52 676
52 737
52 913
52 969
52 1191
53 128
53 176
53 405
53 467
53 576
53 592
53 624
53 671
53 740
53 741
53 842
53 891
53 919
53 932
53 1068
53 1125
53 1160
53 1197
54 125
54 126
54 262
54 302
54 380
54 633
54 687
54 737
54 884
54 927
54 966
54 986
54 1075
55 156
55 164
55 229
55 234
55 248
55 268
55 316
55 327
55 397
55 409
55 416
55 503
55 518
55 526
55 682
55 689
55 735
55 754
55 847
55 877
55 887
55 893
55 923
55 930
55 1047
56 102
56 138
56 140
56 486
56 571
56 680
56 749
56 770
56 812
56 823
56 940
56 1011
56 1012
56 1162
57 61
57 108
57 132
57 267
57 277
57 366
57 371
57 525
57 544
57 761
57 777
57 801
57 807
57 848
57 853
57 869
57 872
57 1121
58 141
58 186
58 723
58 833
58 835
58 949
58 1170
58 1211
59 83
59 85
59 174
59 190
59 284
59 323
59 372
59 383
59 513
59 625
59 728
59 1159
60 89
60 96
60 101
60 159
60 171
60 226
60 391
60 422
60 485
60 636
60 862
60 1094
60 1203
61 110
61 185
61 209
61 267
61 357
61 371
61 534
61 544
61 635
61 761
61 801
61 827
61 842
61 848
61 853
61 869
61 1083
61 1121
61 1160
62 191
62 379
62 953
62 980
62 1053
62 1102
62 1203
63 106
63 200
63 219
63 341
63 399
63 474
63 802
63 904
63 1242
64 183
64 243
64 250
64 301
64 309
64 364
64 438
64 566
64 648
64 660
64 676
64 702
64 726
64 856
64 913
64 955
64 972
64 1016
64 1022
65 86
65 116
65 193
65 234
65 257
65 261
65 268
65 290
65 316
65 385
65 397
65 443
65 480
65 505
65 518
65 523
65 694
65 731
65 772
65 784
65 789
65 877
65 887
65 893
65 920
65 923
65 994
65 1024
65 1047
65 1155
66 87
66 163
66 243
66 280
66 294
66 309
66 347
66 364
66 660
66 661
66 676
66 702
66 913
66 929
66 955
66 972
66 1116
66 1158
67 97
67 103
67 135
67 142
67 205
67 237
67 319
67 354
67 504
67 555
67 591
67 693
67 879
67 964
67 1079
67 1127
67 1134
68 77
68 101
68 226
68 340
68 408
68 455
68 539
68 1028
68 1240
68 1249
69 221
69 274
69 291
69 629
69 882
69 1185
70 110
70 119
70 356
70 489
70 639
70 690
70 808
70 881
70 925
70 942
70 1005
70 1119
71 545
71 593
71 595
71 797
71 1077
72 86
72 101
72 109
72 116
72 153
72 193
72 234
72 455
72 479
72 480
72 485
72 520
72 523
72 539
72 694
72 739
72 750
72 789
72 852
72 940
72 994
72 1047
72 1155
72 1240
73 270
73 607
73 695
73 965
73 988
74 100
74 203
74 320
74 352
74 488
74 599
74 654
75 178
75 181
75 475
75 840
75 951
75 1175
76 322
76 1173
77 171
77 391
77 1249
78 266
78 535
78 601
78 604
78 730
78 1030
78 1220
79 339
79 448
79 521
79 654
79 1003
79 1164
79 1237
80 339
80 814
81 500
81 616
81 865
81 992
82 84
82 104
82 114
82 120
82 131
82 209
82 214
82 218
82 239
82 303
82 490
82 553
82 635
82 710
82 764
82 848
82 916
82 1083
82 1121
82 1245
83 85
83 97
83 170
83 174
83 190
83 208
83 241
83 284
83 319
83 354
83 372
83 378
83 383
83 452
83 513
83 555
83 588
83 775
83 906
83 1127
83 1159
83 1187
83 1205
84 104
84 114
84 120
84 131
84 209
84 214
84 239
84 303
84 458
84 490
84 635
84 710
84 764
84 916
84 1245
85 174
85 190
85 284
85 372
85 383
85 452
85 513
85 642
85 996
85 1031
85 1089
85 1127
85 1159
85 1205
86 101
86 116
86 153
86 193
86 234
86 257
86 385
86 397
86 422
86 443
86 480
86 485
86 505
86 523
86 694
86 731
86 739
86 750
86 784
86 789
86 852
86 994
86 1047
86 1155
86 1240
87 94
87 145
87 151
87 508
87 522
87 550
87 929
87 1116
87 1117
87 1158
87 1238
88 417
88 762
88 855
88 863
89 121
89 226
89 636
89 652
89 859
89 1165
89 1187
89 1222
90 91
90 127
90 227
90 356
90 489
90 751
90 957
90 1176
90 1189
91 489
91 681
91 751
91 1052
91 1080
91 1176
91 1189
92 297
93 236
93 261
93 290
93 406
93 578
93 772
93 1019
93 1149
94 99
94 145
94 151
94 197
94 449
94 508
94 522
94 550
94 1046
94 1117
94 1142
95 516
95 665
95 681
96 117
96 159
96 171
96 217
96 226
96 323
96 636
96 728
96 862
96 1017
96 1091
96 1094
96 1222
97 135
97 142
97 170
97 174
97 190
97 205
97 232
97 237
97 241
97 284
97 319
97 354
97 372
97 378
97 383
97 418
97 452
97 472
97 504
97 513
97 555
97 591
97 775
97 906
97 1127
97 1159
97 1205
98 298
98 537
98 781
99 145
99 151
99 449
99 508
99 522
99 550
99 587
99 1046
99 1117
99 1142
100 186
100 203
100 320
100 352
100 400
100 414
100 488
100 521
100 599
100 654
100 833
100 1049
100 1170
100 1218
100 1237
101 116
101 193
101 226
101 391
101 422
101 485
101 636
101 694
101 739
101 750
101 784
101 852
101 980
101 994
101 1155
101 1203
101 1240
101 1249
102 486
102 668
102 1162
103 142
103 147
103 204
103 237
103 591
103 693
103 1079
103 1122
103 1166
104 109
104 114
104 120
104 131
104 461
104 479
104 490
104 539
104 910
104 916
104 1201
105 118
105 146
105 335
105 637
105 720
105 763
105 1029
105 1152
106 195
106 201
106 224
106 280
106 329
106 399
106 802
106 929
107 158
107 223
107 242
107 269
107 305
107 336
107 365
107 405
107 416
107 423
107 427
107 451
107 496
107 526
107 651
107 666
107 758
107 782
107 887
107 923
107 938
107 1067
107 1068
107 1092
107 1130
107 1146
107 1197
108 132
108 165
108 267
108 371
108 392
108 517
108 525
108 801
108 807
108 830
108 847
108 859
108 872
108 918
108 1021
108 1165
109 114
109 131
109 327
109 427
109 455
109 479
109 490
109 496
109 503
109 520
109 534
109 539
109 635
109 666
109 682
109 705
109 782
109 789
109 852
109 1155
109 1201
110 165
110 248
110 267
110 277
110 327
110 371
110 503
110 517
110 534
110 639
110 682
110 754
110 801
110 808
110 827
110 830
110 847
110 853
110 881
110 1119
110 1165
111 198
111 875
111 1035
112 348
112 725
112 1039
112 1168
113 167
113 263
113 303
113 547
113 1186
113 1232
114 120
114 131
114 209
114 239
114 479
114 490
114 539
114 553
114 635
114 705
114 848
114 916
114 1083
114 1121
114 1201
114 1245
116 153
116 193
116 234
116 385
116 422
116 443
116 480
116 484
116 485
116 505
116 523
116 694
116 731
116 739
116 750
116 784
116 789
116 852
116 940
116 994
116 1047
116 1155
116 1240
117 170
117 208
117 217
117 342
117 343
117 381
117 442
117 1057
117 1222
118 637
118 1152
119 356
119 489
119 689
119 735
119 808
119 881
119 925
119 942
119 1005
119 1119
119 1189
120 131
120 209
120 214
120 218
120 239
120 303
120 458
120 490
120 553
120 635
120 710
120 764
120 848
120 916
120 1083
120 1245
121 156
121 164
121 222
121 259
121 506
121 598
121 625
121 642
121 652
121 753
121 930
121 1156
121 1187
122 178
122 302
122 419
122 603
122 874
122 884
122 915
122 927
122 966
122 986
122 1163
123 395
123 548
123 632
123 715
123 817
123 946
123 1003
123 1038
123 1164
124 292
124 332
124 860
125 126
125 262
125 302
125 380
125 510
125 568
125 603
125 687
125 838
125 874
125 884
125 927
125 966
125 986
125 1075
126 262
126 302
126 380
126 563
126 661
126 687
126 737
126 884
126 927
126 966
126 969
126 1075
126 1107
127 227
127 489
127 751
127 808
127 881
127 957
127 1005
127 1176
127 1189
128 176
128 467
128 592
128 671
128 723
128 741
128 845
128 932
128 949
128 1036
128 1125
129 322
129 326
129 401
129 1044
130 649
130 675
131 209
131 239
131 479
131 490
131 539
131 553
131 635
131 916
131 1083
131 1201
132 165
132 366
132 442
132 525
132 801
132 857
132 872
132 918
132 1021
132 1043
132 1105
132 1226
133 355
133 444
133 618
133 675
133 793
133 889
133 1039
134 179
134 286
134 963
135 142
135 205
135 232
135 237
135 241
135 284
135 319
135 354
135 372
135 378
135 383
135 418
135 452
135 472
135 504
135 555
135 591
135 693
135 819
135 1079
135 1127
135 1159
136 433
136 667
136 718
136 760
136 961
136 1041
136 1112
137 177
137 196
137 310
137 317
137 441
137 745
137 769
138 140
138 486
138 571
138 680
138 749
138 770
138 812
138 823
138 940
138 1011
138 1012
138 1162
139 162
139 311
140 153
140 387
140 461
140 571
140 680
140 749
140 770
140 812
140 823
140 910
140 940
140 1011
140 1162
141 186
141 723
141 833
141 835
141 949
141 1170
141 1211
142 205
142 232
142 237
142 241
142 284
142 319
142 354
142 372
142 378
142 418
142 452
142 472
142 504
142 555
142 591
142 693
142 775
142 1079
142 1127
142 1159
143 440
143 1006
143 1050
144 203
144 400
144 428
144 586
144 672
144 705
144 707
144 813
144 938
144 989
144 1020
144 1049
145 151
145 155
145 197
145 508
145 522
145 550
145 634
145 1046
145 1116
145 1117
145 1142
146 168
146 302
146 335
146 419
146 720
146 763
146 915
146 934
146 1152
146 1163
147 260
147 995
148 176
148 187
148 515
148 576
148 839
148 932
148 1225
149 160
149 247
149 273
149 295
149 334
149 345
149 386
149 413
149 449
149 574
149 656
149 699
149 774
149 991
149 1139
150 154
150 338
150 617
150 895
150 945
150 1143
151 197
151 508
151 550
151 809
151 1046
151 1117
152 1243
153 193
153 479
153 484
153 739
153 749
153 750
153 789
153 910
153 940
153 994
153 1011
153 1155
153 1240
154 617
154 791
154 895
154 945
154 1143
155 173
155 197
155 276
155 285
155 522
155 562
155 634
155 661
155 1075
155 1107
155 1116
155 1142
156 164
156 229
156 257
156 259
156 316
156 397
156 518
156 598
156 652
156 735
156 877
156 893
156 930
156 1047
157 169
157 307
157 335
157 637
157 674
157 756
157 763
157 886
157 973
157 1029
157 1060
157 1070
157 1086
158 223
158 256
158 261
158 336
158 365
158 423
158 451
158 651
158 672
158 688
158 721
158 758
158 938
158 981
158 1004
158 1024
158 1064
158 1067
158 1068
158 1092
158 1130
158 1198
159 171
159 226
159 391
159 636
159 862
159 1017
159 1094
160 273
160 334
160 386
160 430
160 495
160 548
160 656
160 699
160 715
160 817
160 991
160 1003
160 1093
160 1139
161 237
161 246
161 319
161 333
161 378
161 472
161 857
161 1105
162 311
162 358
162 459
163 188
163 212
163 280
163 294
163 309
163 347
163 421
163 522
163 661
163 676
163 913
163 929
163 1116
163 1158
163 1182
164 229
164 234
164 257
164 316
164 397
164 518
164 598
164 652
164 735
164 877
164 893
164 923
164 930
164 1047
165 277
165 517
165 639
165 801
165 830
165 847
165 853
165 918
165 1021
165 1165
166 293
166 609
166 975
167 218
167 303
167 547
167 867
167 1098
167 1178
167 1186
167 1232
167 1236
168 335
168 419
168 648
168 720
168 763
168 915
168 1163
169 307
169 674
169 756
169 886
169 973
169 1060
169 1070
169 1113
170 174
170 190
170 208
170 217
170 241
170 284
170 319
170 354
170 372
170 378
170 383
170 452
170 472
170 513
170 555
170 588
170 775
170 906
170 1021
170 1057
170 1159
170 1205
170 1222
171 226
171 391
171 636
172 188
172 210
172 212
172 228
172 251
172 254
172 421
172 457
172 708
172 1009
172 1124
172 1182
172 1190
172 1216
173 197
173 276
173 334
173 386
173 522
173 634
173 656
173 1093
173 1116
173 1142
174 190
174 232
174 241
174 253
174 284
174 354
174 372
174 383
174 418
174 452
174 513
174 555
174 906
174 1031
174 1089
174 1127
174 1159
174 1205
176 467
176 576
176 592
176 671
176 723
176 741
176 891
176 932
176 949
176 1125
177 196
177 310
177 317
177 536
177 582
177 745
177 769
177 1059
178 302
178 603
178 874
178 951
178 986
179 286
179 292
179 312
179 337
179 963
180 463
181 415
181 475
181 951
181 1175
183 195
183 224
183 243
183 309
183 331
183 364
183 399
183 435
183 566
183 660
183 678
183 702
183 726
183 791
183 856
183 929
183 972
183 1022
185 288
185 357
185 544
185 553
185 592
185 848
185 1083
185 1121
185 1160
186 352
186 488
186 599
186 833
186 835
186 1211
187 483
187 494
187 515
187 576
187 839
187 1221
187 1225
188 210
188 212
188 294
188 347
188 421
188 457
188 538
188 563
188 676
188 803
188 1182
188 1216
190 208
190 241
190 253
190 284
190 319
190 354
190 372
190 378
190 383
190 452
190 513
190 555
190 588
190 775
190 906
190 1159
190 1187
190 1205
191 297
191 330
191 598
191 625
191 642
191 1102
191 1156
191 1203
192 249
192 476
192 905
192 1007
192 1230
193 234
193 257
193 385
193 443
193 480
193 484
193 485
193 505
193 523
193 694
193 731
193 739
193 750
193 784
193 789
193 852
193 940
193 956
193 994
193 1065
193 1155
193 1240
194 375
194 516
194 522
194 610
194 959
194 1110
194 1124
194 1190
194 1216
195 224
195 280
195 309
195 331
195 364
195 399
195 435
195 791
195 802
195 929
195 972
195 1158
195 1238
196 310
196 317
196 536
196 582
196 745
196 769
196 1059
197 276
197 345
197 449
197 551
197 634
197 1142
198 875
198 987
198 1035
199 260
199 434
199 878
199 1239
200 219
200 341
200 474
200 904
201 329
201 569
201 702
201 803
201 1183
202 228
202 404
202 412
202 471
202 708
202 721
202 824
202 834
202 922
202 997
202 1228
203 320
203 352
203 400
203 414
203 599
203 672
203 796
203 989
203 1020
203 1049
203 1218
204 629
204 647
204 1079
204 1122
204 1134
204 1166
204 1204
205 232
205 237
205 241
205 284
205 319
205 354
205 372
205 378
205 383
205 418
205 504
205 555
205 591
205 693
205 819
205 879
205 1079
205 1127
205 1159
206 387
206 461
206 770
206 779
206 836
206 910
206 1114
206 1199
207 278
207 340
207 377
207 393
207 408
207 1028
207 1153
208 217
208 241
208 284
208 378
208 381
208 383
208 472
208 513
208 775
208 906
208 1021
208 1057
208 1159
208 1222
209 214
209 218
209 239
209 303
209 490
209 553
209 635
209 710
209 764
209 848
209 916
209 1083
209 1121
209 1201
209 1245
210 212
210 228
210 251
210 254
210 421
210 457
210 538
210 708
210 1124
210 1182
210 1216
211 559
212 294
212 347
212 421
212 457
212 538
212 563
212 676
212 803
212 1182
212 1216
213 271
213 277
213 396
213 544
213 644
213 777
213 827
213 869
214 239
214 303
214 321
214 403
214 458
214 710
214 764
214 831
214 916
214 1098
214 1245
216 244
216 492
216 595
216 686
217 381
217 442
217 906
217 1057
217 1222
218 239
218 303
218 544
218 547
218 867
218 916
218 1236
219 341
219 474
219 487
219 659
219 1242
220 898
220 988
221 274
221 291
221 629
221 882
221 1185
222 227
222 253
222 259
222 598
222 642
222 652
222 753
222 1031
222 1156
222 1180
222 1187
223 269
223 305
223 336
223 365
223 405
223 423
223 427
223 451
223 496
223 526
223 651
223 666
223 672
223 705
223 740
223 758
223 782
223 786
223 844
223 845
223 891
223 938
223 1067
223 1068
223 1092
223 1146
223 1160
223 1197
224 280
224 309
224 331
224 364
224 399
224 435
224 702
224 791
224 802
224 929
224 972
224 1158
224 1238
225 335
225 763
225 1086
226 391
226 392
226 636
226 859
226 1222
227 259
227 356
227 689
227 735
227 751
227 753
227 957
227 1176
227 1189
228 421
228 457
228 532
228 538
228 708
228 721
228 729
228 922
228 997
228 1095
228 1141
228 1191
228 1228
229 234
229 248
229 327
229 397
229 416
229 503
229 517
229 518
229 520
229 526
229 534
229 682
229 689
229 735
229 754
229 847
229 877
229 923
229 930
229 1047
229 1165
230 259
230 558
230 985
231 278
231 381
231 392
231 393
231 408
231 411
231 442
231 600
231 1028
231 1153
232 237
232 253
232 284
232 319
232 372
232 418
232 452
232 504
232 555
232 591
232 1127
232 1159
232 1205
233 366
233 436
233 478
233 519
233 549
233 605
233 650
233 872
233 1043
233 1226
234 257
234 316
234 365
234 385
234 397
234 416
234 443
234 480
234 496
234 503
234 505
234 518
234 520
234 523
234 526
234 682
234 694
234 731
234 754
234 782
234 784
234 789
234 852
234 877
234 887
234 923
234 1047
234 1155
235 275
235 333
235 545
235 857
235 944
235 1043
235 1105
235 1212
235 1226
236 578
236 1019
237 319
237 354
237 378
237 432
237 472
237 504
237 555
237 591
237 693
237 1079
237 1127
238 282
238 643
238 678
238 866
238 1084
238 1194
239 299
239 303
239 458
239 547
239 710
239 764
239 916
239 1245
240 501
240 524
240 633
240 712
240 737
240 759
240 934
240 1023
241 284
241 319
241 354
241 372
241 378
241 383
241 452
241 472
241 504
241 513
241 555
241 588
241 775
241 906
241 1021
241 1057
241 1159
241 1205
242 252
242 269
242 405
242 416
242 462
242 526
242 610
242 624
242 740
242 758
242 891
242 919
242 947
242 1092
242 1096
242 1110
242 1197
243 301
243 309
243 364
243 435
243 438
243 566
243 648
243 660
243 676
243 702
243 726
243 791
243 851
243 856
243 913
243 929
243 955
243 972
243 1016
243 1022
244 691
244 995
244 1018
246 333
246 472
246 686
246 857
246 918
246 1043
246 1057
246 1105
247 273
247 279
247 295
247 413
247 449
247 574
247 774
247 1139
248 267
248 327
248 371
248 503
248 517
248 520
248 534
248 639
248 682
248 735
248 754
248 847
248 853
248 1119
248 1165
249 476
249 905
249 1174
249 1230
250 335
250 648
250 660
250 676
250 726
250 913
250 955
250 1016
251 430
251 457
251 981
251 1000
251 1009
251 1093
251 1124
251 1141
251 1182
252 516
252 610
252 624
252 919
252 947
252 959
252 1096
252 1110
253 284
253 452
253 506
253 588
253 753
253 775
253 1159
253 1180
253 1187
253 1205
254 349
254 708
254 734
254 849
254 952
254 1149
254 1216
255 530
255 1221
256 269
256 336
256 414
256 423
256 430
256 451
256 651
256 672
256 758
256 786
256 919
256 938
256 947
256 981
256 1000
256 1009
256 1064
256 1068
256 1092
256 1218
257 316
257 385
257 397
257 422
257 480
257 505
257 523
257 694
257 731
257 784
257 877
257 893
257 920
257 980
257 994
257 1047
257 1203
258 318
258 433
258 620
258 667
258 717
258 985
258 1041
258 1082
258 1112
259 598
259 652
259 689
259 735
259 753
259 930
259 1156
260 995
261 268
261 290
261 316
261 385
261 443
261 505
261 578
261 688
261 721
261 731
261 736
261 772
261 887
261 1024
261 1130
261 1149
262 285
262 380
262 510
262 568
262 687
262 838
262 884
262 946
262 1075
263 303
263 858
263 1186
264 369
264 370
265 382
265 487
265 619
265 904
266 535
266 601
266 604
266 730
266 1030
266 1220
267 327
267 371
267 455
267 503
267 517
267 520
267 534
267 635
267 639
267 682
267 761
267 801
267 807
267 847
267 848
267 853
267 869
267 1119
267 1121
267 1165
267 1201
268 290
268 316
268 409
268 416
268 462
268 505
268 518
268 554
268 772
268 877
268 887
268 893
268 923
268 1111
268 1149
269 305
269 336
269 365
269 405
269 451
269 526
269 610
269 624
269 651
269 740
269 758
269 919
269 947
269 1067
269 1068
269 1092
269 1096
269 1110
269 1130
269 1146
270 695
270 965
271 288
271 544
271 761
271 777
271 827
271 869
272 351
272 453
272 1243
273 295
273 334
273 386
273 495
273 574
273 656
273 699
273 715
273 991
273 1003
273 1139
274 291
274 454
274 482
274 799
274 843
275 333
275 545
275 711
275 857
275 944
275 1043
275 1105
275 1212
275 1226
276 285
276 334
276 386
276 562
276 632
276 634
276 656
276 715
276 1093
276 1142
277 396
277 639
277 761
277 801
277 827
277 830
277 853
277 869
278 340
278 393
278 411
278 1028
278 1153
279 295
279 413
279 574
279 774
279 805
279 841
280 294
280 347
280 399
280 929
280 1002
280 1158
282 643
282 866
282 1084
282 1194
283 415
283 475
283 709
283 768
283 851
283 856
283 1175
283 1233
284 319
284 354
284 372
284 378
284 383
284 452
284 472
284 504
284 513
284 555
284 588
284 775
284 906
284 1127
284 1159
284 1205
285 562
285 634
285 687
285 838
285 840
285 1062
285 1075
285 1107
286 963
286 1091
287 1077
288 357
288 460
288 592
288 644
289 344
289 1056
289 1214
290 316
290 409
290 505
290 554
290 578
290 688
290 772
290 887
290 893
290 923
290 1024
290 1111
290 1149
291 482
291 629
291 882
291 1185
292 860
293 609
293 897
294 347
294 421
294 676
294 803
294 929
294 1182
295 413
295 574
295 697
295 699
295 774
296 1241
297 330
297 642
297 1102
298 537
298 781
299 303
299 458
299 710
300 311
300 1044
300 1148
301 309
301 438
301 648
301 660
301 709
301 726
301 768
301 856
301 913
301 928
301 955
301 1016
301 1022
301 1175
302 419
302 501
302 603
302 874
302 884
302 915
302 927
302 934
302 966
302 986
302 1163
303 458
303 547
303 710
303 764
303 916
303 1098
303 1186
303 1232
303 1245
304 468
304 673
304 755
305 336
305 365
305 405
305 416
305 427
305 496
305 503
305 526
305 651
305 666
305 682
305 705
305 740
305 758
305 782
305 842
305 887
305 891
305 923
305 938
305 1067
305 1068
305 1092
305 1146
305 1160
305 1197
307 446
307 637
307 674
307 756
307 886
307 973
307 1060
307 1070
307 1113
308 459
309 364
309 435
309 660
309 676
309 702
309 726
309 791
309 851
309 856
309 913
309 929
309 955
309 972
309 1022
309 1158
310 317
310 536
310 769
311 398
311 1044
311 1148
312 1210
314 898
316 365
316 385
316 397
316 409
316 416
316 443
316 480
316 505
316 518
316 523
316 731
316 735
316 772
316 877
316 887
316 893
316 923
316 930
316 1047
317 464
317 536
317 769
317 778
317 1131
318 433
318 620
318 667
318 717
318 985
318 1041
318 1082
318 1112
319 354
319 372
319 378
319 383
319 452
319 472
319 504
319 555
319 591
319 693
319 775
319 819
319 906
319 1079
319 1127
319 1159
320 352
320 599
320 796
320 1049
321 403
321 710
321 764
321 831
321 858
321 1036
321 1170
321 1199
321 1245
322 395
322 401
322 806
323 513
323 625
323 728
323 862
323 1017
323 1094
324 745
325 627
325 843
327 371
327 455
327 496
327 503
327 517
327 520
327 534
327 539
327 635
327 682
327 754
327 807
327 847
327 852
327 853
327 1119
327 1121
327 1165
327 1201
328 353
328 373
328 469
328 800
329 569
329 702
329 803
329 1183
330 598
330 625
330 642
330 1102
330 1156
331 399
331 435
331 617
331 678
331 791
331 1143
332 860
333 502
333 857
333 1043
333 1105
333 1206
334 386
334 495
334 632
334 656
334 699
334 715
334 991
334 1093
334 1139
335 637
335 720
335 763
335 1016
335 1029
335 1086
335 1163
336 365
336 414
336 423
336 427
336 451
336 651
336 672
336 688
336 758
336 782
336 786
336 938
336 981
336 1024
336 1064
336 1067
336 1068
336 1092
336 1130
336 1146
336 1198
337 362
337 963
338 895
339 814
339 977
339 1003
339 1164
340 377
340 408
340 1028
340 1153
341 474
341 904
342 343
342 535
342 597
342 730
342 819
342 883
342 1078
342 1081
343 381
343 903
343 1078
343 1206
344 376
344 724
344 832
344 1056
344 1214
345 449
345 551
345 574
345 590
345 968
345 1132
345 1142
346 389
346 395
346 510
346 568
346 806
346 838
346 890
346 946
346 1038
346 1192
347 421
347 522
347 676
347 929
347 1158
347 1182
347 1216
348 355
348 618
348 725
348 793
348 889
348 1039
348 1168
349 717
349 734
349 849
349 952
349 1085
349 1111
350 1217
351 577
351 606
351 785
351 788
351 892
352 488
352 599
352 654
352 989
352 1049
353 373
353 469
353 800
354 372
354 378
354 383
354 452
354 504
354 513
354 555
354 591
354 879
354 906
354 1127
354 1159
355 444
355 618
355 675
355 725
355 793
355 889
355 1039
355 1168
356 462
356 489
356 689
356 735
356 751
356 808
356 881
356 1005
356 1189
357 460
357 592
357 644
357 827
357 842
357 848
357 853
357 869
357 1121
357 1160
358 459
358 596
358 1161
359 446
361 369
361 582
361 655
364 435
364 660
364 702
364 726
364 791
364 851
364 856
364 913
364 929
364 945
364 955
364 972
364 1022
364 1143
365 416
365 423
365 427
365 443
365 496
365 518
365 526
365 651
365 758
365 772
365 782
365 887
365 923
365 938
365 1067
365 1068
365 1092
365 1130
365 1146
365 1197
366 478
366 549
366 761
366 777
366 872
366 1226
367 388
367 473
367 619
367 962
368 498
368 780
369 370
369 655
370 655
371 455
371 503
371 517
371 520
371 525
371 534
371 539
371 635
371 682
371 801
371 807
371 847
371 848
371 853
371 859
371 1121
371 1165
371 1201
372 378
372 383
372 418
372 452
372 504
372 513
372 555
372 591
372 775
372 906
372 1127
372 1159
372 1205
373 469
373 800
374 743
374 1014
374 1025
374 1097
375 413
375 574
375 610
375 656
375 765
375 959
375 991
375 1139
375 1190
376 724
376 742
376 832
376 1214
377 408
378 383
378 452
378 472
378 504
378 555
378 693
378 775
378 819
378 906
378 1057
378 1159
379 953
379 980
379 1053
379 1203
380 563
380 687
380 737
380 884
380 927
380 966
380 969
380 1075
380 1107
381 392
381 442
381 600
381 1057
382 487
382 734
383 452
383 472
383 504
383 513
383 555
383 775
383 906
383 1127
383 1159
383 1205
384 450
384 792
384 885
384 921
385 397
385 443
385 480
385 505
385 523
385 694
385 731
385 772
385 784
385 877
385 887
385 893
385 920
385 923
385 994
385 1065
386 495
386 656
386 991
386 1009
386 1093
386 1139
387 461
387 680
387 770
387 779
387 812
387 823
387 836
387 910
387 1114
388 431
388 473
388 619
388 685
388 794
388 962
388 1227
388 1235
389 568
389 1192
390 645
390 815
390 1208
391 422
391 485
391 636
391 980
391 1203
392 408
392 442
392 525
392 807
392 859
392 872
392 1028
392 1222
393 411
393 600
393 640
393 1153
394 974
394 1018
395 401
395 568
395 806
395 890
395 946
395 1038
395 1192
396 1120
397 480
397 518
397 523
397 735
397 784
397 877
397 887
397 893
397 923
397 930
397 1047
398 1044
399 435
399 802
399 929
399 1158
399 1238
400 414
400 428
400 599
400 672
400 705
400 813
400 833
400 844
400 845
400 989
400 1020
400 1036
400 1049
400 1170
400 1218
401 806
401 1038
402 527
402 1179
403 710
403 764
403 831
403 858
403 1199
404 471
404 623
404 670
404 729
404 759
404 824
404 829
404 834
404 922
404 1004
404 1095
404 1099
404 1104
404 1200
404 1228
405 496
405 526
405 624
405 651
405 666
405 740
405 842
405 891
405 1067
405 1068
405 1119
405 1146
405 1160
405 1197
406 975
406 1032
406 1085
407 655
407 1172
408 436
408 519
408 525
408 1028
408 1153
409 416
409 462
409 518
409 554
409 689
409 735
409 772
409 877
409 887
409 893
409 923
409 1111
409 1149
410 570
411 1028
411 1153
412 811
412 922
413 449
413 574
413 765
413 774
413 1139
414 430
414 451
414 521
414 599
414 651
414 654
414 672
414 786
414 796
414 844
414 845
414 938
414 1049
414 1068
414 1218
415 475
415 709
415 1175
415 1233
416 462
416 496
416 503
416 518
416 526
416 682
416 689
416 735
416 754
416 877
416 887
416 923
416 1047
416 1067
416 1146
416 1197
418 452
418 504
418 555
418 591
418 861
418 996
418 1127
418 1166
419 720
419 874
419 915
419 934
419 1163
420 477
420 1072
421 457
421 532
421 538
421 563
421 1124
421 1182
421 1191
421 1216
422 485
422 636
422 739
422 750
422 784
422 980
422 1203
422 1240
423 427
423 451
423 586
423 651
423 672
423 688
423 758
423 782
423 786
423 938
423 981
423 1004
423 1024
423 1064
423 1067
423 1068
423 1092
423 1130
423 1198
423 1200
424 491
425 640
425 771
425 821
425 1042
425 1045
425 1054
425 1157
426 465
426 1053
427 428
427 479
427 496
427 586
427 651
427 666
427 672
427 705
427 782
427 789
427 844
427 938
427 1067
427 1068
427 1146
427 1198
427 1201
428 586
428 666
428 672
428 705
428 782
428 813
428 844
428 845
428 938
428 1020
428 1049
429 454
429 799
429 1076
429 1108
429 1123
430 495
430 548
430 786
430 796
430 817
430 960
430 1000
430 1009
430 1093
430 1141
431 685
431 794
431 1227
431 1235
432 693
432 1069
432 1241
433 667
433 760
433 898
433 985
433 1041
433 1112
434 878
434 1239
435 617
435 791
435 851
435 945
435 972
435 1143
435 1238
436 442
436 519
436 525
436 600
436 872
437 438
437 566
437 846
437 928
437 1026
438 566
438 648
438 726
438 768
438 846
438 856
438 928
438 1016
438 1022
438 1026
440 1006
440 1050
441 745
442 519
442 525
442 600
442 872
442 918
442 1028
443 480
443 505
443 523
443 586
443 694
443 731
443 772
443 782
443 789
443 887
443 923
443 994
443 1024
443 1047
443 1065
443 1155
444 618
444 675
444 793
444 889
444 1039
445 593
445 907
447 762
448 521
448 654
448 671
448 932
448 1003
448 1164
448 1237
449 574
449 774
449 968
449 1132
449 1142
450 727
450 885
451 651
451 672
451 758
451 786
451 796
451 938
451 981
451 1000
451 1004
451 1009
451 1064
451 1067
451 1068
451 1092
451 1130
451 1141
451 1198
452 504
452 513
452 555
452 588
452 775
452 906
452 1031
452 1127
452 1159
452 1205
453 1243
454 482
454 799
454 843
454 1076
455 479
455 490
455 503
455 517
455 520
455 534
455 539
455 635
455 682
455 807
455 847
455 852
455 1201
457 1009
457 1124
457 1182
457 1190
457 1216
458 710
458 764
458 916
459 669
460 494
460 592
460 644
460 827
461 770
461 779
461 812
461 823
461 910
461 1114
462 554
462 689
462 735
462 1111
463 836
463 1066
463 1114
464 536
464 937
465 703
465 897
465 1053
466 484
466 575
466 581
466 752
466 940
466 967
466 1010
466 1011
466 1012
466 1065
466 1144
466 1169
467 592
467 671
467 723
467 741
467 932
467 949
467 1125
468 670
468 829
468 1104
468 1200
470 1007
471 623
471 729
471 759
471 824
471 829
471 834
471 922
471 1095
471 1099
471 1200
471 1228
472 504
472 555
472 775
472 906
472 918
472 1021
472 1057
472 1159
473 962
474 904
475 1062
475 1175
475 1233
476 701
476 706
476 905
476 1230
477 1072
478 549
478 650
478 1109
478 1178
478 1236
479 490
479 496
479 520
479 539
479 635
479 666
479 705
479 782
479 789
479 852
479 1155
479 1201
480 505
480 518
480 523
480 694
480 731
480 739
480 784
480 789
480 877
480 887
480 893
480 920
480 923
480 994
480 1047
480 1155
482 799
482 843
483 494
483 1221
483 1225
484 571
484 575
484 581
484 739
484 749
484 750
484 776
484 940
484 956
484 967
484 994
484 1011
484 1012
484 1169
484 1240
485 636
485 694
485 739
485 750
485 784
485 852
485 980
485 994
485 1155
485 1203
485 1240
485 1249
486 680
486 812
486 1012
486 1162
487 659
487 961
487 1242
488 599
488 833
488 989
488 1211
489 751
489 808
489 873
489 881
489 925
489 942
489 1005
489 1189
490 539
490 635
490 916
490 1201
492 686
492 691
492 974
492 1018
493 584
493 993
494 515
494 1221
494 1225
495 548
495 656
495 715
495 817
495 991
495 1000
495 1003
495 1009
495 1093
496 503
496 520
496 526
496 534
496 651
496 666
496 682
496 705
496 754
496 782
496 842
496 887
496 923
496 938
496 1067
496 1068
496 1146
496 1160
496 1197
496 1201
497 564
497 1106
497 1140
498 714
498 780
499 514
499 543
500 865
500 992
501 524
501 874
501 934
502 529
503 517
503 518
503 520
503 526
503 534
503 539
503 635
503 682
503 754
503 847
503 852
503 923
503 1047
503 1119
503 1121
503 1146
503 1165
503 1201
504 555
504 591
504 693
504 819
504 1079
504 1127
504 1159
505 523
505 694
505 731
505 736
505 772
505 784
505 789
505 887
505 923
505 994
505 1024
505 1065
506 588
506 652
506 753
506 775
506 1021
506 1165
506 1187
506 1205
508 550
508 587
508 1002
508 1046
508 1117
508 1158
508 1238
510 568
510 687
510 838
510 890
510 986
510 1192
511 767
512 914
512 984
512 1244
513 555
513 728
513 906
513 1159
513 1205
514 543
515 576
515 839
515 1225
516 665
516 959
516 1110
516 1190
517 520
517 534
517 635
517 639
517 682
517 754
517 801
517 807
517 847
517 853
517 859
517 1119
517 1165
518 523
518 526
518 682
518 689
518 731
518 735
518 754
518 772
518 877
518 887
518 893
518 923
518 930
518 1047
519 525
519 600
519 605
519 872
520 534
520 539
520 635
520 682
520 754
520 807
520 847
520 852
520 1047
520 1121
520 1155
520 1201
521 599
521 654
521 671
521 833
521 845
521 1125
521 1218
521 1237
522 550
522 634
522 661
522 1116
522 1142
522 1182
523 694
523 731
523 739
523 784
523 789
523 877
523 887
523 893
523 920
523 923
523 994
523 1047
523 1155
524 633
524 692
524 712
524 759
524 1023
525 801
525 807
525 872
526 651
526 682
526 740
526 754
526 758
526 782
526 887
526 923
526 938
526 1067
526 1068
526 1092
526 1146
526 1197
527 1179
530 804
530 873
530 1221
532 538
532 542
532 569
532 803
532 958
532 997
532 1191
533 658
533 683
533 778
533 1059
533 1131
534 539
534 635
534 682
534 754
534 801
534 807
534 847
534 848
534 853
534 1119
534 1121
534 1165
534 1201
535 580
535 684
535 730
535 883
535 1081
536 769
536 1059
536 1131
537 781
538 542
538 708
538 803
538 958
538 997
538 1191
539 635
539 682
539 807
539 852
539 1155
539 1201
541 757
541 811
542 734
542 803
542 958
542 997
542 1183
544 761
544 777
544 801
544 827
544 848
544 869
545 593
545 595
545 944
545 1077
545 1212
546 645
547 710
547 867
547 916
547 1098
547 1186
547 1232
547 1236
548 715
548 817
548 946
548 1038
548 1164
549 650
549 1226
550 587
550 1046
550 1117
550 1158
551 590
551 612
551 634
551 809
551 1142
553 635
553 666
553 705
553 813
553 844
553 845
553 1036
553 1083
553 1121
553 1160
553 1201
553 1245
554 772
554 849
554 952
554 1111
554 1149
555 591
555 693
555 775
555 906
555 1079
555 1127
555 1159
555 1205
556 573
556 613
556 655
557 713
558 1154
559 876
560 917
561 567
561 596
561 978
561 1202
562 632
562 634
562 840
562 970
562 1062
562 1107
563 661
563 676
563 737
563 884
563 969
563 1191
564 1106
565 570
565 931
565 1207
566 678
566 726
566 846
566 856
566 928
566 1016
566 1022
566 1026
567 858
567 978
567 1202
568 687
568 838
568 890
568 946
568 986
568 1192
569 803
569 958
569 1113
569 1183
570 931
570 1207
571 575
571 581
571 749
571 750
571 776
571 823
571 940
571 967
571 1011
571 1012
571 1162
572 1193
573 613
573 704
574 656
574 765
574 774
574 968
574 1132
574 1139
574 1142
575 581
575 739
575 749
575 750
575 776
575 940
575 956
575 967
575 994
575 1011
575 1012
575 1169
576 624
576 671
576 741
576 891
576 919
576 932
576 991
576 1139
576 1225
577 606
577 825
577 1223
578 688
578 721
578 736
578 772
578 1019
578 1024
578 1149
579 861
579 996
579 1031
579 1089
579 1154
579 1180
580 684
580 747
580 879
580 882
580 936
580 948
581 739
581 749
581 750
581 776
581 940
581 956
581 967
581 994
581 1011
581 1012
581 1169
581 1240
582 745
582 769
582 1059
583 920
583 1032
586 677
586 782
586 789
586 938
586 1010
586 1198
587 765
587 1046
587 1117
588 753
588 775
588 906
588 1021
588 1159
588 1187
588 1205
589 1172
590 632
590 970
591 693
591 1079
591 1127
591 1166
592 671
592 723
592 741
592 842
592 932
592 949
592 1125
592 1160
593 797
593 944
596 978
596 1103
597 819
597 883
598 625
598 642
598 652
598 930
598 1156
598 1187
599 654
599 833
599 1049
599 1218
599 1237
600 605
600 1151
600 1153
601 1030
601 1078
602 685
602 716
602 1041
602 1071
602 1085
602 1235
603 874
603 915
603 927
603 966
603 986
604 1220
605 1043
605 1151
606 785
606 788
606 892
609 897
610 624
610 919
610 947
610 959
610 1096
610 1110
610 1190
612 954
612 970
613 704
616 992
617 791
617 895
617 945
617 1143
618 675
618 793
618 889
618 1039
618 1168
619 962
620 665
620 667
620 717
620 751
620 985
620 1082
620 1112
621 646
622 1118
623 729
623 759
623 796
623 824
623 829
623 834
623 922
623 960
623 981
623 1004
623 1064
623 1095
623 1141
623 1200
623 1228
624 740
624 891
624 919
624 947
624 991
624 1096
624 1139
625 642
625 1094
625 1156
625 1187
628 888
628 1048
629 1122
629 1166
629 1185
630 664
632 699
632 715
632 970
633 712
633 729
633 737
633 759
633 960
633 1023
634 661
634 1107
634 1116
634 1142
635 682
635 807
635 848
635 1083
635 1121
635 1201
636 1094
636 1203
637 674
637 756
637 763
637 886
637 973
637 1029
637 1060
637 1070
638 855
638 924
638 1069
638 1134
639 801
639 808
639 827
639 830
639 853
639 881
639 942
639 1119
639 1165
640 908
642 1031
642 1089
642 1102
642 1156
642 1187
643 866
643 1084
643 1194
644 827
647 1122
647 1204
648 660
648 726
648 768
648 856
648 928
648 955
648 1016
648 1022
650 1109
650 1178
651 666
651 672
651 705
651 758
651 782
651 786
651 844
651 938
651 1064
651 1067
651 1068
651 1092
651 1130
651 1146
651 1198
651 1218
652 930
652 1156
652 1165
652 1187
652 1222
654 1218
654 1237
656 699
656 715
656 991
656 1093
656 1139
657 822
658 683
658 778
658 1131
659 1242
660 676
660 702
660 726
660 856
660 913
660 929
660 955
660 972
660 1016
660 1022
661 676
661 913
661 955
661 969
661 1075
661 1107
661 1116
663 900
663 935
665 667
665 681
665 718
665 961
666 672
666 705
666 782
666 844
666 845
666 938
666 1067
666 1068
666 1083
666 1146
666 1160
666 1197
666 1201
667 717
667 718
667 760
667 961
667 985
667 1082
667 1112
668 1248
669 1161
670 755
670 828
670 1104
670 1144
671 723
671 741
671 844
671 845
671 932
671 1125
671 1218
671 1237
672 705
672 786
672 796
672 813
672 844
672 845
672 938
672 1020
672 1049
672 1064
672 1067
672 1068
672 1198
672 1218
673 943
674 886
674 973
674 1060
674 1070
674 1113
675 793
675 889
676 702
676 726
676 913
676 929
676 955
676 969
676 1116
677 1010
677 1055
677 1169
679 719
679 746
679 765
679 805
679 1177
680 749
680 770
680 812
680 823
680 1011
680 1012
680 1162
682 735
682 754
682 847
682 852
682 923
682 1047
682 1119
682 1146
682 1165
682 1201
684 730
684 747
684 883
684 936
685 716
685 794
685 1071
685 1227
685 1235
686 691
686 1018
687 838
687 840
687 884
687 966
687 986
687 1075
687 1107
688 721
688 758
688 772
688 1024
688 1064
688 1092
688 1130
688 1149
688 1198
688 1228
689 735
689 754
689 808
689 930
689 1005
690 873
690 881
690 925
690 942
690 1120
691 974
691 1018
692 759
693 964
693 1069
693 1079
693 1134
694 731
694 739
694 750
694 784
694 789
694 852
694 920
694 956
694 994
694 1047
694 1065
694 1155
694 1240
695 965
697 837
698 752
698 828
698 1144
699 715
699 1003
700 701
700 706
701 706
701 937
701 941
702 726
702 856
702 913
702 929
702 955
702 972
702 1016
702 1022
705 782
705 813
705 844
705 845
705 938
705 1020
705 1036
705 1067
705 1068
705 1083
705 1146
705 1160
707 896
707 989
707 1020
707 1199
707 1202
708 721
708 834
708 922
708 997
708 1095
708 1141
708 1228
709 768
709 851
709 856
709 1175
709 1233
710 764
710 831
710 916
710 1245
711 944
711 1226
712 729
712 737
712 759
712 960
712 1023
714 780
715 817
715 946
715 1003
715 1164
716 794
716 1041
716 1071
716 1085
716 1235
717 849
717 952
717 961
717 985
717 1111
717 1112
718 760
718 961
718 1112
719 805
719 1177
719 1221
720 763
720 915
720 1163
721 834
721 1024
721 1130
721 1149
721 1228
723 741
723 813
723 833
723 844
723 845
723 932
723 949
723 1036
723 1125
723 1170
724 832
725 889
725 1039
725 1076
725 1168
726 856
726 913
726 955
726 972
726 1016
726 1022
728 1017
728 1081
728 1091
728 1094
729 737
729 759
729 824
729 834
729 922
729 1023
729 1095
729 1099
729 1141
729 1191
730 883
730 1081
730 1220
731 772
731 784
731 789
731 877
731 887
731 923
731 994
731 1024
731 1047
731 1065
731 1155
732 880
732 1171
734 952
735 754
735 877
735 887
735 923
735 930
735 1047
736 828
736 1010
736 1065
736 1144
737 884
737 1095
737 1191
738 1239
739 749
739 750
739 784
739 789
739 852
739 940
739 956
739 967
739 994
739 1011
739 1155
739 1240
740 842
740 891
740 919
740 947
740 1068
740 1096
740 1146
740 1160
740 1197
741 842
741 844
741 845
741 891
741 932
741 949
741 1125
741 1160
742 832
742 896
742 1202
743 1014
743 1025
743 1097
746 1177
747 936
747 948
749 750
749 770
749 812
749 823
749 910
749 940
749 967
749 1011
749 1012
749 1162
749 1169
749 1240
750 776
750 784
750 852
750 940
750 956
750 967
750 994
750 1011
750 1155
750 1240
750 1249
751 957
751 1082
751 1176
751 1189
752 1012
752 1169
753 1205
754 847
754 852
754 877
754 923
754 1047
754 1119
754 1165
755 773
755 1104
756 886
756 973
756 1060
756 1070
757 811
758 786
758 887
758 938
758 1064
758 1067
758 1068
758 1092
758 1130
758 1146
758 1198
759 824
759 1023
759 1095
759 1099
760 961
760 1041
760 1112
761 777
761 801
761 827
761 848
761 853
761 869
761 1121
762 855
762 863
763 1016
763 1029
763 1070
763 1086
764 831
764 916
764 1199
764 1245
765 774
765 1177
766 1224
768 856
768 928
769 778
769 1059
769 1131
770 779
770 812
770 823
770 910
770 940
770 1011
770 1162
771 1042
771 1045
772 877
772 887
772 893
772 923
772 1024
772 1130
772 1149
774 841
774 968
774 1132
775 906
775 918
775 1021
775 1057
775 1159
775 1205
776 956
776 967
777 827
777 869
778 1059
778 1131
779 836
779 910
779 1114
779 1199
782 789
782 938
782 1067
782 1068
782 1146
782 1155
782 1201
784 920
784 956
784 980
784 994
784 1047
784 1155
784 1203
785 788
785 892
786 796
786 938
786 981
786 1000
786 1009
786 1064
786 1068
786 1092
786 1218
788 892
788 1126
789 852
789 994
789 1047
789 1155
789 1240
790 1108
791 851
791 945
791 972
791 1143
791 1238
792 885
792 1233
793 889
793 1039
793 1168
794 1071
794 1085
794 1227
794 1235
796 960
796 981
796 1000
796 1004
796 1049
796 1064
796 1141
796 1218
799 843
799 1076
799 1123
801 807
801 830
801 848
801 853
801 869
801 872
801 1121
802 1002
802 1242
803 958
803 997
803 1183
803 1191
806 1038
806 1192
807 847
807 859
807 872
807 1165
808 881
808 925
808 942
808 1005
808 1119
809 1046
809 1181
811 1099
812 823
812 910
812 940
812 1011
812 1162
813 831
813 833
813 844
813 845
813 989
813 1020
813 1036
813 1049
813 1083
813 1125
813 1170
813 1218
813 1245
814 977
815 1126
817 946
817 960
817 1000
817 1093
817 1164
818 837
819 883
819 1081
821 1045
821 1133
821 1244
823 910
823 940
823 1011
823 1162
824 829
824 834
824 922
824 1095
824 1099
824 1200
824 1228
825 1223
827 853
827 869
827 942
828 1010
828 1065
828 1104
828 1144
829 834
829 922
829 981
829 1004
829 1064
829 1141
829 1198
829 1200
829 1228
830 853
831 833
831 989
831 1020
831 1036
831 1170
831 1199
831 1245
833 845
833 989
833 1020
833 1036
833 1125
833 1170
834 922
834 981
834 1004
834 1095
834 1141
834 1200
834 1228
835 1211
836 1114
837 977
838 884
838 890
838 946
838 1075
838 1192
839 1048
839 1225
840 1062
840 1075
841 968
841 1132
842 891
842 1119
842 1121
842 1146
842 1160
842 1197
843 948
844 845
844 938
844 1020
844 1036
844 1049
844 1068
844 1083
844 1125
844 1146
844 1160
844 1218
845 938
845 1020
845 1036
845 1049
845 1068
845 1083
845 1125
845 1170
845 1218
846 928
846 1026
847 859
847 1119
847 1165
848 853
848 869
848 1083
848 1121
849 952
849 1110
849 1111
849 1190
849 1216
851 856
851 945
851 972
851 1143
852 1047
852 1155
852 1201
852 1240
853 869
853 1119
853 1121
855 924
856 913
856 928
856 955
856 972
856 1016
856 1022
857 918
857 1043
857 1105
857 1226
859 918
859 1021
859 1165
859 1222
861 996
861 1089
861 1180
862 1017
862 1091
862 1094
866 1084
866 1194
867 1109
867 1178
867 1236
868 876
872 918
873 925
873 942
873 1120
874 927
874 934
874 966
874 986
875 987
875 1035
877 887
877 893
877 923
877 930
877 1047
878 1239
879 882
879 936
879 948
879 1185
880 1171
881 925
881 942
881 1005
881 1119
882 936
882 948
882 1185
883 1081
884 927
884 966
884 969
884 1075
884 1107
886 973
886 1060
886 1070
886 1113
887 923
887 1024
887 1047
887 1067
887 1092
888 1048
889 1039
889 1168
890 1038
890 1192
891 919
891 1068
891 1096
891 1146
891 1160
891 1197
893 923
893 930
893 1032
893 1047
894 907
894 1027
896 1129
897 987
898 988
900 935
900 1123
901 990
901 1063
902 933
903 1078
905 1174
905 1230
906 1021
906 1057
906 1159
906 1187
906 1205
906 1222
907 1027
908 1147
911 1058
913 929
913 955
913 969
913 972
913 1116
914 984
914 1244
915 927
915 934
915 966
915 1163
916 1245
918 1021
918 1057
918 1105
919 947
919 959
919 991
919 1096
919 1110
919 1139
920 956
920 980
920 1203
922 1095
922 1099
922 1200
922 1228
923 930
923 1047
925 942
925 1005
927 934
927 966
927 969
927 986
927 1075
928 1016
928 1022
928 1026
929 955
929 972
929 1158
929 1238
930 1047
931 1207
932 949
932 1125
932 1237
934 1152
935 1061
936 948
936 1185
938 1049
938 1064
938 1067
938 1068
938 1092
938 1146
938 1198
938 1218
940 967
940 994
940 1011
940 1012
940 1169
940 1240
942 1119
942 1120
944 1212
944 1226
945 1143
946 1038
946 1164
946 1192
947 959
947 991
947 1096
947 1110
948 1185
949 1125
952 1085
952 1111
953 980
953 1059
953 1203
955 969
955 972
955 1022
956 967
956 980
956 994
957 965
957 1176
957 1180
957 1189
958 997
958 1183
958 1191
959 1110
959 1190
959 1216
960 1000
960 1023
960 1141
961 1112
964 1069
964 1079
964 1134
964 1204
966 969
966 986
966 1075
966 1163
967 1011
967 1012
968 1132
968 1181
969 1075
969 1107
970 1062
972 1022
973 1029
973 1060
973 1070
973 1113
974 1018
980 1203
981 1000
981 1004
981 1009
981 1064
981 1141
981 1198
981 1200
981 1228
985 1082
985 1112
987 1184
989 1020
989 1049
989 1202
990 1063
991 1093
991 1139
994 1065
994 1155
994 1240
996 1031
996 1089
996 1154
997 1191
1000 1009
1000 1064
1000 1093
1000 1124
1000 1141
1001 1136
1002 1158
1002 1238
1003 1164
1003 1237
1004 1064
1004 1141
1004 1198
1004 1200
1004 1228
1005 1119
1005 1189
1009 1093
1009 1124
1009 1141
1010 1065
1010 1144
1010 1198
1011 1012
1011 1162
1011 1169
1011 1240
1012 1162
1012 1169
1013 1209
1016 1022
1017 1091
1020 1036
1020 1049
1021 1057
1021 1205
1021 1222
1024 1130
1024 1149
1024 1198
1024 1228
1025 1097
1028 1153
1029 1070
1029 1086
1030 1220
1031 1089
1031 1154
1031 1156
1031 1180
1033 1040
1036 1083
1036 1125
1036 1170
1036 1245
1038 1164
1038 1192
1039 1168
1041 1071
1041 1085
1041 1112
1042 1045
1042 1054
1043 1105
1043 1212
1043 1226
1044 1148
1045 1133
1046 1117
1046 1137
1047 1155
1049 1218
1051 1196
1052 1080
1054 1151
1054 1157
1055 1169
1056 1214
1057 1222
1059 1131
1060 1070
1060 1113
1064 1092
1064 1130
1064 1141
1064 1198
1064 1200
1064 1228
1065 1144
1066 1129
1067 1068
1067 1092
1067 1146
1067 1197
1068 1092
1068 1146
1068 1160
1068 1197
1068 1218
1069 1079
1069 1134
1069 1204
1069 1241
1071 1085
1071 1227
1071 1235
1075 1107
1076 1168
1078 1157
1079 1122
1079 1134
1079 1204
1082 1112
1082 1189
1083 1121
1083 1160
1083 1201
1083 1245
1084 1194
1089 1154
1089 1180
1090 1135
1092 1130
1092 1146
1092 1198
1093 1124
1094 1187
1095 1099
1095 1141
1095 1191
1095 1228
1096 1110
1098 1232
1100 1115
1102 1156
1103 1188
1103 1211
1104 1144
1105 1226
1106 1140
1107 1116
1107 1175
1109 1178
1109 1236
1110 1190
1111 1149
1113 1183
1119 1197
1121 1160
1121 1201
1122 1166
1124 1141
1124 1182
1124 1190
1124 1216
1125 1170
1125 1218
1125 1237
1127 1159
1127 1205
1130 1149
1130 1198
1132 1181
1134 1204
1141 1200
1141 1228
1143 1238
1144 1169
1145 1150
1146 1160
1146 1197
1151 1206
1155 1240
1156 1187
1158 1238
1159 1205
1160 1197
1164 1237
1170 1245
1174 1248
1176 1189
1178 1236
1182 1190
1182 1216
1186 1232
1187 1205
1187 1222
1190 1216
1198 1200
1199 1202
1200 1228
1212 1226
1218 1237
1221 1225
1227 1235
1240 1249
