0 2
0 27
0 40
0 46
0 56
0 76
0 114
0 118
0 130
0 155
0 191
0 194
0 199
0 201
0 227
0 231
0 249
0 272
0 357
0 381
0 429
0 436
0 470
0 488
0 566
0 611
0 620
0 629
0 698
0 701
0 764
0 850
0 856
0 943
0 950
0 992
0 1132
0 1133
0 1156
0 1249
1 36
1 49
1 57
1 98
1 114
1 157
1 160
1 172
1 247
1 258
1 273
1 276
1 288
1 341
1 488
1 519
1 653
1 876
1 922
1 988
1 998
1 1174
2 3
2 4
2 27
2 40
2 46
2 56
2 67
2 114
2 155
2 191
2 194
2 201
2 227
2 288
2 357
2 381
2 429
2 436
2 488
2 503
2 566
2 629
2 653
2 698
2 850
2 856
2 925
2 943
2 992
2 1107
3 4
3 27
3 40
3 67
3 72
3 114
3 155
3 218
3 227
3 237
3 288
3 300
3 378
3 429
3 436
3 465
3 488
3 503
3 653
3 663
3 702
3 856
3 992
3 994
3 1107
4 72
4 114
4 227
4 288
4 300
4 378
4 465
4 479
4 503
4 538
4 653
4 702
4 992
4 1107
4 1118
5 15
5 18
5 19
5 59
5 96
5 127
5 132
5 137
5 138
5 143
5 144
5 193
5 206
5 218
5 237
5 471
5 484
5 563
5 663
5 853
5 957
5 973
5 994
5 1020
5 1138
6 7
6 28
6 38
6 56
6 75
6 122
6 130
6 201
6 210
6 212
6 249
6 261
6 272
6 287
6 331
6 388
6 531
6 559
6 588
6 611
6 647
6 674
6 772
6 903
6 965
6 1053
6 1065
6 1112
6 1205
6 1242
6 1249
7 28
7 38
7 75
7 122
7 210
7 212
7 261
7 272
7 287
7 331
7 531
7 559
7 588
7 611
7 647
7 674
7 719
7 753
7 772
7 903
7 965
7 1025
7 1053
7 1065
7 1112
7 1205
7 1242
7 1249
8 22
8 25
8 375
8 419
8 751
8 801
8 870
8 1042
8 1088
8 1157
9 52
9 99
9 165
9 175
9 344
9 347
9 360
9 372
9 495
9 497
9 512
9 648
9 767
9 941
9 1035
9 1096
9 1097
10 176
10 689
10 720
10 866
11 40
11 48
11 53
11 98
11 129
11 157
11 179
11 285
11 288
11 322
11 341
11 384
11 482
11 488
11 608
11 627
11 760
11 787
11 909
11 922
11 1044
11 1132
11 1153
11 1156
11 1174
11 1222
12 91
12 121
12 361
12 382
12 428
12 449
12 482
12 485
12 527
12 602
12 655
12 661
12 747
12 758
12 838
12 857
12 1118
12 1208
13 231
13 247
13 258
13 299
13 492
13 965
14 107
14 799
14 1239
15 18
15 19
15 59
15 96
15 127
15 137
15 138
15 143
15 144
15 193
15 218
15 237
15 264
15 471
15 475
15 484
15 663
15 702
15 957
15 977
15 994
15 1020
15 1107
15 1138
16 64
16 340
16 799
16 824
16 1239
17 32
17 424
18 19
18 59
18 96
18 127
18 132
18 137
18 138
18 143
18 144
18 193
18 218
18 237
18 471
18 484
18 663
18 957
18 973
18 994
18 1020
18 1138
19 59
19 100
19 127
19 132
19 137
19 138
19 143
19 146
19 193
19 206
19 237
19 264
19 471
19 475
19 484
19 563
19 663
19 783
19 853
19 957
19 977
19 994
19 1020
19 1111
19 1138
19 1185
20 220
20 418
20 995
21 364
21 450
21 539
22 25
22 375
22 419
22 751
22 801
22 870
22 966
22 1042
22 1113
22 1157
23 35
23 492
23 686
24 650
24 945
24 1206
25 29
25 117
25 222
25 419
25 751
25 801
25 805
25 870
25 948
25 1042
25 1088
25 1101
25 1157
25 1197
26 684
26 873
27 40
27 46
27 56
27 76
27 114
27 118
27 138
27 155
27 191
27 194
27 199
27 201
27 218
27 227
27 237
27 288
27 357
27 381
27 429
27 436
27 470
27 488
27 503
27 566
27 620
27 629
27 698
27 856
27 943
27 950
27 992
27 1107
28 38
28 75
28 122
28 210
28 212
28 261
28 272
28 287
28 331
28 531
28 559
28 588
28 611
28 647
28 674
28 719
28 753
28 772
28 903
28 965
28 1025
28 1053
28 1065
28 1112
28 1205
28 1242
28 1249
29 117
29 195
29 391
29 587
29 805
29 942
29 1030
29 1088
29 1101
29 1197
30 126
30 375
30 445
30 453
30 457
30 535
30 704
30 735
30 805
30 827
30 870
30 1042
30 1109
30 1113
30 1131
30 1197
30 1234
31 44
31 60
31 62
31 68
31 81
31 135
31 209
31 221
31 312
31 320
31 325
31 349
31 414
31 426
31 435
31 440
31 493
31 662
31 757
31 806
31 820
31 854
31 991
31 1004
31 1006
31 1202
31 1248
32 424
33 78
34 116
34 124
34 147
34 238
34 242
34 281
34 343
34 568
34 707
34 883
34 904
34 1063
34 1105
34 1125
35 125
35 665
35 686
35 841
36 49
36 57
36 98
36 141
36 160
36 172
36 231
36 247
36 258
36 273
36 276
36 472
36 488
36 519
36 617
36 653
36 876
36 988
36 998
36 1015
36 1070
37 501
37 762
37 1245
38 75
38 122
38 210
38 212
38 261
38 272
38 287
38 331
38 531
38 559
38 588
38 611
38 647
38 674
38 719
38 753
38 772
38 903
38 965
38 1025
38 1053
38 1065
38 1112
38 1205
38 1242
38 1249
39 190
39 1048
40 46
40 48
40 53
40 56
40 76
40 98
40 114
40 130
40 155
40 191
40 194
40 199
40 201
40 227
40 272
40 287
40 288
40 341
40 381
40 429
40 436
40 470
40 488
40 566
40 620
40 629
40 653
40 698
40 850
40 856
40 943
40 950
40 992
40 1132
40 1156
40 1249
41 44
41 60
41 67
41 68
41 133
41 221
41 225
41 227
41 280
41 316
41 325
41 371
41 380
41 465
41 475
41 576
41 593
41 633
41 662
41 702
41 925
41 962
41 966
41 974
41 992
41 1004
41 1006
41 1072
41 1107
41 1122
41 1163
41 1248
42 320
42 414
42 440
42 446
42 475
42 493
42 639
42 854
42 974
42 1202
42 1228
43 120
43 306
44 60
44 68
44 80
44 119
44 135
44 221
44 312
44 320
44 325
44 349
44 371
44 380
44 414
44 426
44 435
44 440
44 493
44 521
44 633
44 643
44 662
44 757
44 806
44 820
44 962
44 991
44 1004
44 1006
44 1072
44 1122
44 1248
45 54
45 83
45 184
45 198
45 522
45 524
45 798
45 804
45 839
45 855
45 893
45 918
45 1001
46 56
46 111
46 118
46 130
46 146
46 155
46 191
46 194
46 201
46 241
46 249
46 357
46 366
46 381
46 412
46 422
46 429
46 436
46 471
46 484
46 566
46 629
46 660
46 698
46 718
46 764
46 783
46 856
46 925
46 932
46 943
46 950
46 977
46 1107
46 1133
47 176
47 263
47 356
48 53
48 129
48 157
48 285
48 288
48 322
48 341
48 384
48 482
48 608
48 627
48 760
48 787
48 922
48 1044
48 1132
48 1153
48 1156
48 1174
48 1222
49 57
49 114
49 141
49 157
49 160
49 172
49 247
49 258
49 273
49 276
49 288
49 472
49 479
49 488
49 653
49 800
49 876
49 922
49 988
49 1070
49 1174
50 74
50 95
50 183
50 291
50 354
50 355
50 433
50 498
50 580
50 589
50 621
50 739
50 915
50 1043
50 1090
50 1121
50 1136
50 1147
50 1229
51 88
51 218
51 322
51 384
51 443
51 468
51 670
51 787
51 828
51 838
51 1121
52 99
52 165
52 175
52 344
52 347
52 360
52 372
52 497
52 512
52 648
52 941
52 1035
52 1096
53 98
53 129
53 157
53 179
53 285
53 288
53 322
53 341
53 384
53 482
53 488
53 608
53 627
53 760
53 787
53 909
53 922
53 1044
53 1132
53 1153
53 1156
53 1174
53 1222
54 83
54 117
54 198
54 522
54 524
54 804
54 918
55 64
55 107
55 393
55 799
55 975
55 1194
55 1239
56 76
56 118
56 130
56 191
56 194
56 199
56 201
56 210
56 212
56 241
56 249
56 272
56 357
56 381
56 422
56 429
56 436
56 470
56 531
56 566
56 611
56 620
56 629
56 674
56 698
56 718
56 764
56 856
56 943
56 950
56 1034
56 1053
56 1132
56 1156
56 1249
57 114
57 141
57 154
57 160
57 172
57 181
57 247
57 258
57 273
57 276
57 337
57 472
57 479
57 617
57 653
57 849
57 876
57 988
57 1070
57 1246
58 103
58 112
58 277
58 462
58 464
58 499
58 837
58 970
58 1186
59 100
59 127
59 137
59 138
59 143
59 144
59 146
59 193
59 206
59 237
59 264
59 471
59 475
59 484
59 563
59 663
59 783
59 853
59 957
59 977
59 994
59 1020
59 1107
59 1111
59 1138
59 1185
60 68
60 108
60 135
60 209
60 221
60 246
60 280
60 297
60 320
60 325
60 349
60 435
60 465
60 475
60 622
60 643
60 662
60 702
60 756
60 854
60 962
60 974
60 1004
60 1006
60 1072
60 1094
60 1135
60 1248
61 69
61 483
62 81
62 312
62 414
62 426
62 435
62 493
62 631
62 752
62 757
62 1202
63 98
63 121
63 324
63 341
63 404
63 482
63 519
63 586
63 677
63 678
63 760
63 909
63 998
63 1007
63 1076
63 1190
64 393
64 799
64 824
64 975
64 1194
65 73
65 145
65 167
65 547
65 846
65 848
65 1047
65 1172
65 1203
66 186
66 339
66 518
66 579
66 746
67 114
67 133
67 154
67 155
67 160
67 181
67 227
67 280
67 316
67 337
67 465
67 472
67 479
67 576
67 593
67 617
67 633
67 659
67 850
67 925
67 966
67 988
67 992
67 1072
67 1107
67 1163
67 1246
68 80
68 119
68 221
68 280
68 325
68 349
68 371
68 375
68 380
68 426
68 435
68 521
68 535
68 576
68 593
68 633
68 662
68 806
68 820
68 966
68 991
68 1004
68 1006
68 1072
68 1113
68 1122
68 1163
68 1248
69 483
70 613
70 1007
71 213
71 768
71 978
71 1079
71 1237
72 114
72 227
72 280
72 288
72 297
72 300
72 378
72 465
72 479
72 503
72 534
72 538
72 653
72 683
72 702
72 898
72 992
72 1107
73 442
73 547
73 846
73 848
73 1050
73 1203
74 291
74 354
74 355
74 589
74 621
74 714
74 739
74 896
74 915
74 1016
74 1043
74 1090
74 1192
74 1229
75 130
75 210
75 212
75 249
75 261
75 331
75 388
75 531
75 559
75 588
75 611
75 647
75 692
75 701
75 772
75 903
75 965
75 1053
75 1205
75 1249
76 118
76 168
76 179
76 183
76 192
76 199
76 201
76 285
76 381
76 395
76 429
76 436
76 470
76 486
76 566
76 608
76 620
76 764
76 856
76 950
76 1034
76 1121
76 1132
76 1156
77 607
77 1169
79 204
79 460
79 520
79 555
80 119
80 169
80 225
80 325
80 360
80 371
80 380
80 440
80 445
80 512
80 521
80 535
80 633
80 635
80 991
80 1012
80 1035
80 1097
80 1122
80 1248
81 312
81 325
81 349
81 398
81 426
81 435
81 493
81 631
81 752
81 757
81 806
81 820
81 991
81 1003
81 1004
81 1093
81 1214
82 442
82 547
82 818
82 846
82 895
82 938
83 184
83 198
83 522
83 524
83 798
83 804
83 839
83 855
83 893
83 918
83 947
83 979
83 1001
84 101
84 169
84 282
84 414
84 440
84 512
84 517
84 521
84 558
84 681
85 163
85 169
85 254
85 347
85 360
85 383
85 445
85 474
85 558
85 635
85 704
85 827
85 829
85 987
86 223
86 525
86 638
86 773
86 946
86 951
86 1126
86 1146
87 116
87 124
87 215
87 238
87 255
87 281
87 292
87 343
87 453
87 707
87 904
87 941
87 993
87 1243
88 322
88 384
88 449
88 661
88 670
88 747
88 787
88 828
88 838
88 1174
89 106
89 151
89 251
89 469
89 755
89 985
89 1232
90 250
90 706
90 1010
90 1052
91 121
91 157
91 288
91 361
91 407
91 428
91 485
91 594
91 602
91 747
91 758
91 800
91 857
91 922
91 1118
91 1174
91 1208
91 1219
92 200
92 307
92 705
92 1098
92 1190
93 94
93 97
93 277
93 421
93 499
93 795
93 1164
94 97
94 1164
95 129
95 179
95 183
95 200
95 235
95 498
95 589
95 627
95 739
95 742
95 780
95 907
95 1043
95 1044
95 1091
95 1153
95 1222
95 1229
96 106
96 127
96 132
96 138
96 143
96 151
96 156
96 218
96 226
96 237
96 486
96 724
96 973
96 1020
96 1138
96 1188
97 462
97 499
97 940
97 972
97 1164
98 122
98 172
98 201
98 231
98 247
98 272
98 287
98 324
98 341
98 488
98 519
98 608
98 627
98 647
98 719
98 753
98 909
98 943
98 998
98 1065
98 1076
98 1132
98 1156
98 1222
98 1249
99 148
99 165
99 175
99 344
99 372
99 495
99 497
99 512
99 648
99 826
99 1096
99 1193
100 137
100 143
100 144
100 193
100 246
100 264
100 475
100 639
100 663
100 957
100 994
100 1094
100 1135
101 169
101 250
101 260
101 282
101 414
101 517
101 681
101 831
102 152
102 197
102 283
102 476
102 478
102 495
102 767
102 923
102 1193
103 112
103 462
103 464
103 499
103 632
103 1186
104 174
104 202
104 230
104 290
104 309
104 310
104 394
104 401
104 437
104 487
104 550
104 567
104 891
104 957
104 1013
104 1069
105 134
105 190
105 308
105 340
105 450
105 605
105 750
105 754
105 1048
105 1061
106 132
106 151
106 156
106 226
106 724
106 755
106 973
106 985
106 1020
106 1138
106 1188
106 1232
106 1236
107 393
107 799
107 975
107 1194
108 135
108 209
108 221
108 246
108 280
108 294
108 297
108 320
108 349
108 435
108 465
108 577
108 622
108 643
108 683
108 702
108 712
108 756
108 854
108 962
108 1004
108 1068
108 1094
108 1135
109 133
109 146
109 194
109 225
109 316
109 379
109 380
109 410
109 471
109 484
109 593
109 660
109 748
109 761
109 925
109 932
109 977
109 1012
109 1039
109 1097
109 1133
109 1163
110 508
110 530
110 679
110 863
111 118
111 127
111 146
111 191
111 194
111 239
111 241
111 357
111 366
111 381
111 412
111 422
111 471
111 484
111 629
111 660
111 718
111 764
111 783
111 834
111 847
111 932
111 950
111 977
111 1039
111 1111
111 1185
112 462
112 464
112 499
112 632
112 1186
113 924
114 154
114 155
114 160
114 181
114 227
114 280
114 288
114 300
114 337
114 429
114 436
114 465
114 472
114 479
114 488
114 503
114 617
114 653
114 850
114 876
114 925
114 943
114 988
114 992
114 1107
114 1246
115 140
115 260
115 332
115 368
115 383
115 517
115 681
116 124
116 147
116 238
116 255
116 281
116 292
116 343
116 453
116 568
116 707
116 1063
117 522
117 1088
118 130
118 146
118 191
118 194
118 199
118 201
118 241
118 249
118 357
118 366
118 381
118 412
118 422
118 429
118 436
118 470
118 486
118 566
118 620
118 629
118 660
118 674
118 698
118 718
118 764
118 856
118 950
118 1034
119 225
119 325
119 360
119 371
119 380
119 440
119 445
119 512
119 521
119 535
119 633
119 635
119 1012
119 1035
119 1097
119 1122
119 1248
120 234
120 306
120 420
120 885
121 157
121 172
121 382
121 404
121 482
121 527
121 586
121 602
121 613
121 677
121 678
121 760
121 922
121 1007
121 1174
122 179
122 200
122 272
122 287
122 324
122 331
122 341
122 559
122 588
122 611
122 647
122 719
122 753
122 772
122 903
122 909
122 965
122 1065
122 1112
122 1222
123 261
123 331
123 359
123 388
123 492
123 647
123 874
123 956
123 965
123 1065
124 126
124 147
124 238
124 281
124 347
124 453
124 704
124 707
124 829
124 987
124 1063
125 411
125 665
125 686
125 841
125 948
125 1018
126 163
126 254
126 445
126 453
126 457
126 635
126 704
126 735
126 805
126 827
126 870
126 987
126 1131
126 1197
127 132
127 138
127 146
127 156
127 206
127 226
127 239
127 241
127 412
127 422
127 471
127 484
127 563
127 660
127 718
127 769
127 783
127 847
127 853
127 1020
127 1111
127 1138
127 1185
128 196
128 257
128 407
128 455
128 494
128 538
128 552
128 598
128 774
128 898
128 980
128 1200
128 1209
128 1219
129 179
129 183
129 192
129 285
129 322
129 324
129 341
129 384
129 498
129 580
129 589
129 608
129 627
129 719
129 742
129 753
129 907
129 909
129 1044
129 1112
129 1121
129 1132
129 1153
129 1156
129 1222
129 1229
130 155
130 191
130 194
130 201
130 210
130 212
130 241
130 249
130 272
130 357
130 366
130 381
130 436
130 531
130 566
130 611
130 629
130 647
130 674
130 698
130 701
130 764
130 772
130 850
130 856
130 943
130 950
130 1053
130 1133
130 1249
131 149
131 168
131 345
131 433
131 443
131 580
131 716
131 724
131 869
131 915
131 964
131 1121
131 1136
131 1188
131 1236
132 137
132 143
132 156
132 193
132 206
132 226
132 487
132 563
132 825
132 853
132 957
132 973
132 1020
132 1138
133 146
133 155
133 181
133 194
133 225
133 227
133 316
133 337
133 371
133 380
133 471
133 484
133 576
133 593
133 761
133 925
133 932
133 977
133 992
133 1012
133 1107
133 1133
133 1163
134 308
134 340
134 450
134 605
134 750
134 754
134 997
134 1061
135 209
135 221
135 246
135 280
135 294
135 296
135 320
135 349
135 426
135 435
135 465
135 493
135 577
135 583
135 622
135 643
135 662
135 683
135 712
135 756
135 854
135 962
135 1004
135 1068
135 1094
135 1135
136 142
136 1010
137 138
137 143
137 144
137 193
137 206
137 237
137 264
137 475
137 487
137 563
137 663
137 853
137 957
137 994
137 1138
138 143
138 144
138 156
138 193
138 218
138 226
138 237
138 381
138 429
138 663
138 950
138 973
138 994
138 1020
138 1138
139 1123
140 260
140 332
140 383
140 517
140 631
140 933
140 1093
141 172
141 182
141 247
141 258
141 273
141 276
141 311
141 519
141 872
141 986
141 998
141 1015
141 1045
141 1070
142 1010
143 144
143 193
143 237
143 264
143 309
143 487
143 529
143 560
143 663
143 853
143 957
143 973
143 994
143 1138
144 193
144 237
144 246
144 309
144 487
144 529
144 560
144 663
144 957
144 973
144 994
144 1094
144 1184
145 304
145 549
145 1047
146 191
146 194
146 241
146 316
146 357
146 366
146 379
146 410
146 422
146 471
146 484
146 629
146 660
146 718
146 761
146 783
146 834
146 847
146 932
146 977
146 1039
146 1111
146 1185
147 238
147 242
147 281
147 343
147 707
147 781
147 904
147 1063
147 1125
148 344
148 372
148 497
148 582
148 634
148 648
148 790
148 826
148 862
148 1096
149 187
149 267
149 291
149 314
149 342
149 345
149 430
149 915
149 964
149 1215
150 207
150 213
150 467
150 515
150 553
150 569
150 625
150 768
150 899
150 960
150 1025
150 1235
151 156
151 226
151 251
151 567
151 716
151 724
151 755
151 973
151 985
151 1020
151 1188
151 1236
152 197
152 282
152 283
152 476
152 495
152 835
152 1193
153 1137
154 155
154 160
154 181
154 227
154 280
154 337
154 472
154 479
154 576
154 593
154 617
154 653
154 659
154 784
154 849
154 850
154 876
154 925
154 966
154 988
154 992
154 1113
154 1163
154 1246
155 181
155 191
155 194
155 201
155 227
155 231
155 299
155 316
155 337
155 357
155 436
155 488
155 566
155 576
155 593
155 617
155 629
155 653
155 698
155 701
155 784
155 850
155 925
155 943
155 988
155 992
155 1107
155 1133
155 1163
155 1246
155 1249
156 168
156 218
156 226
156 412
156 486
156 724
156 973
156 985
156 1020
156 1138
156 1188
156 1236
157 172
157 288
157 322
157 341
157 482
157 488
157 527
157 602
157 608
157 627
157 653
157 760
157 787
157 922
157 1118
157 1153
157 1174
158 432
158 532
158 785
158 929
159 884
160 172
160 181
160 247
160 273
160 276
160 337
160 472
160 479
160 617
160 653
160 659
160 849
160 876
160 966
160 988
160 1070
160 1246
161 180
161 516
161 596
162 955
162 1056
163 254
163 368
163 383
163 474
163 558
163 704
163 827
163 829
163 987
164 641
164 652
164 1014
165 175
165 344
165 347
165 360
165 372
165 497
165 512
165 635
165 648
165 941
165 1035
165 1096
165 1097
167 782
167 1087
167 1172
167 1202
168 199
168 218
168 226
168 381
168 412
168 433
168 470
168 486
168 580
168 620
168 724
168 856
168 869
168 950
168 1020
168 1034
168 1079
168 1121
168 1136
168 1236
169 254
169 282
169 347
169 383
169 440
169 512
169 517
169 521
169 558
169 635
169 827
170 461
170 733
170 776
170 1102
171 392
172 247
172 258
172 273
172 276
172 288
172 341
172 488
172 519
172 653
172 876
172 922
172 998
172 1015
172 1070
174 189
174 202
174 274
174 290
174 310
174 394
174 401
174 567
174 891
174 1013
174 1159
175 197
175 203
175 266
175 344
175 372
175 495
175 497
175 648
175 767
175 916
175 1096
175 1193
176 689
176 866
177 651
177 1204
178 536
178 548
179 183
179 192
179 199
179 285
179 287
179 323
179 324
179 498
179 589
179 608
179 620
179 627
179 719
179 742
179 753
179 907
179 909
179 1044
179 1112
179 1132
179 1153
179 1156
179 1222
179 1229
180 596
180 803
181 227
181 280
181 316
181 337
181 472
181 479
181 535
181 576
181 593
181 617
181 633
181 653
181 659
181 784
181 849
181 850
181 876
181 925
181 966
181 988
181 992
181 1107
181 1113
181 1133
181 1163
181 1246
182 258
182 311
182 452
182 496
182 677
182 736
182 998
182 1015
182 1158
183 192
183 199
183 285
183 323
183 433
183 498
183 580
183 589
183 608
183 620
183 627
183 742
183 1034
183 1044
183 1121
183 1132
183 1136
183 1153
183 1156
183 1229
184 219
184 305
184 362
184 798
184 839
184 855
184 893
184 1001
184 1011
186 339
186 579
186 697
186 1023
186 1170
187 267
187 342
187 430
187 703
187 1092
187 1215
188 400
189 274
189 290
189 401
189 833
189 879
189 891
189 1159
190 243
190 308
190 1048
191 194
191 201
191 241
191 249
191 357
191 366
191 381
191 412
191 422
191 429
191 436
191 470
191 471
191 484
191 566
191 629
191 660
191 698
191 718
191 764
191 783
191 856
191 925
191 932
191 943
191 950
191 977
191 1107
191 1133
192 199
192 285
192 323
192 395
192 470
192 580
192 589
192 608
192 620
192 627
192 719
192 742
192 753
192 1034
192 1044
192 1112
192 1132
192 1156
192 1222
192 1229
193 206
193 237
193 264
193 471
193 475
193 484
193 487
193 563
193 663
193 853
193 957
193 994
193 1135
193 1138
194 241
194 249
194 316
194 357
194 366
194 381
194 412
194 422
194 429
194 436
194 471
194 484
194 566
194 629
194 660
194 698
194 718
194 764
194 783
194 856
194 925
194 932
194 950
194 977
194 992
194 1107
194 1133
195 391
195 587
195 942
196 248
196 257
196 407
196 417
196 455
196 534
196 538
196 552
196 691
196 774
196 898
196 1219
197 266
197 283
197 476
197 495
197 1193
198 524
198 804
198 918
198 947
198 979
198 1060
199 201
199 218
199 285
199 381
199 395
199 429
199 436
199 470
199 486
199 566
199 608
199 620
199 764
199 856
199 950
199 1034
199 1121
199 1132
199 1156
200 307
200 324
200 719
200 742
200 753
200 780
200 907
200 909
200 1112
200 1190
200 1222
201 210
201 231
201 249
201 272
201 287
201 341
201 381
201 436
201 470
201 488
201 531
201 566
201 588
201 611
201 620
201 629
201 647
201 698
201 764
201 772
201 850
201 856
201 943
201 1053
201 1065
201 1132
201 1156
201 1249
202 230
202 290
202 309
202 310
202 394
202 401
202 416
202 437
202 487
202 550
202 891
202 1013
202 1069
203 266
203 497
203 669
203 809
203 916
204 520
204 731
204 864
204 1245
205 215
205 265
205 439
205 609
205 878
205 927
205 1033
205 1108
205 1241
206 239
206 471
206 484
206 563
206 769
206 783
206 847
206 853
206 957
206 1111
206 1138
206 1185
207 210
207 395
207 481
207 515
207 569
207 590
207 625
207 674
207 903
207 1025
207 1049
207 1235
207 1242
208 409
208 845
209 221
209 284
209 294
209 296
209 320
209 349
209 435
209 534
209 577
209 583
209 597
209 622
209 643
209 662
209 683
209 712
209 756
209 757
209 774
209 820
209 854
209 962
209 1004
209 1068
210 212
210 249
210 261
210 272
210 331
210 395
210 515
210 531
210 559
210 588
210 611
210 647
210 674
210 764
210 772
210 903
210 1025
210 1053
210 1065
210 1112
210 1205
210 1242
211 554
212 249
212 271
212 331
212 366
212 388
212 531
212 559
212 566
212 588
212 611
212 647
212 692
212 698
212 701
212 748
212 772
212 965
212 1053
212 1205
212 1249
213 395
213 515
213 569
213 674
213 768
213 899
214 456
214 1057
215 265
215 343
215 439
215 707
215 927
215 941
215 993
215 1055
215 1243
216 303
216 315
216 451
216 581
216 676
217 369
218 226
218 237
218 381
218 429
218 443
218 468
218 470
218 486
218 503
218 560
218 670
218 856
218 994
218 1020
219 305
219 362
219 496
219 855
219 872
219 893
219 1011
220 418
220 995
221 280
221 312
221 320
221 325
221 349
221 426
221 435
221 446
221 465
221 493
221 577
221 583
221 622
221 643
221 662
221 756
221 757
221 820
221 854
221 962
221 1004
221 1068
221 1202
221 1248
222 411
222 419
222 556
222 751
222 902
222 948
222 986
222 1018
222 1042
222 1101
223 525
223 638
223 946
223 951
223 1126
223 1146
224 771
225 316
225 371
225 379
225 380
225 446
225 475
225 761
225 767
225 932
225 974
225 977
225 1012
225 1035
225 1097
225 1111
225 1122
226 412
226 486
226 724
226 973
226 985
226 1020
226 1138
226 1188
226 1236
227 280
227 316
227 337
227 436
227 465
227 479
227 488
227 576
227 593
227 617
227 653
227 850
227 925
227 988
227 992
227 1107
227 1163
227 1246
228 554
228 634
228 749
228 931
228 1052
229 455
229 552
229 597
229 712
229 774
229 797
229 1150
230 290
230 309
230 310
230 394
230 401
230 437
230 487
230 550
230 672
230 957
230 1013
230 1069
231 247
231 272
231 287
231 299
231 337
231 488
231 611
231 617
231 647
231 701
231 784
231 850
231 943
231 965
231 1249
232 1099
234 385
234 420
234 590
234 885
234 1110
235 333
235 498
235 562
235 739
235 780
235 815
235 907
235 917
235 928
235 1091
236 274
236 352
236 443
236 468
236 560
236 716
236 1000
236 1152
236 1184
236 1215
237 300
237 381
237 429
237 436
237 503
237 663
237 702
237 994
237 1020
237 1107
237 1138
238 281
238 343
238 453
238 568
238 707
238 904
238 1063
238 1125
239 563
239 660
239 769
239 783
239 834
239 847
239 923
239 1111
239 1185
240 801
240 933
240 1157
240 1214
241 249
241 357
241 366
241 381
241 412
241 422
241 471
241 484
241 566
241 629
241 660
241 698
241 718
241 764
241 783
241 847
241 856
241 932
241 950
241 977
241 1185
242 281
242 778
242 1063
244 303
244 1095
244 1123
245 449
245 473
245 544
245 605
245 750
245 777
245 828
245 838
245 921
245 997
245 1061
245 1147
246 264
246 297
246 475
246 622
246 663
246 702
246 756
246 962
246 994
246 1094
246 1135
247 258
247 273
247 276
247 299
247 488
247 519
247 617
247 653
247 850
247 876
247 988
247 998
247 1015
248 257
248 417
248 594
248 691
248 763
248 1168
249 271
249 357
249 366
249 531
249 566
249 611
249 629
249 674
249 692
249 698
249 701
249 748
249 764
249 772
249 1053
249 1133
249 1249
250 282
250 549
250 681
250 831
251 610
251 687
251 716
251 755
251 985
251 1188
252 1231
253 336
253 808
253 968
254 347
254 383
254 445
254 453
254 558
254 635
254 704
254 827
254 987
254 1131
255 292
255 343
255 707
257 407
257 417
257 455
257 538
257 552
257 691
257 898
257 1208
257 1219
258 273
258 276
258 311
258 519
258 876
258 998
258 1015
258 1076
259 373
259 447
259 628
259 690
260 517
260 681
260 976
261 331
261 388
261 406
261 515
261 531
261 559
261 588
261 611
261 647
261 772
261 903
261 965
261 1025
261 1049
261 1053
261 1065
261 1110
261 1205
261 1242
262 295
263 406
263 1040
263 1106
264 475
264 639
264 663
264 957
264 1094
264 1135
265 439
265 692
265 748
265 878
265 927
265 993
265 1033
265 1241
266 283
266 476
266 495
266 809
266 916
266 983
266 1193
267 342
267 430
267 537
267 703
267 1092
268 313
268 1074
269 374
269 480
270 554
270 819
270 821
271 366
271 438
271 531
271 748
271 1039
271 1040
272 287
272 324
272 331
272 341
272 488
272 531
272 559
272 588
272 611
272 647
272 719
272 753
272 772
272 903
272 909
272 943
272 965
272 1053
272 1065
272 1112
272 1132
272 1156
272 1222
272 1249
273 276
273 472
273 556
273 872
273 876
273 986
273 988
273 1015
273 1070
274 466
274 879
274 1054
274 1215
275 398
275 557
275 631
275 752
275 1093
276 472
276 479
276 653
276 800
276 872
276 876
276 988
276 1015
276 1070
277 462
277 499
277 868
277 940
277 970
277 1164
278 415
278 616
280 284
280 297
280 465
280 479
280 534
280 583
280 643
280 662
280 683
280 702
280 712
280 756
280 962
280 966
280 992
280 1004
280 1006
280 1072
280 1107
280 1135
280 1248
281 343
281 453
281 568
281 707
281 904
281 1063
281 1125
282 512
282 517
282 681
282 831
283 476
283 478
283 495
283 923
283 1193
284 349
284 455
284 465
284 479
284 534
284 583
284 643
284 683
284 712
284 756
284 774
284 820
284 898
284 1004
284 1072
285 322
285 323
285 384
285 433
285 470
285 498
285 580
285 589
285 608
285 620
285 627
285 742
285 1034
285 1044
285 1121
285 1132
285 1136
285 1153
285 1156
285 1222
285 1229
286 1134
287 324
287 331
287 341
287 488
287 559
287 588
287 608
287 611
287 627
287 647
287 719
287 753
287 772
287 903
287 909
287 943
287 965
287 1065
287 1112
287 1132
287 1156
287 1222
287 1249
288 300
288 322
288 378
288 488
288 503
288 653
288 747
288 787
288 876
288 922
288 1118
288 1174
289 710
289 773
289 1220
290 309
290 310
290 394
290 401
290 416
290 550
290 816
290 833
290 891
290 1013
290 1069
290 1224
291 354
291 355
291 433
291 580
291 896
291 915
291 964
291 1090
291 1136
292 609
292 707
293 326
293 766
294 296
294 577
294 583
294 585
294 597
294 622
294 643
294 683
294 712
294 756
294 774
294 1068
296 349
296 577
296 592
296 597
296 622
296 643
296 756
296 797
296 1068
296 1087
297 300
297 378
297 465
297 475
297 622
297 663
297 683
297 702
297 712
297 756
297 962
297 994
297 1094
297 1135
297 1209
298 491
298 740
299 337
299 617
299 647
299 692
299 701
299 784
299 850
299 943
299 965
299 1019
299 1133
299 1246
299 1249
300 378
300 494
300 503
300 538
300 702
300 747
300 1118
300 1219
301 770
301 996
302 1226
303 315
303 451
303 1095
304 549
304 938
304 1071
305 362
305 893
305 906
305 1001
305 1011
307 1098
307 1190
307 1210
308 450
308 539
308 605
308 750
308 1061
309 310
309 394
309 401
309 529
309 891
309 1069
310 394
310 401
310 437
310 487
310 550
310 567
310 891
310 957
310 1013
310 1069
311 452
311 519
311 998
311 1015
311 1045
311 1076
311 1120
311 1211
312 320
312 325
312 349
312 414
312 426
312 435
312 440
312 493
312 521
312 662
312 757
312 806
312 820
312 854
312 991
312 1004
312 1006
312 1202
312 1248
313 1074
314 430
314 537
314 1092
314 1215
315 451
315 581
316 337
316 371
316 380
316 471
316 484
316 576
316 593
316 633
316 761
316 925
316 932
316 977
316 992
316 1012
316 1097
316 1107
316 1133
316 1163
317 370
317 641
317 652
317 960
317 1014
317 1073
318 520
318 555
318 726
318 842
318 864
318 1183
319 350
319 836
319 888
319 1212
320 325
320 349
320 414
320 426
320 435
320 446
320 493
320 577
320 622
320 662
320 854
320 962
320 1004
320 1202
320 1228
322 384
322 449
322 482
322 527
322 608
322 627
322 670
322 787
322 828
322 838
322 922
322 1044
322 1121
322 1132
322 1153
322 1156
322 1174
323 395
323 433
323 569
323 580
323 589
323 620
323 742
323 768
323 869
323 1034
323 1079
323 1156
324 341
324 608
324 627
324 719
324 753
324 907
324 909
324 1044
324 1065
324 1076
324 1112
324 1132
324 1156
324 1190
324 1222
325 349
325 371
325 380
325 414
325 426
325 435
325 440
325 493
325 521
325 633
325 662
325 757
325 806
325 820
325 962
325 991
325 1004
325 1006
325 1072
325 1122
325 1248
326 766
326 983
328 975
329 437
329 672
329 981
330 514
330 604
330 1059
331 388
331 531
331 559
331 588
331 611
331 647
331 772
331 903
331 965
331 1053
331 1065
331 1205
331 1242
331 1249
332 368
332 383
332 517
332 933
333 444
333 562
333 815
333 917
333 1062
334 397
334 1027
334 1036
335 741
335 971
335 1140
335 1225
336 385
336 808
336 968
337 472
337 479
337 535
337 576
337 593
337 617
337 659
337 784
337 849
337 850
337 876
337 925
337 966
337 988
337 992
337 1019
337 1113
337 1133
337 1163
337 1246
339 518
339 579
339 746
340 754
340 824
341 488
341 519
341 608
341 627
341 760
341 909
341 922
341 943
341 1044
341 1132
341 1153
341 1156
341 1174
341 1222
342 430
342 703
342 1092
342 1215
343 707
343 781
343 883
343 904
343 1063
343 1125
343 1243
344 372
344 497
344 512
344 648
344 941
344 1096
344 1243
345 443
345 716
345 724
345 869
345 915
345 964
345 1136
345 1236
346 373
346 646
346 1221
347 360
347 445
347 512
347 558
347 635
347 648
347 704
347 829
347 941
347 987
347 1035
348 734
348 786
348 1183
349 426
349 435
349 493
349 583
349 643
349 662
349 756
349 757
349 806
349 820
349 854
349 991
349 1004
349 1006
349 1060
349 1068
349 1072
349 1248
350 396
350 721
350 836
350 888
351 399
351 456
352 443
352 468
352 1000
352 1152
353 963
353 1187
354 355
354 473
354 544
354 621
354 739
354 777
354 921
354 1090
354 1147
355 433
355 580
355 589
355 621
355 915
355 1016
355 1043
355 1090
355 1136
357 366
357 381
357 412
357 422
357 429
357 436
357 470
357 471
357 484
357 566
357 629
357 660
357 698
357 718
357 764
357 783
357 856
357 932
357 950
357 977
359 874
359 956
359 1110
360 445
360 512
360 521
360 558
360 635
360 648
360 704
360 829
360 941
360 987
360 1035
360 1096
360 1097
361 382
361 428
361 449
361 485
361 539
361 594
361 602
361 655
361 661
361 758
361 1168
361 1208
362 411
362 419
362 496
362 798
362 855
362 872
362 893
362 986
362 1011
363 406
363 438
363 467
363 515
363 553
363 625
363 720
363 794
363 1028
363 1235
364 382
364 444
364 539
364 602
365 478
365 713
365 765
365 958
365 1167
366 410
366 422
366 531
366 629
366 660
366 698
366 748
366 764
366 1039
367 509
367 746
368 474
368 658
370 481
370 569
370 641
370 652
370 768
370 823
370 1014
370 1073
371 380
371 440
371 445
371 521
371 535
371 576
371 593
371 633
371 635
371 662
371 991
371 1006
371 1012
371 1035
371 1072
371 1097
371 1122
371 1163
371 1234
371 1248
372 497
372 582
372 648
372 826
372 862
372 1096
373 628
374 480
375 445
375 535
375 633
375 801
375 827
375 870
375 991
375 1006
375 1113
375 1131
375 1157
375 1248
376 584
377 526
377 935
377 952
377 1128
378 407
378 494
378 503
378 529
378 538
378 598
378 747
378 898
378 980
378 1118
378 1209
378 1219
379 380
379 410
379 660
379 761
379 767
379 783
379 881
379 932
379 977
379 1039
379 1097
379 1111
380 440
380 521
380 633
380 761
380 974
380 1012
380 1035
380 1097
380 1122
380 1248
381 412
381 422
381 429
381 436
381 470
381 486
381 566
381 620
381 629
381 698
381 718
381 764
381 856
381 943
381 950
381 1034
381 1132
382 428
382 485
382 602
382 613
382 655
382 758
383 517
383 558
383 704
383 827
383 933
384 449
384 473
384 482
384 527
384 627
384 670
384 787
384 828
384 838
384 1044
384 1121
384 1147
384 1153
385 808
385 885
385 968
385 1110
386 874
386 1126
386 1210
387 466
387 779
387 887
387 1054
387 1159
388 588
388 611
388 647
388 692
388 701
388 772
388 965
388 1053
388 1106
388 1205
389 669
389 744
389 867
391 587
393 799
393 969
393 975
393 1194
394 401
394 437
394 487
394 550
394 567
394 891
394 957
394 973
394 1013
394 1069
395 486
395 569
395 620
395 674
395 764
395 768
395 1025
395 1034
395 1079
396 649
396 721
396 888
396 999
397 496
397 736
397 1075
398 557
398 631
398 752
398 933
398 1003
398 1093
398 1214
401 416
401 550
401 816
401 833
401 891
401 1013
401 1069
401 1224
402 664
402 914
404 482
404 527
404 586
404 613
404 677
404 678
404 760
404 917
404 1007
404 1190
406 438
406 515
406 590
406 625
406 1040
406 1049
406 1110
406 1205
406 1235
406 1242
407 417
407 494
407 538
407 574
407 598
407 661
407 691
407 747
407 980
407 1118
407 1168
407 1177
407 1208
407 1219
408 666
408 723
408 743
408 1218
409 845
410 660
410 748
410 761
410 767
410 783
410 834
410 881
410 932
410 1039
411 419
411 556
411 751
411 872
411 948
411 986
411 1018
412 422
412 470
412 486
412 629
412 718
412 724
412 764
412 847
412 856
412 950
412 1020
412 1034
412 1138
414 426
414 435
414 440
414 446
414 493
414 521
414 854
414 1122
414 1202
414 1228
415 616
416 550
416 779
416 833
416 891
416 1013
416 1069
416 1159
416 1224
417 574
417 594
417 691
417 763
417 1168
417 1208
417 1219
418 995
419 556
419 751
419 798
419 872
419 986
419 1042
420 885
420 968
420 1128
420 1199
421 464
422 471
422 484
422 566
422 629
422 660
422 698
422 718
422 764
422 783
422 847
422 932
422 950
422 977
422 1185
425 879
425 1056
426 435
426 440
426 493
426 521
426 662
426 757
426 806
426 820
426 854
426 991
426 1004
426 1006
426 1202
426 1248
428 485
428 594
428 602
428 655
428 758
428 800
428 857
428 1208
429 436
429 470
429 486
429 488
429 503
429 566
429 620
429 629
429 856
429 950
429 1107
429 1132
430 537
430 1092
430 1215
432 532
432 785
432 929
433 580
433 589
433 869
433 915
433 964
433 1034
433 1121
433 1136
433 1229
435 440
435 493
435 643
435 662
435 757
435 806
435 820
435 854
435 962
435 991
435 1004
435 1006
435 1068
435 1202
435 1248
436 470
436 488
436 503
436 566
436 620
436 629
436 698
436 850
436 856
436 925
436 943
436 950
436 992
436 1107
437 458
437 550
437 672
437 825
437 1013
437 1069
438 515
438 1040
438 1205
439 609
439 669
439 927
439 993
439 1055
439 1108
439 1241
439 1243
440 446
440 493
440 521
440 662
440 991
440 1097
440 1122
440 1202
440 1248
441 1041
441 1114
442 547
442 818
442 846
442 848
442 895
442 926
442 938
443 468
443 670
443 716
443 964
443 1152
443 1188
444 562
444 815
444 917
444 1062
445 453
445 521
445 558
445 635
445 704
445 827
445 987
445 1012
445 1035
445 1131
445 1234
446 475
446 493
446 639
446 974
446 1122
446 1202
446 1228
447 628
447 690
447 790
448 542
448 967
448 1064
449 482
449 602
449 661
449 670
449 747
449 787
449 828
449 838
449 1177
450 539
450 655
450 750
451 581
452 496
452 1045
452 1075
452 1158
453 457
453 704
453 707
453 735
453 987
453 1131
454 463
454 814
455 534
455 538
455 552
455 583
455 683
455 712
455 756
455 774
455 898
456 729
456 996
456 1057
457 535
457 735
457 902
457 1019
457 1021
457 1042
457 1109
457 1113
457 1131
457 1234
458 550
458 779
458 887
458 1013
459 623
459 697
459 1023
460 520
460 555
460 694
460 864
461 733
461 776
461 1102
462 464
462 499
462 1164
462 1186
463 814
464 499
464 1186
465 479
465 534
465 583
465 643
465 662
465 683
465 702
465 712
465 756
465 962
465 992
465 1072
465 1107
465 1135
466 879
466 1054
466 1159
467 553
467 590
467 625
467 720
467 759
467 960
467 1235
468 560
468 670
468 716
468 964
468 1152
468 1184
469 561
470 486
470 566
470 620
470 629
470 764
470 856
470 950
470 1034
470 1132
470 1156
471 475
471 484
471 563
471 660
471 761
471 783
471 847
471 932
471 974
471 977
471 1107
471 1111
471 1185
472 479
472 617
472 653
472 659
472 876
472 988
472 1070
472 1246
473 544
473 621
473 777
473 828
473 921
473 1062
473 1147
474 658
475 484
475 639
475 663
475 702
475 962
475 974
475 977
475 1094
475 1107
475 1111
475 1135
475 1228
476 478
476 495
476 767
476 1193
478 923
479 534
479 617
479 653
479 876
479 966
479 988
479 992
479 1246
481 569
481 652
481 693
481 727
481 768
481 823
481 1025
482 527
482 586
482 602
482 627
482 760
482 922
482 1044
482 1153
482 1174
484 563
484 660
484 761
484 783
484 847
484 932
484 974
484 977
484 1107
484 1111
484 1185
485 594
485 602
485 661
485 747
485 758
485 800
485 857
485 1118
485 1208
486 620
486 718
486 724
486 764
486 856
486 869
486 950
486 1020
486 1034
486 1079
486 1236
487 550
487 567
487 853
487 957
487 973
487 1138
488 566
488 617
488 653
488 698
488 850
488 856
488 876
488 922
488 943
488 992
488 1132
488 1174
488 1249
489 630
489 871
491 1187
492 686
493 757
493 854
493 1087
493 1202
493 1228
494 511
494 529
494 538
494 560
494 598
494 980
494 1177
494 1184
494 1209
494 1219
495 1193
496 736
496 1015
497 648
497 941
497 1055
497 1096
497 1243
498 589
498 627
498 739
498 742
498 780
498 907
498 1043
498 1044
498 1091
498 1153
498 1222
498 1229
499 868
499 940
499 970
499 1164
499 1186
500 695
500 732
500 822
500 1024
501 1245
502 1199
503 653
503 670
503 747
503 787
503 1118
503 1174
505 601
506 542
506 671
506 978
506 1064
506 1232
506 1237
507 995
508 530
508 863
508 954
509 518
509 665
509 746
509 1223
510 883
510 890
510 1085
511 529
511 598
511 688
511 882
511 980
511 1184
511 1209
512 521
512 558
512 635
512 648
512 1035
512 1096
512 1097
513 859
513 976
513 1124
514 604
514 1059
515 531
515 625
515 674
515 899
515 1025
515 1049
515 1205
515 1235
515 1242
517 681
518 579
518 665
518 746
519 677
519 998
519 1015
519 1076
519 1120
519 1190
519 1211
520 555
520 694
520 731
520 842
520 864
520 1123
521 558
521 633
521 635
521 827
521 991
521 1012
521 1035
521 1097
521 1122
521 1248
522 798
522 918
522 1001
523 699
524 918
524 947
524 979
524 1060
525 638
525 773
525 946
525 951
525 1082
525 1146
526 935
526 952
527 562
527 586
527 602
527 678
527 760
527 1153
528 1114
529 538
529 560
529 598
529 663
529 980
529 994
529 1184
529 1209
530 679
530 863
531 559
531 566
531 588
531 611
531 629
531 647
531 674
531 698
531 764
531 772
531 903
531 1053
531 1205
531 1249
532 929
533 600
533 745
533 1081
534 583
534 643
534 683
534 712
534 756
534 774
534 898
535 576
535 593
535 633
535 659
535 735
535 849
535 966
535 1006
535 1012
535 1019
535 1072
535 1109
535 1113
535 1131
535 1163
535 1234
535 1246
535 1248
536 548
537 703
537 1225
538 552
538 598
538 683
538 774
538 898
538 980
538 1209
538 1219
539 655
539 750
542 624
542 671
542 967
542 1064
543 830
543 840
543 1198
544 621
544 777
544 828
544 921
544 1147
545 1218
546 910
547 818
547 846
547 895
547 938
547 1203
548 911
549 831
549 835
550 672
550 891
550 1013
550 1069
551 721
551 1046
552 585
552 683
552 712
552 774
552 898
552 912
552 1200
553 590
553 625
553 720
553 759
553 960
553 1028
553 1235
554 749
554 931
555 731
555 842
555 864
555 1095
555 1123
556 751
556 849
556 872
556 902
556 986
556 1019
556 1042
556 1109
557 631
557 752
557 1093
558 635
558 704
558 827
558 829
558 987
559 588
559 611
559 647
559 674
559 719
559 753
559 772
559 903
559 965
559 1025
559 1053
559 1065
559 1112
559 1205
559 1242
560 598
560 980
560 1152
560 1184
561 626
561 858
562 815
562 917
562 1062
563 769
563 783
563 834
563 847
563 853
563 957
563 1111
563 1138
563 1185
566 611
566 620
566 629
566 698
566 701
566 764
566 850
566 856
566 943
566 950
566 1132
566 1133
566 1249
567 716
567 755
567 973
567 1188
568 937
568 1063
568 1105
569 768
569 823
569 1025
570 730
571 819
571 821
571 976
571 1124
572 614
572 812
572 1080
573 776
573 938
573 1102
574 661
574 691
574 882
574 1168
574 1177
574 1219
575 685
575 695
575 754
575 822
576 593
576 617
576 633
576 659
576 784
576 849
576 925
576 966
576 988
576 992
576 1006
576 1012
576 1019
576 1072
576 1109
576 1113
576 1133
576 1163
576 1246
576 1248
577 585
577 597
577 622
577 643
577 683
577 712
577 756
577 774
577 854
577 1068
578 1115
579 746
579 1170
580 589
580 869
580 964
580 1034
580 1121
580 1136
580 1229
581 699
582 634
582 749
582 790
582 826
582 862
582 931
582 1052
583 643
583 662
583 683
583 712
583 756
583 774
583 806
583 820
583 1004
583 1068
583 1072
585 597
585 774
586 613
586 677
586 678
586 760
586 815
586 917
586 1007
588 611
588 647
588 719
588 753
588 772
588 903
588 965
588 1053
588 1065
588 1112
588 1205
588 1242
588 1249
589 608
589 627
589 742
589 869
589 1043
589 1044
589 1121
589 1136
589 1153
589 1156
589 1229
590 625
590 1025
590 1049
590 1110
590 1235
592 597
592 797
592 1068
593 617
593 633
593 659
593 784
593 849
593 850
593 925
593 966
593 992
593 1006
593 1012
593 1019
593 1072
593 1113
593 1133
593 1163
593 1246
593 1248
594 661
594 691
594 758
594 857
594 1168
594 1208
595 744
597 622
597 643
597 712
597 756
597 774
597 797
597 1068
598 688
598 882
598 980
598 1184
598 1209
598 1219
599 636
599 1144
600 745
601 732
601 734
601 1173
602 613
602 661
602 758
602 760
603 606
604 1059
605 750
605 754
605 997
605 1061
607 1169
607 1216
608 620
608 627
608 719
608 742
608 753
608 909
608 1044
608 1112
608 1121
608 1132
608 1153
608 1156
608 1222
609 680
609 878
609 890
609 1033
609 1108
609 1241
610 687
610 755
611 647
611 698
611 701
611 772
611 903
611 943
611 965
611 1053
611 1065
611 1242
611 1249
613 677
613 678
613 1007
614 1080
615 682
615 817
615 894
615 1161
617 653
617 659
617 784
617 849
617 850
617 876
617 925
617 966
617 988
617 992
617 1019
617 1113
617 1133
617 1163
617 1246
619 1141
620 629
620 764
620 856
620 943
620 950
620 1034
620 1132
620 1156
621 739
621 777
621 921
621 1090
621 1147
622 643
622 683
622 712
622 756
622 774
622 854
622 962
622 1068
622 1094
622 1135
624 671
625 1049
625 1110
625 1205
625 1235
626 858
627 719
627 742
627 753
627 760
627 907
627 909
627 1044
627 1132
627 1153
627 1156
627 1222
627 1229
628 690
629 660
629 698
629 718
629 764
629 856
629 943
629 950
629 1133
630 871
630 984
631 752
631 1093
632 865
632 1186
633 659
633 662
633 966
633 991
633 1006
633 1012
633 1072
633 1113
633 1122
633 1163
633 1248
634 749
634 826
634 862
634 931
634 1052
635 704
635 827
635 987
635 1012
635 1035
635 1097
635 1131
635 1234
636 1144
637 889
638 773
638 946
638 951
638 1126
638 1146
639 974
639 1228
640 1080
641 652
641 823
641 1014
641 1073
643 662
643 683
643 712
643 756
643 774
643 806
643 820
643 962
643 1004
643 1006
643 1068
643 1072
645 1176
646 1221
647 701
647 772
647 903
647 943
647 965
647 1053
647 1065
647 1249
648 826
648 941
648 1035
648 1096
649 779
649 887
649 999
650 945
650 1206
651 690
651 1204
652 960
652 1014
653 850
653 876
653 922
653 943
653 988
653 992
653 1174
653 1246
654 792
654 1036
655 758
659 784
659 849
659 966
659 988
659 1019
659 1072
659 1109
659 1113
659 1163
659 1246
660 718
660 761
660 783
660 834
660 847
660 932
660 977
660 1039
660 1111
660 1185
661 747
661 750
661 758
661 838
661 997
661 1168
661 1177
661 1208
662 757
662 806
662 820
662 962
662 966
662 991
662 1004
662 1006
662 1072
662 1248
663 702
663 957
663 994
663 1094
663 1135
664 914
665 686
665 841
665 902
665 942
665 1030
665 1101
666 723
666 743
666 851
666 1139
666 1213
666 1218
667 710
667 1220
668 1201
669 867
669 1055
670 747
670 787
670 828
670 838
670 1174
674 764
674 899
674 903
675 726
675 1017
675 1183
676 726
676 741
676 971
677 678
677 760
677 998
677 1007
677 1076
677 1158
677 1190
678 760
678 917
678 1007
678 1190
679 863
680 890
680 1085
680 1108
681 749
681 1052
682 1161
683 712
683 756
683 774
683 898
684 873
685 695
685 822
686 841
686 902
687 755
688 882
688 980
688 1209
689 866
689 1002
690 790
691 763
691 1168
691 1208
691 1219
692 701
692 748
692 784
692 1021
692 1033
692 1053
692 1133
693 727
693 742
693 780
694 864
694 1207
695 822
696 868
697 1023
698 701
698 764
698 850
698 856
698 925
698 943
698 950
698 1053
698 1133
698 1249
700 771
701 748
701 772
701 784
701 850
701 943
701 965
701 1053
701 1133
701 1249
702 756
702 962
702 994
702 1094
702 1107
702 1135
703 1225
704 827
704 829
704 987
704 1131
705 715
705 913
705 1098
706 1010
707 904
707 993
707 1063
710 1220
712 756
712 774
712 898
713 765
713 1167
714 1016
714 1043
714 1090
714 1192
716 755
716 964
716 1152
716 1188
716 1215
717 1155
718 764
718 847
718 899
718 950
718 1185
719 742
719 753
719 903
719 907
719 909
719 1044
719 1065
719 1112
719 1132
719 1156
719 1222
720 759
720 794
720 866
720 1028
720 1175
721 888
723 1218
724 869
724 985
724 1020
724 1034
724 1079
724 1188
724 1236
726 1017
726 1183
727 742
727 780
727 1043
727 1229
729 996
731 864
731 1245
732 786
733 844
734 786
734 1183
735 902
735 1019
735 1021
735 1042
735 1109
735 1113
735 1131
735 1234
736 1036
739 780
739 1043
739 1090
739 1091
739 1229
741 971
741 1140
742 753
742 780
742 907
742 1043
742 1044
742 1112
742 1153
742 1222
742 1229
743 1213
745 837
745 1067
745 1081
747 758
747 787
747 838
747 857
747 922
747 1118
747 1174
747 1177
747 1208
747 1219
748 927
748 1033
748 1039
748 1133
749 826
749 931
749 1052
750 754
750 997
750 1061
751 798
751 849
751 872
751 986
751 1042
752 757
752 1003
752 1093
752 1214
753 903
753 907
753 909
753 1044
753 1065
753 1112
753 1156
753 1222
754 1024
754 1061
755 985
755 1188
756 774
756 898
756 962
756 1004
756 1068
756 1094
756 1135
757 806
757 820
757 854
757 991
757 1004
757 1068
758 800
758 857
758 1118
758 1208
759 960
760 909
760 922
760 1007
760 1044
760 1153
761 767
761 783
761 925
761 932
761 974
761 977
761 1012
761 1039
761 1097
761 1111
763 817
763 1200
764 856
764 899
764 950
764 1034
767 881
767 1039
768 823
768 1073
768 1079
769 783
769 834
769 847
769 923
769 1185
770 996
772 903
772 965
772 1053
772 1065
772 1205
772 1242
772 1249
773 946
773 951
774 898
776 938
776 1071
776 1102
777 828
777 921
777 1147
778 911
779 887
779 999
779 1013
780 907
780 1043
780 1091
780 1229
781 829
781 904
781 1125
781 1243
782 854
782 1087
782 1172
782 1202
782 1203
783 834
783 847
783 932
783 977
783 1039
783 1111
783 1185
784 849
784 850
784 925
784 1019
784 1021
784 1109
784 1113
784 1133
784 1163
784 1246
787 828
787 838
787 922
787 1118
787 1174
792 939
792 947
792 1036
793 1024
793 1048
794 875
794 1028
794 1175
797 1068
797 1150
797 1181
797 1198
798 855
798 872
798 893
798 918
798 1001
798 1011
799 1194
799 1239
800 857
800 1070
800 1118
800 1208
801 805
801 870
801 1088
801 1157
801 1197
804 918
805 870
805 942
805 1088
805 1197
806 820
806 991
806 1003
806 1004
806 1006
806 1060
806 1072
806 1214
806 1248
808 968
809 916
809 958
809 983
815 917
815 1062
816 891
816 1069
816 1224
817 882
817 894
817 1161
817 1200
818 846
818 895
818 938
819 821
820 991
820 1004
820 1006
820 1060
820 1072
820 1248
821 976
823 1014
823 1043
823 1073
825 853
825 858
826 829
826 862
826 931
826 1052
827 870
827 933
827 987
827 991
827 1131
828 838
828 921
828 1147
829 862
829 987
830 840
830 1198
833 879
833 891
833 1159
834 847
834 881
834 923
834 1039
834 1111
834 1185
835 1155
836 888
837 1067
837 1233
839 855
839 893
839 918
839 1001
839 1011
842 864
846 895
846 938
847 1111
847 1116
847 1185
848 1050
848 1203
849 966
849 988
849 1019
849 1109
849 1113
849 1163
849 1246
850 925
850 943
850 988
850 992
850 1133
850 1163
850 1246
850 1249
851 1139
853 957
853 973
853 1020
853 1138
854 1004
854 1068
854 1087
854 1202
855 872
855 893
855 918
855 947
855 1001
855 1011
856 943
856 950
856 1034
856 1132
856 1156
857 1118
857 1208
857 1219
861 1027
863 1149
864 1123
865 945
866 1175
866 1178
867 881
868 940
868 970
869 964
869 1034
869 1079
869 1121
869 1136
869 1236
870 1042
870 1088
870 1113
870 1131
870 1157
870 1197
872 986
872 1011
872 1070
873 1066
874 956
875 1028
876 988
876 1070
876 1246
878 927
878 1033
878 1040
878 1106
878 1108
878 1241
879 1159
881 1039
882 894
882 980
884 937
885 968
885 1110
887 999
887 1013
890 1085
891 1013
891 1069
891 1224
893 918
893 1001
893 1011
894 1056
894 1161
895 938
896 1016
896 1090
896 1182
896 1192
898 1209
898 1219
899 961
899 1116
902 1019
902 1021
902 1042
902 1101
902 1109
903 965
903 1025
903 1053
903 1065
903 1112
903 1205
903 1242
904 1063
904 1125
904 1243
907 909
907 1044
907 1112
907 1153
907 1222
907 1229
909 1044
909 1065
909 1112
909 1132
909 1153
909 1156
909 1190
909 1222
911 953
912 1100
912 1179
912 1200
913 928
913 1098
915 964
915 1090
915 1136
916 983
918 1001
921 1147
922 1118
922 1174
925 932
925 977
925 992
925 1107
925 1133
925 1163
925 1246
926 1050
927 993
927 1033
927 1055
927 1241
928 1091
931 1052
932 974
932 977
932 1039
932 1111
932 1133
932 1185
933 1214
935 952
935 1128
935 1199
937 1105
938 1071
938 1102
939 1036
940 972
940 1164
941 993
941 1035
941 1055
941 1096
941 1243
942 1030
942 1101
942 1223
943 1132
943 1156
943 1249
946 951
946 1082
946 1126
946 1146
947 979
948 986
948 1018
948 1042
948 1101
950 1034
951 1146
952 1128
955 1117
957 973
957 1138
958 983
959 1029
961 1116
962 974
962 1004
962 1072
962 1094
962 1135
962 1248
963 1187
964 1121
964 1136
965 1053
965 1065
965 1249
966 988
966 1006
966 1072
966 1113
966 1163
966 1246
966 1248
968 1128
969 1194
971 1140
971 1225
972 990
972 1154
972 1164
973 1020
973 1138
973 1188
974 977
974 1111
974 1122
974 1228
975 1194
976 1124
977 1107
977 1111
977 1185
978 1064
978 1237
979 1150
980 1184
980 1209
982 1102
985 1188
985 1232
985 1236
986 1018
987 1131
988 992
988 1163
988 1246
990 1154
991 1004
991 1006
991 1072
991 1157
991 1214
991 1248
992 1107
992 1133
992 1163
992 1246
993 1055
993 1234
993 1243
994 1094
994 1135
997 1061
998 1007
998 1015
998 1076
998 1120
998 1190
998 1211
1000 1152
1001 1011
1003 1060
1003 1181
1003 1214
1004 1006
1004 1068
1004 1072
1004 1248
1005 1231
1006 1072
1006 1113
1006 1163
1006 1248
1007 1158
1012 1035
1012 1097
1012 1122
1012 1163
1012 1234
1013 1069
1014 1073
1015 1045
1015 1070
1016 1090
1016 1182
1016 1192
1017 1183
1018 1101
1019 1021
1019 1042
1019 1109
1019 1113
1019 1163
1019 1234
1019 1246
1020 1138
1020 1188
1021 1109
1022 1100
1024 1048
1025 1049
1025 1235
1025 1242
1027 1036
1028 1175
1030 1223
1033 1241
1034 1079
1034 1121
1034 1132
1034 1136
1034 1156
1034 1236
1035 1097
1035 1122
1040 1106
1040 1205
1040 1235
1041 1114
1042 1101
1042 1109
1043 1090
1043 1229
1044 1132
1044 1153
1044 1156
1044 1222
1044 1229
1045 1120
1045 1211
1048 1173
1049 1110
1049 1205
1049 1235
1049 1242
1050 1203
1053 1065
1053 1205
1053 1249
1054 1083
1055 1096
1055 1243
1060 1181
1063 1125
1064 1237
1065 1112
1065 1222
1065 1242
1065 1249
1067 1081
1067 1233
1068 1087
1069 1224
1071 1102
1072 1113
1072 1163
1072 1248
1076 1120
1076 1190
1076 1211
1079 1236
1081 1233
1083 1092
1084 1119
1087 1172
1087 1202
1088 1157
1088 1197
1090 1192
1090 1229
1091 1229
1092 1215
1093 1214
1094 1135
1095 1123
1096 1243
1097 1122
1100 1179
1100 1200
1101 1109
1106 1170
1106 1205
1108 1241
1109 1113
1109 1234
1110 1235
1110 1242
1111 1185
1112 1156
1112 1222
1112 1242
1113 1163
1113 1234
1113 1246
1113 1248
1118 1174
1118 1177
1118 1208
1118 1219
1120 1211
1121 1136
1122 1248
1126 1146
1128 1199
1131 1234
1132 1153
1132 1156
1132 1222
1133 1163
1145 1171
1150 1181
1150 1198
1152 1184
1153 1156
1153 1222
1153 1229
1156 1222
1163 1246
1163 1248
1168 1177
1168 1208
1169 1216
1172 1203
1175 1178
1177 1219
1179 1200
1182 1192
1184 1209
1190 1210
1190 1211
1202 1228
1205 1235
1205 1242
1208 1219
1209 1219
1213 1218
