0 2
0 4
0 5
0 19
0 24
0 30
0 76
0 220
0 297
0 336
0 362
0 379
0 453
0 507
0 564
0 644
0 674
0 705
0 738
0 848
0 878
0 1084
0 1118
0 1213
1 3
1 8
1 13
1 34
1 41
1 44
1 93
1 139
1 199
1 297
1 379
1 449
1 488
1 505
1 643
1 657
1 677
1 814
1 848
1 866
1 878
1 880
1 1001
1 1004
1 1122
1 1150
1 1216
2 3
2 19
2 24
2 30
2 76
2 130
2 220
2 247
2 297
2 336
2 362
2 379
2 453
2 500
2 507
2 564
2 643
2 644
2 652
2 674
2 705
2 829
2 848
2 878
2 990
2 1004
2 1019
2 1084
2 1085
2 1122
3 13
3 20
3 24
3 41
3 130
3 139
3 199
3 247
3 297
3 379
3 448
3 453
3 502
3 505
3 507
3 564
3 643
3 649
3 657
3 677
3 718
3 794
3 814
3 848
3 878
3 880
3 915
3 990
3 1001
3 1004
3 1019
3 1122
3 1150
3 1216
4 5
4 19
4 24
4 26
4 30
4 164
4 440
4 546
4 738
4 835
4 848
4 866
4 912
4 957
4 1117
4 1118
4 1158
4 1222
5 13
5 24
5 30
5 76
5 220
5 266
5 297
5 379
5 507
5 546
5 645
5 677
5 738
5 814
5 848
5 866
5 912
5 979
5 1118
5 1216
5 1222
6 9
6 72
6 133
6 525
6 663
6 899
6 1114
6 1181
7 97
7 126
7 241
7 316
7 324
7 411
7 557
7 673
7 815
7 871
7 879
7 906
7 1017
7 1043
7 1245
8 34
8 49
8 63
8 135
8 336
8 391
8 449
8 488
8 539
8 561
8 583
8 652
8 681
8 755
8 767
8 769
8 789
8 866
8 891
8 941
8 1041
8 1058
8 1070
8 1161
9 58
9 82
9 349
9 743
9 899
9 1114
9 1123
9 1227
9 1230
10 56
10 108
10 127
10 306
10 342
10 391
10 440
10 539
10 547
10 553
10 606
10 714
10 767
10 776
10 891
10 1041
10 1070
10 1097
10 1117
10 1161
11 78
11 176
11 411
11 419
11 443
11 444
11 607
11 690
11 884
11 1040
11 1050
11 1071
11 1073
11 1169
11 1177
12 119
12 138
12 206
12 269
12 316
12 467
12 527
12 602
12 668
12 672
12 723
12 747
12 810
12 890
12 894
12 982
12 1029
12 1054
12 1236
13 21
13 24
13 41
13 139
13 190
13 199
13 266
13 297
13 379
13 415
13 429
13 502
13 546
13 564
13 643
13 645
13 677
13 814
13 848
13 866
13 867
13 878
13 880
13 1004
13 1122
13 1141
13 1150
13 1216
14 47
14 158
14 196
14 356
14 427
14 914
14 1038
15 50
15 116
15 223
15 234
15 257
15 374
15 626
15 754
15 764
15 1124
16 55
16 140
16 650
16 1086
17 168
17 466
17 486
17 668
17 691
17 751
17 868
17 1236
18 89
18 107
18 147
18 166
18 310
18 492
18 519
18 599
18 662
18 694
18 771
18 913
18 992
18 1028
19 24
19 26
19 30
19 76
19 111
19 220
19 306
19 336
19 368
19 440
19 453
19 507
19 674
19 912
19 1070
19 1084
19 1117
19 1118
19 1151
19 1158
19 1213
20 44
20 267
20 448
20 505
20 568
20 643
20 649
20 657
20 718
20 878
20 915
20 990
20 1001
20 1004
20 1019
20 1122
21 80
21 143
21 199
21 284
21 415
21 546
21 597
21 798
21 814
21 866
21 870
21 1216
22 113
22 163
22 241
22 321
22 717
22 763
22 968
22 1035
22 1102
22 1125
23 122
23 172
23 380
23 389
23 454
23 462
23 487
23 527
23 602
23 687
23 758
23 815
23 834
23 879
23 982
23 1017
23 1029
23 1083
23 1240
24 30
24 76
24 220
24 297
24 336
24 379
24 453
24 507
24 652
24 674
24 814
24 848
24 866
24 878
24 912
24 1004
24 1070
24 1084
24 1117
24 1118
24 1122
24 1216
25 115
25 174
25 229
25 252
25 359
25 518
25 926
26 30
26 37
26 202
26 220
26 227
26 306
26 355
26 368
26 440
26 611
26 817
26 835
26 912
26 957
26 1117
26 1118
26 1151
26 1158
26 1208
26 1213
26 1222
27 37
27 57
27 137
27 355
27 409
27 432
27 491
27 574
27 641
27 779
27 817
27 943
27 1039
27 1072
27 1168
27 1208
28 103
28 228
28 262
28 378
28 471
28 512
28 532
28 666
28 692
28 702
28 725
28 791
28 884
28 933
29 72
29 102
29 103
29 146
29 614
29 663
29 688
29 1069
29 1143
29 1181
29 1224
30 76
30 77
30 220
30 306
30 336
30 368
30 440
30 453
30 507
30 738
30 912
30 1070
30 1117
30 1118
30 1151
30 1158
30 1213
30 1222
31 78
31 385
31 444
31 479
31 731
31 1071
31 1169
32 35
32 101
32 206
32 316
32 385
32 411
32 590
32 673
32 723
32 810
32 859
32 890
32 918
32 936
32 982
32 1034
33 405
33 522
33 617
33 883
33 1061
33 1095
34 49
34 63
34 135
34 317
34 336
34 391
34 449
34 488
34 539
34 561
34 583
34 681
34 755
34 767
34 769
34 789
34 866
34 891
34 941
34 1041
34 1058
34 1070
34 1117
34 1161
35 99
35 134
35 590
35 612
35 918
35 936
35 940
35 1034
36 74
36 115
36 518
36 562
36 1137
36 1164
37 306
37 355
37 368
37 376
37 432
37 440
37 469
37 574
37 606
37 708
37 714
37 779
37 817
37 835
37 857
37 912
37 1118
37 1151
37 1158
37 1208
38 59
38 108
38 127
38 132
38 147
38 187
38 214
38 272
38 476
38 547
38 565
38 570
38 597
38 599
38 629
38 780
38 886
38 1140
38 1149
38 1241
39 45
39 66
39 68
39 73
39 123
39 129
39 230
39 697
39 734
39 766
39 844
39 846
39 864
39 892
39 1189
39 1214
41 93
41 139
41 199
41 297
41 379
41 429
41 449
41 546
41 643
41 649
41 657
41 677
41 814
41 848
41 866
41 867
41 878
41 880
41 1001
41 1004
41 1122
41 1150
41 1216
42 559
42 671
42 746
42 803
43 188
43 1243
44 79
44 93
44 267
44 449
44 505
44 568
44 657
44 903
44 1001
44 1136
44 1163
45 66
45 68
45 73
45 123
45 179
45 230
45 358
45 734
45 764
45 766
45 844
45 846
45 892
45 929
45 983
45 1031
45 1189
45 1214
46 75
46 204
46 364
46 402
46 441
46 461
46 475
46 477
46 816
46 1005
46 1008
47 249
47 283
47 315
47 356
47 516
47 640
47 728
47 876
47 907
47 914
47 959
47 1038
47 1082
47 1157
48 325
48 358
48 426
48 456
48 552
48 796
48 967
48 978
48 1036
48 1087
48 1138
48 1193
49 63
49 135
49 200
49 317
49 391
49 449
49 488
49 539
49 547
49 561
49 583
49 681
49 755
49 767
49 769
49 789
49 891
49 941
49 997
49 1041
49 1058
49 1161
49 1197
50 84
50 223
50 257
50 374
50 626
50 754
50 764
50 1124
50 1186
51 60
51 98
51 801
51 889
52 57
52 118
52 137
52 263
52 351
52 409
52 491
52 540
52 574
52 641
52 1039
52 1059
52 1072
52 1168
52 1240
53 1022
53 1125
54 64
54 82
54 255
54 322
54 397
54 465
54 609
54 1123
55 140
55 246
55 264
55 394
55 650
55 986
55 995
55 1086
55 1247
56 125
56 153
56 375
56 391
56 480
56 553
56 561
56 604
56 719
56 767
56 769
56 776
56 789
56 1041
56 1058
56 1246
57 137
57 351
57 355
57 409
57 432
57 491
57 574
57 611
57 641
57 687
57 779
57 817
57 970
57 1039
57 1059
57 1072
57 1168
57 1208
57 1240
58 136
58 273
58 329
58 386
58 1137
58 1227
58 1247
59 70
59 107
59 127
59 143
59 147
59 214
59 310
59 565
59 570
59 597
59 694
59 780
59 886
60 98
60 167
60 183
60 801
60 940
61 102
61 146
61 152
61 171
61 190
61 201
61 266
61 290
61 318
61 502
61 564
61 614
61 644
61 645
61 688
61 770
61 794
61 1141
62 92
62 151
62 236
62 260
62 417
62 466
62 1196
63 125
63 135
63 200
63 317
63 391
63 449
63 488
63 539
63 561
63 583
63 681
63 755
63 767
63 769
63 789
63 891
63 941
63 997
63 1041
63 1058
63 1197
64 255
64 301
64 322
64 431
64 593
64 818
65 99
65 150
65 261
65 942
66 68
66 73
66 123
66 129
66 435
66 520
66 734
66 766
66 844
66 846
66 892
66 897
66 1189
67 77
67 87
67 88
67 114
67 145
67 186
67 242
67 360
67 380
67 390
67 487
67 503
67 506
67 656
67 707
67 756
67 758
67 759
67 786
67 930
67 1003
67 1026
67 1076
67 1089
68 73
68 123
68 129
68 435
68 520
68 734
68 766
68 844
68 846
68 855
68 892
68 897
68 1189
69 144
69 197
69 421
69 826
70 143
70 164
70 291
70 508
70 597
70 694
70 913
70 928
70 1061
71 250
71 377
71 428
71 566
71 669
71 822
71 865
71 1016
72 133
72 176
72 663
72 801
72 889
72 1050
72 1069
72 1143
72 1169
72 1181
73 123
73 129
73 230
73 369
73 435
73 734
73 766
73 844
73 846
73 892
73 897
73 1189
73 1214
74 115
74 518
74 562
74 1137
74 1164
75 253
75 441
75 816
75 893
75 1005
75 1008
76 220
76 242
76 247
76 290
76 297
76 362
76 379
76 453
76 500
76 507
76 564
76 644
76 674
76 705
76 848
76 878
76 1019
76 1084
77 86
77 87
77 88
77 114
77 120
77 145
77 220
77 227
77 242
77 360
77 361
77 380
77 390
77 487
77 503
77 506
77 756
77 758
77 786
77 860
77 1003
77 1026
77 1076
77 1151
77 1213
78 176
78 385
78 411
78 419
78 443
78 444
78 479
78 607
78 690
78 1050
78 1071
78 1073
78 1169
79 93
79 267
79 289
79 449
79 505
79 657
79 903
79 1001
79 1136
79 1163
80 143
80 199
80 284
80 415
80 546
80 597
80 798
80 866
80 870
80 1216
81 335
81 619
82 349
82 465
82 761
82 899
82 1123
83 117
83 138
83 173
83 269
83 302
83 388
83 567
83 623
83 712
83 731
83 811
83 894
83 905
83 935
83 1006
83 1021
83 1132
84 223
84 257
84 374
85 660
86 88
86 97
86 101
86 114
86 145
86 175
86 202
86 227
86 285
86 380
86 443
86 487
86 530
86 611
86 673
86 687
86 758
86 815
86 860
86 871
86 879
86 902
86 970
86 1017
86 1206
86 1213
86 1245
87 88
87 111
87 114
87 120
87 145
87 242
87 361
87 368
87 380
87 462
87 487
87 503
87 687
87 758
87 779
87 786
87 1048
87 1151
87 1208
87 1213
88 97
88 101
88 114
88 122
88 145
88 172
88 227
88 242
88 288
88 380
88 390
88 443
88 478
88 487
88 503
88 506
88 567
88 687
88 758
88 759
88 786
88 815
88 860
88 930
88 935
88 1003
88 1026
88 1073
88 1076
88 1089
88 1206
89 107
89 492
89 519
89 599
89 662
89 694
89 771
89 864
89 913
89 928
89 1051
90 118
90 119
90 316
90 324
90 351
90 409
90 528
90 540
90 672
90 879
90 969
90 982
90 1017
90 1059
90 1168
90 1240
91 132
91 160
91 165
91 187
91 272
91 627
91 629
91 684
91 824
91 849
91 895
91 896
91 1149
91 1201
92 118
92 271
92 347
92 354
92 466
92 486
92 540
92 691
92 800
92 901
92 1055
92 1183
93 162
93 199
93 267
93 289
93 435
93 615
93 880
93 903
93 1001
93 1136
93 1150
93 1163
94 193
94 244
94 274
94 422
94 445
94 778
94 885
95 225
95 245
95 291
95 334
95 383
95 494
95 508
95 522
95 721
95 847
95 883
95 913
95 928
95 1061
96 131
96 989
96 1184
96 1225
97 101
97 114
97 145
97 175
97 202
97 227
97 285
97 411
97 443
97 487
97 530
97 611
97 673
97 687
97 690
97 815
97 860
97 871
97 879
97 902
97 906
97 970
97 1017
97 1073
97 1206
97 1213
97 1245
98 167
98 183
98 801
98 889
98 940
98 1169
99 134
99 226
99 261
99 612
99 940
100 182
100 482
100 515
100 695
100 745
100 795
100 980
100 1074
101 122
101 138
101 172
101 288
101 385
101 411
101 443
101 478
101 479
101 487
101 673
101 690
101 815
101 859
101 860
101 871
101 879
101 890
101 935
101 982
101 1017
101 1034
101 1073
101 1206
102 146
102 171
102 201
102 290
102 688
102 759
102 1040
102 1181
102 1224
103 146
103 228
103 262
103 378
103 666
103 692
103 702
103 725
103 791
103 884
103 933
103 979
103 1126
103 1177
103 1224
104 308
104 344
104 486
104 691
104 730
104 868
104 921
104 1239
105 467
105 668
105 747
105 904
105 910
105 981
106 277
106 343
106 372
106 375
106 511
106 588
106 695
106 980
106 1010
107 147
107 310
107 492
107 519
107 599
107 662
107 694
107 771
107 864
107 913
107 1028
108 127
108 132
108 317
108 342
108 376
108 476
108 547
108 565
108 570
108 714
108 736
108 776
108 780
108 886
108 1097
108 1140
108 1161
108 1241
109 204
109 303
109 477
109 996
109 1033
109 1231
110 154
110 370
110 412
110 473
110 617
110 619
110 655
110 729
110 908
110 946
110 956
111 120
111 189
111 361
111 368
111 469
111 482
111 515
111 708
111 745
111 795
111 980
111 1074
111 1151
111 1208
112 124
112 308
112 354
112 381
112 466
112 486
112 628
112 691
112 1196
113 241
113 321
113 640
113 675
113 717
113 763
113 1035
113 1102
113 1125
113 1221
114 120
114 145
114 220
114 227
114 242
114 361
114 380
114 390
114 462
114 487
114 503
114 611
114 687
114 758
114 786
114 860
114 1026
114 1151
114 1208
114 1213
115 252
115 359
115 518
115 562
115 926
115 1164
115 1233
116 325
116 328
116 358
116 489
116 626
116 764
116 796
116 929
116 1036
116 1087
116 1124
117 138
117 173
117 269
117 288
117 302
117 385
117 478
117 479
117 567
117 623
117 712
117 731
117 811
117 894
117 930
117 935
117 1006
117 1132
118 151
118 260
118 263
118 351
118 540
118 901
118 969
118 1059
118 1168
118 1240
119 206
119 316
119 467
119 528
119 668
119 672
119 723
119 747
119 751
119 810
119 890
119 969
119 982
119 1029
119 1054
119 1236
120 145
120 189
120 355
120 361
120 368
120 380
120 462
120 469
120 687
120 708
120 779
120 786
120 817
120 1151
120 1208
120 1213
121 537
121 802
122 172
122 288
122 380
122 454
122 462
122 478
122 487
122 527
122 602
122 673
122 687
122 712
122 758
122 786
122 815
122 834
122 894
122 930
122 935
122 982
122 1017
122 1083
122 1132
123 129
123 230
123 369
123 435
123 734
123 766
123 844
123 846
123 892
123 897
123 1189
123 1214
124 381
124 749
124 799
124 909
124 950
125 135
125 153
125 372
125 375
125 391
125 480
125 553
125 561
125 719
125 767
125 769
125 789
125 941
125 1041
125 1058
125 1199
125 1246
126 241
126 324
126 330
126 557
126 575
126 640
126 739
126 858
126 906
126 914
126 946
126 959
126 1035
126 1043
126 1148
127 147
127 214
127 306
127 342
127 376
127 476
127 565
127 570
127 597
127 606
127 714
127 780
127 835
127 886
127 957
127 1117
127 1158
127 1161
127 1241
128 274
128 275
128 636
128 885
129 734
129 766
129 844
129 846
129 864
129 892
129 897
129 1189
130 247
130 362
130 379
130 433
130 453
130 500
130 507
130 643
130 644
130 652
130 674
130 705
130 718
130 724
130 829
130 878
130 915
130 934
130 990
130 1019
130 1084
130 1085
131 357
131 989
131 1225
132 165
132 284
132 317
132 369
132 476
132 547
132 597
132 629
132 755
132 895
132 1140
132 1161
133 525
133 663
133 899
133 1069
133 1114
133 1143
133 1181
134 612
134 918
134 940
134 1235
135 200
135 317
135 391
135 449
135 480
135 488
135 539
135 561
135 583
135 681
135 755
135 769
135 789
135 891
135 941
135 997
135 1041
135 1058
135 1197
136 273
136 329
136 1137
136 1227
136 1247
137 263
137 351
137 409
137 491
137 574
137 641
137 699
137 1039
137 1059
137 1072
137 1168
137 1240
138 172
138 173
138 206
138 269
138 288
138 302
138 385
138 467
138 478
138 479
138 567
138 590
138 623
138 712
138 731
138 747
138 811
138 890
138 894
138 935
138 1006
138 1054
138 1132
139 162
139 190
139 199
139 266
139 270
139 297
139 318
139 429
139 502
139 546
139 615
139 645
139 677
139 814
139 848
139 867
139 880
139 938
139 1004
139 1122
139 1141
139 1150
139 1216
140 650
140 1086
141 150
143 284
143 369
143 415
143 597
143 798
143 870
143 897
144 197
144 421
145 220
145 227
145 242
145 361
145 380
145 390
145 462
145 487
145 503
145 611
145 687
145 758
145 786
145 860
145 1026
145 1151
145 1208
145 1213
146 171
146 190
146 228
146 285
146 318
146 530
146 607
146 688
146 702
146 791
146 979
146 1040
146 1177
146 1224
147 187
147 214
147 310
147 476
147 565
147 570
147 599
147 662
147 686
147 694
147 780
147 886
147 1028
147 1241
148 1093
149 648
151 236
151 260
151 417
151 1029
151 1196
152 171
152 181
152 185
152 190
152 318
152 386
152 560
152 614
152 770
152 1037
152 1141
152 1192
153 182
153 375
153 553
153 719
153 1246
154 208
154 330
154 370
154 412
154 427
154 473
154 729
154 825
154 908
154 946
154 956
154 965
154 977
155 498
155 730
155 922
155 1172
156 231
156 322
156 445
156 609
156 778
156 952
156 1056
156 1096
156 1100
156 1110
156 1171
157 195
157 293
157 307
157 492
157 571
157 771
157 992
157 1134
158 184
158 196
158 356
158 414
158 427
158 434
158 517
158 535
158 728
158 825
158 858
158 946
158 953
158 977
159 215
159 224
159 549
159 1209
159 1226
160 165
160 187
160 272
160 599
160 629
160 684
160 824
160 849
160 895
160 1149
160 1201
161 550
161 1002
162 258
162 267
162 429
162 584
162 615
162 765
162 855
162 867
162 880
162 903
162 1011
162 1150
163 321
163 538
163 1102
164 291
164 415
164 617
164 870
164 957
164 1061
165 187
165 272
165 627
165 629
165 684
165 824
165 849
165 895
165 896
165 1149
165 1201
166 310
166 492
166 519
166 599
166 662
166 686
166 704
166 771
166 856
166 862
166 920
166 992
166 1028
167 176
167 183
167 226
167 801
167 877
167 940
167 945
167 1050
167 1169
168 233
168 668
168 751
168 904
170 235
170 305
170 345
170 399
170 841
170 1160
171 190
171 201
171 266
171 290
171 318
171 502
171 564
171 614
171 644
171 645
171 688
171 770
171 794
171 1141
172 269
172 288
172 380
172 454
172 478
172 487
172 527
172 567
172 602
172 623
172 673
172 687
172 712
172 758
172 786
172 815
172 834
172 894
172 930
172 935
172 982
172 1017
172 1083
172 1132
172 1206
173 269
173 302
173 388
173 623
173 712
173 731
173 811
173 894
173 905
173 981
173 1006
173 1021
173 1053
173 1132
174 229
174 252
174 273
174 329
174 518
174 537
174 828
175 285
175 411
175 419
175 530
175 607
175 690
175 692
175 860
175 871
175 884
175 902
175 906
175 933
175 979
175 1040
175 1177
175 1245
176 183
176 444
176 663
176 877
176 1050
176 1069
176 1071
176 1143
176 1169
177 207
177 596
177 1106
178 201
178 362
178 365
178 433
178 442
178 934
179 180
179 754
179 844
179 983
179 1031
179 1104
179 1186
180 438
180 572
180 679
180 754
180 853
180 983
180 1104
180 1186
181 185
181 338
181 536
181 632
181 770
181 851
181 1153
181 1192
182 375
182 482
182 511
182 515
182 553
182 745
182 980
182 1074
183 226
183 801
183 877
183 945
183 1050
183 1169
184 196
184 356
184 410
184 414
184 434
184 517
184 535
184 728
184 825
184 953
185 273
185 329
185 386
185 560
185 770
185 828
185 1192
186 242
186 360
186 390
186 423
186 446
186 459
186 503
186 506
186 541
186 656
186 707
186 724
186 756
186 1003
186 1026
186 1076
186 1089
187 272
187 476
187 565
187 570
187 599
187 629
187 686
187 849
187 895
187 1140
187 1149
187 1201
187 1241
188 1243
189 469
189 482
189 499
189 515
189 708
189 745
189 779
189 857
189 1044
189 1074
189 1208
190 266
190 290
190 297
190 318
190 379
190 429
190 502
190 564
190 614
190 643
190 645
190 649
190 677
190 688
190 794
190 814
190 867
190 880
190 1141
190 1150
190 1224
191 203
191 217
191 282
191 320
191 773
193 244
193 274
193 445
193 778
193 1005
193 1096
194 963
195 307
195 492
195 1051
195 1134
196 356
196 414
196 427
196 434
196 535
196 728
196 825
196 858
196 914
196 946
196 953
196 977
196 1038
197 421
198 1174
199 270
199 297
199 415
199 429
199 546
199 615
199 645
199 677
199 798
199 814
199 848
199 866
199 867
199 880
199 938
199 1004
199 1122
199 1150
199 1216
200 309
200 449
200 468
200 561
200 568
200 583
200 681
200 755
200 769
200 941
200 997
200 1041
200 1058
200 1197
201 290
201 442
201 770
202 227
202 355
202 473
202 530
202 574
202 611
202 687
202 902
202 970
202 1118
202 1151
202 1213
202 1222
202 1245
203 217
203 282
203 320
203 387
203 773
203 1238
204 303
204 364
204 402
204 461
204 475
204 477
204 996
204 1144
205 255
205 301
205 397
205 465
205 580
205 1057
205 1120
206 269
206 316
206 467
206 527
206 528
206 602
206 668
206 672
206 673
206 723
206 747
206 810
206 859
206 890
206 982
206 1017
206 1054
206 1236
207 596
207 1106
208 327
208 384
208 412
208 523
208 785
208 965
208 977
209 538
210 458
210 529
210 585
210 682
210 821
210 1002
210 1079
210 1101
211 950
212 237
212 1027
212 1203
213 400
213 416
213 571
213 820
213 862
213 900
213 920
214 310
214 376
214 476
214 565
214 570
214 686
214 714
214 780
214 886
214 1028
214 1241
215 224
215 549
215 1147
215 1209
215 1226
216 236
216 401
216 624
217 282
217 320
217 387
217 773
217 1238
218 399
218 1052
219 395
219 651
219 873
219 1179
220 242
220 368
220 453
220 507
220 738
220 1118
220 1151
220 1213
220 1222
221 401
222 248
222 999
222 1014
223 374
223 626
223 754
223 1124
223 1186
224 549
224 1147
224 1209
224 1226
225 245
225 383
225 494
225 721
226 261
226 877
226 945
226 1169
227 355
227 380
227 487
227 530
227 611
227 687
227 815
227 871
227 902
227 970
227 1151
227 1213
227 1222
227 1245
228 262
228 266
228 378
228 405
228 688
228 702
228 787
228 791
228 933
228 979
228 1126
228 1224
229 252
229 273
229 329
229 518
229 537
229 828
230 284
230 358
230 369
230 629
230 734
230 766
230 824
230 844
230 846
230 892
230 895
230 1031
230 1189
230 1214
231 703
231 952
231 1056
231 1096
231 1100
231 1110
231 1139
231 1171
232 256
232 1025
232 1129
233 904
234 257
234 312
234 325
234 328
234 430
234 698
234 1067
234 1080
235 305
235 345
235 399
235 404
235 499
235 840
235 841
235 1160
236 260
236 417
237 682
237 1027
237 1079
237 1203
238 293
238 366
239 240
239 292
239 595
240 292
240 595
240 620
240 1165
241 321
241 557
241 675
241 717
241 763
241 906
241 1035
241 1043
241 1102
241 1125
242 360
242 362
242 390
242 500
242 503
242 506
242 644
242 656
242 707
242 724
242 756
242 758
242 759
242 786
242 1003
242 1026
242 1076
242 1084
242 1089
243 253
243 445
243 778
243 893
243 952
243 955
243 1005
243 1008
243 1009
243 1056
243 1096
243 1100
243 1110
243 1171
244 274
244 397
244 422
244 465
244 1127
245 334
245 383
245 494
245 508
245 721
245 744
245 847
245 883
245 1033
246 264
246 314
246 474
246 562
246 573
246 650
246 670
246 809
246 830
246 995
246 1247
247 290
247 297
247 362
247 379
247 433
247 448
247 453
247 500
247 507
247 564
247 643
247 644
247 649
247 652
247 674
247 705
247 718
247 724
247 794
247 829
247 878
247 934
247 990
247 1019
247 1084
247 1085
248 646
248 697
248 864
248 1051
248 1220
249 283
249 576
249 676
249 837
249 863
249 876
249 907
249 1082
249 1157
250 298
250 377
250 428
250 545
250 605
250 762
250 1016
252 359
252 518
252 926
253 298
253 762
253 765
253 855
253 893
253 1008
253 1009
253 1011
253 1056
253 1100
253 1171
254 497
254 916
255 322
255 397
255 465
255 925
255 1057
256 1025
256 1129
256 1131
257 312
257 1124
258 265
258 270
258 278
258 429
258 582
258 615
258 765
258 806
258 867
258 880
258 938
258 1011
259 450
259 898
259 927
259 1048
259 1078
259 1185
260 417
260 1029
261 942
262 266
262 378
262 405
262 688
262 692
262 702
262 787
262 791
262 933
262 979
262 1126
262 1224
263 351
263 418
263 491
263 641
263 699
263 1059
263 1168
264 314
264 474
264 562
264 573
264 670
264 809
264 830
264 995
264 1164
265 270
265 278
265 405
265 457
265 509
265 582
265 787
265 806
265 938
265 1095
266 270
266 318
266 405
266 429
266 502
266 546
266 645
266 677
266 688
266 702
266 791
266 814
266 867
266 880
266 938
266 979
266 1141
266 1150
266 1224
267 295
267 591
267 615
267 657
267 903
267 1001
267 1163
268 354
269 288
269 302
269 385
269 467
269 479
269 527
269 602
269 623
269 712
269 723
269 731
269 747
269 811
269 890
269 894
269 935
269 981
269 982
269 1006
269 1054
269 1083
269 1132
270 278
270 405
270 429
270 546
270 582
270 806
270 867
270 870
270 880
270 938
270 1150
271 308
271 347
271 354
271 486
271 540
271 691
271 800
271 901
271 1055
271 1183
272 599
272 629
272 684
272 824
272 849
272 895
272 1149
272 1201
273 329
273 828
273 1227
274 408
274 445
274 457
274 778
274 885
274 1049
274 1237
275 341
275 403
275 647
275 885
275 964
275 1176
277 343
277 372
277 505
277 568
277 583
277 588
277 652
277 769
277 915
277 941
277 997
278 408
278 445
278 457
278 582
278 778
278 787
278 806
278 893
278 938
278 1049
278 1056
278 1126
278 1171
278 1237
279 447
279 601
279 753
280 490
280 987
281 299
281 569
281 748
281 1162
282 320
282 387
282 497
282 773
282 782
282 916
282 1202
283 315
283 516
283 576
283 676
283 876
283 907
283 914
283 1082
283 1106
283 1157
284 369
284 476
284 597
284 766
284 798
284 1189
285 443
285 530
285 607
285 690
285 738
285 860
285 871
285 902
285 979
285 1040
285 1177
285 1222
285 1224
287 748
288 302
288 385
288 443
288 478
288 479
288 487
288 567
288 623
288 712
288 731
288 758
288 811
288 894
288 930
288 935
288 1006
288 1026
288 1132
289 435
289 903
289 1136
290 297
290 318
290 362
290 379
290 453
290 502
290 564
290 643
290 644
290 649
290 688
290 705
290 794
290 878
290 1019
290 1141
291 334
291 383
291 508
291 522
291 617
291 847
291 883
291 913
291 928
291 1061
292 595
292 620
292 1165
293 992
294 1207
295 510
295 584
295 591
295 1153
296 349
296 424
296 514
296 760
296 761
296 1063
296 1123
296 1176
297 379
297 429
297 453
297 502
297 507
297 546
297 564
297 643
297 645
297 649
297 677
297 718
297 794
297 814
297 848
297 866
297 867
297 878
297 880
297 1004
297 1019
297 1122
297 1141
297 1150
297 1216
298 377
298 520
298 605
298 762
298 765
298 855
298 1009
299 569
300 628
300 852
301 394
301 580
301 743
302 467
302 479
302 623
302 712
302 731
302 747
302 811
302 890
302 894
302 935
302 966
302 981
302 1006
302 1053
302 1054
302 1132
303 883
303 996
303 1033
303 1095
304 335
304 533
304 621
304 832
305 345
305 399
305 404
305 840
305 841
305 1160
306 342
306 355
306 368
306 376
306 432
306 440
306 606
306 708
306 714
306 780
306 817
306 835
306 857
306 912
306 957
306 1070
306 1117
306 1118
306 1151
306 1158
307 963
307 1051
307 1134
308 354
308 466
308 486
308 691
308 800
308 868
308 901
308 1183
309 328
309 332
309 468
309 489
309 563
309 613
309 997
309 1166
309 1197
310 565
310 570
310 599
310 662
310 686
310 694
310 856
310 928
310 1028
310 1241
312 325
312 328
312 430
312 613
312 698
312 1067
312 1080
313 365
313 497
313 541
313 916
313 1202
314 474
314 573
314 809
314 830
315 676
315 728
316 528
316 672
316 673
316 723
316 810
316 859
316 879
316 890
316 969
316 982
316 1017
316 1034
317 391
317 476
317 488
317 539
317 547
317 681
317 755
317 891
317 1041
317 1058
317 1097
317 1140
317 1161
318 429
318 502
318 564
318 614
318 645
318 677
318 688
318 794
318 867
318 880
318 1141
318 1150
318 1224
319 392
320 777
320 782
321 538
321 717
321 763
321 1102
321 1125
322 397
322 465
322 609
322 925
322 1110
323 481
324 330
324 351
324 409
324 528
324 557
324 575
324 687
324 739
324 815
324 879
324 906
324 969
324 970
324 1017
324 1039
324 1043
324 1059
324 1072
324 1148
324 1168
324 1240
324 1245
325 328
325 430
325 489
325 626
325 764
325 796
325 1036
325 1087
325 1124
327 384
327 452
327 523
327 586
327 785
327 943
327 965
327 977
327 1191
328 332
328 489
328 613
328 796
328 1067
329 828
329 1227
330 370
330 412
330 473
330 575
330 729
330 908
330 946
330 956
330 977
330 1148
330 1245
331 1030
332 436
332 468
332 489
332 613
332 924
332 1067
332 1166
334 383
334 522
334 617
334 847
334 883
334 1033
334 1061
335 832
335 1033
336 391
336 453
336 507
336 539
336 583
336 652
336 674
336 681
336 767
336 789
336 866
336 878
336 891
336 941
336 1041
336 1070
336 1084
336 1085
336 1117
337 680
337 706
337 1155
337 1174
338 536
338 632
338 833
338 851
338 1153
339 411
339 666
339 737
339 884
339 918
339 936
339 968
339 1156
340 812
340 1174
341 403
341 647
341 885
341 964
342 376
342 440
342 547
342 606
342 714
342 767
342 776
342 780
342 1070
342 1117
342 1140
342 1161
343 375
343 483
343 511
343 652
343 695
343 829
343 980
343 1084
343 1085
344 622
344 730
344 774
344 793
344 836
344 921
344 937
344 1065
344 1130
344 1172
344 1239
345 499
345 840
345 841
345 1160
346 726
347 540
347 800
347 876
347 901
347 907
347 1055
347 1183
349 424
349 760
349 761
349 899
349 1063
349 1123
349 1176
350 471
350 532
350 666
350 720
350 725
350 1156
351 409
351 491
351 528
351 540
351 574
351 575
351 641
351 969
351 1039
351 1059
351 1072
351 1148
351 1168
351 1240
353 535
353 619
353 717
353 843
353 1200
354 486
354 691
354 800
354 901
354 1055
354 1183
355 361
355 380
355 409
355 432
355 440
355 574
355 611
355 687
355 708
355 779
355 817
355 970
355 1039
355 1072
355 1118
355 1151
355 1158
355 1208
355 1213
355 1222
356 414
356 427
356 434
356 535
356 728
356 825
356 858
356 914
356 946
356 953
356 1038
358 764
358 796
358 824
358 929
358 983
358 1031
358 1036
358 1189
358 1214
359 518
360 390
360 500
360 503
360 506
360 656
360 707
360 724
360 756
360 786
360 795
360 1003
360 1026
360 1076
360 1089
361 368
361 380
361 462
361 469
361 687
361 708
361 758
361 779
361 786
361 817
361 1151
361 1208
361 1213
362 379
362 433
362 453
362 500
362 507
362 564
362 643
362 644
362 674
362 705
362 724
362 756
362 794
362 829
362 878
362 934
362 990
362 1019
362 1084
363 407
363 633
364 461
364 475
364 1144
365 442
365 934
366 396
366 785
366 827
366 992
368 440
368 469
368 482
368 515
368 708
368 745
368 912
368 1074
368 1118
368 1151
368 1208
368 1213
369 435
369 488
369 597
369 734
369 766
369 798
369 1189
369 1214
370 412
370 473
370 617
370 655
370 729
370 908
370 956
370 1245
371 701
371 1066
372 375
372 480
372 511
372 561
372 588
372 654
372 769
372 789
372 1010
372 1128
373 410
373 472
373 556
373 579
373 616
373 854
373 911
374 545
375 511
375 553
375 561
375 789
375 980
375 1074
376 565
376 570
376 587
376 606
376 714
376 780
376 835
376 886
376 957
376 1158
377 520
377 545
377 605
377 762
378 471
378 512
378 532
378 603
378 666
378 692
378 702
378 725
378 791
378 884
378 933
379 453
379 502
379 507
379 546
379 564
379 643
379 644
379 645
379 649
379 674
379 677
379 705
379 718
379 794
379 814
379 848
379 878
379 990
379 1004
379 1019
379 1122
379 1150
379 1216
380 454
380 462
380 487
380 687
380 758
380 779
380 786
380 834
380 1048
380 1151
380 1208
380 1213
381 466
381 486
381 628
381 799
381 1196
383 494
383 721
383 847
383 883
383 913
383 928
383 1061
384 452
384 523
384 699
384 943
384 965
384 977
385 411
385 479
385 590
385 612
385 673
385 723
385 731
385 859
385 890
385 1034
385 1054
385 1071
385 1073
385 1206
386 560
386 1037
386 1192
387 773
387 1238
388 460
388 811
388 905
388 981
388 1021
388 1068
389 454
389 527
389 602
389 668
389 747
389 834
389 910
389 927
389 981
389 1029
389 1083
390 478
390 487
390 503
390 506
390 656
390 707
390 756
390 758
390 759
390 786
390 860
390 930
390 1003
390 1026
390 1076
390 1089
391 449
391 488
391 539
391 553
391 561
391 583
391 681
391 755
391 767
391 769
391 789
391 891
391 941
391 997
391 1041
391 1058
391 1070
393 839
393 925
394 580
394 743
394 986
394 995
394 1247
396 732
396 785
396 790
396 827
396 1191
397 422
397 465
397 609
397 1057
398 931
398 932
399 1042
399 1160
400 416
400 571
400 820
400 900
401 624
402 477
402 740
402 1144
402 1231
402 1248
403 647
403 761
403 964
403 1176
404 499
404 840
404 841
404 857
404 1045
404 1160
405 509
405 522
405 582
405 787
405 806
405 870
405 938
405 1095
406 604
406 972
407 470
408 445
408 457
408 778
408 787
408 885
408 1049
408 1056
408 1126
408 1171
408 1237
409 491
409 574
409 575
409 611
409 641
409 687
409 879
409 969
409 970
409 1017
409 1039
409 1059
409 1072
409 1168
409 1240
410 414
410 434
410 517
410 579
410 706
410 854
411 419
411 443
411 607
411 673
411 690
411 815
411 859
411 860
411 871
411 884
411 906
411 936
411 1034
411 1071
411 1073
411 1177
411 1206
412 473
412 523
412 617
412 729
412 835
412 908
412 956
412 965
412 977
414 434
414 517
414 535
414 728
414 825
414 953
415 546
415 597
415 677
415 798
415 814
415 848
415 866
415 870
415 1216
416 704
416 820
416 1133
417 852
417 1196
418 1055
419 443
419 444
419 607
419 690
419 860
419 871
419 884
419 1040
419 1071
419 1073
419 1177
419 1206
420 513
420 777
420 1023
420 1175
421 826
422 1127
422 1152
423 459
423 541
423 656
423 707
424 514
424 760
424 899
424 1063
424 1176
426 552
426 967
426 978
426 1036
426 1087
426 1138
427 825
427 858
427 908
427 946
427 953
427 977
428 566
428 669
428 822
428 865
428 1016
429 502
429 546
429 615
429 645
429 677
429 814
429 867
429 880
429 938
429 1141
429 1150
429 1216
430 698
430 1067
430 1080
431 593
431 648
431 818
431 850
431 958
431 995
432 469
432 574
432 606
432 708
432 779
432 817
432 857
432 1044
432 1158
432 1208
433 442
433 500
433 644
433 674
433 705
433 724
433 756
433 829
433 934
433 990
433 1019
434 517
434 706
434 728
434 854
435 520
435 734
435 765
435 766
435 798
435 855
435 892
435 897
435 903
435 1136
435 1189
436 468
436 480
436 654
436 924
436 1128
436 1166
436 1167
436 1199
438 572
438 679
438 853
438 1104
438 1229
439 807
439 869
439 1218
440 606
440 708
440 714
440 817
440 835
440 912
440 957
440 1070
440 1117
440 1118
440 1151
440 1158
440 1213
440 1222
441 477
441 783
441 816
441 1005
441 1008
442 934
443 478
443 487
443 506
443 567
443 607
443 673
443 690
443 758
443 759
443 815
443 860
443 871
443 935
443 1003
443 1026
443 1040
443 1073
443 1076
443 1089
443 1177
443 1206
444 607
444 1050
444 1071
444 1073
444 1169
445 457
445 778
445 893
445 1005
445 1049
445 1056
445 1096
445 1100
445 1171
445 1237
446 656
446 664
446 707
446 882
448 632
448 643
448 649
448 657
448 718
448 794
448 878
448 990
448 1019
448 1122
449 488
449 505
449 539
449 568
449 583
449 681
449 755
449 769
449 891
449 915
449 941
449 997
449 1001
449 1041
449 1058
449 1163
449 1197
450 454
450 750
450 882
450 898
450 927
450 1048
450 1083
451 593
451 648
451 850
451 958
452 523
452 586
452 587
452 943
453 500
453 507
453 564
453 643
453 644
453 652
453 674
453 705
453 724
453 829
453 848
453 878
453 990
453 1004
453 1019
453 1084
453 1085
453 1122
454 462
454 527
454 602
454 712
454 758
454 786
454 834
454 927
454 930
454 1048
454 1083
454 1132
455 472
455 556
455 579
455 661
455 732
455 911
455 1000
456 489
456 552
456 796
456 978
456 1036
456 1087
456 1138
457 778
457 787
457 885
457 1049
457 1237
458 529
458 585
458 682
458 821
458 1002
458 1101
459 541
459 1089
460 1068
461 475
461 477
461 1049
461 1144
462 687
462 758
462 779
462 786
462 834
462 1048
462 1151
462 1208
464 1205
465 580
465 609
465 743
465 1123
466 486
466 691
466 751
466 868
466 1196
467 602
467 623
467 668
467 712
467 723
467 747
467 810
467 890
467 894
467 981
467 1006
467 1054
467 1132
467 1236
468 588
468 613
468 654
468 924
468 993
468 997
468 1128
468 1166
469 482
469 515
469 708
469 745
469 779
469 817
469 857
469 1044
469 1151
469 1208
470 984
471 512
471 532
471 603
471 666
471 692
471 725
471 884
471 933
471 1156
471 1223
472 579
472 616
472 911
473 611
473 729
473 902
473 956
473 970
473 1245
474 562
474 573
474 670
474 809
474 830
474 1164
474 1233
475 477
475 1005
475 1144
476 547
476 565
476 570
476 597
476 629
476 780
476 886
476 1140
476 1161
476 1241
477 740
477 816
477 1005
478 479
478 487
478 506
478 567
478 623
478 712
478 731
478 758
478 786
478 894
478 930
478 935
478 1003
478 1006
478 1026
478 1089
478 1132
479 567
479 623
479 712
479 731
479 811
479 890
479 894
479 935
479 1006
479 1073
479 1132
480 561
480 588
480 654
480 769
480 924
480 1128
480 1199
480 1246
481 1064
482 515
482 708
482 745
482 795
482 980
482 1074
483 695
483 829
483 934
483 1142
484 646
484 1051
484 1207
484 1220
485 537
486 691
486 800
486 868
486 901
486 1183
487 506
487 567
487 673
487 687
487 758
487 786
487 815
487 860
487 930
487 935
487 1003
487 1026
487 1073
487 1089
487 1206
488 539
488 583
488 681
488 755
488 866
488 891
488 941
488 997
488 1041
488 1058
488 1161
488 1197
489 613
489 796
489 1087
489 1197
490 987
490 1195
491 574
491 575
491 641
491 699
491 943
491 1039
491 1059
491 1072
491 1168
491 1240
492 519
492 599
492 662
492 694
492 771
492 992
492 1051
492 1134
493 1225
493 1233
494 601
494 721
495 952
495 955
496 526
497 916
497 1202
498 1172
499 840
499 1044
500 503
500 507
500 644
500 652
500 674
500 705
500 724
500 756
500 829
500 878
500 934
500 990
500 1019
500 1084
500 1085
501 642
502 546
502 564
502 643
502 644
502 645
502 649
502 677
502 688
502 794
502 814
502 848
502 867
502 878
502 880
502 1004
502 1122
502 1141
502 1150
502 1216
503 506
503 656
503 707
503 724
503 756
503 758
503 759
503 786
503 1003
503 1026
503 1076
503 1089
504 1162
505 563
505 568
505 583
505 657
505 915
505 990
505 1001
505 1163
506 567
506 656
506 707
506 756
506 758
506 759
506 786
506 860
506 930
506 1003
506 1026
506 1076
506 1089
507 564
507 643
507 644
507 652
507 674
507 705
507 848
507 878
507 1004
507 1019
507 1084
507 1085
507 1122
508 509
508 522
508 847
508 883
508 1061
508 1095
509 522
509 582
509 806
509 816
509 870
509 1061
509 1095
510 578
510 584
510 703
510 865
510 1098
510 1139
511 553
511 561
511 652
511 695
511 789
511 980
511 1074
511 1085
512 532
512 598
512 603
512 647
512 725
512 996
512 1223
513 802
514 671
514 760
514 1063
515 708
515 745
515 795
515 980
515 1074
516 640
516 739
516 837
516 876
516 907
516 914
516 959
516 1038
516 1148
516 1157
517 535
517 728
517 825
517 953
518 926
519 599
519 662
519 694
519 771
519 992
519 1028
520 545
520 605
520 762
520 765
520 855
521 664
521 750
521 1203
522 617
522 847
522 883
522 1033
522 1061
522 1095
523 699
523 943
523 965
523 977
524 658
524 905
524 1013
524 1062
524 1175
525 899
525 1114
525 1230
527 602
527 623
527 712
527 747
527 834
527 890
527 894
527 927
527 930
527 982
527 1017
527 1029
527 1083
527 1132
528 540
528 672
528 879
528 969
528 982
528 1017
528 1240
529 585
529 682
529 821
529 1002
529 1079
529 1101
530 607
530 690
530 692
530 738
530 860
530 871
530 884
530 902
530 979
530 1040
530 1177
530 1222
530 1245
532 603
532 666
532 725
532 933
532 1223
533 621
533 991
534 548
534 726
534 1111
535 717
535 728
535 825
535 858
535 953
535 1200
536 632
536 833
536 851
536 1153
538 717
539 553
539 561
539 583
539 652
539 681
539 755
539 767
539 769
539 789
539 866
539 891
539 941
539 1041
539 1058
539 1070
539 1117
539 1161
540 868
540 901
540 969
540 1059
540 1168
540 1240
543 1055
544 639
544 664
545 605
546 645
546 677
546 738
546 814
546 848
546 866
546 867
546 870
546 880
546 938
546 1004
546 1122
546 1150
546 1216
547 755
547 891
547 1058
547 1097
547 1140
547 1161
548 726
549 1147
549 1209
549 1226
550 1119
551 653
551 1007
552 796
552 896
552 967
552 978
552 1036
552 1087
552 1138
552 1193
553 561
553 719
553 745
553 767
553 769
553 776
553 789
553 941
553 980
553 1041
553 1058
553 1246
554 1119
555 667
555 741
556 579
556 608
557 575
557 640
557 675
557 739
557 763
557 906
557 959
557 1035
557 1043
557 1148
558 792
559 746
560 584
560 1037
560 1192
561 583
561 588
561 652
561 681
561 755
561 767
561 769
561 789
561 891
561 941
561 997
561 1041
561 1058
561 1246
562 573
562 670
562 809
562 830
562 1137
562 1164
562 1247
563 568
563 997
563 1163
564 643
564 644
564 645
564 649
564 677
564 688
564 794
564 814
564 848
564 878
564 1004
564 1019
564 1122
564 1141
565 570
565 714
565 736
565 780
565 886
565 1140
565 1241
566 669
566 1016
566 1217
567 623
567 712
567 731
567 758
567 894
567 930
567 935
567 1003
567 1006
567 1026
567 1089
567 1132
568 583
568 769
568 915
568 941
568 997
568 1001
568 1163
569 748
570 587
570 686
570 714
570 736
570 780
570 886
570 1241
571 862
571 900
572 679
572 853
572 1104
572 1229
573 670
573 809
573 830
573 1159
573 1164
573 1233
574 611
574 641
574 687
574 779
574 817
574 970
574 1039
574 1059
574 1072
574 1168
574 1208
574 1240
575 641
575 739
575 959
575 1039
575 1059
575 1148
576 837
576 863
576 876
576 907
576 1082
576 1106
576 1157
577 1184
578 669
578 703
578 865
578 1098
578 1139
579 616
579 911
580 743
580 986
580 1123
582 787
582 806
582 870
582 938
582 1126
583 652
583 681
583 755
583 767
583 769
583 789
583 891
583 915
583 941
583 997
583 1041
583 1058
583 1197
584 591
584 615
585 682
585 821
585 1002
585 1079
585 1101
586 587
586 856
586 1191
587 606
587 714
587 943
588 654
588 769
588 1128
588 1199
589 1119
590 612
590 723
590 731
590 810
590 859
590 890
590 1034
590 1054
591 632
591 657
591 1153
593 648
593 850
593 958
593 995
594 799
595 620
595 1165
596 804
596 1018
597 780
597 798
597 866
597 886
597 1117
597 1161
598 603
598 655
598 843
598 1223
599 629
599 662
599 694
599 771
599 849
599 1028
599 1149
599 1201
600 661
600 710
600 1000
601 721
602 623
602 712
602 747
602 834
602 890
602 894
602 927
602 982
602 1017
602 1029
602 1083
602 1132
603 655
603 725
603 843
603 1223
604 719
604 742
604 972
604 1097
604 1199
604 1246
605 762
605 765
605 855
606 714
606 776
606 780
606 817
606 857
606 1158
607 690
607 860
607 871
607 884
607 1040
607 1071
607 1073
607 1177
609 1110
610 669
610 822
610 865
611 687
611 817
611 902
611 970
611 1039
611 1072
611 1151
611 1208
611 1213
611 1222
611 1245
613 1067
613 1166
613 1167
614 688
614 1037
614 1126
614 1141
614 1192
615 649
615 677
615 867
615 880
615 903
615 1150
616 706
616 911
617 729
617 847
617 956
617 1061
618 1135
618 1204
618 1228
619 825
619 908
619 953
619 1200
620 1165
620 1234
621 991
622 730
622 774
622 793
622 836
622 921
622 937
622 1065
622 1090
622 1130
622 1239
623 712
623 731
623 747
623 811
623 890
623 894
623 930
623 935
623 981
623 1006
623 1054
623 1132
624 1042
625 822
625 865
626 764
626 929
626 1124
626 1214
627 629
627 684
627 895
627 896
627 967
627 1193
628 749
628 799
628 909
629 824
629 849
629 895
629 1149
629 1201
630 1212
631 823
631 922
631 966
631 1109
632 718
632 851
632 1153
633 1015
635 951
638 682
638 1078
638 1079
638 1203
639 664
639 1075
640 739
640 837
640 914
640 959
640 1148
640 1157
640 1221
641 699
641 943
641 1039
641 1059
641 1072
641 1148
641 1168
641 1240
643 644
643 649
643 657
643 677
643 705
643 718
643 794
643 814
643 848
643 878
643 990
643 1004
643 1019
643 1122
643 1150
643 1216
644 674
644 705
644 724
644 756
644 794
644 878
644 1019
644 1076
645 677
645 688
645 738
645 814
645 848
645 867
645 880
645 938
645 979
645 1141
645 1150
645 1216
646 697
646 864
646 963
646 1051
646 1220
647 885
647 964
647 1049
648 850
648 958
648 995
649 657
649 677
649 718
649 794
649 814
649 867
649 878
649 1004
649 1019
649 1122
649 1150
650 1086
652 674
652 705
652 769
652 789
652 829
652 878
652 915
652 941
652 990
652 1019
652 1084
652 1085
653 978
653 1007
653 1138
654 924
654 1128
654 1166
654 1199
655 729
655 908
655 1200
655 1223
656 707
656 756
656 758
656 786
656 882
656 930
656 1003
656 1026
656 1089
657 718
657 794
657 878
657 915
657 1001
657 1004
657 1019
657 1122
657 1163
658 905
658 1013
660 998
661 710
661 732
661 1000
661 1047
662 694
662 771
662 913
662 928
662 992
662 1028
663 801
663 889
663 1050
663 1069
663 1143
663 1169
663 1181
664 750
664 1075
666 692
666 725
666 884
666 933
666 1156
668 747
668 751
668 1029
668 1236
669 822
669 865
669 1139
670 809
670 830
670 1159
670 1164
670 1233
671 803
672 723
672 751
672 810
672 868
672 969
672 982
672 1236
673 687
673 690
673 815
673 859
673 871
673 879
673 890
673 906
673 982
673 1017
673 1034
673 1073
673 1206
674 705
674 724
674 829
674 878
674 990
674 1019
674 1084
674 1085
675 763
675 1043
675 1125
676 1082
676 1107
677 794
677 814
677 848
677 866
677 867
677 880
677 1004
677 1122
677 1141
677 1150
677 1216
679 853
679 1104
679 1229
680 706
680 1155
680 1174
681 755
681 767
681 769
681 789
681 866
681 891
681 941
681 997
681 1041
681 1058
681 1070
681 1161
681 1197
682 1002
682 1078
682 1079
684 849
684 895
684 896
684 975
684 1046
684 1149
684 1201
686 736
686 856
686 1241
687 758
687 779
687 815
687 879
687 902
687 970
687 1017
687 1039
687 1072
687 1206
687 1208
687 1213
687 1240
688 702
688 791
688 979
688 1040
688 1141
688 1224
689 715
690 860
690 871
690 884
690 1040
690 1071
690 1073
690 1177
690 1206
691 800
691 868
691 901
691 1183
692 725
692 884
692 933
692 979
692 1177
694 771
694 913
694 928
694 1028
695 980
696 752
696 1210
697 844
697 864
697 1220
698 1067
698 1080
698 1173
699 943
700 1094
701 1066
702 787
702 791
702 933
702 979
702 1126
702 1224
703 818
703 1139
704 920
704 1133
705 724
705 829
705 878
705 934
705 990
705 1019
705 1084
705 1085
706 854
707 724
707 756
707 758
707 786
707 795
707 882
707 1026
707 1089
708 745
708 779
708 817
708 857
708 1044
708 1074
708 1151
708 1208
709 949
710 1000
711 820
712 747
712 811
712 894
712 930
712 935
712 981
712 1006
712 1054
712 1083
712 1132
714 780
714 835
714 886
714 957
714 1158
717 763
717 858
717 1035
717 1125
717 1200
717 1221
718 794
718 829
718 878
718 990
718 1001
718 1004
718 1019
718 1122
719 742
719 776
719 1045
719 1097
719 1246
720 746
720 1012
720 1156
722 797
722 831
722 845
722 1249
723 747
723 810
723 859
723 890
723 982
723 1034
723 1054
723 1236
724 756
724 829
724 934
724 1084
725 884
725 933
727 1194
728 825
728 858
728 914
728 953
729 908
729 946
729 956
729 977
730 774
730 836
730 921
730 1130
730 1172
731 811
731 894
731 935
731 1006
731 1054
732 1000
734 766
734 844
734 846
734 892
734 897
734 1189
734 1214
736 1111
736 1241
737 918
737 936
737 968
737 1012
737 1102
737 1156
737 1235
738 979
738 1118
738 1213
738 1222
739 914
739 959
739 1043
739 1148
740 744
740 1248
742 972
742 1045
742 1246
743 760
743 899
743 986
743 1123
743 1230
744 1248
745 795
745 980
745 1074
747 810
747 890
747 894
747 981
747 982
747 1006
747 1029
747 1054
747 1132
747 1236
749 799
749 909
750 882
750 1203
751 868
751 1029
751 1236
754 983
754 1104
754 1186
755 767
755 769
755 789
755 891
755 941
755 997
755 1041
755 1058
755 1070
755 1161
755 1197
756 759
756 1003
756 1026
756 1076
756 1089
757 1244
758 786
758 815
758 860
758 930
758 935
758 1003
758 1026
758 1083
758 1089
759 860
759 1003
759 1026
759 1040
759 1076
759 1089
760 899
760 1063
760 1123
761 899
761 1176
762 765
762 855
762 1009
763 1035
763 1043
763 1102
763 1125
763 1221
764 929
764 983
764 1031
764 1036
764 1124
764 1214
765 855
765 897
765 1011
766 846
766 892
766 929
766 1189
766 1214
767 776
767 789
767 891
767 941
767 1041
767 1058
767 1070
767 1117
767 1161
768 1165
768 1234
769 789
769 891
769 915
769 941
769 997
769 1041
769 1058
769 1197
770 828
770 1192
771 913
771 928
771 992
771 1028
772 976
773 1238
774 793
774 836
774 921
774 937
774 950
774 1065
774 1090
774 1130
774 1239
775 926
776 857
776 1045
776 1097
777 782
778 893
778 1005
778 1049
778 1056
778 1096
778 1100
778 1110
778 1171
778 1237
779 817
779 1044
779 1072
779 1151
779 1208
780 835
780 886
780 957
780 1117
780 1158
780 1161
780 1241
783 1005
783 1094
784 1113
785 790
785 827
785 977
785 1191
786 930
786 1026
786 1048
786 1083
787 791
787 938
787 1049
787 1126
789 891
789 941
789 980
789 1041
789 1058
789 1070
789 1085
790 827
791 933
791 979
791 1126
791 1224
793 836
793 937
793 1065
793 1092
793 1130
793 1239
794 878
794 1004
794 1019
794 1122
794 1141
795 980
795 1074
795 1084
796 1036
796 1087
798 866
798 870
799 909
800 901
800 1055
800 1183
801 889
801 1069
801 1143
801 1169
803 1176
804 1018
806 870
806 938
806 1011
807 869
807 1218
808 896
808 967
808 1046
808 1193
809 830
809 1164
810 859
810 890
810 982
810 1054
810 1236
811 894
811 905
811 935
811 981
811 1006
811 1021
811 1054
811 1132
813 1088
814 848
814 866
814 867
814 878
814 880
814 1004
814 1122
814 1141
814 1150
814 1216
815 859
815 860
815 871
815 879
815 902
815 982
815 1017
815 1073
815 1206
816 1008
817 857
817 1039
817 1072
817 1151
817 1158
817 1208
819 1243
820 954
820 1133
822 865
823 966
823 1053
823 1109
824 849
824 895
824 1149
824 1201
825 858
825 908
825 946
825 953
825 977
825 1200
827 1191
828 1114
828 1192
829 878
829 915
829 934
829 990
829 1019
829 1084
829 1085
830 1164
830 1233
831 845
831 1249
832 1033
832 1182
832 1231
833 851
834 927
834 1029
834 1048
834 1083
835 886
835 912
835 957
835 1118
835 1158
835 1222
836 921
836 937
836 950
836 1065
836 1090
836 1130
836 1239
837 863
837 876
837 907
837 959
837 1082
837 1157
839 925
840 841
840 857
840 1160
841 1160
842 872
843 1223
844 846
844 892
844 983
844 1189
845 932
845 1249
846 892
846 929
846 983
846 1189
846 1214
847 883
847 1033
847 1061
847 1095
848 866
848 878
848 880
848 1004
848 1122
848 1150
848 1216
849 895
849 1149
849 1201
850 958
851 1153
852 932
852 1196
853 1104
853 1229
855 897
855 1011
856 920
856 1028
857 1044
858 908
858 914
858 946
858 953
858 1200
859 879
859 890
859 936
859 982
859 1017
859 1034
859 1206
860 871
860 902
860 1003
860 1026
860 1040
860 1073
860 1076
860 1089
860 1177
860 1206
862 920
863 1082
863 1157
863 1221
864 1051
864 1220
865 1098
865 1139
866 912
866 1004
866 1070
866 1117
866 1122
866 1161
866 1216
867 880
867 938
867 1004
867 1122
867 1141
867 1150
867 1216
869 1218
870 938
870 1061
871 879
871 902
871 906
871 970
871 1073
871 1177
871 1206
871 1245
873 1179
876 907
876 1038
876 1082
876 1106
876 1157
877 945
877 1050
877 1169
878 915
878 990
878 1004
878 1019
878 1085
878 1122
878 1216
879 906
879 969
879 970
879 982
879 1017
879 1039
879 1206
879 1240
880 938
880 1004
880 1122
880 1141
880 1150
880 1216
881 944
882 930
883 1033
883 1061
883 1095
884 933
884 1177
885 964
885 1049
886 957
886 1117
886 1158
886 1161
888 1104
888 1186
889 1069
889 1143
890 894
890 982
890 1006
890 1034
890 1054
890 1236
891 941
891 1041
891 1058
891 1070
891 1161
892 929
892 1189
892 1214
893 1005
893 1008
893 1009
893 1011
893 1056
893 1096
893 1100
893 1171
893 1237
894 930
894 935
894 981
894 1006
894 1054
894 1083
894 1132
895 896
895 1149
895 1201
896 967
896 1193
898 927
898 1185
899 1114
899 1230
901 1055
901 1183
902 906
902 970
902 1206
902 1213
902 1222
902 1245
903 1001
903 1136
903 1163
904 910
906 1035
906 1043
906 1245
907 959
907 1038
907 1082
907 1106
907 1157
908 946
908 953
908 956
908 977
910 927
910 981
910 1029
911 1047
912 957
912 1070
912 1117
912 1118
912 1151
912 1158
912 1213
912 1222
913 928
913 1028
914 959
914 1038
914 1148
914 1157
915 941
915 990
915 1001
915 1019
916 1202
918 936
918 940
918 968
918 1034
921 1130
921 1172
922 1109
924 1128
924 1166
924 1167
924 1199
925 952
926 1230
927 1029
927 1048
927 1083
927 1185
928 1028
929 1124
929 1189
929 1214
930 935
930 1006
930 1026
930 1083
930 1089
930 1132
931 932
933 979
933 1177
933 1224
934 990
935 1006
935 1026
935 1083
935 1132
936 968
936 1034
937 1065
937 1092
937 1130
937 1239
938 1150
940 1235
941 997
941 1041
941 1058
941 1197
942 1023
942 1062
943 965
946 953
946 977
952 955
952 1009
952 1056
952 1096
952 1100
952 1110
952 1171
953 977
955 1009
955 1016
955 1096
956 1245
957 1117
957 1118
957 1158
957 1222
959 1038
959 1148
959 1157
963 1051
963 1220
965 977
966 1053
966 1109
967 1036
967 1193
968 1012
968 1102
968 1156
968 1235
969 982
969 1017
969 1059
969 1168
969 1240
970 1039
970 1072
970 1213
970 1222
970 1245
972 1097
975 1046
978 1087
978 1138
979 1040
979 1177
979 1224
980 1074
980 1084
980 1085
981 1006
981 1021
981 1068
981 1132
982 1017
982 1034
982 1054
982 1206
982 1236
983 1031
983 1036
983 1186
985 1187
986 1247
988 1159
989 1184
989 1225
990 1019
990 1084
990 1085
991 1077
992 1028
993 1128
993 1166
994 1020
995 1086
995 1247
997 1041
997 1058
997 1197
998 1022
999 1014
999 1209
1000 1047
1001 1122
1001 1163
1002 1101
1003 1026
1003 1076
1003 1089
1004 1019
1004 1122
1004 1150
1004 1216
1005 1008
1006 1054
1006 1132
1009 1096
1009 1100
1011 1100
1011 1171
1012 1156
1013 1175
1015 1229
1017 1206
1017 1240
1019 1085
1019 1122
1021 1068
1021 1075
1023 1062
1023 1175
1025 1129
1025 1131
1026 1076
1026 1089
1027 1203
1029 1083
1029 1236
1031 1036
1031 1214
1033 1095
1034 1206
1035 1043
1035 1125
1035 1200
1036 1087
1037 1192
1039 1059
1039 1072
1039 1168
1039 1240
1040 1073
1040 1076
1040 1177
1040 1224
1041 1058
1041 1070
1041 1161
1044 1208
1048 1083
1048 1185
1049 1237
1050 1069
1050 1071
1050 1143
1050 1169
1051 1220
1054 1132
1054 1236
1055 1183
1056 1096
1056 1100
1056 1110
1056 1171
1056 1237
1057 1120
1058 1161
1058 1197
1059 1072
1059 1148
1059 1168
1059 1240
1061 1095
1062 1175
1063 1123
1065 1092
1065 1130
1065 1239
1067 1080
1067 1173
1069 1143
1069 1169
1069 1181
1070 1117
1070 1118
1070 1158
1070 1161
1071 1073
1071 1169
1072 1168
1072 1240
1073 1177
1073 1206
1074 1084
1076 1089
1078 1203
1080 1173
1081 1211
1082 1106
1082 1157
1083 1132
1084 1085
1087 1138
1092 1130
1093 1103
1096 1100
1096 1110
1096 1171
1097 1140
1100 1110
1100 1171
1100 1237
1102 1125
1104 1186
1110 1171
1114 1230
1117 1118
1117 1158
1117 1161
1118 1151
1118 1158
1118 1213
1118 1222
1122 1150
1122 1216
1124 1214
1125 1221
1127 1152
1128 1166
1128 1199
1129 1131
1130 1239
1135 1204
1135 1228
1137 1164
1137 1227
1137 1247
1140 1241
1141 1150
1142 1180
1143 1169
1143 1181
1146 1215
1147 1226
1149 1201
1150 1216
1151 1158
1151 1208
1151 1213
1151 1222
1157 1221
1158 1213
1158 1222
1159 1233
1164 1247
1165 1234
1166 1167
1168 1240
1171 1237
1177 1224
1182 1231
1184 1225
1189 1214
1199 1246
1204 1228
1208 1213
1209 1229
1213 1222
1222 1245
1227 1247
