0 2
0 4
0 15
0 16
0 64
0 66
0 82
0 87
0 154
0 237
0 242
0 250
0 294
0 343
0 383
0 401
0 417
0 422
0 431
0 473
0 474
0 560
0 562
0 572
0 585
0 616
0 648
0 740
0 744
0 769
0 874
0 899
0 901
0 921
0 972
0 1038
0 1140
1 2
1 5
1 6
1 11
1 43
1 44
1 54
1 67
1 87
1 113
1 135
1 178
1 206
1 237
1 250
1 252
1 287
1 306
1 337
1 350
1 369
1 417
1 422
1 445
1 474
1 651
1 675
1 704
1 740
1 746
1 820
1 822
1 836
1 874
1 889
1 946
1 1011
1 1028
1 1045
1 1153
1 1168
1 1179
1 1223
1 1224
2 5
2 7
2 11
2 15
2 44
2 54
2 64
2 67
2 87
2 113
2 135
2 154
2 237
2 250
2 252
2 283
2 287
2 350
2 369
2 417
2 422
2 445
2 473
2 474
2 572
2 585
2 648
2 683
2 740
2 769
2 820
2 836
2 874
2 889
2 899
2 901
2 946
2 1028
2 1153
2 1179
3 159
3 181
3 214
3 278
3 343
3 356
3 365
3 384
3 389
3 436
3 553
3 607
3 675
3 746
3 751
3 764
3 927
3 943
3 1134
3 1168
3 1232
4 15
4 64
4 109
4 154
4 201
4 252
4 299
4 343
4 383
4 473
4 517
4 560
4 585
4 614
4 616
4 744
4 769
4 899
4 901
4 1140
4 1182
4 1213
5 6
5 7
5 9
5 11
5 27
5 43
5 44
5 54
5 87
5 113
5 129
5 135
5 154
5 166
5 178
5 206
5 237
5 250
5 283
5 287
5 337
5 350
5 355
5 369
5 409
5 417
5 422
5 661
5 740
5 820
5 836
5 874
5 946
5 977
5 1028
5 1085
5 1095
5 1153
5 1179
5 1245
6 9
6 11
6 17
6 27
6 43
6 44
6 47
6 54
6 91
6 113
6 122
6 129
6 178
6 206
6 228
6 283
6 287
6 337
6 350
6 368
6 409
6 445
6 579
6 713
6 740
6 806
6 820
6 822
6 893
6 946
6 977
6 1028
6 1095
6 1153
6 1179
6 1224
7 13
7 21
7 82
7 87
7 129
7 178
7 237
7 250
7 294
7 307
7 317
7 338
7 349
7 355
7 417
7 431
7 440
7 456
7 465
7 514
7 535
7 572
7 628
7 648
7 732
7 740
7 874
7 893
7 916
7 921
7 930
7 972
7 977
7 1075
7 1095
7 1169
7 1224
7 1245
8 76
8 164
8 232
8 263
8 311
8 705
8 881
8 1015
8 1040
8 1074
9 11
9 17
9 27
9 43
9 44
9 54
9 166
9 206
9 283
9 287
9 350
9 369
9 476
9 579
9 606
9 661
9 806
9 820
9 822
9 836
9 946
9 1008
9 1028
9 1085
9 1153
9 1160
9 1170
9 1179
9 1184
9 1198
10 66
10 82
10 88
10 111
10 155
10 242
10 294
10 349
10 388
10 401
10 573
10 609
10 942
10 1030
10 1084
10 1140
10 1197
11 27
11 43
11 44
11 54
11 87
11 113
11 129
11 135
11 154
11 178
11 206
11 237
11 250
11 252
11 283
11 287
11 306
11 337
11 350
11 369
11 409
11 417
11 422
11 445
11 474
11 579
11 648
11 675
11 740
11 820
11 822
11 836
11 874
11 889
11 930
11 946
11 977
11 1011
11 1028
11 1095
11 1153
11 1168
11 1179
11 1224
12 124
12 208
12 216
12 258
12 293
12 314
12 407
12 682
12 1001
12 1082
12 1108
13 16
13 21
13 48
13 65
13 68
13 69
13 82
13 87
13 88
13 111
13 155
13 237
13 242
13 250
13 294
13 317
13 338
13 349
13 383
13 388
13 398
13 401
13 418
13 431
13 456
13 465
13 473
13 474
13 514
13 549
13 553
13 562
13 564
13 572
13 648
13 732
13 740
13 874
13 921
13 930
13 972
13 977
13 1014
13 1084
13 1169
13 1224
14 80
14 130
14 183
14 186
14 282
14 327
14 423
14 433
14 638
14 866
14 867
14 883
14 1062
14 1194
15 16
15 64
15 66
15 82
15 87
15 154
15 237
15 242
15 250
15 294
15 343
15 383
15 401
15 417
15 422
15 431
15 473
15 474
15 560
15 562
15 572
15 585
15 616
15 648
15 740
15 744
15 769
15 874
15 899
15 901
15 921
15 972
15 1038
15 1140
16 21
16 48
16 65
16 69
16 82
16 87
16 88
16 111
16 155
16 237
16 242
16 250
16 278
16 294
16 338
16 343
16 383
16 389
16 401
16 431
16 436
16 473
16 474
16 514
16 553
16 562
16 572
16 607
16 616
16 648
16 675
16 751
16 874
16 921
16 930
16 972
16 1084
16 1140
16 1168
16 1197
16 1224
17 20
17 22
17 27
17 43
17 54
17 79
17 206
17 228
17 269
17 350
17 368
17 409
17 438
17 579
17 661
17 717
17 806
17 820
17 924
17 928
17 946
17 990
17 1008
17 1028
18 163
18 209
18 330
18 500
18 552
18 748
18 749
18 1051
18 1069
18 1164
19 37
19 83
19 238
19 500
19 556
19 570
19 571
19 654
19 673
19 876
19 1030
19 1226
20 61
20 79
20 91
20 222
20 269
20 307
20 368
20 409
20 438
20 478
20 641
20 856
20 893
20 924
20 928
20 990
20 1008
20 1105
21 48
21 65
21 68
21 69
21 82
21 87
21 111
21 237
21 242
21 250
21 294
21 317
21 338
21 349
21 383
21 388
21 398
21 418
21 431
21 456
21 465
21 473
21 474
21 514
21 549
21 553
21 562
21 564
21 572
21 648
21 732
21 740
21 874
21 921
21 930
21 972
21 977
21 1084
21 1169
21 1224
21 1245
22 166
22 248
22 269
22 447
22 538
22 606
22 661
22 717
22 838
22 856
22 924
22 990
22 1008
22 1026
22 1072
22 1085
22 1156
22 1184
22 1201
23 74
23 207
23 258
23 404
23 504
23 656
23 771
23 906
23 992
23 1001
23 1108
24 130
24 232
24 249
24 423
24 524
24 638
24 1015
25 39
25 53
25 160
25 171
25 544
25 662
25 763
25 870
25 1044
25 1088
25 1220
26 42
26 169
26 235
26 315
26 753
26 852
27 43
27 44
27 54
27 166
27 206
27 283
27 287
27 350
27 369
27 476
27 579
27 606
27 661
27 806
27 820
27 822
27 836
27 946
27 1008
27 1028
27 1085
27 1153
27 1160
27 1170
27 1179
27 1184
27 1198
27 1223
28 29
28 77
28 122
28 175
28 182
28 297
28 373
28 453
28 528
28 1077
28 1193
28 1203
29 41
29 47
29 52
29 77
29 91
29 106
29 122
29 175
29 178
29 182
29 228
29 297
29 337
29 357
29 373
29 713
29 720
29 1126
29 1193
30 78
30 257
30 394
30 460
30 958
30 1144
31 66
31 251
31 254
31 462
31 573
31 679
31 859
31 942
31 992
31 1005
32 78
32 123
32 241
32 1007
32 1157
33 1113
34 137
34 708
34 722
34 727
34 1082
35 163
35 543
35 749
36 172
36 343
36 365
36 384
36 517
36 568
36 660
36 801
36 1000
36 1134
36 1213
36 1221
37 83
37 88
37 556
37 609
37 654
37 876
37 905
37 1030
37 1084
37 1197
38 149
38 162
38 498
38 996
38 1107
38 1146
39 53
39 160
39 171
39 544
39 624
39 662
39 763
39 870
39 1044
39 1220
40 264
40 487
40 561
40 619
41 77
41 122
41 228
41 306
41 337
41 356
41 445
41 453
41 587
41 675
41 716
41 746
41 822
41 851
41 950
41 1011
41 1029
41 1045
41 1166
41 1168
41 1232
42 169
42 235
42 257
42 753
42 852
43 44
43 54
43 85
43 113
43 166
43 206
43 228
43 283
43 287
43 337
43 350
43 368
43 369
43 445
43 476
43 579
43 651
43 661
43 704
43 806
43 820
43 822
43 836
43 889
43 946
43 1011
43 1028
43 1153
43 1170
43 1179
43 1223
44 54
44 67
44 87
44 113
44 129
44 135
44 154
44 166
44 178
44 206
44 237
44 250
44 252
44 283
44 287
44 337
44 350
44 369
44 417
44 422
44 445
44 474
44 579
44 651
44 704
44 740
44 820
44 822
44 836
44 874
44 889
44 899
44 946
44 1028
44 1085
44 1153
44 1179
44 1223
45 107
45 281
45 650
45 701
45 1033
46 410
46 444
46 576
46 696
46 755
46 778
46 790
46 850
46 913
46 978
46 1178
47 52
47 54
47 68
47 77
47 91
47 106
47 122
47 129
47 178
47 337
47 350
47 713
47 720
47 820
47 930
47 977
47 1095
47 1126
47 1224
48 65
48 68
48 69
48 82
48 88
48 111
48 242
48 294
48 317
48 338
48 383
48 388
48 389
48 418
48 431
48 436
48 456
48 473
48 474
48 514
48 549
48 553
48 562
48 572
48 607
48 648
48 751
48 874
48 921
48 930
48 972
48 977
48 1084
48 1126
48 1169
48 1197
48 1224
49 137
49 207
49 216
49 258
49 293
49 299
49 404
49 407
49 455
49 502
49 504
49 560
49 636
49 656
49 708
49 735
49 771
49 906
49 922
49 1001
49 1038
49 1082
50 51
50 181
50 194
50 587
50 716
50 851
50 1077
50 1116
51 587
51 716
51 851
51 1247
52 65
52 68
52 77
52 91
52 106
52 122
52 129
52 175
52 178
52 357
52 514
52 713
52 720
52 915
52 930
52 977
52 1095
52 1126
52 1224
53 160
53 171
53 544
53 624
53 662
53 763
53 870
53 1044
53 1220
54 91
54 113
54 129
54 166
54 178
54 206
54 228
54 250
54 283
54 287
54 337
54 350
54 368
54 369
54 409
54 417
54 445
54 474
54 579
54 704
54 713
54 740
54 806
54 820
54 822
54 836
54 946
54 977
54 1011
54 1028
54 1095
54 1153
54 1179
54 1223
54 1224
55 279
55 291
55 489
55 528
55 623
55 664
55 810
55 830
55 835
55 1048
55 1200
56 63
56 316
57 158
57 468
57 498
57 599
57 726
57 815
57 936
58 75
58 324
58 816
58 825
58 870
58 938
58 1044
58 1088
59 165
59 192
59 334
59 425
59 583
59 792
60 457
60 1207
61 79
61 222
61 269
61 339
61 438
61 478
61 632
61 641
61 856
61 924
61 928
61 1105
62 152
62 253
62 308
62 380
62 569
62 593
62 639
62 914
62 998
62 1059
63 81
63 316
63 374
63 687
64 67
64 80
64 87
64 109
64 135
64 154
64 237
64 252
64 299
64 369
64 383
64 417
64 422
64 473
64 488
64 560
64 585
64 636
64 744
64 769
64 889
64 899
64 901
64 1182
65 68
65 69
65 88
65 106
65 111
65 214
65 294
65 338
65 341
65 389
65 418
65 436
65 514
65 549
65 553
65 562
65 607
65 648
65 675
65 751
65 764
65 921
65 930
65 977
65 1084
65 1126
65 1224
66 82
66 111
66 155
66 242
66 294
66 349
66 401
66 431
66 473
66 572
66 573
66 609
66 942
66 972
66 1084
66 1140
66 1197
67 85
67 135
67 154
67 252
67 369
67 422
67 445
67 488
67 568
67 651
67 653
67 704
67 769
67 784
67 836
67 889
67 899
67 901
67 1011
67 1153
67 1194
68 69
68 97
68 106
68 317
68 338
68 418
68 514
68 535
68 549
68 648
68 713
68 849
68 915
68 930
68 945
68 977
68 1056
68 1126
68 1169
68 1224
69 82
69 88
69 111
69 242
69 294
69 317
69 338
69 349
69 388
69 389
69 398
69 418
69 431
69 514
69 549
69 553
69 562
69 564
69 648
69 921
69 930
69 972
69 1014
69 1056
69 1084
69 1169
69 1197
70 117
70 125
70 140
70 326
70 415
70 515
70 734
71 161
71 590
71 686
71 841
71 845
71 968
71 1037
71 1125
72 157
72 421
72 541
72 589
72 641
72 785
72 1105
72 1150
73 102
73 115
73 507
73 1070
74 202
74 495
74 599
74 634
74 815
75 224
75 324
75 667
75 804
75 816
75 870
75 938
75 1142
75 1187
75 1237
76 164
76 263
76 559
76 705
76 842
76 881
76 1015
76 1040
76 1074
76 1137
77 91
77 106
77 122
77 175
77 182
77 194
77 228
77 297
77 357
77 373
77 587
77 597
77 713
77 720
77 1126
77 1193
77 1203
78 1007
79 438
79 541
79 632
79 641
79 717
79 896
79 924
79 928
79 990
79 1008
79 1023
80 135
80 154
80 488
80 627
80 638
80 683
80 769
80 867
80 899
80 901
80 911
80 1062
80 1108
80 1194
81 316
81 352
81 374
81 684
81 687
82 87
82 88
82 111
82 155
82 237
82 242
82 250
82 294
82 317
82 338
82 349
82 383
82 388
82 398
82 401
82 418
82 431
82 456
82 462
82 465
82 473
82 514
82 549
82 562
82 564
82 572
82 648
82 732
82 740
82 874
82 921
82 930
82 972
82 977
82 1014
82 1084
82 1140
82 1169
83 238
83 500
83 556
83 570
83 571
83 654
83 673
83 876
83 1030
83 1226
84 97
84 301
84 349
84 388
84 398
84 462
84 465
84 564
84 600
84 679
84 729
84 732
84 932
84 948
84 1014
84 1102
84 1169
85 156
85 287
85 348
85 445
85 458
85 476
85 651
85 653
85 704
85 784
85 819
85 822
85 889
85 1011
85 1153
85 1166
85 1170
85 1179
85 1223
86 171
86 538
86 667
86 752
86 856
86 1072
86 1142
86 1156
86 1184
86 1187
86 1220
87 113
87 135
87 154
87 178
87 237
87 250
87 294
87 317
87 338
87 369
87 383
87 417
87 422
87 431
87 456
87 473
87 474
87 514
87 553
87 562
87 572
87 585
87 648
87 732
87 740
87 769
87 836
87 874
87 899
87 921
87 930
87 972
87 977
87 1224
87 1245
88 111
88 155
88 242
88 294
88 338
88 383
88 388
88 389
88 401
88 418
88 436
88 549
88 553
88 562
88 905
88 921
88 1084
88 1197
89 134
89 176
89 454
89 481
89 506
89 518
89 546
89 976
89 1073
89 1129
90 152
90 593
90 944
90 998
90 1249
91 106
91 122
91 129
91 178
91 228
91 307
91 337
91 350
91 368
91 409
91 535
91 713
91 820
91 893
91 916
91 977
91 1095
91 1126
91 1224
91 1238
92 148
92 211
92 244
92 246
92 277
92 312
92 432
92 512
92 521
92 647
92 1137
92 1204
93 1172
94 159
94 384
94 660
94 894
94 927
94 1134
94 1232
95 255
95 783
96 435
97 225
97 286
97 398
97 440
97 465
97 535
97 564
97 600
97 729
97 849
97 915
97 948
97 1010
97 1014
97 1056
97 1075
97 1100
97 1169
98 146
98 513
98 981
100 452
100 1076
101 247
101 326
101 461
101 540
102 115
102 507
102 693
102 1070
103 145
103 149
103 153
103 162
103 519
103 646
103 1121
104 112
104 173
104 177
104 298
104 361
104 424
104 591
104 937
104 945
104 1003
104 1052
105 569
105 1205
106 122
106 175
106 178
106 357
106 514
106 597
106 713
106 720
106 930
106 977
106 1126
106 1224
107 281
107 650
107 701
107 1033
108 372
108 664
108 689
108 725
108 857
108 926
108 1154
109 252
109 517
109 560
109 568
109 614
109 637
109 744
109 1182
109 1213
111 155
111 242
111 294
111 317
111 338
111 349
111 383
111 388
111 398
111 401
111 418
111 431
111 456
111 462
111 465
111 473
111 514
111 549
111 553
111 562
111 564
111 572
111 648
111 732
111 874
111 921
111 930
111 972
111 1014
111 1084
111 1140
111 1169
111 1197
112 173
112 177
112 185
112 298
112 361
112 375
112 591
112 625
112 697
112 768
112 850
112 937
112 983
112 1003
113 129
113 135
113 154
113 178
113 206
113 237
113 250
113 252
113 287
113 306
113 337
113 350
113 369
113 417
113 422
113 445
113 473
113 474
113 514
113 553
113 648
113 675
113 740
113 746
113 820
113 822
113 836
113 874
113 889
113 899
113 921
113 930
113 946
113 977
113 1011
113 1028
113 1153
113 1168
113 1179
113 1224
114 539
114 742
115 507
115 1068
115 1070
116 774
117 461
117 515
117 640
117 1067
118 390
118 723
118 986
119 141
119 262
119 377
119 605
119 730
119 738
119 824
119 843
119 894
119 918
120 563
120 575
120 685
120 1067
121 372
121 689
121 1054
122 178
122 182
122 228
122 297
122 337
122 350
122 368
122 373
122 453
122 713
122 950
123 138
123 241
123 288
123 318
123 811
123 939
123 1157
124 216
124 293
124 299
124 407
124 488
124 560
124 636
124 682
124 708
124 901
124 1038
124 1082
124 1108
124 1182
125 200
125 326
125 346
125 515
125 526
125 734
125 1092
125 1139
126 139
126 261
126 450
126 516
126 551
126 578
126 599
126 677
126 861
126 936
126 1066
128 472
128 577
128 613
129 178
129 206
129 250
129 283
129 307
129 317
129 337
129 350
129 355
129 409
129 535
129 628
129 648
129 713
129 740
129 820
129 874
129 893
129 910
129 916
129 930
129 946
129 977
129 1028
129 1095
129 1224
129 1245
130 423
130 638
130 1015
131 179
131 392
131 887
131 1234
132 156
132 342
132 348
132 378
132 385
132 458
132 653
132 819
132 847
132 952
132 961
132 982
133 341
133 991
133 1043
134 286
134 506
134 546
134 786
134 1010
134 1073
134 1100
134 1129
134 1159
135 154
135 237
135 250
135 252
135 283
135 287
135 369
135 417
135 422
135 445
135 488
135 585
135 651
135 683
135 740
135 769
135 784
135 836
135 889
135 899
135 901
135 911
135 946
135 1153
135 1179
135 1194
136 222
136 334
136 339
136 463
136 576
136 641
136 696
136 755
136 1002
136 1105
136 1150
136 1178
136 1217
137 169
137 207
137 258
137 293
137 404
137 455
137 502
137 656
137 708
137 727
137 735
137 771
137 922
137 1001
137 1082
138 288
138 318
138 408
138 738
138 811
139 261
139 450
139 551
139 578
139 599
139 815
139 861
139 936
140 315
140 415
140 515
140 734
140 1131
141 377
141 612
141 743
141 775
141 824
142 340
142 702
142 882
142 931
142 1161
142 1190
143 184
143 470
143 886
143 1114
143 1236
144 215
144 586
144 714
144 715
145 149
145 153
145 162
145 205
145 519
145 595
145 1121
146 374
146 687
146 885
146 981
147 199
147 284
147 633
147 694
147 710
147 723
147 920
147 1106
147 1202
148 244
148 246
148 277
148 312
148 336
148 432
148 512
148 521
148 817
148 853
148 1137
148 1147
148 1204
149 153
149 162
149 205
149 519
149 646
149 1146
150 243
150 608
150 1162
151 332
152 156
152 253
152 274
152 362
152 593
152 944
152 965
152 998
152 1059
153 162
153 205
153 519
153 595
153 1121
154 237
154 252
154 369
154 417
154 422
154 488
154 585
154 651
154 683
154 744
154 769
154 836
154 889
154 899
154 901
154 911
154 1153
154 1194
155 242
155 294
155 338
155 349
155 383
155 388
155 401
155 473
155 609
155 616
155 972
155 1030
155 1084
155 1140
155 1197
156 204
156 274
156 342
156 348
156 458
156 593
156 653
156 784
156 819
156 847
156 944
156 952
156 961
157 421
157 438
157 541
157 632
157 641
157 785
157 1105
157 1150
158 264
158 468
158 487
158 498
158 619
158 726
158 815
158 1107
159 365
159 384
159 894
159 927
159 943
159 1134
159 1232
160 171
160 544
160 624
160 662
160 763
160 796
160 870
160 1044
160 1142
160 1220
161 188
161 588
161 590
161 841
161 845
161 968
161 1037
161 1125
161 1189
162 205
162 519
162 695
162 996
162 1146
163 543
163 571
163 748
163 749
164 232
164 263
164 311
164 524
164 705
164 881
164 1015
164 1040
164 1074
165 192
165 334
165 510
165 583
165 792
166 206
166 260
166 283
166 287
166 350
166 369
166 476
166 579
166 606
166 661
166 806
166 820
166 836
166 891
166 946
166 1008
166 1028
166 1085
166 1160
166 1179
166 1184
166 1198
167 232
167 484
167 524
167 527
167 1066
167 1208
168 1172
169 455
169 502
169 735
169 753
169 922
171 544
171 624
171 662
171 667
171 752
171 763
171 796
171 870
171 1044
171 1142
171 1187
171 1220
172 190
172 322
172 660
172 681
172 776
172 1000
172 1134
173 177
173 185
173 298
173 361
173 375
173 591
173 625
173 680
173 724
173 768
173 937
173 983
173 1003
174 408
174 545
174 622
175 181
175 194
175 214
175 297
175 357
175 373
175 587
175 597
175 720
175 764
175 886
175 1114
175 1126
175 1193
175 1203
175 1236
176 481
176 506
176 518
176 546
176 1073
176 1103
176 1129
177 185
177 298
177 361
177 375
177 591
177 625
177 680
177 724
177 747
177 768
177 850
177 937
177 983
177 1003
178 206
178 237
178 250
178 287
178 317
178 337
178 350
178 409
178 445
178 474
178 514
178 648
178 675
178 713
178 740
178 820
178 874
178 893
178 916
178 930
178 946
178 977
178 1028
178 1095
178 1126
178 1168
178 1179
178 1224
179 392
179 887
179 1136
179 1234
180 449
181 194
181 214
181 297
181 356
181 357
181 587
181 670
181 716
181 720
181 764
181 851
181 886
181 1116
182 228
182 279
182 368
182 373
182 453
182 528
182 835
182 950
182 974
182 1023
183 186
183 244
183 282
183 327
183 362
183 423
183 430
183 433
183 638
183 866
183 867
183 883
183 1112
184 470
184 1017
184 1114
184 1236
185 298
185 361
185 375
185 625
185 697
185 724
185 768
185 850
185 937
185 983
185 1003
186 260
186 335
186 381
186 423
186 430
186 433
186 476
186 606
186 638
186 683
186 784
186 867
186 883
186 891
186 911
186 965
186 1062
186 1085
186 1160
186 1194
186 1198
187 200
187 270
187 345
187 460
187 493
187 523
187 526
187 852
187 1139
188 218
188 344
188 1189
189 301
189 609
189 654
189 673
189 679
189 905
189 923
189 1226
190 226
190 399
190 532
190 652
190 681
190 800
190 925
190 1091
190 1143
191 235
191 434
191 852
191 1079
191 1185
192 334
192 411
192 425
192 463
192 510
192 550
192 583
192 589
192 792
192 904
192 1150
193 264
193 468
193 487
193 619
194 214
194 297
194 356
194 357
194 373
194 587
194 597
194 670
194 716
194 720
194 764
194 851
194 886
194 1077
194 1116
194 1236
195 598
195 1249
196 525
196 550
196 787
196 850
196 890
197 219
197 592
197 1049
198 305
198 309
198 757
198 1171
198 1216
199 284
199 367
199 586
199 633
199 663
199 694
199 1202
200 270
200 346
200 493
200 523
200 526
200 567
200 1092
200 1131
200 1139
201 265
201 299
201 614
201 616
201 718
201 744
202 495
202 527
202 529
202 634
202 999
202 1177
203 962
204 274
204 342
204 496
204 568
204 637
204 647
204 952
204 1053
204 1138
206 228
206 283
206 287
206 337
206 350
206 368
206 369
206 409
206 445
206 579
206 661
206 704
206 806
206 820
206 822
206 836
206 946
206 1011
206 1028
206 1095
206 1153
206 1170
206 1179
206 1223
207 216
207 258
207 404
207 407
207 502
207 504
207 636
207 656
207 708
207 771
207 906
207 992
207 1001
207 1082
207 1108
208 245
208 258
208 314
208 407
208 529
208 682
208 1001
209 509
209 552
209 748
209 1069
210 230
210 577
211 244
211 282
211 312
211 327
211 430
211 432
211 521
211 647
211 1112
211 1138
211 1194
211 1204
212 266
212 358
212 378
212 385
212 847
212 880
212 919
212 955
212 979
212 1035
212 1054
212 1065
212 1149
214 297
214 356
214 357
214 389
214 436
214 587
214 607
214 670
214 720
214 751
214 764
214 886
214 943
214 1116
215 715
216 258
216 293
216 299
216 407
216 560
216 636
216 682
216 708
216 906
216 1082
216 1108
216 1182
217 446
217 485
217 611
217 1242
218 525
218 787
219 592
221 321
221 507
221 693
222 269
222 324
222 339
222 438
222 478
222 632
222 641
222 928
222 1105
223 454
224 324
224 447
224 667
224 756
224 804
224 833
224 870
224 1026
224 1072
224 1142
224 1187
224 1237
225 286
225 440
225 465
225 535
225 600
225 729
225 849
225 915
225 948
225 1010
225 1014
225 1056
225 1075
225 1100
225 1169
226 322
226 532
226 773
226 776
226 885
226 925
226 1143
227 848
228 287
228 337
228 350
228 368
228 445
228 453
228 579
228 704
228 806
228 820
228 822
228 835
228 946
228 950
228 974
228 1028
228 1029
228 1179
228 1223
229 932
229 951
229 1102
229 1231
230 577
231 458
231 660
231 801
231 873
231 982
231 1016
231 1166
232 263
232 311
232 524
232 527
232 705
232 1015
232 1074
233 353
233 898
234 325
234 604
234 668
234 770
234 829
234 1177
235 257
235 460
235 807
235 852
235 958
235 1144
236 864
237 250
237 294
237 317
237 338
237 369
237 383
237 417
237 422
237 431
237 456
237 473
237 474
237 514
237 553
237 562
237 572
237 585
237 648
237 732
237 740
237 769
237 836
237 874
237 899
237 921
237 930
237 972
237 977
237 1224
237 1245
238 443
238 500
238 552
238 779
238 876
238 1051
238 1164
239 363
239 451
239 657
239 692
239 938
239 1002
239 1019
239 1068
239 1222
241 288
241 318
241 811
241 939
241 1157
242 294
242 317
242 338
242 349
242 383
242 388
242 398
242 401
242 418
242 431
242 456
242 462
242 465
242 473
242 514
242 549
242 562
242 564
242 572
242 573
242 648
242 732
242 874
242 921
242 930
242 972
242 1014
242 1084
242 1140
242 1169
242 1197
243 1162
244 282
244 312
244 327
244 402
244 430
244 432
244 433
244 512
244 521
244 647
244 705
244 881
244 1112
244 1137
244 1204
245 289
245 314
245 351
245 359
245 479
245 529
245 999
245 1090
245 1209
246 312
246 521
246 907
247 540
248 414
248 538
248 606
248 717
248 838
248 896
248 990
248 1008
248 1175
248 1186
248 1201
248 1205
248 1241
249 311
249 400
249 1015
250 294
250 317
250 338
250 355
250 369
250 383
250 417
250 422
250 431
250 456
250 473
250 474
250 514
250 562
250 572
250 585
250 648
250 732
250 740
250 836
250 874
250 921
250 930
250 972
250 977
250 1095
250 1224
250 1245
251 254
251 502
251 573
251 753
251 942
252 306
252 343
252 369
252 417
252 422
252 445
252 474
252 517
252 568
252 651
252 746
252 769
252 801
252 822
252 873
252 889
252 899
252 1011
252 1153
252 1168
252 1213
253 308
253 380
253 414
253 569
253 593
253 639
253 777
253 914
253 1059
253 1175
254 275
254 502
254 753
255 310
256 426
256 508
256 1024
257 460
257 807
257 852
257 958
257 1027
257 1144
258 404
258 407
258 455
258 504
258 656
258 708
258 771
258 906
258 1001
258 1082
259 898
260 283
260 381
260 627
260 638
260 683
260 741
260 752
260 836
260 867
260 875
260 883
260 891
260 911
260 1062
260 1085
260 1160
260 1184
261 450
261 551
261 578
261 599
261 861
261 936
261 1066
262 377
262 605
262 669
262 730
262 843
262 918
263 314
263 521
263 705
263 881
263 1040
263 1074
263 1137
264 468
264 487
264 619
265 272
265 331
265 466
265 566
265 614
265 722
265 846
265 939
266 358
266 378
266 385
266 689
266 880
266 919
266 955
266 979
266 1035
266 1054
267 427
267 594
269 307
269 409
269 447
269 478
269 538
269 624
269 628
269 661
269 856
269 893
269 910
269 924
269 928
269 1008
269 1142
269 1156
269 1187
269 1220
270 345
270 460
270 493
270 523
270 526
270 1139
271 580
272 466
272 846
272 939
272 964
272 1157
274 342
274 362
274 402
274 430
274 496
274 647
274 653
274 784
274 853
274 1112
274 1138
275 315
275 561
275 695
275 813
275 996
275 1107
275 1146
277 312
277 336
277 817
277 860
277 1076
277 1147
278 343
278 365
278 383
278 389
278 436
278 553
278 607
278 612
278 616
278 751
278 943
278 1197
278 1213
278 1221
279 453
279 528
279 664
279 830
279 835
279 950
279 974
279 1023
279 1029
279 1048
279 1154
281 650
281 701
281 1033
282 327
282 362
282 402
282 430
282 432
282 433
282 512
282 647
282 866
282 881
282 1112
282 1137
282 1204
283 287
283 350
283 369
283 409
283 417
283 579
283 606
283 661
283 740
283 806
283 820
283 836
283 946
283 1028
283 1085
283 1095
283 1160
283 1179
283 1184
284 633
284 694
284 710
284 723
284 920
284 1091
284 1106
284 1202
285 1042
286 440
286 465
286 600
286 729
286 786
286 849
286 915
286 948
286 1010
286 1075
286 1100
287 337
287 350
287 368
287 369
287 445
287 476
287 579
287 651
287 661
287 704
287 806
287 820
287 822
287 836
287 889
287 946
287 1011
287 1028
287 1153
287 1170
287 1179
287 1223
288 318
288 394
288 413
288 618
288 1144
289 351
289 359
289 479
289 789
289 999
289 1090
289 1209
290 441
290 1233
291 623
291 664
291 830
291 835
291 974
291 1048
292 355
292 520
292 574
292 578
292 610
292 745
292 758
292 762
292 805
292 859
292 861
292 875
292 1005
292 1231
292 1245
293 299
293 407
293 560
293 636
293 708
293 906
293 1038
293 1082
293 1108
293 1182
294 317
294 338
294 349
294 383
294 388
294 398
294 401
294 418
294 431
294 456
294 462
294 465
294 473
294 514
294 549
294 562
294 564
294 572
294 648
294 732
294 874
294 921
294 930
294 972
294 977
294 1014
294 1084
294 1140
294 1169
294 1197
295 966
296 324
296 410
296 576
296 1073
297 357
297 373
297 587
297 597
297 720
297 886
297 1077
297 1114
297 1116
297 1203
297 1236
298 361
298 375
298 591
298 625
298 680
298 724
298 747
298 768
298 937
298 983
298 1003
299 560
299 585
299 636
299 656
299 708
299 735
299 744
299 769
299 901
299 906
299 1038
299 1082
299 1108
299 1140
299 1182
300 525
300 724
300 1017
301 388
301 398
301 462
301 564
301 679
301 729
301 905
301 923
301 1014
302 895
303 497
303 808
303 960
303 978
304 397
304 892
305 309
305 757
305 1171
305 1216
306 337
306 343
306 356
306 365
306 384
306 445
306 474
306 517
306 607
306 651
306 675
306 704
306 746
306 751
306 801
306 822
306 873
306 889
306 943
306 1011
306 1045
306 1153
306 1166
306 1168
306 1213
306 1223
306 1232
307 355
307 409
307 478
307 535
307 624
307 628
307 796
307 805
307 893
307 910
307 916
307 1075
307 1095
307 1156
307 1245
308 380
308 414
308 569
308 593
308 639
308 777
308 914
308 1059
308 1175
308 1205
308 1241
309 757
309 1171
309 1216
310 766
310 1032
311 329
311 400
311 897
311 1015
312 432
312 512
312 521
312 647
312 1137
312 1204
313 516
313 551
313 603
313 1093
313 1099
314 682
314 705
314 1074
315 415
315 813
315 996
315 1131
316 374
316 684
316 687
317 338
317 349
317 355
317 398
317 417
317 431
317 456
317 465
317 473
317 474
317 514
317 535
317 562
317 572
317 648
317 732
317 740
317 874
317 916
317 921
317 930
317 972
317 977
317 1075
317 1095
317 1169
317 1224
317 1245
318 811
318 885
318 939
319 688
319 1046
320 782
320 935
320 1230
321 693
321 792
321 1049
322 466
322 532
322 681
322 773
322 776
322 823
322 885
322 925
322 1000
322 1143
324 816
324 825
324 870
324 938
324 1044
324 1142
325 668
325 770
326 461
326 515
326 540
326 734
327 362
327 402
327 430
327 432
327 433
327 512
327 647
327 866
327 1112
327 1194
327 1204
328 424
328 470
328 511
328 1017
328 1094
329 665
330 571
330 749
330 807
330 958
330 1027
331 466
331 566
331 614
331 846
332 555
332 829
333 868
334 339
334 411
334 425
334 463
334 510
334 550
334 583
334 589
334 755
334 792
334 1071
334 1150
334 1178
334 1217
335 414
335 476
335 606
335 784
335 838
335 883
335 965
335 1059
335 1170
335 1198
335 1205
336 405
336 750
336 817
336 860
336 1076
336 1147
337 350
337 368
337 409
337 445
337 474
337 579
337 675
337 704
337 713
337 746
337 806
337 820
337 822
337 874
337 946
337 977
337 1011
337 1028
337 1045
337 1095
337 1126
337 1153
337 1168
337 1179
337 1223
337 1224
338 349
338 383
338 388
338 398
338 401
338 418
338 431
338 456
338 465
338 473
338 474
338 514
338 549
338 553
338 562
338 564
338 572
338 648
338 732
338 740
338 874
338 921
338 930
338 972
338 977
338 1014
338 1084
338 1169
338 1224
339 463
339 576
339 641
339 696
339 755
339 1105
339 1150
339 1178
339 1217
340 387
340 1086
340 1104
340 1161
340 1190
341 389
341 418
341 436
341 670
341 764
341 945
342 458
342 496
342 653
342 847
342 944
342 952
342 961
343 365
343 383
343 384
343 473
343 474
343 517
343 553
343 562
343 607
343 616
343 675
343 744
343 746
343 751
343 943
343 1168
343 1213
343 1221
345 460
345 493
345 523
345 958
346 567
346 1092
347 604
348 414
348 476
348 653
348 704
348 819
348 847
348 1170
348 1223
349 388
349 398
349 401
349 431
349 456
349 462
349 465
349 473
349 514
349 549
349 562
349 564
349 572
349 573
349 648
349 732
349 921
349 930
349 942
349 972
349 1005
349 1014
349 1084
349 1140
349 1169
350 368
350 369
350 409
350 445
350 579
350 704
350 713
350 740
350 806
350 820
350 822
350 946
350 1028
350 1095
350 1153
350 1179
350 1223
350 1224
351 529
351 999
351 1090
352 684
352 691
354 531
354 677
354 936
354 980
355 431
355 440
355 456
355 465
355 535
355 572
355 610
355 628
355 648
355 732
355 740
355 762
355 796
355 805
355 875
355 893
355 910
355 916
355 977
355 1005
355 1075
355 1095
355 1169
355 1245
356 384
356 587
356 675
356 716
356 746
356 751
356 851
356 943
356 1045
356 1116
356 1168
356 1232
357 373
357 597
357 720
357 764
357 886
357 937
357 945
357 1052
357 1114
357 1126
358 385
358 760
358 880
358 919
358 1035
359 479
359 789
359 956
359 1090
359 1209
359 1210
360 367
360 513
360 1034
361 375
361 591
361 625
361 680
361 724
361 768
361 937
361 983
361 1003
362 402
362 430
362 433
362 784
362 866
362 965
362 998
362 1112
362 1198
363 451
363 657
363 692
363 699
363 1031
363 1070
364 566
364 671
364 722
364 767
364 907
364 964
364 1132
364 1185
365 384
365 436
365 517
365 607
365 660
365 675
365 746
365 751
365 801
365 927
365 943
365 1134
365 1168
365 1213
365 1221
365 1232
367 513
367 663
367 1034
368 409
368 579
368 806
368 820
368 822
368 924
368 928
368 946
368 990
368 1008
368 1023
368 1028
368 1179
369 417
369 422
369 445
369 488
369 651
369 683
369 740
369 769
369 820
369 822
369 836
369 889
369 899
369 901
369 946
369 1028
369 1085
369 1153
369 1160
369 1179
370 1063
371 461
371 563
372 689
372 857
372 926
372 1054
373 587
373 597
373 720
373 886
373 1077
373 1193
373 1203
374 687
375 444
375 625
375 768
375 937
375 978
375 1003
376 855
377 605
377 730
377 738
377 824
377 843
377 894
377 918
378 385
378 847
378 880
378 919
378 944
378 955
378 1065
378 1149
378 1219
380 593
380 639
380 777
380 914
380 1059
380 1149
380 1175
380 1219
381 423
381 638
381 683
381 741
381 752
381 867
381 883
381 891
381 911
381 1062
381 1085
381 1160
381 1184
383 401
383 422
383 431
383 473
383 474
383 514
383 553
383 562
383 572
383 585
383 607
383 616
383 648
383 675
383 744
383 751
383 874
383 921
383 930
383 972
383 1140
383 1197
384 517
384 607
384 660
384 675
384 746
384 751
384 801
384 873
384 927
384 943
384 1134
384 1168
384 1213
384 1232
385 847
385 880
385 919
385 944
385 955
385 961
385 1035
385 1065
385 1149
385 1219
386 416
386 827
387 443
387 1104
387 1190
387 1235
388 398
388 401
388 418
388 431
388 456
388 462
388 465
388 549
388 564
388 600
388 729
388 905
388 972
388 1014
388 1056
388 1084
388 1169
389 418
389 436
389 553
389 562
389 607
389 751
389 764
389 943
389 1084
389 1197
390 723
390 986
390 1091
390 1127
391 710
391 1060
392 887
392 1136
392 1234
393 892
394 413
394 618
394 958
394 1027
394 1144
395 475
395 480
395 588
395 674
395 706
395 841
395 1009
395 1109
395 1248
396 1022
397 892
398 418
398 431
398 456
398 462
398 465
398 549
398 564
398 600
398 729
398 732
398 932
398 948
398 972
398 1014
398 1056
398 1169
399 652
399 712
399 800
399 1091
400 897
401 431
401 473
401 573
401 609
401 616
401 921
401 942
401 972
401 1084
401 1140
401 1197
402 430
402 512
402 647
402 853
402 1112
402 1204
403 503
403 736
403 1191
404 455
404 529
404 771
404 922
404 1001
405 817
405 860
405 1115
405 1147
407 636
407 682
407 708
407 906
407 1001
407 1082
407 1108
408 545
409 478
409 535
409 579
409 628
409 661
409 713
409 806
409 820
409 893
409 910
409 916
409 924
409 928
409 946
409 977
409 1028
409 1095
410 576
410 790
410 913
410 976
410 1159
411 425
411 463
411 550
411 576
411 583
411 589
411 696
411 755
411 790
411 904
411 1071
411 1150
411 1178
411 1217
412 444
412 478
412 535
412 778
412 849
412 893
412 915
412 1238
413 500
413 556
413 618
413 807
413 1027
413 1051
413 1164
414 476
414 606
414 777
414 819
414 838
414 965
414 1059
414 1170
414 1175
414 1241
415 515
415 695
415 996
415 1131
416 626
417 422
417 431
417 473
417 474
417 572
417 585
417 648
417 683
417 740
417 769
417 836
417 874
417 899
417 901
417 921
417 930
417 977
417 1153
417 1224
417 1245
418 514
418 549
418 562
418 564
418 905
418 921
418 1014
418 1056
418 1084
418 1169
418 1197
419 788
419 877
420 646
421 510
421 541
421 589
421 641
421 785
421 904
421 959
421 1105
421 1150
422 445
422 473
422 474
422 488
422 572
422 585
422 648
422 683
422 740
422 769
422 836
422 874
422 889
422 899
422 901
422 1153
423 433
423 638
423 741
423 866
423 867
423 883
423 891
423 1062
423 1160
424 591
424 747
424 882
424 1052
424 1094
425 463
425 583
425 792
425 871
425 1002
425 1071
426 1024
427 594
430 433
430 512
430 647
430 784
430 866
430 883
430 1112
430 1194
431 456
431 465
431 473
431 474
431 514
431 553
431 562
431 572
431 585
431 648
431 732
431 740
431 874
431 921
431 930
431 972
431 977
431 1140
431 1169
431 1224
431 1245
432 521
432 647
432 682
432 1112
432 1137
432 1194
432 1204
433 638
433 866
433 867
433 883
433 1112
434 567
434 1057
434 1079
434 1092
435 709
435 1215
436 553
436 607
436 612
436 675
436 751
436 764
436 775
436 943
438 541
438 632
438 641
438 717
438 924
438 928
438 990
438 1008
438 1105
440 465
440 535
440 628
440 629
440 732
440 762
440 786
440 796
440 805
440 910
440 916
440 932
440 1005
440 1010
440 1075
440 1100
440 1169
440 1231
440 1245
441 583
441 1233
442 577
442 613
442 1081
442 1230
443 500
443 552
443 1051
443 1164
444 778
444 849
444 915
444 978
444 1159
444 1238
445 474
445 579
445 651
445 675
445 704
445 746
445 820
445 822
445 873
445 889
445 946
445 1011
445 1028
445 1045
445 1153
445 1166
445 1168
445 1170
445 1179
445 1223
446 988
446 1055
446 1242
447 538
447 632
447 667
447 717
447 804
447 856
447 924
447 1026
447 1072
447 1142
447 1156
447 1187
448 935
450 520
450 574
450 578
450 758
450 861
450 1066
450 1208
451 657
451 692
451 699
451 938
451 1031
451 1222
452 464
452 539
452 742
452 1076
453 528
453 835
453 950
453 974
453 1023
453 1029
453 1048
453 1154
454 960
454 976
455 708
455 771
455 922
455 1001
456 465
456 473
456 514
456 562
456 564
456 572
456 610
456 648
456 732
456 740
456 874
456 921
456 930
456 972
456 977
456 1005
456 1075
456 1169
456 1245
457 1207
458 568
458 653
458 819
458 847
458 873
458 952
458 961
458 982
458 1166
459 714
459 1167
460 493
460 523
460 807
460 852
460 958
460 1027
460 1144
461 540
461 1165
462 465
462 564
462 573
462 679
462 729
462 732
462 932
462 1014
462 1102
463 576
463 583
463 696
463 755
463 790
463 871
463 1002
463 1071
463 1150
463 1178
463 1217
464 1078
464 1191
465 564
465 572
465 600
465 610
465 629
465 729
465 732
465 762
465 932
465 948
465 972
465 1005
465 1014
465 1075
465 1100
465 1169
465 1245
466 614
466 846
466 939
466 1000
468 487
468 619
470 886
470 1114
470 1236
472 577
472 613
472 782
473 474
473 514
473 553
473 562
473 572
473 585
473 648
473 732
473 740
473 744
473 874
473 921
473 930
473 972
473 1140
473 1224
474 514
474 553
474 562
474 572
474 585
474 607
474 648
474 675
474 740
474 746
474 751
474 874
474 921
474 930
474 977
474 1168
474 1224
475 508
475 674
475 1009
475 1248
476 579
476 606
476 653
476 704
476 784
476 819
476 965
476 1085
476 1153
476 1170
476 1179
476 1198
476 1223
477 492
477 731
477 1033
477 1163
477 1239
478 535
478 624
478 628
478 796
478 893
478 910
478 916
478 1142
478 1156
479 789
479 1090
479 1209
479 1210
480 706
480 810
480 841
480 1009
480 1048
480 1109
481 506
481 518
481 546
481 799
481 1103
481 1129
483 590
483 686
483 878
483 1200
483 1240
484 892
484 1066
484 1208
485 611
485 803
485 1242
486 880
486 1021
487 619
488 585
488 683
488 769
488 836
488 867
488 899
488 901
488 911
488 1108
488 1182
488 1194
489 623
489 664
489 810
489 1048
489 1196
489 1200
492 1163
492 1239
493 523
493 526
493 1131
493 1139
494 548
494 558
494 884
495 527
495 529
495 634
495 1177
496 853
496 952
496 1138
497 808
497 960
498 815
498 996
498 1107
498 1146
499 505
499 1013
500 552
500 556
500 876
500 1051
500 1164
502 504
502 656
502 735
502 753
502 922
502 942
502 992
502 1038
503 736
503 1191
504 573
504 656
504 859
504 906
504 942
504 992
504 1001
504 1038
505 1013
506 518
506 546
506 976
506 1073
506 1129
507 693
507 1070
508 1024
509 1069
510 550
510 589
510 904
510 1150
511 581
512 853
512 1112
512 1204
514 549
514 553
514 562
514 572
514 648
514 675
514 732
514 740
514 874
514 921
514 930
514 972
514 977
514 1126
514 1168
514 1169
514 1224
515 734
516 551
516 603
516 1066
516 1099
517 568
517 746
517 801
517 873
517 943
517 1213
518 546
518 799
518 1103
519 646
519 1121
520 574
520 578
520 610
520 627
520 745
520 758
520 762
520 859
520 861
520 875
520 1005
520 1231
521 682
521 705
521 1137
523 526
523 567
523 852
523 1092
523 1139
524 527
524 1015
524 1208
525 724
525 787
525 890
526 1092
526 1131
526 1139
527 634
527 665
527 1177
528 664
528 686
528 841
528 950
528 1048
528 1077
528 1154
528 1200
529 634
529 999
529 1001
529 1090
530 1055
530 1242
531 615
531 677
531 861
531 980
531 1214
531 1231
532 681
532 773
532 823
532 925
532 1000
532 1143
534 1016
534 1247
535 628
535 713
535 849
535 893
535 910
535 915
535 916
535 977
535 1075
535 1095
535 1169
535 1245
536 760
538 661
538 667
538 717
538 804
538 856
538 924
538 1008
538 1026
538 1072
538 1156
538 1184
538 1187
538 1201
539 742
539 1013
541 632
541 641
541 785
541 1023
544 624
544 662
544 763
544 796
544 1044
544 1220
545 622
546 976
546 1073
546 1129
547 933
547 995
547 1072
547 1201
548 558
548 884
549 564
549 600
549 1014
549 1056
549 1084
549 1169
550 589
550 904
550 1150
551 578
551 603
551 677
551 861
551 980
551 1099
552 748
552 1051
552 1069
552 1164
553 562
553 607
553 648
553 675
553 751
553 874
553 921
553 930
553 943
553 977
553 1126
553 1168
553 1224
555 604
556 570
556 618
556 654
556 807
556 876
556 1027
556 1030
557 1151
558 884
558 1006
559 842
559 881
559 1040
559 1204
560 585
560 636
560 656
560 708
560 744
560 769
560 899
560 901
560 906
560 1038
560 1082
560 1108
560 1182
562 572
562 607
562 648
562 675
562 740
562 751
562 874
562 921
562 930
562 972
562 977
562 1084
562 1140
562 1168
562 1169
562 1197
562 1224
563 1067
564 600
564 729
564 932
564 948
564 972
564 1014
564 1056
564 1084
564 1169
565 671
565 964
566 614
566 722
566 846
566 907
567 1092
568 637
568 651
568 801
568 844
568 873
568 952
568 1053
568 1213
569 914
569 998
569 1059
569 1175
569 1205
570 571
570 654
570 673
570 807
570 876
570 1027
570 1030
571 748
571 749
572 585
572 648
572 732
572 740
572 874
572 921
572 930
572 972
572 977
572 1140
572 1169
572 1224
572 1245
573 610
573 656
573 732
573 859
573 942
573 972
573 992
573 1005
573 1140
574 578
574 745
574 758
574 762
574 805
574 861
574 875
574 1231
575 595
575 685
575 1067
576 696
576 755
576 790
576 871
576 913
576 1002
576 1071
576 1178
576 1217
577 613
577 1230
578 745
578 758
578 861
578 1066
579 661
579 704
579 806
579 820
579 822
579 946
579 990
579 1008
579 1028
579 1153
579 1170
579 1179
579 1223
580 1167
580 1191
581 882
581 1086
582 872
583 792
583 871
583 1071
584 1036
585 636
585 740
585 744
585 769
585 836
585 874
585 899
585 901
585 1038
585 1140
586 663
586 694
586 1191
587 716
587 720
587 851
587 886
587 1077
587 1116
588 674
588 686
588 706
588 841
588 1009
588 1109
589 696
589 755
589 795
589 904
589 1150
590 686
590 841
590 845
590 968
590 1037
590 1125
591 747
591 768
591 937
591 945
591 1003
591 1052
592 1049
593 914
593 944
593 965
593 998
593 1059
593 1219
595 640
597 720
597 886
597 937
597 945
597 1003
597 1052
597 1114
597 1193
597 1236
598 1249
599 815
599 936
600 729
600 849
600 915
600 948
600 1010
600 1014
600 1056
600 1169
601 829
602 747
603 677
603 1093
603 1099
603 1214
605 730
605 738
605 824
605 843
605 918
606 661
606 838
606 883
606 891
606 965
606 1008
606 1085
606 1160
606 1170
606 1184
606 1198
607 675
607 746
607 751
607 921
607 930
607 943
607 1168
607 1224
607 1232
608 826
609 654
609 679
609 1030
609 1084
609 1197
610 732
610 745
610 758
610 762
610 859
610 875
610 942
610 992
610 1005
610 1231
610 1245
611 803
611 1242
612 775
612 1221
613 782
613 1230
614 637
614 1182
615 677
615 980
615 1214
615 1231
616 718
616 744
616 1140
616 1197
617 1123
618 1027
620 1039
621 1225
622 1041
623 664
623 810
623 830
623 1048
623 1196
624 628
624 763
624 796
624 805
624 870
624 910
624 916
624 1142
624 1156
624 1220
625 697
625 724
625 768
625 850
625 937
625 983
625 1003
627 683
627 741
627 758
627 867
627 875
627 906
627 911
627 1062
628 796
628 805
628 893
628 910
628 915
628 916
628 1075
628 1095
628 1100
628 1245
629 762
629 786
629 805
629 932
629 1075
629 1100
629 1231
631 1118
632 641
632 717
632 785
632 812
632 924
632 928
632 1026
632 1105
633 710
633 723
633 920
633 1091
633 1106
633 1202
634 1177
635 1229
636 656
636 708
636 744
636 769
636 901
636 906
636 1038
636 1082
636 1108
636 1182
637 649
637 844
637 1053
637 1138
638 683
638 741
638 867
638 883
638 891
638 911
638 1062
639 774
639 777
639 914
639 1149
639 1219
640 1067
641 785
641 928
641 1105
644 1243
645 1012
647 1112
647 1138
647 1194
648 732
648 740
648 874
648 921
648 930
648 972
648 977
648 1095
648 1169
648 1224
648 1245
649 681
649 736
649 844
649 1000
649 1053
650 662
650 701
650 1033
651 653
651 704
651 784
651 819
651 822
651 873
651 889
651 1011
651 1153
651 1166
651 1170
651 1179
651 1223
652 712
652 736
652 800
652 1106
653 704
653 784
653 819
653 847
653 889
653 952
653 961
653 1011
653 1153
653 1166
653 1170
653 1223
654 673
654 876
654 905
654 1030
655 697
655 706
655 795
655 1109
655 1193
655 1203
656 735
656 906
656 942
656 992
656 1038
656 1082
657 692
657 699
657 938
657 1031
657 1070
657 1222
658 826
658 1130
659 827
659 1063
660 801
660 1134
660 1232
661 806
661 856
661 891
661 924
661 946
661 1008
661 1028
661 1085
661 1156
661 1160
661 1179
661 1184
662 763
662 1044
662 1088
663 694
663 1034
664 689
664 1048
664 1200
665 999
665 1177
667 752
667 804
667 856
667 870
667 1026
667 1072
667 1142
667 1156
667 1187
667 1220
667 1237
668 770
669 730
670 764
670 886
671 767
671 907
671 1132
671 1185
672 969
673 721
673 876
673 1226
674 1009
674 1248
675 746
675 751
675 874
675 921
675 930
675 943
675 977
675 1011
675 1168
675 1224
675 1232
677 861
677 980
677 1214
677 1231
678 737
679 1102
680 747
680 768
680 983
681 773
681 823
681 844
681 925
681 1000
681 1143
682 1108
683 769
683 836
683 867
683 883
683 899
683 901
683 911
683 1062
683 1085
683 1160
683 1194
684 687
685 1067
686 841
686 994
686 1109
686 1200
687 738
688 1046
689 725
689 857
689 926
689 1054
692 699
692 938
692 1031
694 710
694 714
694 1034
694 1202
695 813
695 996
695 1107
695 1146
696 697
696 755
696 778
696 790
696 795
696 904
696 1105
696 1178
696 1217
697 778
697 795
697 850
697 1003
697 1193
697 1203
697 1238
698 774
699 772
699 1031
700 728
702 737
702 1161
702 1190
703 1087
704 819
704 820
704 822
704 873
704 889
704 946
704 1011
704 1028
704 1045
704 1153
704 1166
704 1170
704 1179
704 1223
705 881
705 1040
705 1074
705 1137
706 1009
706 1109
706 1203
708 727
708 735
708 771
708 1001
708 1038
708 1082
709 1215
710 723
710 920
710 1202
712 800
713 820
713 893
713 977
713 1095
713 1126
713 1224
716 851
716 1077
716 1116
716 1232
717 806
717 838
717 856
717 896
717 924
717 928
717 990
717 1008
717 1026
719 812
719 879
719 959
719 1080
720 764
720 886
720 1126
721 1098
721 1226
722 727
722 1132
722 1185
723 920
723 986
723 1091
724 747
724 787
724 983
724 1017
725 857
725 926
725 1029
725 1035
725 1154
726 815
726 936
727 1185
728 929
729 786
729 932
729 948
729 1010
729 1014
729 1102
730 894
730 918
731 1239
732 740
732 745
732 762
732 874
732 875
732 921
732 930
732 942
732 972
732 1005
732 1075
732 1169
732 1245
733 933
733 995
733 1042
733 1124
733 1205
735 753
735 922
735 1038
735 1082
737 1161
738 824
738 843
738 885
740 836
740 874
740 921
740 930
740 972
740 977
740 1095
740 1224
740 1245
741 867
741 911
741 1062
741 1208
743 775
743 1047
743 1051
744 769
744 899
744 901
744 1038
744 1140
744 1182
745 758
745 762
745 859
745 861
745 875
745 992
745 1005
745 1231
746 751
746 801
746 822
746 873
746 943
746 1011
746 1045
746 1166
746 1168
746 1213
746 1232
747 1094
748 749
749 958
749 1027
750 860
750 1147
751 921
751 943
751 1168
751 1213
751 1224
751 1232
752 856
752 891
752 1142
752 1156
752 1184
752 1187
752 1220
755 778
755 790
755 795
755 904
755 1105
755 1150
755 1178
755 1217
756 772
756 804
756 833
756 1237
757 1171
757 1212
757 1216
758 762
758 859
758 861
758 875
758 992
758 1005
758 1231
759 1086
760 880
760 955
762 805
762 859
762 861
762 875
762 932
762 1005
762 1075
762 1231
762 1245
763 796
763 1142
763 1220
764 886
764 1116
765 855
767 1079
767 1132
767 1185
768 808
768 983
769 836
769 899
769 901
769 911
769 1038
769 1182
769 1194
771 906
771 922
771 1001
771 1082
772 804
772 833
772 912
772 1237
773 776
773 811
773 823
773 885
773 925
773 1000
773 1143
774 794
776 885
776 1000
776 1143
777 914
777 1059
777 1175
778 790
778 795
778 1238
780 791
781 900
782 935
782 1230
784 883
784 889
784 965
784 1112
784 1170
784 1194
784 1198
785 812
785 879
785 959
786 932
786 1010
786 1075
786 1100
786 1231
787 890
787 983
789 1209
789 1210
790 913
790 1178
790 1217
794 1021
795 850
795 904
795 1105
795 1238
796 805
796 910
796 916
796 1075
796 1142
796 1156
796 1220
796 1245
797 834
797 878
797 1248
798 1167
799 1020
799 1103
800 925
800 1091
801 873
801 1011
801 1045
801 1166
801 1213
801 1232
802 1158
804 833
804 1026
804 1031
804 1072
804 1187
804 1237
805 910
805 916
805 1075
805 1100
805 1245
806 820
806 822
806 924
806 946
806 990
806 1008
806 1028
806 1170
806 1179
806 1223
807 958
807 1027
807 1030
807 1144
808 960
808 978
810 830
810 1048
811 885
811 939
813 996
813 1107
813 1146
815 936
816 825
816 870
816 938
816 1044
816 1088
817 860
817 1147
818 854
818 985
818 994
819 847
819 961
819 1166
819 1170
819 1223
820 822
820 836
820 946
820 1011
820 1028
820 1095
820 1153
820 1179
820 1223
820 1224
821 973
822 889
822 946
822 1011
822 1028
822 1045
822 1153
822 1166
822 1170
822 1179
822 1223
823 846
823 925
823 1143
824 843
825 938
825 1044
826 1130
826 1227
830 835
830 974
830 1023
830 1048
832 1087
833 1237
835 950
835 974
835 1023
835 1029
835 1048
835 1154
836 889
836 899
836 901
836 911
836 946
836 1028
836 1085
836 1153
836 1160
836 1179
838 965
838 990
838 1008
838 1175
838 1186
838 1201
838 1205
838 1241
841 1009
841 1109
841 1200
842 881
842 1040
843 918
844 1000
844 1053
845 968
845 1037
845 1240
845 1248
846 939
847 944
847 961
847 1065
847 1219
849 915
849 948
849 1010
849 1056
849 1159
850 983
851 1077
851 1116
851 1232
852 1144
853 1138
853 1204
854 985
854 994
854 1125
854 1189
856 924
856 1008
856 1026
856 1072
856 1142
856 1156
856 1184
856 1187
856 1220
857 926
858 1101
858 1172
859 861
859 875
859 942
859 992
859 1005
859 1231
860 1076
860 1147
861 936
861 1231
862 964
866 883
867 883
867 891
867 911
867 1062
867 1160
867 1194
870 1044
870 1142
870 1187
870 1220
871 1002
871 1071
871 1178
873 1011
873 1045
873 1166
873 1223
873 1232
874 921
874 930
874 972
874 977
874 1095
874 1168
874 1169
874 1224
874 1245
875 911
875 1005
875 1245
876 905
876 1030
876 1164
878 1200
878 1240
879 959
879 1080
879 1150
880 919
880 955
880 1065
880 1149
881 1040
881 1074
881 1137
881 1204
882 1094
883 891
883 911
883 965
883 1062
883 1085
883 1160
883 1198
886 1114
886 1116
886 1236
887 1136
887 1234
889 899
889 1011
889 1153
889 1170
889 1179
889 1194
889 1223
890 969
891 1062
891 1085
891 1160
891 1184
891 1198
892 1066
893 910
893 916
893 977
893 1095
893 1245
894 918
894 927
894 1134
896 970
896 1186
896 1241
899 901
899 911
899 1153
899 1182
899 1194
901 911
901 1038
901 1182
901 1194
902 982
904 1150
905 1084
905 1197
906 992
906 1001
906 1038
906 1082
906 1108
910 916
910 1075
910 1095
910 1100
910 1142
910 1156
910 1245
911 1062
911 1160
911 1194
913 960
913 976
913 1178
914 1059
914 1175
915 916
915 948
915 1010
915 1056
915 1169
916 977
916 1075
916 1095
916 1245
919 1035
919 1065
919 1149
920 1106
920 1202
921 930
921 972
921 977
921 1084
921 1140
921 1169
921 1197
921 1224
923 1162
923 1226
924 928
924 990
924 1008
924 1156
925 1143
927 943
927 1134
927 1232
928 990
928 1008
928 1105
930 972
930 977
930 1126
930 1168
930 1169
930 1224
931 1086
931 1161
931 1190
932 951
932 1005
932 1010
932 1075
932 1102
932 1231
933 995
933 1042
936 980
937 945
937 1003
937 1114
937 1193
938 1031
939 1157
941 1058
942 992
942 1005
942 1038
942 1140
943 1134
943 1168
943 1213
943 1232
944 1065
944 1149
944 1219
945 1003
945 1052
945 1056
946 1028
946 1085
946 1095
946 1153
946 1170
946 1179
946 1223
948 1010
948 1014
948 1056
948 1100
948 1169
950 974
950 1029
950 1154
951 1102
951 1231
952 961
952 982
952 1053
955 979
955 1149
956 1209
958 1027
958 1144
959 1080
959 1150
960 978
961 982
964 1132
964 1157
965 1059
965 1170
965 1198
965 1205
967 1119
968 1037
968 1125
968 1189
970 1123
970 1186
972 977
972 1084
972 1140
972 1169
972 1245
974 1023
974 1029
974 1154
976 1159
977 1095
977 1126
977 1169
977 1224
977 1245
978 1159
979 1054
979 1149
985 994
986 1127
988 1055
990 1008
990 1023
991 1043
993 1180
993 1195
995 1201
996 1107
996 1146
998 1059
998 1249
1000 1143
1000 1221
1001 1082
1001 1108
1002 1071
1002 1178
1002 1217
1003 1114
1003 1193
1005 1075
1005 1231
1005 1245
1009 1109
1009 1248
1010 1075
1010 1100
1011 1028
1011 1045
1011 1153
1011 1166
1011 1168
1011 1179
1011 1223
1014 1056
1014 1169
1016 1247
1018 1060
1019 1068
1019 1070
1019 1222
1020 1103
1023 1048
1026 1072
1026 1187
1027 1144
1028 1095
1028 1153
1028 1170
1028 1179
1028 1223
1029 1045
1029 1154
1029 1166
1035 1054
1037 1125
1037 1189
1038 1082
1038 1140
1038 1182
1040 1074
1040 1137
1041 1069
1044 1088
1045 1166
1045 1223
1045 1232
1048 1200
1049 1233
1050 1215
1051 1164
1052 1114
1056 1169
1057 1079
1057 1092
1059 1205
1061 1096
1061 1115
1062 1160
1065 1149
1065 1219
1066 1208
1068 1070
1071 1178
1071 1217
1072 1187
1072 1201
1072 1237
1073 1100
1073 1129
1074 1137
1075 1100
1075 1169
1075 1245
1076 1147
1078 1191
1081 1230
1082 1108
1082 1182
1083 1118
1084 1197
1085 1160
1085 1184
1085 1198
1086 1190
1088 1097
1090 1209
1090 1210
1092 1139
1093 1099
1095 1224
1095 1245
1096 1115
1098 1155
1104 1235
1105 1217
1106 1202
1107 1146
1108 1182
1109 1203
1110 1244
1112 1194
1112 1204
1114 1193
1114 1203
1114 1236
1125 1189
1126 1224
1130 1227
1131 1139
1132 1185
1134 1213
1134 1221
1134 1232
1136 1234
1137 1204
1140 1197
1142 1156
1142 1187
1142 1220
1149 1219
1150 1178
1150 1217
1153 1170
1153 1179
1153 1223
1156 1184
1156 1187
1156 1220
1160 1184
1160 1198
1161 1190
1166 1223
1168 1224
1168 1232
1169 1245
1170 1179
1170 1198
1170 1223
1175 1186
1175 1205
1175 1241
1178 1217
1179 1223
1186 1241
1187 1220
1193 1203
1193 1238
1212 1216
1213 1221
1213 1232
