0 1
0 4
0 13
0 20
0 32
0 36
0 48
0 66
0 76
0 84
0 86
0 123
0 148
0 181
0 212
0 224
0 465
0 469
0 499
0 667
0 718
0 731
0 749
0 899
0 960
0 982
0 1025
0 1040
0 1113
0 1136
0 1190
0 1200
0 1206
1 2
1 3
1 4
1 13
1 20
1 32
1 36
1 45
1 48
1 66
1 76
1 84
1 110
1 181
1 192
1 212
1 215
1 276
1 303
1 359
1 370
1 386
1 419
1 499
1 545
1 597
1 627
1 630
1 670
1 708
1 718
1 749
1 779
1 859
1 899
1 982
1 1025
1 1040
1 1113
1 1136
1 1190
1 1200
1 1206
2 4
2 5
2 13
2 32
2 48
2 66
2 68
2 76
2 86
2 138
2 148
2 153
2 166
2 181
2 193
2 214
2 215
2 218
2 238
2 303
2 357
2 359
2 370
2 386
2 469
2 545
2 597
2 648
2 667
2 670
2 675
2 718
2 731
2 749
2 768
2 794
2 876
2 899
2 991
2 1035
2 1040
2 1136
2 1170
2 1200
2 1206
2 1238
3 19
3 45
3 66
3 72
3 76
3 94
3 170
3 212
3 254
3 261
3 359
3 376
3 416
3 419
3 638
3 645
3 708
3 749
3 779
3 806
3 830
3 859
3 976
3 982
3 1025
3 1124
3 1166
3 1175
4 5
4 13
4 20
4 32
4 36
4 48
4 66
4 68
4 76
4 84
4 86
4 123
4 138
4 148
4 153
4 181
4 212
4 215
4 218
4 224
4 238
4 303
4 357
4 370
4 386
4 465
4 469
4 499
4 545
4 597
4 648
4 667
4 675
4 718
4 731
4 749
4 876
4 899
4 960
4 982
4 1025
4 1040
4 1113
4 1136
4 1190
4 1200
4 1206
5 13
5 32
5 48
5 68
5 84
5 138
5 148
5 166
5 181
5 193
5 215
5 218
5 238
5 357
5 370
5 386
5 469
5 545
5 597
5 600
5 648
5 667
5 675
5 718
5 731
5 768
5 794
5 876
5 899
5 991
5 1040
5 1136
5 1143
5 1170
5 1203
5 1206
5 1238
6 9
6 23
6 139
6 339
6 558
6 911
6 967
6 998
7 18
7 279
7 293
7 377
7 505
7 1059
7 1094
7 1211
8 67
8 154
8 167
8 227
8 254
8 458
8 477
8 719
8 751
8 872
8 890
8 1015
8 1038
8 1175
8 1181
9 23
9 25
9 35
9 103
9 139
9 151
9 339
9 480
9 558
9 631
9 911
10 11
10 38
10 40
10 45
10 53
10 110
10 111
10 167
10 182
10 192
10 202
10 276
10 308
10 393
10 474
10 492
10 556
10 630
10 764
10 859
10 866
10 978
11 38
11 53
11 110
11 111
11 127
11 182
11 192
11 276
11 474
11 492
11 556
11 627
11 630
11 764
11 866
11 978
11 989
11 1139
12 21
12 31
12 82
12 237
12 385
12 400
12 508
12 528
12 649
12 684
12 689
12 983
12 1055
12 1088
13 32
13 48
13 66
13 68
13 84
13 86
13 138
13 148
13 153
13 166
13 181
13 193
13 215
13 218
13 224
13 238
13 303
13 357
13 370
13 386
13 469
13 545
13 597
13 600
13 648
13 667
13 675
13 718
13 731
13 768
13 794
13 876
13 899
13 1025
13 1040
13 1136
13 1170
13 1200
13 1206
13 1238
14 57
14 185
14 375
14 381
14 602
14 688
14 763
14 864
14 900
14 997
14 999
15 242
15 328
15 401
15 472
15 1022
16 46
16 108
16 251
16 410
16 573
16 686
16 722
16 826
16 905
16 951
16 1019
16 1154
16 1239
17 24
17 77
17 119
17 172
17 184
17 271
17 277
17 484
17 536
17 546
17 637
17 793
17 810
17 1065
17 1095
18 185
18 293
18 362
18 375
18 377
18 505
18 666
18 735
18 1211
19 94
19 167
19 170
19 254
19 261
19 358
19 416
19 443
19 446
19 779
19 806
19 878
19 914
19 1053
19 1058
19 1141
19 1166
19 1175
20 32
20 36
20 48
20 66
20 76
20 84
20 123
20 135
20 181
20 186
20 212
20 224
20 233
20 465
20 469
20 499
20 599
20 667
20 718
20 749
20 800
20 899
20 960
20 977
20 1025
20 1040
20 1113
20 1136
20 1190
20 1200
21 82
21 140
21 385
21 400
21 528
21 548
21 684
21 689
21 983
21 1088
22 57
22 83
22 141
22 163
22 325
22 327
22 524
22 552
22 590
22 602
22 620
22 763
22 864
22 898
22 934
22 1011
23 25
23 35
23 103
23 139
23 151
23 339
23 480
23 558
23 631
23 767
23 911
24 64
24 77
24 119
24 141
24 152
24 172
24 184
24 271
24 277
24 435
24 484
24 536
24 637
24 785
24 793
24 810
24 888
24 1095
24 1096
24 1111
25 35
25 103
25 139
25 339
25 480
25 558
25 631
25 767
25 824
26 33
26 34
26 85
26 99
26 177
26 256
26 258
26 267
26 343
26 371
26 392
26 471
26 618
26 656
26 1080
26 1089
26 1168
26 1249
27 46
27 52
27 183
27 410
27 425
27 483
27 573
27 611
27 639
27 951
27 1019
28 297
28 334
28 929
28 932
28 1223
29 74
30 651
30 703
30 843
30 1187
31 121
31 145
31 229
31 237
31 340
31 345
31 400
31 415
31 432
31 649
31 700
31 915
31 1148
32 36
32 48
32 66
32 68
32 76
32 84
32 86
32 123
32 138
32 148
32 153
32 181
32 212
32 215
32 218
32 224
32 303
32 359
32 370
32 386
32 469
32 499
32 545
32 597
32 648
32 667
32 708
32 718
32 731
32 749
32 794
32 876
32 899
32 960
32 982
32 1025
32 1040
32 1113
32 1136
32 1190
32 1200
32 1206
33 85
33 99
33 176
33 256
33 267
33 371
33 485
33 513
33 562
33 579
33 585
33 618
33 696
33 783
33 828
33 919
33 1031
33 1080
33 1117
33 1165
34 73
34 177
34 210
34 223
34 343
34 392
34 428
34 471
34 618
34 656
34 703
34 815
34 823
34 1080
35 103
35 139
35 146
35 151
35 480
35 496
35 558
35 631
36 45
36 48
36 66
36 76
36 84
36 110
36 123
36 135
36 181
36 186
36 192
36 212
36 233
36 276
36 465
36 499
36 599
36 718
36 749
36 800
36 960
36 977
36 978
36 981
36 1025
36 1040
36 1113
36 1136
36 1139
36 1190
36 1200
36 1229
37 846
37 954
37 969
38 45
38 53
38 110
38 111
38 127
38 182
38 192
38 195
38 276
38 474
38 492
38 556
38 627
38 630
38 764
38 866
38 978
38 989
38 1139
39 92
39 126
39 360
39 602
39 688
39 739
39 763
39 769
39 869
39 900
39 934
39 949
39 966
39 997
40 51
40 182
40 202
40 458
40 716
40 764
40 835
40 866
40 1015
40 1038
41 165
41 175
41 336
41 563
42 130
42 490
42 515
42 523
42 963
42 1067
43 87
43 187
43 441
43 706
43 767
43 824
43 936
43 1063
44 81
44 211
44 335
44 337
44 443
44 446
44 914
44 1053
44 1058
44 1071
45 66
45 76
45 110
45 167
45 181
45 192
45 195
45 212
45 265
45 276
45 308
45 556
45 627
45 630
45 670
45 749
45 779
45 859
45 978
45 1139
45 1175
45 1200
45 1229
46 52
46 183
46 410
46 425
46 573
46 611
46 639
46 686
46 826
46 842
46 905
46 951
46 987
46 1019
46 1239
47 296
47 457
47 694
47 1186
48 66
48 76
48 84
48 110
48 122
48 148
48 181
48 192
48 212
48 215
48 218
48 224
48 276
48 303
48 370
48 386
48 465
48 469
48 499
48 545
48 597
48 627
48 630
48 632
48 648
48 667
48 670
48 718
48 731
48 749
48 794
48 899
48 960
48 1025
48 1040
48 1113
48 1136
48 1190
48 1200
48 1206
48 1238
49 121
49 134
49 145
49 229
49 326
49 340
49 345
49 384
49 415
49 575
49 659
49 746
49 1148
49 1163
50 1067
51 155
51 200
51 855
51 930
51 1038
52 183
52 234
52 240
52 251
52 410
52 573
52 707
52 722
52 744
52 905
52 1019
52 1154
53 111
53 474
53 492
53 501
53 548
53 556
53 989
54 92
54 213
54 309
54 407
54 420
54 433
54 849
54 865
54 870
54 885
54 895
54 1128
54 1146
54 1151
55 72
55 95
55 170
55 211
55 376
55 586
55 638
55 761
55 806
55 911
55 914
55 1141
55 1161
55 1166
56 504
56 566
56 619
56 868
56 1220
57 83
57 100
57 141
57 163
57 327
57 381
57 524
57 536
57 590
57 602
57 620
57 763
57 864
57 934
57 1011
57 1114
58 98
58 138
58 592
58 593
58 675
58 768
58 822
58 887
58 1114
58 1135
58 1183
58 1231
59 1007
60 70
60 78
60 88
60 93
60 161
60 253
60 500
60 612
60 777
60 797
60 913
60 933
60 938
60 1100
61 102
61 136
61 388
61 923
61 1010
62 78
62 140
62 262
62 299
62 361
62 494
62 512
62 539
62 559
62 612
62 988
62 1100
62 1230
63 146
63 225
63 241
63 256
63 258
63 267
63 390
63 514
63 561
63 1168
63 1216
63 1225
63 1249
64 119
64 141
64 152
64 163
64 172
64 184
64 295
64 325
64 470
64 484
64 536
64 552
64 590
64 669
64 785
64 852
64 898
64 1001
64 1011
65 557
65 571
65 628
65 677
65 917
65 998
66 76
66 84
66 110
66 181
66 192
66 212
66 215
66 276
66 303
66 359
66 370
66 386
66 419
66 499
66 545
66 597
66 627
66 630
66 670
66 708
66 718
66 749
66 779
66 859
66 899
66 982
66 1025
66 1040
66 1113
66 1136
66 1190
66 1200
66 1206
67 143
67 149
67 154
67 227
67 250
67 560
67 719
67 751
67 821
67 841
67 890
67 1038
67 1181
68 138
68 148
68 153
68 166
68 193
68 214
68 215
68 218
68 249
68 303
68 370
68 386
68 461
68 478
68 545
68 593
68 597
68 648
68 675
68 718
68 754
68 768
68 794
68 876
68 991
68 1035
68 1112
68 1156
68 1170
68 1172
68 1206
68 1238
68 1243
69 189
69 816
69 1142
70 88
70 113
70 161
70 344
70 500
70 517
70 886
70 1066
72 79
72 95
72 128
72 150
72 318
72 354
72 359
72 376
72 419
72 519
72 586
72 594
72 638
72 642
72 708
72 761
72 779
72 806
72 976
72 982
72 1035
72 1050
72 1161
72 1166
73 210
73 223
73 343
73 428
73 471
73 703
73 815
73 819
73 823
74 347
74 1002
75 156
75 387
75 447
75 540
75 549
75 565
75 691
75 794
75 873
75 991
75 1048
75 1105
75 1143
75 1238
76 110
76 181
76 192
76 212
76 215
76 276
76 303
76 359
76 370
76 386
76 419
76 499
76 545
76 597
76 627
76 630
76 670
76 708
76 718
76 749
76 779
76 859
76 899
76 982
76 1025
76 1040
76 1113
76 1136
76 1190
76 1200
76 1206
77 172
77 184
77 271
77 546
77 637
77 646
77 772
77 793
77 810
77 1065
77 1095
78 93
78 361
78 521
78 595
78 612
78 713
78 797
78 805
78 814
78 913
78 933
78 1100
79 86
79 101
79 128
79 150
79 153
79 318
79 359
79 376
79 419
79 427
79 519
79 594
79 638
79 708
79 976
79 982
79 1013
79 1035
79 1050
79 1161
79 1166
81 677
81 954
81 1071
82 122
82 127
82 186
82 385
82 400
82 417
82 499
82 508
82 528
82 632
82 684
82 983
82 989
82 1055
82 1088
82 1136
82 1190
82 1200
83 163
83 198
83 327
83 524
83 536
83 590
83 710
83 864
83 1011
83 1114
84 122
84 123
84 148
84 181
84 186
84 238
84 357
84 417
84 465
84 469
84 499
84 632
84 667
84 718
84 731
84 742
84 749
84 899
84 960
84 1025
84 1040
84 1055
84 1099
84 1113
84 1136
84 1190
84 1200
84 1222
85 99
85 176
85 256
85 267
85 371
85 471
85 485
85 513
85 562
85 585
85 618
85 696
85 783
85 828
85 919
85 1031
85 1080
85 1117
85 1165
86 89
86 105
86 147
86 153
86 212
86 218
86 224
86 226
86 318
86 386
86 419
86 469
86 519
86 545
86 578
86 592
86 667
86 708
86 718
86 730
86 741
86 768
86 830
86 899
86 976
86 982
86 1025
86 1035
86 1040
86 1120
86 1135
86 1183
86 1206
87 187
87 441
87 576
87 706
87 767
87 824
87 936
87 1063
88 161
88 234
88 240
88 344
88 500
88 612
88 707
88 744
88 797
88 886
88 913
88 1100
89 105
89 114
89 147
89 205
89 226
89 236
89 277
89 318
89 366
89 564
89 592
89 642
89 645
89 730
89 741
89 830
89 854
89 888
89 976
89 1005
89 1050
89 1083
89 1120
89 1135
90 131
90 195
90 265
90 299
90 477
90 494
90 512
90 680
90 774
90 837
90 872
90 1145
90 1158
90 1230
91 178
91 421
91 1024
91 1122
92 360
92 739
92 865
92 885
92 949
92 966
92 1128
93 118
93 521
93 595
93 612
93 713
93 797
93 805
93 814
93 933
93 1100
93 1116
94 170
94 261
94 416
94 642
94 645
94 738
94 779
94 806
94 830
94 878
94 976
94 982
94 1124
94 1166
94 1225
95 354
95 586
95 594
95 642
95 761
95 806
95 911
95 1161
95 1166
96 124
96 142
96 235
96 248
96 476
96 567
96 733
96 770
96 775
96 943
96 1152
97 132
97 321
97 952
97 1144
98 138
98 592
98 593
98 600
98 675
98 822
98 876
98 1114
98 1135
98 1183
98 1231
99 176
99 256
99 267
99 371
99 513
99 562
99 579
99 585
99 618
99 696
99 783
99 828
99 919
99 1031
99 1070
99 1165
100 119
100 141
100 184
100 277
100 381
100 536
100 554
100 579
100 590
100 763
100 785
100 793
100 1060
100 1070
101 137
101 150
101 190
101 209
101 260
101 359
101 376
101 461
101 495
101 519
101 638
101 708
101 736
101 1013
101 1035
102 275
102 923
102 1010
103 139
103 146
103 366
103 480
103 631
103 637
103 824
103 1005
103 1083
104 311
104 350
104 463
104 468
104 604
104 901
105 114
105 147
105 205
105 217
105 224
105 226
105 283
105 318
105 469
105 564
105 592
105 645
105 667
105 730
105 732
105 741
105 830
105 899
105 976
105 1120
105 1135
105 1198
107 423
107 434
107 626
107 681
107 756
107 918
107 1129
107 1155
108 606
108 625
108 686
108 826
108 951
108 1026
108 1187
108 1239
109 560
109 580
109 784
110 111
110 127
110 181
110 192
110 195
110 276
110 303
110 393
110 492
110 556
110 597
110 627
110 630
110 670
110 749
110 859
110 978
110 989
110 1139
110 1200
111 127
111 182
111 192
111 474
111 492
111 556
111 627
111 630
111 764
111 866
111 978
111 989
111 1139
112 216
112 524
112 582
112 596
112 787
112 906
112 1244
113 159
113 161
113 402
113 517
113 839
113 886
113 1066
114 147
114 205
114 217
114 283
114 381
114 564
114 732
114 771
114 887
114 999
114 1114
114 1120
114 1135
114 1198
115 198
115 266
115 322
115 325
115 412
115 552
115 652
115 717
115 992
115 1213
116 159
116 804
117 304
117 346
117 404
117 408
117 743
117 970
118 595
118 713
118 805
118 814
118 1116
119 141
119 152
119 163
119 172
119 184
119 470
119 484
119 536
119 590
119 785
119 852
119 898
119 1001
119 1011
120 152
120 164
120 173
120 298
120 460
120 462
120 498
120 693
120 778
120 798
120 852
120 926
120 1001
120 1065
120 1095
120 1226
121 145
121 229
121 237
121 278
121 340
121 345
121 415
121 432
121 649
121 700
121 915
121 1148
122 127
122 181
122 186
122 417
122 499
122 549
122 565
122 627
122 632
122 684
122 794
122 1055
122 1088
122 1113
122 1136
122 1190
122 1200
123 135
123 186
123 212
123 224
123 233
123 396
123 465
123 469
123 499
123 599
123 667
123 718
123 742
123 800
123 899
123 960
123 1025
123 1040
123 1113
123 1190
123 1198
123 1200
124 142
124 235
124 248
124 476
124 567
124 733
124 775
124 943
124 1152
125 1062
125 1245
126 129
126 255
126 298
126 405
126 769
126 869
126 949
126 966
126 1008
126 1193
127 188
127 192
127 276
127 303
127 393
127 482
127 549
127 556
127 565
127 597
127 627
127 630
127 691
127 794
127 989
127 1200
128 133
128 137
128 150
128 220
128 260
128 354
128 427
128 519
128 594
128 979
128 1050
129 255
129 405
129 869
129 1008
129 1193
130 490
130 515
130 523
130 668
130 963
130 1067
131 195
131 265
131 299
131 308
131 477
131 494
131 640
131 680
131 837
131 872
131 1118
131 1145
131 1158
131 1230
132 407
132 489
132 674
132 849
132 1144
133 220
133 354
133 427
133 594
133 633
133 641
133 786
133 854
133 861
133 979
133 1050
134 326
134 333
134 384
134 448
134 454
134 575
134 659
134 725
134 1054
134 1163
135 233
135 396
135 465
135 499
135 599
135 800
135 948
135 960
135 977
135 981
135 1113
135 1190
136 657
136 880
136 923
137 150
137 219
137 260
137 1013
137 1073
137 1220
138 148
138 153
138 166
138 193
138 214
138 215
138 218
138 238
138 357
138 386
138 469
138 478
138 545
138 592
138 593
138 600
138 648
138 667
138 675
138 718
138 731
138 768
138 876
138 899
138 1040
138 1170
138 1172
138 1183
138 1203
138 1206
138 1231
139 151
139 339
139 480
139 558
139 631
139 767
139 911
140 361
140 528
140 539
140 559
140 680
140 684
140 689
140 1229
141 152
141 163
141 172
141 184
141 277
141 536
141 590
141 763
141 785
141 898
141 1011
141 1060
142 235
142 248
142 476
142 567
142 652
142 733
142 775
142 943
142 1152
143 155
143 157
143 227
143 250
143 294
143 560
143 719
143 751
143 784
143 821
143 890
143 1038
144 404
144 497
144 658
144 809
144 871
144 970
144 1031
144 1042
144 1193
145 229
145 237
145 278
145 340
145 415
145 432
145 575
145 649
145 653
145 709
145 746
145 1148
145 1163
146 225
146 241
146 390
146 496
146 514
146 561
146 1216
146 1225
147 205
147 226
147 236
147 277
147 318
147 366
147 564
147 642
147 645
147 730
147 741
147 830
147 854
147 888
147 976
147 1005
147 1083
147 1120
147 1135
148 153
148 166
148 181
148 193
148 215
148 218
148 238
148 303
148 357
148 370
148 386
148 469
148 545
148 597
148 600
148 632
148 648
148 667
148 675
148 718
148 731
148 768
148 794
148 876
148 899
148 991
148 1040
148 1136
148 1143
148 1170
148 1206
148 1238
149 227
149 250
149 477
149 774
149 841
149 872
149 890
149 1118
149 1181
150 153
150 209
150 260
150 359
150 419
150 427
150 461
150 495
150 519
150 594
150 638
150 708
150 736
150 1013
150 1035
151 480
151 496
151 558
151 631
151 998
152 163
152 164
152 172
152 184
152 298
152 536
152 590
152 785
152 852
152 898
152 1001
152 1011
152 1226
153 166
153 193
153 214
153 215
153 218
153 303
153 359
153 370
153 386
153 419
153 461
153 478
153 519
153 545
153 597
153 648
153 670
153 708
153 718
153 736
153 768
153 876
153 982
153 1035
153 1170
153 1206
153 1243
154 167
154 227
154 458
154 719
154 751
154 890
154 1015
154 1038
154 1175
154 1181
155 157
155 200
155 250
155 294
155 518
155 560
155 784
155 821
155 1038
156 160
156 274
156 540
156 676
156 873
156 991
156 1105
156 1143
157 200
157 250
157 294
157 560
157 719
157 753
157 784
157 821
157 890
157 1015
157 1038
158 704
158 937
158 954
158 1182
159 330
159 839
159 886
159 912
159 1185
160 270
160 274
160 569
160 676
160 705
160 853
160 1069
160 1143
161 253
161 402
161 449
161 500
161 777
161 797
162 337
162 389
162 682
162 721
162 1235
163 198
163 325
163 327
163 470
163 524
163 536
163 552
163 590
163 602
163 864
163 898
163 934
163 1011
164 173
164 298
164 460
164 462
164 498
164 693
164 778
164 798
164 852
164 1001
164 1065
164 1095
164 1226
165 175
165 201
165 336
165 338
165 921
165 985
166 193
166 214
166 215
166 218
166 249
166 273
166 303
166 370
166 386
166 461
166 478
166 545
166 593
166 597
166 648
166 675
166 754
166 768
166 794
166 817
166 876
166 991
166 1035
166 1112
166 1156
166 1170
166 1172
166 1206
166 1238
166 1243
167 182
167 254
167 265
167 308
167 556
167 866
167 872
167 1175
167 1181
168 194
168 242
168 290
168 295
168 503
168 634
168 669
168 1022
168 1184
169 213
169 228
169 252
169 263
169 301
169 307
169 313
169 511
169 702
169 909
169 965
169 1008
169 1098
169 1179
170 211
170 254
170 261
170 416
170 443
170 586
170 738
170 779
170 806
170 878
170 914
170 1053
170 1124
170 1141
170 1166
170 1175
171 246
171 537
171 1188
172 184
172 271
172 277
172 435
172 484
172 536
172 637
172 793
172 810
172 888
172 1095
172 1096
172 1111
173 733
173 775
173 840
173 852
173 898
173 903
173 1001
173 1152
173 1155
173 1226
174 877
175 201
175 336
175 921
176 485
176 554
176 562
176 579
176 585
176 646
176 783
176 785
176 793
176 798
176 828
176 919
176 1070
176 1117
176 1165
177 256
177 267
177 342
177 392
177 471
177 606
177 618
177 656
177 703
177 1026
177 1080
177 1168
177 1249
178 421
178 839
179 345
179 448
179 659
179 700
179 797
179 913
179 933
179 1228
180 336
180 436
180 486
180 563
180 831
181 192
181 212
181 215
181 218
181 224
181 276
181 303
181 370
181 386
181 465
181 469
181 499
181 545
181 597
181 627
181 630
181 632
181 648
181 667
181 670
181 718
181 749
181 794
181 899
181 960
181 1025
181 1040
181 1113
181 1136
181 1190
181 1200
181 1206
182 202
182 308
182 474
182 492
182 556
182 764
182 866
182 930
182 1015
182 1038
182 1181
183 410
183 425
183 483
183 573
183 611
183 639
183 951
183 1019
184 271
184 277
184 484
184 536
184 554
184 785
184 793
184 810
184 852
184 1001
185 288
185 375
185 505
185 608
185 688
185 900
185 1059
185 1211
186 279
186 396
186 417
186 465
186 499
186 508
186 632
186 684
186 742
186 800
186 960
186 1055
186 1088
186 1099
186 1113
186 1136
186 1190
186 1200
186 1222
187 286
187 441
187 576
187 767
187 772
187 824
187 936
187 1086
188 482
188 549
188 565
188 691
188 1068
188 1219
189 816
189 1142
190 276
190 359
190 376
190 393
190 453
190 495
190 630
190 638
190 670
190 708
190 740
190 764
190 859
190 1013
190 1035
192 195
192 276
192 303
192 492
192 556
192 627
192 630
192 670
192 749
192 859
192 978
192 989
192 1139
192 1200
192 1229
193 214
193 215
193 218
193 273
193 303
193 370
193 386
193 461
193 478
193 545
193 593
193 597
193 648
193 675
193 754
193 794
193 817
193 876
193 991
193 1112
193 1170
193 1172
193 1206
193 1238
193 1243
194 242
194 290
194 295
194 349
194 503
194 634
194 669
194 1022
194 1184
195 265
195 308
195 492
195 556
195 680
195 800
195 837
195 872
195 977
195 978
195 981
195 989
195 1139
195 1229
196 341
196 569
196 687
196 788
197 438
197 907
197 908
197 986
197 1097
197 1184
197 1204
197 1240
198 266
198 325
198 327
198 524
198 552
198 652
198 710
198 717
198 992
198 1213
198 1240
199 863
200 518
200 784
200 821
200 1038
201 338
201 921
202 458
202 716
202 764
202 835
202 866
202 1015
202 1038
203 748
203 925
204 242
204 351
204 530
205 217
205 226
205 283
205 381
205 469
205 564
205 667
205 732
205 887
205 999
205 1120
205 1135
205 1198
207 314
207 373
208 259
208 944
208 959
208 1032
209 273
209 461
209 478
209 574
209 692
209 736
209 851
209 1013
209 1035
209 1037
209 1243
210 471
210 651
210 703
210 815
210 819
210 823
211 738
211 806
211 911
211 914
211 1053
212 224
212 261
212 419
212 465
212 469
212 499
212 645
212 667
212 718
212 749
212 779
212 800
212 830
212 899
212 976
212 982
212 1025
212 1040
212 1113
212 1190
212 1200
212 1206
213 228
213 309
213 313
213 407
213 420
213 433
213 849
213 865
213 870
213 895
213 909
213 965
213 1098
213 1128
213 1146
213 1151
214 218
214 249
214 386
214 406
214 461
214 478
214 545
214 593
214 648
214 675
214 754
214 768
214 817
214 876
214 1030
214 1112
214 1156
214 1170
214 1172
214 1183
214 1243
215 218
215 238
215 303
215 357
215 370
215 386
215 545
215 565
215 597
215 632
215 648
215 670
215 675
215 718
215 731
215 794
215 876
215 991
215 1040
215 1136
215 1143
215 1170
215 1200
215 1206
215 1238
216 524
216 582
216 596
216 787
216 992
216 1244
217 224
217 283
217 381
217 469
217 564
217 666
217 667
217 732
217 771
217 887
217 999
217 1120
217 1198
218 224
218 303
218 359
218 370
218 386
218 461
218 469
218 478
218 545
218 592
218 593
218 597
218 648
218 667
218 675
218 708
218 718
218 731
218 768
218 876
218 899
218 1035
218 1040
218 1170
218 1172
218 1183
218 1206
218 1243
219 220
219 260
219 466
219 605
219 1073
219 1162
220 354
220 427
220 466
220 594
220 605
220 633
220 641
220 786
220 861
220 979
220 1050
222 796
222 1002
223 343
223 428
223 471
223 815
223 823
223 856
223 1089
223 1092
224 283
224 318
224 419
224 465
224 469
224 545
224 645
224 667
224 718
224 730
224 731
224 741
224 830
224 899
224 976
224 982
224 1025
224 1040
224 1113
224 1120
224 1206
225 241
225 390
225 561
225 738
225 1124
225 1168
225 1216
225 1225
226 236
226 318
226 354
226 564
226 578
226 592
226 730
226 741
226 854
226 888
226 976
226 979
226 1050
226 1120
226 1135
226 1183
227 243
227 250
227 477
227 560
227 719
227 751
227 841
227 890
227 1038
227 1118
227 1181
228 252
228 263
228 301
228 307
228 313
228 511
228 702
228 909
228 965
228 1098
228 1179
229 237
229 340
229 345
229 415
229 432
229 649
229 746
229 915
229 1148
230 320
230 534
230 610
230 774
230 930
230 996
230 1202
231 1033
232 285
232 310
232 550
232 780
232 825
232 881
232 1075
233 396
233 465
233 499
233 559
233 599
233 800
233 977
233 981
233 1190
233 1229
234 240
234 344
234 345
234 672
234 700
234 707
234 744
234 913
234 1100
234 1154
235 302
235 412
235 476
235 567
235 733
235 770
235 775
235 1152
236 277
236 324
236 354
236 435
236 633
236 641
236 786
236 811
236 854
236 888
236 979
236 1050
236 1061
236 1150
237 278
237 340
237 345
237 400
237 415
237 432
237 649
237 700
237 915
237 1148
238 357
238 469
238 545
238 600
238 667
238 675
238 731
238 771
238 876
238 1040
238 1143
238 1176
238 1203
238 1238
239 274
239 409
240 251
240 344
240 410
240 526
240 707
240 722
240 744
240 886
240 1154
241 256
241 258
241 390
241 496
241 514
241 561
241 1168
241 1216
241 1225
241 1249
242 328
242 401
242 472
242 530
242 1022
243 1076
244 868
244 1045
244 1171
244 1199
245 339
245 967
245 993
246 379
246 537
246 589
246 1188
247 581
247 737
247 802
247 1014
248 309
248 420
248 476
248 567
248 865
248 943
248 965
248 1128
248 1146
248 1151
249 406
249 478
249 578
249 593
249 675
249 754
249 768
249 817
249 822
249 889
249 1030
249 1112
249 1156
249 1172
249 1183
249 1231
249 1243
250 294
250 560
250 719
250 751
250 784
250 821
250 890
250 1038
250 1215
251 410
251 707
251 722
251 905
251 951
251 1019
251 1154
252 263
252 301
252 405
252 414
252 511
252 1008
252 1179
253 449
253 500
253 533
253 797
253 1228
254 261
254 265
254 358
254 416
254 443
254 446
254 477
254 779
254 806
254 878
254 914
254 1053
254 1058
254 1141
254 1175
255 405
255 869
255 949
255 966
255 1008
255 1193
256 258
256 267
256 342
256 392
256 471
256 561
256 618
256 656
256 828
256 1080
256 1168
256 1249
258 267
258 374
258 392
258 485
258 514
258 561
258 618
258 1080
258 1089
258 1249
259 712
259 944
259 959
259 1032
260 1013
260 1073
260 1220
261 358
261 416
261 443
261 645
261 738
261 779
261 806
261 830
261 878
261 914
261 982
261 1053
261 1124
261 1166
261 1175
262 299
262 361
262 494
262 502
262 512
262 539
262 805
262 844
262 988
262 1230
263 301
263 312
263 369
263 511
263 702
263 1140
263 1179
264 321
264 720
265 308
265 358
265 443
265 446
265 477
265 640
265 665
265 680
265 837
265 872
265 977
265 978
265 981
265 1139
265 1145
265 1158
265 1175
265 1181
265 1229
266 322
266 325
266 412
266 524
266 552
266 652
266 717
266 992
266 1213
267 392
267 471
267 561
267 618
267 656
267 828
267 1080
267 1089
267 1168
267 1249
268 488
268 855
268 1036
269 406
269 574
269 752
269 889
269 1037
270 274
270 676
270 853
270 968
270 1069
271 546
271 637
271 646
271 772
271 793
271 810
271 1065
272 538
272 1006
273 447
273 461
273 648
273 670
273 692
273 736
273 1110
273 1170
274 676
274 754
274 817
274 1069
274 1112
275 432
275 516
275 1010
276 303
276 359
276 370
276 393
276 556
276 597
276 627
276 630
276 670
276 708
276 749
276 859
276 978
276 1139
276 1200
276 1206
277 366
277 435
277 536
277 554
277 637
277 888
277 1005
277 1061
277 1150
278 333
278 415
278 448
278 583
278 649
278 709
278 725
278 983
278 1054
279 377
279 417
279 516
279 613
279 742
279 960
279 1094
279 1099
279 1222
280 787
280 1029
281 424
281 1074
282 296
282 587
282 615
282 766
282 892
282 1110
283 381
283 469
283 564
283 666
283 667
283 731
283 732
283 771
283 887
283 899
283 999
283 1040
283 1120
283 1198
284 758
284 1178
285 444
285 550
285 601
285 803
285 825
286 380
286 531
286 576
286 772
286 824
286 1086
286 1095
287 356
288 362
288 375
288 505
288 608
288 688
288 997
288 1018
289 468
289 604
289 1087
289 1201
290 305
290 351
290 423
290 503
290 840
290 896
290 903
290 1041
290 1109
291 974
291 1140
292 364
292 1241
293 362
293 388
293 505
293 613
293 735
293 1211
294 518
294 560
294 784
294 821
295 325
295 470
295 484
295 552
295 669
295 733
295 775
295 852
295 903
295 1001
295 1096
296 1110
297 334
298 498
298 693
298 778
298 785
298 798
298 852
298 1001
298 1226
299 361
299 494
299 512
299 559
299 680
299 774
299 837
299 1230
300 838
301 312
301 369
301 414
301 511
301 702
301 1008
301 1098
301 1169
301 1179
302 770
303 359
303 370
303 386
303 393
303 545
303 597
303 627
303 630
303 648
303 670
303 708
303 718
303 749
303 794
303 859
303 1035
303 1136
303 1170
303 1200
303 1206
303 1238
304 483
304 743
305 322
305 349
305 503
305 634
305 760
305 770
305 896
305 1041
305 1109
306 312
306 757
306 1101
306 1248
307 313
307 624
307 909
307 952
307 974
307 1098
308 477
308 492
308 556
308 680
308 837
308 866
308 872
308 978
308 1139
308 1158
308 1175
308 1181
309 407
309 420
309 433
309 849
309 865
309 895
309 965
309 1128
309 1146
309 1151
311 350
311 521
311 595
311 814
311 875
311 901
312 369
312 414
312 455
312 511
312 702
312 757
312 1169
312 1179
312 1233
313 420
313 511
313 909
313 952
313 965
313 1098
313 1146
313 1151
314 373
315 497
315 658
315 809
316 378
317 520
317 773
318 354
318 419
318 469
318 519
318 578
318 592
318 642
318 645
318 667
318 708
318 730
318 741
318 768
318 830
318 899
318 976
318 982
318 1025
318 1050
318 1120
318 1135
318 1166
319 726
319 792
319 964
319 1093
320 534
320 610
320 774
320 930
320 996
320 1153
320 1202
322 349
322 412
322 634
322 652
322 717
322 760
322 1213
324 327
324 435
324 710
324 888
324 908
324 986
324 1061
324 1111
324 1204
324 1240
325 412
325 552
325 590
325 652
325 733
325 775
325 898
325 934
325 1001
325 1011
325 1213
326 345
326 384
326 659
326 746
326 879
326 932
326 1148
327 524
327 536
327 564
327 710
327 1114
327 1240
328 472
328 848
328 1022
329 450
329 587
329 607
329 766
329 860
329 904
329 1049
330 439
330 526
330 695
330 912
330 962
330 1185
333 448
333 454
333 575
333 583
333 709
333 725
333 1054
333 1163
333 1189
334 672
334 932
335 443
335 446
335 477
335 640
335 665
335 841
335 872
335 1058
335 1071
335 1118
335 1145
335 1158
335 1227
336 563
337 389
337 628
337 682
337 721
338 436
338 921
339 911
340 415
340 432
340 649
340 746
340 1148
341 687
342 459
342 606
342 656
342 799
342 1026
342 1080
342 1168
343 392
343 428
343 471
343 618
343 703
343 815
343 823
343 1080
343 1089
344 345
344 672
344 700
344 707
344 744
344 886
345 649
345 659
345 672
345 700
345 744
345 913
345 915
346 362
346 404
346 408
346 808
346 970
348 663
348 870
348 990
349 412
349 634
349 760
349 1213
350 463
350 521
350 604
350 814
350 875
350 901
351 503
351 1109
352 553
352 664
352 1207
353 928
354 427
354 519
354 594
354 642
354 730
354 741
354 786
354 854
354 976
354 979
354 1050
354 1150
355 510
356 607
356 860
357 545
357 600
357 632
357 675
357 731
357 794
357 876
357 991
357 1040
357 1136
357 1143
357 1170
357 1203
357 1238
358 416
358 443
358 446
358 640
358 665
358 729
358 799
358 878
358 977
358 981
358 1058
358 1145
358 1158
358 1175
359 370
359 376
359 386
359 419
359 461
359 495
359 519
359 545
359 597
359 630
359 638
359 648
359 670
359 708
359 718
359 736
359 749
359 779
359 859
359 982
359 1013
359 1035
359 1206
360 602
360 663
360 739
360 769
360 869
360 885
360 949
360 966
360 997
361 494
361 512
361 539
361 559
361 612
361 988
361 1100
361 1230
362 375
362 408
362 505
362 735
362 1211
363 829
363 1029
364 475
364 762
364 1241
365 678
366 637
366 642
366 854
366 888
366 1005
366 1061
366 1083
366 1150
368 403
368 464
368 541
368 819
368 1090
368 1104
368 1195
369 455
369 702
369 1140
369 1179
370 386
370 545
370 597
370 627
370 630
370 632
370 648
370 670
370 708
370 718
370 749
370 794
370 876
370 1035
370 1040
370 1136
370 1170
370 1200
370 1206
370 1238
371 404
371 471
371 513
371 562
371 696
371 783
371 808
371 1031
372 805
372 844
374 485
374 585
374 715
374 919
374 1089
374 1117
375 505
375 688
375 735
375 900
375 997
375 1211
376 419
376 453
376 495
376 519
376 586
376 638
376 708
376 761
376 779
376 806
376 859
376 1013
376 1141
376 1161
376 1166
377 516
377 613
377 742
377 771
377 1094
377 1099
377 1176
377 1203
377 1222
378 426
378 1009
379 589
380 460
380 462
380 531
380 546
380 626
380 1017
380 1065
380 1095
381 666
381 688
381 732
381 763
381 887
381 900
381 999
381 1060
381 1198
382 765
383 789
383 1197
384 659
384 746
384 879
384 932
384 1148
385 400
385 508
385 528
385 649
385 653
385 684
385 983
385 1055
385 1088
386 469
386 478
386 545
386 597
386 648
386 667
386 670
386 675
386 708
386 718
386 749
386 768
386 794
386 876
386 899
386 1025
386 1035
386 1040
386 1170
386 1200
386 1206
386 1238
387 549
387 565
387 632
387 794
387 991
387 1143
387 1238
388 505
388 735
388 923
389 682
389 721
390 496
390 514
390 561
390 1225
391 1003
392 471
392 514
392 618
392 656
392 1080
392 1089
392 1168
392 1249
393 495
393 556
393 627
393 630
393 670
393 764
393 859
396 417
396 452
396 465
396 499
396 508
396 559
396 599
396 684
396 742
396 800
396 960
396 981
396 1099
396 1113
396 1190
396 1222
397 1149
398 541
398 935
399 811
399 848
399 1086
399 1106
400 508
400 528
400 649
400 684
400 689
400 983
400 1055
400 1088
401 472
401 530
402 449
402 517
402 603
403 464
403 547
403 598
403 884
403 1090
404 497
404 513
404 562
404 696
404 808
404 809
404 970
404 1031
405 414
405 869
405 1008
405 1179
405 1193
406 478
406 593
406 692
406 754
406 817
406 889
406 1030
406 1037
406 1112
406 1156
406 1172
406 1243
407 420
407 433
407 849
407 895
407 965
407 1128
407 1151
408 614
408 743
408 970
408 1016
409 413
409 882
409 1217
410 425
410 573
410 695
410 707
410 722
410 905
410 951
410 987
410 1019
410 1154
410 1239
411 644
411 867
411 1248
412 552
412 652
412 717
412 733
412 775
412 1213
413 968
413 1217
414 511
414 1008
414 1169
414 1179
415 432
415 575
415 649
415 653
415 709
415 746
415 1148
415 1163
416 443
416 645
416 738
416 779
416 806
416 830
416 878
416 914
416 1053
416 1124
416 1166
416 1175
417 465
417 499
417 508
417 632
417 684
417 742
417 960
417 1055
417 1088
417 1094
417 1099
417 1113
417 1136
417 1190
417 1200
417 1222
418 577
418 643
418 650
418 834
418 871
418 980
418 1102
418 1137
419 519
419 638
419 645
419 708
419 718
419 730
419 741
419 749
419 779
419 830
419 859
419 976
419 982
419 1025
419 1035
419 1166
419 1206
420 433
420 849
420 865
420 895
420 909
420 965
420 1098
420 1128
420 1146
420 1151
421 636
421 1024
423 434
423 503
423 626
423 681
423 756
423 840
423 903
423 918
423 957
423 1109
423 1129
424 1074
425 573
425 695
425 987
426 507
426 714
426 1009
427 519
427 578
427 594
427 633
427 768
427 979
427 1050
427 1183
428 815
428 823
428 856
428 1092
430 1123
431 807
432 649
432 915
432 1148
433 849
433 895
433 965
433 1128
433 1151
434 626
434 679
434 681
434 756
434 840
434 918
434 926
434 1129
434 1155
435 470
435 484
435 637
435 811
435 812
435 848
435 888
435 908
435 1061
435 1064
435 1086
435 1111
436 563
437 451
439 962
441 576
441 706
441 767
441 824
441 936
441 1063
442 456
442 626
442 1056
442 1072
443 446
443 477
443 640
443 665
443 872
443 878
443 914
443 1053
443 1058
443 1145
443 1158
443 1175
443 1227
444 450
444 550
444 601
444 803
444 825
444 904
444 1048
445 629
446 477
446 640
446 665
446 841
446 872
446 1053
446 1058
446 1118
446 1145
446 1158
446 1175
446 1227
447 794
447 1068
447 1170
448 454
448 583
448 725
448 1054
450 540
450 587
450 803
450 825
450 873
450 904
450 1048
450 1105
452 508
452 613
452 742
452 1099
452 1222
453 458
453 495
453 504
453 566
453 619
453 638
453 859
453 1141
453 1161
454 725
454 1054
455 456
455 702
455 862
455 1056
456 679
456 862
456 1056
456 1072
457 635
458 504
458 566
458 619
458 745
458 835
458 1015
459 606
459 665
459 729
459 799
459 1026
459 1071
460 462
460 498
460 546
460 626
460 693
460 778
460 798
460 852
460 926
460 1065
460 1095
461 478
461 495
461 519
461 648
461 692
461 708
461 736
461 1013
461 1035
461 1243
462 498
462 546
462 626
462 693
462 778
462 798
462 852
462 926
462 1017
462 1065
462 1095
463 901
464 541
464 819
464 1090
464 1104
464 1195
465 469
465 499
465 599
465 667
465 742
465 800
465 899
465 960
465 1025
465 1040
465 1099
465 1113
465 1136
465 1190
465 1200
465 1222
466 605
466 641
466 922
466 1162
467 774
467 1202
467 1221
468 604
468 1087
468 1201
469 545
469 592
469 667
469 718
469 731
469 741
469 768
469 876
469 899
469 960
469 976
469 982
469 1025
469 1040
469 1113
469 1120
469 1135
469 1206
470 484
470 536
470 669
470 812
470 908
470 986
470 1001
470 1096
470 1111
470 1184
470 1204
471 513
471 562
471 618
471 656
471 696
471 703
471 815
471 823
471 1080
471 1089
471 1249
472 530
473 851
473 928
473 1110
473 1134
473 1171
474 492
474 501
474 556
474 866
474 930
475 576
475 1020
476 567
476 943
477 640
477 841
477 872
477 1058
477 1118
477 1145
477 1158
477 1175
477 1181
477 1227
478 545
478 578
478 593
478 648
478 675
478 754
478 768
478 817
478 822
478 1030
478 1112
478 1156
478 1170
478 1172
478 1183
478 1243
479 557
479 917
480 631
480 767
480 824
481 847
482 549
482 565
482 627
482 691
482 1068
482 1219
483 611
483 842
484 536
484 669
484 812
484 908
484 1096
484 1111
484 1184
485 585
485 646
485 919
485 1117
486 563
486 831
486 850
489 674
489 1144
490 515
490 523
490 668
490 963
490 1067
491 1107
492 556
492 837
492 866
492 978
492 989
492 1139
493 571
494 512
494 559
494 680
494 837
494 988
494 1230
495 638
495 670
495 708
495 736
495 740
495 859
495 1013
495 1035
496 514
497 658
497 809
497 871
497 1042
498 546
498 646
498 693
498 778
498 798
498 810
498 852
498 1065
498 1095
498 1233
499 508
499 599
499 684
499 718
499 742
499 749
499 800
499 960
499 981
499 1025
499 1040
499 1055
499 1088
499 1113
499 1136
499 1190
499 1200
499 1229
500 612
500 777
500 797
500 913
501 737
501 1000
501 1219
502 625
502 844
502 937
502 988
502 1182
503 840
503 896
503 903
503 1041
503 1109
504 566
504 619
504 745
505 735
505 1211
506 724
507 964
507 1009
507 1157
507 1224
508 684
508 742
508 960
508 1055
508 1088
508 1099
508 1190
508 1222
511 702
511 1008
511 1098
511 1179
512 539
512 559
512 680
512 988
512 1230
513 562
513 696
513 783
513 808
513 1031
513 1165
514 561
514 1249
515 523
515 916
515 963
516 613
516 673
516 742
516 880
516 1094
516 1099
516 1115
516 1192
516 1222
517 886
517 1066
518 584
518 784
519 594
519 638
519 708
519 768
519 976
519 979
519 982
519 1013
519 1035
519 1050
519 1161
520 931
521 535
521 728
521 814
521 875
521 901
521 933
523 668
523 963
523 1067
524 582
524 596
524 620
524 864
524 992
526 690
526 707
526 777
526 886
526 912
526 1185
528 548
528 684
528 689
528 983
528 1088
529 543
531 957
531 1017
531 1065
531 1095
531 1096
532 596
532 683
532 906
532 1114
532 1244
533 595
533 777
533 797
533 938
533 1116
534 610
534 774
534 930
534 996
534 1202
535 548
535 581
535 583
535 728
535 875
535 1153
536 590
536 669
536 710
536 888
536 908
536 1011
536 1111
537 1188
538 836
538 1006
539 559
539 612
539 689
539 905
539 988
539 1100
539 1154
540 601
540 873
540 904
540 1048
540 1105
541 1104
541 1195
545 597
545 648
545 667
545 670
545 675
545 708
545 718
545 731
545 768
545 794
545 876
545 899
545 1025
545 1035
545 1040
545 1170
545 1206
545 1238
546 646
546 693
546 772
546 778
546 810
546 1065
546 1095
547 598
547 884
547 1090
548 581
548 989
548 1153
548 1219
549 565
549 627
549 632
549 691
549 794
549 991
549 1238
550 601
550 803
550 825
550 881
552 590
552 652
552 775
552 898
552 934
552 1001
552 1011
552 1213
553 664
553 1207
554 579
554 785
554 793
554 828
554 1060
554 1070
554 1165
554 1216
554 1237
556 627
556 630
556 764
556 859
556 866
556 978
556 989
556 1139
557 588
557 677
557 917
557 1127
557 1232
558 631
558 998
559 680
559 689
559 800
559 977
559 981
559 1229
560 719
560 751
560 784
560 821
560 890
560 1038
561 828
561 1168
561 1216
561 1225
561 1249
562 585
562 696
562 783
562 808
562 828
562 1031
562 1165
563 831
564 592
564 887
564 1114
564 1120
564 1135
565 597
565 627
565 632
565 691
565 794
565 991
565 1136
565 1238
566 619
566 745
567 616
567 943
567 1152
569 788
569 853
570 773
570 931
570 1074
571 628
571 917
572 655
572 660
572 818
573 611
573 639
573 686
573 826
573 842
573 951
573 987
573 1019
573 1239
574 692
574 752
574 851
574 1037
574 1134
574 1162
575 709
575 725
575 1054
575 1163
575 1189
576 936
576 973
576 1020
577 643
577 871
577 980
577 994
577 1046
577 1102
578 592
578 593
578 633
578 741
578 768
578 822
578 979
578 1050
578 1120
578 1135
578 1156
578 1183
578 1231
579 732
579 783
579 828
579 1060
579 1070
579 1165
579 1168
579 1216
579 1237
581 583
581 728
581 802
581 1153
582 596
582 787
582 906
582 1244
583 709
583 725
583 1054
585 646
585 798
585 828
585 919
585 1117
585 1165
586 638
586 642
586 761
586 806
586 911
586 914
586 1141
586 1161
586 1166
587 766
587 904
587 1048
587 1105
588 677
588 917
588 1232
589 897
590 602
590 763
590 785
590 864
590 898
590 934
590 1011
592 593
592 667
592 675
592 741
592 768
592 822
592 1120
592 1135
592 1183
592 1231
593 675
593 754
593 768
593 817
593 822
593 876
593 889
593 1030
593 1112
593 1156
593 1172
593 1183
593 1231
593 1243
594 786
594 854
594 979
594 1050
595 713
595 805
595 814
595 938
595 1116
596 787
596 906
596 1244
597 627
597 630
597 632
597 648
597 670
597 708
597 718
597 749
597 794
597 991
597 1040
597 1136
597 1170
597 1200
597 1206
597 1238
598 884
598 1245
599 800
599 948
599 960
599 977
599 981
599 1113
599 1190
600 675
600 676
600 731
600 754
600 876
600 1112
600 1143
600 1157
600 1172
600 1176
600 1203
601 803
601 825
601 1048
602 620
602 688
602 739
602 763
602 769
602 864
602 898
602 900
602 934
602 997
602 1011
603 972
604 875
604 901
604 1087
604 1196
604 1201
605 1073
605 1162
605 1194
606 656
606 729
606 799
606 1026
607 860
607 1049
608 620
608 739
608 885
609 1012
610 774
610 930
610 996
610 1202
611 639
611 842
611 951
611 1019
612 713
612 797
612 913
612 933
612 1100
613 742
613 1099
613 1222
614 663
614 990
614 1016
614 1137
615 766
615 863
615 892
616 909
616 1098
616 1155
617 832
617 950
617 971
617 1046
617 1091
617 1208
617 1209
618 656
618 1080
618 1089
618 1168
618 1249
619 745
620 739
620 864
620 934
620 1011
621 955
622 1119
623 1224
624 909
624 952
625 988
626 681
626 918
626 926
626 957
626 1017
626 1129
627 630
627 670
627 691
627 749
627 794
627 978
627 989
627 1136
627 1200
628 677
628 682
628 917
629 868
629 1045
630 670
630 749
630 764
630 859
630 978
630 1139
630 1200
631 767
631 824
632 794
632 991
632 1055
632 1136
632 1143
632 1200
632 1238
633 641
633 786
633 922
633 979
633 1050
633 1183
634 760
635 820
636 1024
637 793
637 888
637 1005
637 1061
637 1083
637 1086
637 1150
638 708
638 779
638 806
638 859
638 982
638 1013
638 1035
638 1161
638 1166
639 686
639 826
639 842
639 951
639 1019
639 1239
640 665
640 729
640 799
640 878
640 977
640 981
640 1058
640 1145
640 1158
640 1227
641 786
641 861
641 907
641 922
641 979
641 1050
641 1097
642 645
642 730
642 738
642 741
642 806
642 830
642 854
642 976
642 1005
642 1083
642 1124
642 1166
643 650
643 834
643 871
643 980
643 1102
644 867
644 1248
645 730
645 738
645 741
645 779
645 830
645 976
645 982
645 1083
645 1124
645 1166
645 1225
646 693
646 793
646 798
646 810
646 828
646 919
646 1065
646 1117
646 1165
647 1180
648 670
648 675
648 708
648 718
648 736
648 768
648 794
648 876
648 991
648 1035
648 1170
648 1206
648 1238
648 1243
649 700
649 915
649 983
650 834
650 1102
651 703
651 823
651 826
651 1104
651 1187
652 717
652 775
652 992
652 1213
653 709
653 983
653 1234
654 776
656 703
656 823
656 1026
656 1080
656 1168
656 1249
657 705
657 726
657 853
657 880
657 964
658 809
659 700
659 1228
660 818
663 870
663 885
663 949
663 966
663 990
663 1016
664 1207
665 729
665 799
665 878
665 977
665 981
665 1058
665 1071
665 1145
665 1158
665 1227
666 732
666 771
666 948
666 999
666 1164
666 1198
666 1211
667 718
667 731
667 741
667 768
667 876
667 899
667 960
667 976
667 982
667 1025
667 1040
667 1113
667 1120
667 1135
667 1206
668 963
669 812
669 908
669 986
669 1001
669 1096
669 1111
669 1184
669 1204
670 708
670 736
670 749
670 794
670 859
670 1035
670 1206
671 1215
672 915
672 932
673 880
673 1115
673 1192
674 1144
675 731
675 754
675 768
675 876
675 1112
675 1156
675 1170
675 1172
675 1183
675 1203
675 1231
676 754
676 817
676 991
676 1069
676 1112
676 1143
677 917
678 1000
679 702
679 756
679 862
679 918
679 926
679 1056
679 1129
680 689
680 837
680 872
680 977
680 978
680 981
680 1139
680 1145
680 1158
680 1229
680 1230
681 750
681 756
681 918
681 957
681 1129
682 721
683 714
683 829
683 906
684 689
684 742
684 983
684 1055
684 1088
684 1190
686 826
686 935
686 951
686 1239
688 763
688 864
688 900
688 997
688 999
688 1211
689 1088
690 777
690 839
690 912
690 1185
691 1068
691 1219
692 736
692 851
692 1037
692 1110
692 1134
693 778
693 798
693 810
693 852
693 1065
693 1095
695 987
696 783
696 808
696 1031
697 774
697 1221
697 1230
699 938
699 1116
700 744
700 913
700 1100
702 862
702 1169
702 1179
703 815
703 823
703 1187
704 937
704 1182
705 853
705 880
705 964
705 1157
705 1176
705 1203
706 767
706 824
706 936
706 1020
706 1063
707 722
707 744
707 886
707 1154
708 718
708 749
708 779
708 859
708 982
708 1013
708 1025
708 1035
708 1206
709 725
709 1054
709 1163
709 1189
710 908
710 986
710 1204
710 1240
712 1032
713 777
713 805
713 814
713 933
713 1116
715 1207
716 727
716 740
716 835
716 1028
716 1186
717 992
717 1213
718 731
718 749
718 794
718 876
718 899
718 960
718 982
718 1025
718 1040
718 1113
718 1136
718 1190
718 1200
718 1206
719 751
719 784
719 821
719 890
719 1015
719 1038
721 1235
722 905
722 1019
722 1154
723 1180
724 910
725 1054
725 1163
726 964
726 1093
727 753
727 835
728 875
728 901
728 1153
729 799
729 878
729 977
729 981
729 1145
730 741
730 830
730 854
730 976
730 979
730 982
730 1005
730 1050
730 1083
730 1120
730 1135
730 1166
731 771
731 876
731 899
731 960
731 1040
731 1136
731 1203
731 1206
732 948
732 999
732 1060
732 1070
732 1164
732 1198
732 1237
733 775
733 840
733 896
733 903
733 1041
733 1152
734 1205
735 1211
736 851
736 1013
736 1035
737 1000
738 806
738 878
738 911
738 914
738 1053
738 1124
738 1166
738 1225
739 769
739 864
739 869
739 885
739 934
739 949
739 966
740 764
740 868
740 1028
740 1186
741 768
741 830
741 854
741 899
741 976
741 982
741 1050
741 1120
741 1135
742 960
742 1055
742 1094
742 1099
742 1190
742 1222
743 970
744 913
744 1100
744 1154
746 773
746 879
746 932
746 1148
748 863
748 892
749 779
749 859
749 899
749 978
749 982
749 1025
749 1040
749 1113
749 1136
749 1190
749 1200
749 1206
751 890
751 1038
751 1181
752 1162
753 784
754 817
754 822
754 889
754 1030
754 1112
754 1156
754 1172
754 1243
755 1137
756 840
756 903
756 918
756 1129
756 1155
757 1101
757 1248
758 1018
759 1052
760 770
761 806
761 911
761 1141
761 1161
761 1166
762 993
762 1020
762 1241
763 785
763 864
763 900
763 997
763 999
763 1060
764 866
764 1186
767 824
767 936
767 1063
768 822
768 876
768 1035
768 1120
768 1135
768 1156
768 1172
768 1183
768 1206
768 1231
768 1243
769 869
769 900
769 949
769 966
769 997
771 887
771 1059
771 1176
771 1203
772 810
772 1065
772 1095
773 827
773 879
774 996
774 1202
774 1230
775 1152
777 912
777 938
777 1185
778 798
778 852
778 926
778 1065
778 1233
779 806
779 830
779 859
779 976
779 982
779 1025
779 1124
779 1166
779 1175
780 881
780 1075
781 1036
782 802
782 1014
782 1121
783 808
783 828
783 900
783 997
783 1060
783 1070
783 1164
783 1165
784 821
785 793
785 898
785 1011
785 1060
785 1165
786 811
786 854
786 861
786 979
786 1050
786 1064
786 1097
787 906
787 1029
789 1197
790 1059
790 1224
791 945
792 1085
793 810
793 828
793 1060
793 1070
793 1165
793 1216
794 991
794 1136
794 1143
794 1170
794 1200
794 1206
794 1238
796 1002
797 913
797 933
797 938
797 1228
798 919
798 1117
799 878
799 977
799 1026
799 1071
799 1145
799 1227
800 960
800 977
800 981
800 1113
800 1139
800 1190
800 1200
800 1229
802 1014
802 1121
803 825
803 904
803 1048
805 814
805 1116
806 911
806 914
806 1053
806 1124
806 1141
806 1161
806 1166
808 970
808 1031
808 1193
809 970
810 1065
810 1095
811 848
811 854
811 861
811 1061
811 1064
811 1086
811 1097
811 1106
811 1150
812 908
812 986
812 1096
812 1111
812 1184
812 1204
814 1116
815 819
815 823
817 889
817 1030
817 1112
817 1156
817 1172
817 1243
819 823
819 1090
820 1007
821 890
821 1038
821 1215
822 889
822 1030
822 1156
822 1172
822 1183
822 1231
822 1243
824 936
824 1086
826 842
826 951
826 1187
826 1239
827 879
827 946
828 1060
828 1070
828 1165
828 1168
828 1216
828 1237
830 976
830 982
830 1025
830 1083
830 1124
830 1166
831 850
832 1091
832 1101
832 1208
832 1209
834 871
834 1102
835 1015
835 1028
835 1186
837 872
837 977
837 978
837 981
837 989
837 1139
837 1145
837 1158
837 1229
839 1185
840 896
840 903
840 918
840 1041
840 1109
840 1129
840 1152
840 1155
841 872
841 1027
841 1058
841 1118
841 1158
841 1181
842 951
842 1019
844 937
844 988
844 1182
846 1027
846 1118
848 1064
848 1086
848 1097
848 1106
849 895
849 965
849 1128
849 1151
850 894
851 1110
851 1134
851 1171
852 1001
852 1065
852 1095
852 1096
852 1226
853 880
853 964
853 1157
853 1176
853 1203
854 888
854 979
854 1005
854 1050
854 1061
854 1083
854 1150
856 1092
856 1149
859 982
859 1035
860 1049
861 979
861 1064
861 1097
862 1056
862 1233
863 892
864 934
864 1011
865 870
865 965
865 1098
865 1128
865 1146
865 1151
866 930
866 1015
866 1038
866 1181
867 1248
868 1028
868 1045
869 949
869 966
869 997
870 1128
871 980
871 994
871 1102
872 1058
872 1118
872 1145
872 1158
872 1175
872 1181
873 882
873 904
873 1048
873 1105
874 1044
875 901
875 1153
875 1196
876 899
876 1040
876 1143
876 1170
876 1203
876 1206
876 1238
877 1221
878 977
878 1053
878 1124
878 1145
879 946
880 1094
880 1115
881 1075
882 904
882 1048
882 1105
884 1090
886 912
886 1066
886 1185
887 999
887 1114
887 1120
888 1005
888 1061
888 1083
888 1150
889 1030
889 1037
889 1112
889 1156
889 1172
889 1243
890 1038
894 1077
895 965
895 1128
895 1151
896 903
896 1041
896 1109
896 1152
896 1155
897 1044
898 934
898 1001
898 1011
898 1226
899 960
899 976
899 982
899 1025
899 1040
899 1113
899 1120
899 1200
899 1206
900 997
900 999
903 1041
903 1109
903 1152
903 1155
904 1048
904 1105
905 951
905 988
905 1019
905 1154
906 1244
907 922
907 1097
908 986
908 1111
908 1184
908 1204
908 1240
909 952
909 965
909 974
909 1098
909 1151
910 1103
912 1185
913 933
913 1100
914 1053
914 1058
914 1141
914 1166
914 1175
915 932
915 1148
918 1129
918 1155
919 1117
919 1165
923 1010
926 1056
926 1129
926 1233
928 1134
928 1171
930 996
931 1074
932 1148
933 1100
934 1011
936 1020
936 1063
937 1182
938 1116
944 959
944 1032
947 1121
948 1164
948 1198
949 966
949 997
950 971
950 1046
950 1091
950 1208
951 1019
951 1154
951 1239
954 969
954 1071
957 1017
958 1174
959 1032
960 1025
960 1040
960 1099
960 1113
960 1136
960 1190
960 1200
960 1222
963 1067
963 1195
964 1093
965 1098
965 1128
965 1146
965 1151
966 997
967 993
968 1069
968 1217
971 1091
971 1208
974 1140
976 982
976 1025
976 1050
976 1120
976 1124
976 1135
976 1166
977 981
977 1145
977 1229
978 989
978 1139
978 1229
979 1050
980 1102
981 1139
981 1145
981 1229
982 1025
982 1035
982 1166
982 1206
983 1055
983 1088
984 1084
986 1022
986 1111
986 1184
986 1204
986 1240
989 1139
989 1229
990 1016
991 1143
991 1170
991 1238
992 1213
993 1241
994 1046
994 1209
996 1153
996 1202
997 999
999 1060
999 1164
999 1198
999 1211
1001 1226
1004 1132
1005 1061
1005 1083
1005 1150
1008 1169
1008 1179
1013 1035
1015 1038
1016 1137
1017 1065
1017 1095
1017 1096
1019 1154
1019 1239
1020 1063
1021 1123
1022 1184
1022 1204
1025 1040
1025 1113
1025 1190
1025 1200
1025 1206
1027 1118
1028 1045
1028 1186
1030 1112
1030 1156
1030 1172
1030 1243
1031 1193
1035 1206
1037 1156
1037 1243
1038 1181
1040 1113
1040 1136
1040 1190
1040 1200
1040 1206
1041 1109
1041 1152
1041 1155
1042 1101
1045 1199
1046 1208
1046 1209
1048 1105
1049 1126
1050 1135
1053 1058
1054 1163
1055 1088
1055 1136
1055 1190
1056 1233
1058 1071
1058 1118
1058 1145
1058 1158
1058 1175
1058 1227
1059 1157
1059 1176
1060 1070
1060 1165
1060 1237
1061 1111
1061 1150
1064 1097
1064 1106
1065 1095
1070 1165
1070 1168
1070 1216
1070 1237
1071 1227
1073 1162
1073 1194
1074 1223
1076 1215
1080 1168
1080 1249
1083 1150
1086 1150
1087 1201
1088 1190
1089 1249
1090 1149
1091 1208
1091 1209
1092 1149
1094 1099
1094 1203
1094 1222
1095 1096
1096 1111
1096 1184
1098 1146
1098 1151
1099 1222
1102 1137
1104 1195
1110 1134
1111 1184
1111 1204
1112 1156
1112 1170
1112 1172
1112 1243
1113 1136
1113 1190
1113 1200
1113 1229
1114 1231
1115 1192
1118 1145
1118 1158
1118 1227
1120 1135
1124 1166
1124 1225
1125 1236
1128 1146
1128 1151
1132 1218
1134 1171
1135 1183
1135 1231
1136 1190
1136 1200
1136 1206
1136 1238
1139 1229
1141 1161
1141 1175
1143 1170
1143 1238
1145 1158
1145 1227
1146 1151
1152 1155
1153 1196
1156 1172
1156 1183
1156 1231
1156 1243
1157 1176
1157 1203
1158 1175
1158 1181
1158 1227
1161 1166
1162 1194
1163 1189
1164 1198
1168 1216
1168 1225
1168 1237
1168 1249
1169 1179
1169 1233
1170 1172
1170 1206
1170 1238
1172 1183
1172 1243
1175 1181
1176 1203
1183 1231
1183 1243
1184 1204
1190 1200
1190 1229
1196 1201
1198 1237
1199 1220
1200 1206
1204 1240
1207 1248
1208 1209
1216 1225
1216 1237
1225 1237
