0 2
0 7
0 44
0 58
0 66
0 81
0 101
0 121
0 131
0 228
0 263
0 265
0 282
0 289
0 308
0 335
0 351
0 355
0 392
0 449
0 459
0 463
0 497
0 725
0 771
0 774
0 832
0 841
0 861
0 965
0 979
0 1061
0 1102
0 1103
0 1121
0 1129
0 1142
1 3
1 4
1 6
1 15
1 16
1 21
1 34
1 47
1 48
1 61
1 66
1 88
1 166
1 179
1 200
1 250
1 258
1 336
1 409
1 461
1 469
1 505
1 531
1 538
1 603
1 630
1 652
1 688
1 722
1 787
1 817
1 910
1 918
1 960
1 1101
1 1125
1 1182
2 7
2 48
2 58
2 66
2 101
2 121
2 131
2 166
2 179
2 263
2 265
2 282
2 289
2 314
2 336
2 351
2 437
2 449
2 461
2 497
2 559
2 603
2 688
2 722
2 723
2 751
2 774
2 803
2 841
2 861
2 965
2 979
2 1102
2 1103
2 1129
2 1182
2 1239
3 6
3 11
3 16
3 19
3 21
3 33
3 47
3 48
3 61
3 71
3 88
3 129
3 145
3 179
3 200
3 213
3 244
3 251
3 258
3 393
3 432
3 461
3 469
3 495
3 505
3 538
3 603
3 630
3 671
3 688
3 696
3 698
3 722
3 787
3 793
3 918
3 949
3 960
3 1030
3 1108
3 1182
4 6
4 13
4 15
4 16
4 48
4 51
4 66
4 88
4 90
4 166
4 179
4 281
4 407
4 438
4 461
4 485
4 505
4 512
4 561
4 603
4 652
4 712
4 767
4 960
4 1087
4 1101
4 1125
4 1182
4 1188
4 1237
4 1239
5 7
5 12
5 43
5 101
5 131
5 141
5 449
5 599
5 653
5 725
5 821
5 958
5 1016
5 1028
5 1222
6 13
6 15
6 16
6 47
6 48
6 61
6 66
6 71
6 88
6 166
6 179
6 244
6 258
6 281
6 461
6 469
6 485
6 505
6 512
6 538
6 603
6 652
6 688
6 696
6 722
6 787
6 793
6 841
6 960
6 1101
6 1125
6 1182
6 1239
7 12
7 23
7 41
7 58
7 81
7 101
7 131
7 141
7 228
7 263
7 265
7 282
7 289
7 308
7 335
7 355
7 381
7 392
7 449
7 459
7 497
7 509
7 725
7 771
7 832
7 965
7 979
7 1028
7 1061
7 1102
7 1103
7 1214
8 605
8 745
8 758
8 950
8 994
8 1207
9 28
9 49
9 300
9 428
9 609
9 767
9 798
9 834
9 888
9 1248
10 44
10 98
10 119
10 155
10 228
10 263
10 308
10 355
10 392
10 418
10 459
10 463
10 600
10 644
10 771
10 785
10 832
10 847
10 1066
10 1119
10 1214
11 19
11 21
11 33
11 62
11 67
11 78
11 83
11 129
11 140
11 145
11 148
11 200
11 213
11 216
11 376
11 389
11 393
11 400
11 411
11 447
11 472
11 530
11 574
11 583
11 630
11 636
11 787
11 815
11 833
11 873
11 918
11 1044
11 1049
11 1137
11 1196
12 40
12 43
12 101
12 141
12 449
12 528
12 599
12 653
12 725
12 803
12 821
12 958
12 1016
12 1028
12 1222
13 15
13 48
13 51
13 90
13 103
13 118
13 166
13 281
13 333
13 403
13 485
13 527
13 561
13 652
13 712
13 774
13 902
13 1087
13 1101
13 1121
13 1125
13 1188
13 1239
14 50
14 69
14 79
14 110
14 196
14 567
14 719
14 805
14 831
14 1016
14 1183
15 48
15 61
15 66
15 88
15 90
15 166
15 179
15 281
15 407
15 438
15 461
15 485
15 505
15 512
15 603
15 652
15 696
15 712
15 787
15 796
15 960
15 1087
15 1101
15 1125
15 1182
15 1188
15 1237
15 1239
16 21
16 48
16 51
16 61
16 88
16 120
16 148
16 179
16 200
16 239
16 250
16 325
16 409
16 411
16 461
16 469
16 481
16 505
16 531
16 595
16 603
16 630
16 636
16 652
16 767
16 787
16 796
16 817
16 904
16 910
16 1101
16 1125
17 129
17 140
17 197
17 213
17 216
17 365
17 376
17 385
17 400
17 433
17 447
17 701
17 773
17 833
17 981
17 1000
17 1159
17 1196
17 1197
18 46
18 172
18 209
18 375
18 586
18 845
18 856
18 941
18 1156
19 21
19 33
19 62
19 67
19 78
19 83
19 129
19 140
19 145
19 148
19 200
19 210
19 213
19 216
19 376
19 389
19 393
19 400
19 411
19 472
19 530
19 574
19 583
19 630
19 636
19 787
19 815
19 833
19 873
19 918
19 1044
19 1049
19 1126
19 1137
19 1196
20 173
20 189
20 209
20 519
20 590
20 738
20 856
20 1206
20 1234
21 33
21 34
21 62
21 67
21 78
21 83
21 88
21 120
21 139
21 148
21 200
21 210
21 250
21 293
21 337
21 389
21 391
21 393
21 411
21 468
21 472
21 481
21 530
21 531
21 574
21 618
21 630
21 636
21 787
21 815
21 817
21 859
21 873
21 910
21 988
21 1043
21 1044
21 1049
21 1126
21 1137
22 91
22 674
22 730
22 735
22 768
23 41
23 211
23 282
23 371
23 381
23 449
23 509
23 655
23 725
23 986
23 1028
23 1061
23 1099
23 1189
24 72
24 102
24 135
24 136
24 338
24 640
24 664
24 762
24 1038
24 1146
24 1176
25 419
25 1105
26 415
26 474
26 554
26 734
26 836
26 888
26 1161
27 223
27 402
27 473
27 764
27 926
27 990
27 1069
27 1096
27 1175
28 49
28 239
28 300
28 428
28 609
28 673
28 767
28 1011
28 1135
28 1163
28 1248
29 276
29 569
29 845
29 1050
30 36
30 69
30 110
30 144
30 211
30 575
30 699
30 719
30 912
30 916
30 1183
31 52
31 96
31 124
31 175
31 231
31 253
31 352
31 364
31 389
31 417
31 506
31 562
31 700
31 707
31 733
31 825
31 901
31 968
31 976
31 1072
31 1122
31 1200
32 234
32 249
32 327
32 674
32 790
32 848
32 991
33 34
33 47
33 67
33 83
33 129
33 145
33 200
33 213
33 251
33 389
33 393
33 495
33 530
33 538
33 592
33 630
33 698
33 787
33 793
33 873
33 918
33 949
33 963
33 1030
33 1044
33 1049
33 1108
33 1137
34 47
34 65
34 88
34 148
34 179
34 200
34 251
34 336
34 337
34 389
34 393
34 468
34 469
34 538
34 630
34 722
34 751
34 873
34 910
34 918
35 589
35 944
36 69
36 110
36 144
36 211
36 575
36 699
36 719
36 912
36 916
36 1183
37 324
37 475
37 640
37 1038
37 1146
37 1216
38 261
38 311
38 869
38 937
38 1130
38 1149
39 205
39 1114
39 1224
40 127
40 266
40 342
40 414
40 477
40 653
40 821
40 887
40 1034
40 1042
40 1058
40 1222
41 81
41 211
41 265
41 282
41 371
41 381
41 449
41 655
41 725
41 779
41 986
41 1028
41 1061
41 1099
41 1189
41 1222
42 122
42 214
42 223
42 237
42 427
42 633
42 761
42 764
42 816
42 990
42 1175
42 1211
42 1240
43 141
43 196
43 528
43 599
43 653
43 1016
43 1028
44 58
44 131
44 155
44 169
44 228
44 263
44 289
44 308
44 335
44 355
44 392
44 418
44 459
44 463
44 509
44 644
44 659
44 725
44 771
44 785
44 832
44 847
44 1119
44 1214
44 1223
45 64
45 113
45 126
45 598
45 750
45 842
45 907
45 953
45 1047
45 1179
46 172
46 209
46 586
46 845
46 1156
47 48
47 61
47 66
47 71
47 88
47 121
47 145
47 166
47 179
47 244
47 251
47 258
47 336
47 351
47 437
47 461
47 469
47 495
47 538
47 592
47 603
47 630
47 671
47 688
47 698
47 722
47 723
47 751
47 787
47 793
47 841
47 918
47 949
47 960
47 1030
47 1108
47 1129
47 1182
47 1195
48 61
48 66
48 88
48 90
48 166
48 179
48 281
48 461
48 469
48 485
48 497
48 512
48 538
48 603
48 652
48 688
48 722
48 751
48 787
48 841
48 960
48 1087
48 1101
48 1102
48 1125
48 1182
48 1239
49 428
49 830
49 1248
50 69
50 110
50 144
50 287
50 567
50 681
50 699
50 719
50 831
50 1183
51 90
51 166
51 179
51 281
51 424
51 485
51 595
51 652
51 767
51 888
51 902
51 1101
51 1125
51 1161
51 1239
52 96
52 124
52 175
52 231
52 253
52 352
52 364
52 389
52 417
52 443
52 506
52 604
52 700
52 707
52 733
52 804
52 825
52 901
52 976
52 1073
52 1200
53 204
53 358
53 420
54 108
54 168
54 191
54 219
54 245
54 278
54 577
54 624
54 657
54 770
54 775
54 780
54 880
54 911
54 966
54 1090
54 1112
55 98
55 100
55 163
55 269
55 394
55 572
55 600
55 640
55 785
55 1147
55 1158
56 123
56 610
56 874
56 993
56 1141
57 496
57 578
57 850
57 1035
57 1235
58 66
58 81
58 101
58 121
58 131
58 166
58 228
58 263
58 265
58 282
58 289
58 308
58 335
58 351
58 355
58 392
58 449
58 459
58 463
58 497
58 559
58 725
58 771
58 774
58 832
58 841
58 965
58 979
58 1061
58 1087
58 1102
58 1103
58 1121
58 1142
59 330
59 339
60 221
60 272
60 423
60 619
60 679
60 786
60 1027
60 1201
61 66
61 71
61 88
61 121
61 145
61 166
61 179
61 244
61 251
61 258
61 336
61 351
61 432
61 437
61 461
61 469
61 495
61 497
61 538
61 603
61 630
61 671
61 688
61 696
61 722
61 751
61 787
61 793
61 841
61 918
61 949
61 960
61 1030
61 1108
61 1125
61 1129
61 1182
62 67
62 77
62 78
62 120
62 148
62 200
62 239
62 250
62 325
62 376
62 382
62 391
62 400
62 409
62 411
62 472
62 481
62 530
62 533
62 574
62 636
62 815
62 833
62 859
62 1137
62 1196
63 458
63 726
63 1236
64 113
64 126
64 168
64 598
64 907
64 1047
64 1179
65 127
65 251
65 336
65 437
65 443
65 468
65 590
65 592
65 723
65 751
65 803
65 910
65 958
65 963
66 88
66 90
66 121
66 166
66 179
66 265
66 281
66 289
66 314
66 336
66 351
66 437
66 461
66 469
66 485
66 497
66 538
66 559
66 603
66 652
66 688
66 722
66 723
66 751
66 774
66 803
66 841
66 960
66 965
66 979
66 1087
66 1102
66 1103
66 1125
66 1129
66 1182
66 1239
67 78
67 83
67 129
67 139
67 140
67 145
67 148
67 200
67 210
67 213
67 216
67 365
67 389
67 393
67 400
67 447
67 472
67 530
67 536
67 574
67 583
67 636
67 815
67 833
67 859
67 873
67 968
67 1043
67 1044
67 1049
67 1072
67 1122
67 1126
67 1137
67 1196
68 248
68 279
68 298
68 368
68 516
68 635
68 654
68 1117
68 1118
68 1213
69 110
69 144
69 567
69 699
69 719
69 805
69 831
69 1183
70 280
70 401
70 634
71 145
71 244
71 258
71 432
71 461
71 469
71 486
71 495
71 505
71 538
71 671
71 688
71 696
71 698
71 787
71 793
71 918
71 949
71 960
71 1030
71 1108
71 1182
72 102
72 135
72 136
72 338
72 640
72 664
72 1038
72 1146
72 1176
73 257
73 292
73 577
73 631
73 637
73 657
73 780
73 880
73 1106
74 105
74 177
74 201
74 214
74 223
74 226
74 237
74 473
74 633
74 972
74 1096
75 96
75 124
75 164
75 231
75 253
75 352
75 390
75 402
75 579
75 731
75 754
75 810
75 964
75 1073
75 1096
75 1172
76 137
76 296
76 582
76 903
76 1048
76 1092
77 80
77 239
77 244
77 250
77 318
77 325
77 376
77 382
77 407
77 409
77 505
77 696
77 787
77 796
77 1196
77 1237
78 83
78 129
78 139
78 140
78 148
78 200
78 210
78 213
78 216
78 365
78 389
78 393
78 400
78 426
78 447
78 470
78 472
78 530
78 536
78 574
78 583
78 636
78 815
78 833
78 859
78 873
78 968
78 1043
78 1044
78 1049
78 1072
78 1122
78 1126
78 1137
78 1196
79 245
79 421
79 758
79 824
79 831
79 966
79 1068
80 151
80 239
80 318
80 325
80 382
80 407
80 409
80 438
80 458
80 505
80 796
80 945
80 1237
81 118
81 131
81 263
81 265
81 282
81 289
81 333
81 381
81 449
81 644
81 655
81 725
81 774
81 779
81 832
81 847
81 857
81 940
81 956
81 979
81 1061
81 1087
81 1088
81 1102
81 1103
81 1121
81 1142
81 1189
82 92
82 182
82 675
82 1124
82 1162
83 129
83 139
83 140
83 145
83 148
83 200
83 210
83 213
83 216
83 293
83 337
83 389
83 393
83 400
83 411
83 472
83 530
83 574
83 583
83 630
83 636
83 815
83 833
83 859
83 873
83 918
83 968
83 988
83 1043
83 1044
83 1049
83 1072
83 1122
83 1126
83 1137
83 1196
84 222
84 273
84 522
84 647
84 737
85 97
85 729
85 1097
85 1221
86 112
86 328
86 695
87 192
87 240
87 321
87 551
87 612
87 629
87 745
88 148
88 166
88 179
88 200
88 250
88 258
88 336
88 409
88 461
88 469
88 505
88 531
88 538
88 603
88 630
88 652
88 688
88 722
88 787
88 817
88 910
88 918
88 960
88 1101
88 1125
88 1182
89 247
89 369
89 430
89 553
89 584
89 743
89 872
89 1166
89 1233
90 103
90 118
90 166
90 281
90 333
90 485
90 561
90 652
90 774
90 902
90 1087
90 1088
90 1101
90 1102
90 1121
90 1125
90 1142
90 1188
90 1239
91 452
91 656
91 674
91 735
91 768
91 1059
92 104
92 182
92 675
92 1124
93 203
93 218
93 279
93 372
93 434
93 456
93 516
93 517
93 1104
93 1213
94 413
94 672
94 682
94 1001
94 1037
94 1072
95 229
95 480
95 720
96 117
96 124
96 164
96 175
96 231
96 253
96 352
96 364
96 390
96 579
96 707
96 731
96 754
96 810
96 901
96 1073
97 128
97 496
97 729
97 850
97 886
97 1097
97 1221
97 1235
98 100
98 119
98 155
98 243
98 269
98 394
98 572
98 600
98 785
98 847
98 1066
98 1158
99 799
99 1063
100 163
100 243
100 288
100 394
100 459
100 463
100 572
100 600
100 785
100 900
100 977
100 1158
101 121
101 127
101 131
101 141
101 263
101 265
101 289
101 314
101 335
101 351
101 437
101 449
101 497
101 559
101 599
101 653
101 723
101 725
101 751
101 803
101 821
101 841
101 861
101 958
101 965
101 979
101 1028
101 1103
101 1129
101 1222
102 135
102 136
102 338
102 385
102 640
102 664
102 1038
102 1146
102 1176
103 118
103 243
103 269
103 281
103 288
103 333
103 403
103 467
103 485
103 520
103 527
103 561
103 572
103 600
103 616
103 736
103 774
103 847
103 956
103 1087
103 1121
103 1142
103 1188
103 1239
104 270
104 305
104 317
104 426
104 506
104 536
104 581
104 622
104 731
104 783
104 840
104 1124
105 142
105 177
105 202
105 230
105 344
105 402
105 518
105 545
105 599
105 697
105 716
105 861
105 926
105 1007
105 1015
105 1096
105 1195
106 373
106 406
106 618
106 678
106 904
106 1234
107 807
107 1204
108 191
108 219
108 257
108 278
108 418
108 577
108 880
108 895
108 1090
108 1112
108 1119
109 138
109 249
109 327
109 556
109 790
109 946
109 991
109 1023
109 1039
109 1059
110 144
110 211
110 567
110 699
110 719
110 805
110 831
110 912
110 1183
111 235
113 168
113 198
113 594
113 625
113 775
113 911
113 982
113 1140
114 971
114 1192
115 218
115 275
115 309
115 372
115 374
115 456
115 661
115 872
116 147
116 1170
116 1199
116 1203
117 164
117 231
117 253
117 352
117 579
117 707
117 764
117 804
117 901
117 990
117 1069
117 1073
117 1175
117 1200
118 243
118 281
118 333
118 403
118 467
118 485
118 520
118 527
118 561
118 616
118 736
118 774
118 902
118 940
118 956
118 1087
118 1121
118 1142
118 1188
118 1239
119 155
119 418
119 1066
119 1158
120 139
120 148
120 200
120 210
120 239
120 250
120 337
120 391
120 411
120 472
120 481
120 531
120 533
120 574
120 618
120 630
120 636
120 673
120 815
120 817
120 849
120 859
120 904
120 1011
120 1043
120 1062
120 1135
120 1137
120 1163
121 131
121 142
121 202
121 230
121 251
121 263
121 289
121 351
121 437
121 495
121 497
121 538
121 592
121 599
121 688
121 722
121 723
121 751
121 803
121 841
121 861
121 900
121 949
121 958
121 965
121 979
121 1030
121 1102
121 1103
121 1108
121 1129
121 1182
121 1195
122 214
122 237
122 427
122 761
122 816
122 1211
122 1240
123 197
123 252
123 334
123 385
123 524
123 610
123 706
123 773
123 874
123 898
123 981
123 1020
123 1025
123 1141
123 1159
123 1176
124 175
124 213
124 231
124 253
124 352
124 389
124 506
124 536
124 707
124 731
124 873
124 901
124 968
124 1000
124 1044
124 1049
124 1122
125 611
126 169
126 573
126 598
126 659
126 801
126 907
126 953
126 1047
126 1090
126 1179
127 266
127 314
127 336
127 342
127 425
127 477
127 590
127 721
127 723
127 751
127 803
127 821
127 958
127 1034
127 1042
127 1222
128 575
128 886
128 895
128 916
129 140
129 145
129 197
129 213
129 216
129 251
129 376
129 393
129 400
129 433
129 530
129 698
129 701
129 793
129 833
129 873
129 918
129 1044
129 1049
129 1108
129 1137
129 1196
130 297
130 329
130 349
130 673
130 830
130 893
130 927
130 955
130 1011
130 1062
130 1135
130 1163
131 228
131 263
131 265
131 282
131 289
131 308
131 335
131 351
131 355
131 392
131 449
131 459
131 463
131 497
131 599
131 725
131 771
131 774
131 832
131 841
131 861
131 965
131 979
131 1028
131 1061
131 1102
131 1103
131 1129
131 1142
131 1214
132 267
132 280
132 422
132 508
132 788
132 790
132 1093
133 162
133 198
133 255
133 625
133 876
133 930
133 1075
133 1140
133 1203
133 1208
134 167
134 286
134 388
134 462
134 749
134 922
134 1083
135 338
135 343
135 606
135 640
135 1038
135 1146
135 1216
136 150
136 385
136 524
136 664
136 706
136 762
136 981
136 1025
136 1159
136 1176
137 143
137 556
137 946
137 1048
137 1092
138 946
138 1023
138 1039
138 1224
139 148
139 200
139 210
139 293
139 337
139 391
139 411
139 470
139 472
139 481
139 530
139 533
139 574
139 583
139 618
139 636
139 682
139 815
139 859
139 873
139 896
139 968
139 988
139 1001
139 1043
139 1049
139 1072
139 1122
139 1126
139 1137
140 197
140 213
140 216
140 365
140 376
140 400
140 426
140 433
140 447
140 530
140 536
140 574
140 583
140 701
140 773
140 776
140 833
140 1000
140 1044
140 1049
140 1137
140 1196
141 202
141 335
141 449
141 473
141 528
141 599
141 653
141 861
141 926
141 958
141 1028
142 177
142 202
142 224
142 230
142 344
142 351
142 518
142 545
142 599
142 642
142 697
142 716
142 801
142 861
142 900
142 1007
142 1015
142 1195
142 1223
143 217
143 998
143 1134
144 567
144 699
144 719
144 805
144 1183
145 213
145 251
145 258
145 389
145 393
145 469
145 495
145 530
145 538
145 592
145 671
145 698
145 787
145 793
145 873
145 918
145 949
145 963
145 1030
145 1044
145 1108
145 1195
146 484
146 800
146 827
147 1199
147 1203
148 200
148 210
148 250
148 293
148 337
148 389
148 391
148 393
148 411
148 468
148 472
148 481
148 530
148 531
148 574
148 618
148 630
148 636
148 815
148 817
148 859
148 873
148 910
148 988
148 1043
148 1044
148 1049
148 1126
148 1137
149 283
149 466
149 562
149 645
149 668
149 677
149 870
149 999
149 1226
150 322
150 385
150 433
150 486
150 524
150 698
150 1197
151 252
151 726
151 945
151 1020
151 1025
152 220
152 235
152 709
153 206
153 238
153 262
153 295
153 346
153 621
153 1017
154 275
154 413
155 169
155 228
155 418
155 463
155 600
155 644
155 659
155 785
155 832
155 847
155 1066
155 1158
156 173
156 188
156 740
156 1078
157 212
157 1155
158 513
158 543
158 784
158 925
160 174
160 416
160 851
160 853
160 1150
160 1231
161 273
161 522
161 544
162 198
162 255
162 594
162 625
162 876
162 930
162 982
162 1140
163 243
163 288
163 394
163 459
163 463
163 572
163 600
163 785
163 900
163 977
163 1102
164 231
164 253
164 352
164 390
164 579
164 707
164 754
164 810
164 990
164 1069
164 1073
165 171
165 924
166 179
166 265
166 281
166 289
166 314
166 336
166 461
166 469
166 485
166 497
166 538
166 559
166 603
166 652
166 688
166 722
166 751
166 774
166 841
166 960
166 965
166 979
166 1087
166 1101
166 1102
166 1103
166 1121
166 1125
166 1182
166 1239
167 286
167 362
167 388
167 462
167 601
167 749
167 922
167 1083
168 219
168 245
168 594
168 624
168 770
168 775
168 911
168 966
168 982
168 1090
169 278
169 418
169 573
169 642
169 659
169 907
169 953
169 1090
169 1112
169 1119
169 1179
169 1214
169 1223
170 277
170 362
170 369
170 388
170 952
170 1054
170 1083
171 924
172 209
172 375
172 586
172 845
172 856
172 941
172 1156
173 188
173 189
173 670
173 738
173 740
173 856
173 1206
174 416
174 429
174 546
174 626
174 851
174 1067
175 231
175 253
175 352
175 389
175 506
175 536
175 562
175 581
175 682
175 700
175 707
175 901
175 968
175 976
175 1037
175 1072
175 1122
177 202
177 230
177 344
177 402
177 518
177 545
177 697
177 716
177 861
177 900
177 1007
177 1015
177 1096
177 1195
179 281
179 336
179 437
179 461
179 469
179 485
179 497
179 538
179 559
179 603
179 630
179 652
179 688
179 722
179 751
179 787
179 841
179 910
179 960
179 1101
179 1125
179 1182
179 1239
180 249
180 267
180 422
180 735
180 790
180 805
180 991
180 1023
180 1059
180 1093
182 675
182 1124
182 1162
183 806
183 969
183 1029
185 242
185 745
185 1204
186 445
186 540
186 549
186 689
186 1080
187 277
187 297
187 457
187 858
187 955
188 284
188 387
189 209
189 519
189 738
189 856
189 1206
189 1234
190 232
191 219
191 257
191 278
191 418
191 577
191 624
191 880
191 1090
191 1112
191 1119
192 240
192 321
192 551
192 612
192 629
192 745
193 496
193 575
193 649
193 1097
193 1114
193 1235
194 570
194 1228
195 1152
196 236
196 571
196 781
196 899
196 1016
197 216
197 334
197 365
197 376
197 385
197 400
197 433
197 447
197 701
197 706
197 773
197 833
197 981
197 1020
197 1025
197 1159
197 1196
198 255
198 625
198 876
198 1075
198 1140
198 1203
199 458
199 885
200 210
200 250
200 337
200 393
200 409
200 411
200 472
200 481
200 530
200 531
200 574
200 630
200 636
200 787
200 815
200 817
200 859
200 873
200 910
200 918
200 1043
200 1044
200 1049
200 1126
200 1137
201 612
201 633
201 807
201 1015
201 1172
202 230
202 351
202 402
202 437
202 495
202 545
202 592
202 599
202 697
202 723
202 861
202 926
202 949
202 958
202 963
202 965
202 1007
202 1015
202 1030
202 1129
202 1195
203 218
203 372
203 434
203 456
203 516
203 942
203 1104
204 358
204 420
205 254
205 998
206 238
206 262
206 295
206 346
206 621
206 1017
207 295
207 444
207 492
207 560
207 687
207 835
208 245
208 421
208 824
208 966
208 1068
208 1109
209 519
209 738
209 845
209 856
209 1156
209 1206
210 293
210 337
210 389
210 391
210 393
210 411
210 468
210 472
210 481
210 530
210 533
210 574
210 618
210 630
210 636
210 678
210 815
210 859
210 873
210 896
210 932
210 968
210 988
210 1043
210 1049
210 1072
210 1122
210 1126
210 1137
211 509
211 699
211 719
211 912
211 916
211 986
211 1099
212 1155
213 216
213 251
213 376
213 389
213 393
213 400
213 433
213 530
213 698
213 701
213 793
213 833
213 873
213 918
213 1044
213 1049
213 1108
213 1137
214 223
214 237
214 633
214 761
214 816
214 972
214 990
214 1096
215 535
215 945
215 1038
215 1045
215 1146
216 365
216 376
216 400
216 426
216 447
216 470
216 472
216 530
216 536
216 574
216 583
216 701
216 773
216 776
216 833
216 1000
216 1044
216 1049
216 1122
216 1137
216 1196
217 802
217 998
217 1134
218 372
218 434
218 456
218 661
218 866
218 942
218 1104
219 245
219 278
219 577
219 624
219 770
219 775
219 780
219 880
219 911
219 966
219 1090
219 1112
220 235
221 272
221 384
221 423
221 989
221 1201
222 273
222 284
222 522
222 544
222 647
222 737
223 226
223 473
223 528
223 633
223 711
223 764
223 926
223 990
223 1069
223 1096
223 1175
224 344
224 357
224 518
224 545
224 642
224 697
224 716
224 801
224 947
224 1007
224 1223
225 304
226 473
226 972
226 1240
227 875
228 263
228 289
228 308
228 335
228 355
228 392
228 449
228 459
228 463
228 509
228 697
228 725
228 771
228 785
228 832
228 847
228 965
228 979
228 1102
228 1103
228 1119
228 1214
228 1223
229 312
229 480
229 720
229 724
229 855
229 1190
230 251
230 351
230 402
230 437
230 495
230 545
230 592
230 793
230 861
230 900
230 949
230 963
230 1015
230 1030
230 1096
230 1108
230 1129
230 1195
231 253
231 352
231 390
231 579
231 707
231 754
231 901
231 1073
232 303
233 309
233 374
233 457
233 692
233 727
233 898
233 1055
234 848
234 1003
235 709
236 295
236 410
236 487
236 571
236 621
236 687
236 711
236 781
236 899
236 1148
236 1153
237 427
237 633
237 761
237 764
237 816
237 990
238 295
238 346
238 487
238 621
239 250
239 318
239 325
239 382
239 407
239 409
239 505
239 609
239 673
239 767
239 796
239 1011
239 1135
239 1163
239 1237
240 268
240 321
240 745
240 1208
241 542
241 591
241 669
241 742
241 852
242 745
242 950
242 972
242 994
242 1204
243 269
243 281
243 288
243 333
243 394
243 403
243 561
243 572
243 600
243 736
243 774
243 832
243 847
243 956
243 1087
243 1121
243 1142
244 258
244 325
244 376
244 382
244 409
244 432
244 433
244 461
244 505
244 538
244 671
244 696
244 698
244 787
244 793
244 918
244 960
244 1159
245 421
245 758
245 770
245 824
245 911
245 966
245 982
245 1068
245 1207
247 369
247 430
247 553
247 584
247 743
247 872
247 1166
248 279
248 298
248 368
248 516
248 635
248 654
248 1117
248 1118
248 1213
249 280
249 327
249 422
249 556
249 790
249 946
249 991
249 1023
249 1059
250 325
250 382
250 409
250 411
250 472
250 481
250 505
250 531
250 630
250 636
250 673
250 787
250 796
250 815
250 817
250 849
250 859
250 904
250 910
250 1011
250 1135
250 1137
251 351
251 393
251 402
251 437
251 469
251 495
251 538
251 592
251 688
251 698
251 723
251 793
251 861
251 873
251 918
251 949
251 963
251 1030
251 1044
251 1108
251 1129
251 1195
252 706
252 945
252 981
252 1020
252 1025
252 1159
252 1176
253 352
253 364
253 390
253 579
253 700
253 707
253 731
253 754
253 804
253 901
253 1073
253 1200
254 814
254 998
255 594
255 625
255 876
255 930
255 982
255 1140
255 1203
256 301
256 326
256 748
256 823
256 983
257 420
257 577
257 624
257 880
257 1112
258 325
258 376
258 409
258 432
258 461
258 469
258 505
258 538
258 671
258 688
258 696
258 698
258 787
258 793
258 918
258 960
258 1182
259 353
259 514
259 881
260 360
260 927
261 311
261 829
261 869
261 937
261 1149
262 346
262 564
262 1017
262 1060
263 265
263 282
263 289
263 308
263 335
263 351
263 355
263 392
263 449
263 459
263 463
263 497
263 725
263 771
263 774
263 832
263 841
263 965
263 979
263 1102
263 1103
263 1121
263 1142
263 1214
263 1223
264 316
264 451
264 720
265 282
265 289
265 314
265 381
265 424
265 449
265 497
265 559
265 725
265 751
265 774
265 803
265 832
265 841
265 965
265 979
265 1061
265 1088
265 1102
265 1103
265 1121
265 1142
265 1189
265 1222
265 1239
266 314
266 342
266 371
266 381
266 425
266 721
266 821
266 828
266 887
266 1028
266 1034
266 1042
266 1189
266 1222
267 422
267 508
267 788
267 790
268 321
268 818
268 1013
268 1205
268 1208
269 343
269 394
269 403
269 440
269 504
269 572
269 600
269 736
269 1158
270 305
270 317
270 622
270 639
270 744
270 783
270 840
270 862
270 1032
270 1212
272 384
272 423
272 679
272 786
272 1201
273 284
273 522
273 544
273 647
274 442
274 453
274 997
275 315
276 429
276 526
276 569
276 845
276 1050
276 1217
277 362
277 457
277 692
277 858
277 952
277 1054
277 1083
278 509
278 573
278 577
278 624
278 659
278 880
278 1090
278 1112
278 1119
278 1214
279 298
279 434
279 516
279 654
279 1118
279 1213
280 401
280 422
280 508
280 634
280 788
280 790
280 991
281 288
281 333
281 403
281 461
281 485
281 561
281 603
281 652
281 712
281 736
281 774
281 841
281 960
281 1087
281 1101
281 1102
281 1121
281 1125
281 1182
281 1188
281 1239
282 289
282 381
282 449
282 559
282 655
282 725
282 774
282 779
282 832
282 857
282 940
282 965
282 979
282 1061
282 1088
282 1099
282 1102
282 1103
282 1121
282 1142
282 1189
283 466
283 581
283 627
283 668
283 744
283 783
283 862
283 870
283 987
283 1212
283 1226
284 544
284 647
284 941
285 419
285 552
285 610
285 639
285 1000
285 1105
285 1141
286 388
286 462
286 685
286 749
286 952
286 1083
287 567
287 681
287 1111
288 394
288 403
288 572
288 600
288 736
288 960
288 1087
288 1102
288 1125
288 1182
289 308
289 335
289 351
289 355
289 392
289 449
289 459
289 463
289 497
289 725
289 771
289 774
289 832
289 841
289 861
289 965
289 979
289 1061
289 1102
289 1103
289 1121
289 1129
289 1142
289 1182
290 1010
290 1056
290 1154
291 454
291 465
291 724
291 855
291 1133
292 631
292 637
292 657
292 699
292 780
292 880
292 912
292 1106
292 1127
293 337
293 391
293 411
293 468
293 472
293 481
293 533
293 574
293 618
293 636
293 678
293 682
293 815
293 859
293 873
293 896
293 932
293 968
293 988
293 1001
293 1043
293 1049
293 1072
293 1122
293 1126
295 487
295 494
295 621
295 835
296 582
296 656
296 903
297 329
297 349
297 457
297 858
297 927
297 955
298 368
298 516
298 635
298 654
298 1117
298 1118
298 1213
300 428
300 609
300 834
301 326
301 748
302 309
302 315
302 374
302 378
302 391
302 470
302 533
302 583
302 596
302 727
302 776
302 1001
303 919
305 317
305 378
305 426
305 470
305 536
305 581
305 583
305 596
305 622
305 639
305 744
305 783
305 840
305 862
305 1001
305 1037
306 466
306 562
306 604
306 733
306 825
306 1171
307 498
307 923
307 1100
308 335
308 355
308 392
308 449
308 459
308 463
308 509
308 697
308 725
308 771
308 832
308 965
308 979
308 1102
308 1103
308 1119
308 1214
308 1223
309 315
309 329
309 349
309 374
309 457
309 727
311 829
311 869
311 937
311 1149
312 995
313 1008
313 1017
313 1060
314 336
314 424
314 497
314 559
314 722
314 723
314 751
314 803
314 821
314 841
314 965
314 1034
314 1042
314 1088
314 1103
314 1189
314 1222
315 349
315 374
315 391
315 470
315 533
315 727
315 776
315 1001
317 378
317 426
317 470
317 581
317 596
317 622
317 639
317 744
317 783
317 840
317 862
317 1031
317 1037
318 325
318 329
318 382
318 457
318 458
318 796
320 367
320 446
320 651
320 842
321 745
321 1208
322 385
322 433
322 486
322 524
322 698
322 964
322 1197
322 1232
324 475
325 376
325 382
325 407
325 409
325 432
325 438
325 505
325 512
325 696
325 787
325 796
325 1237
326 748
327 556
327 946
327 991
327 1039
328 597
328 695
328 1032
329 349
329 374
329 457
329 727
329 858
329 955
329 1135
330 339
331 517
331 890
331 942
331 1104
332 507
332 951
332 1225
333 403
333 467
333 485
333 520
333 561
333 616
333 736
333 774
333 940
333 956
333 1087
333 1121
333 1142
333 1188
333 1239
334 610
334 701
334 706
334 773
334 898
334 1025
334 1141
335 355
335 392
335 449
335 459
335 463
335 509
335 599
335 642
335 697
335 725
335 771
335 832
335 965
335 979
335 1103
335 1214
335 1223
336 424
336 437
336 461
336 469
336 497
336 538
336 559
336 590
336 603
336 688
336 722
336 723
336 751
336 803
336 841
336 910
336 1129
337 389
337 393
337 411
337 468
337 472
337 481
337 531
337 618
337 630
337 636
337 678
337 815
337 817
337 859
337 873
337 896
337 904
337 910
337 932
337 988
337 1043
337 1072
337 1126
338 606
338 945
338 1038
338 1146
338 1216
341 515
341 537
341 542
341 591
341 667
342 414
342 477
342 653
342 821
342 828
342 887
342 1034
342 1042
342 1058
342 1085
343 403
343 504
343 572
343 606
343 736
343 1216
344 357
344 473
344 518
344 545
344 642
344 697
344 716
344 801
344 947
344 1007
344 1015
344 1223
346 1017
347 491
347 615
347 772
348 415
348 424
348 474
348 663
348 1088
348 1189
348 1243
349 374
349 391
349 457
349 533
349 673
349 727
349 893
349 927
349 955
349 1011
349 1062
349 1135
349 1163
350 617
351 437
351 495
351 497
351 538
351 592
351 599
351 688
351 722
351 723
351 751
351 803
351 841
351 861
351 900
351 949
351 958
351 965
351 979
351 1030
351 1102
351 1103
351 1108
351 1129
351 1182
351 1195
352 364
352 390
352 506
352 579
352 707
352 731
352 754
352 901
352 1073
353 436
353 439
353 514
353 658
353 820
354 611
354 691
354 799
355 392
355 449
355 459
355 463
355 509
355 697
355 725
355 771
355 832
355 965
355 979
355 1102
355 1103
355 1119
355 1214
355 1223
356 732
356 1136
357 518
357 545
357 642
357 716
357 801
357 947
357 1007
357 1047
358 420
359 1067
360 927
361 399
361 455
361 493
361 565
361 650
362 369
362 388
362 749
362 952
362 1054
362 1083
363 410
363 445
363 742
363 759
363 1175
364 389
364 417
364 443
364 445
364 623
364 700
364 707
364 733
364 804
364 825
364 901
364 976
364 1200
365 376
365 400
365 426
365 447
365 530
365 536
365 583
365 701
365 773
365 776
365 833
365 898
365 1000
365 1049
365 1196
367 651
367 1230
368 654
368 987
368 1031
368 1117
369 952
369 1054
369 1083
370 408
370 601
370 809
370 1244
371 381
371 655
371 1028
371 1099
371 1189
371 1222
372 434
372 456
372 516
372 635
372 661
372 778
372 1164
373 406
373 531
373 595
373 618
373 817
373 849
373 879
373 904
373 910
373 1101
373 1161
374 457
374 727
374 858
375 586
375 619
375 1027
375 1156
376 382
376 400
376 432
376 433
376 447
376 505
376 701
376 833
376 1020
376 1137
376 1159
376 1196
377 398
377 753
377 1094
377 1184
378 426
378 470
378 536
378 583
378 596
378 622
378 744
378 862
378 1001
378 1031
378 1037
379 1003
379 1247
380 1198
381 449
381 655
381 725
381 779
381 1028
381 1061
381 1099
381 1189
381 1222
381 1243
382 407
382 409
382 432
382 505
382 696
382 787
382 796
382 1020
382 1196
382 1237
383 534
385 433
385 524
385 706
385 981
385 1020
385 1025
385 1159
385 1176
387 464
387 670
387 738
388 462
388 601
388 749
388 952
388 1076
388 1083
389 393
389 443
389 468
389 530
389 636
389 700
389 873
389 901
389 968
389 976
389 988
389 1044
389 1049
389 1072
389 1122
389 1126
390 731
390 754
390 810
390 997
390 1073
391 411
391 472
391 481
391 533
391 574
391 583
391 636
391 727
391 815
391 859
391 1043
391 1062
391 1126
391 1137
392 449
392 459
392 463
392 509
392 642
392 697
392 725
392 771
392 832
392 965
392 979
392 1102
392 1103
392 1214
392 1223
393 468
393 472
393 530
393 574
393 630
393 636
393 815
393 873
393 910
393 918
393 968
393 1044
393 1049
393 1108
393 1122
393 1126
393 1137
394 459
394 463
394 572
394 600
394 785
394 832
394 847
394 900
394 1102
394 1158
395 634
396 501
396 660
396 690
398 678
398 753
398 1094
398 1115
398 1184
399 587
399 808
400 426
400 447
400 472
400 530
400 536
400 574
400 583
400 701
400 773
400 776
400 815
400 833
400 1044
400 1049
400 1137
400 1196
401 634
402 495
402 592
402 810
402 926
402 949
402 963
402 990
402 1030
402 1069
402 1096
402 1108
402 1195
403 467
403 527
403 561
403 572
403 606
403 712
403 736
403 1087
403 1188
406 531
406 618
406 678
406 817
406 849
406 904
407 409
407 438
407 505
407 512
407 609
407 696
407 712
407 767
407 796
407 960
407 1125
407 1237
408 1244
409 432
409 505
409 512
409 630
409 696
409 787
409 796
409 1237
410 487
410 571
410 687
410 711
410 759
410 835
411 472
411 481
411 531
411 533
411 574
411 618
411 630
411 636
411 678
411 815
411 817
411 849
411 859
411 896
411 904
411 988
411 1043
411 1062
411 1126
411 1137
413 672
413 682
413 1001
414 477
414 586
414 689
414 781
414 812
414 887
414 899
414 1058
414 1085
414 1148
414 1153
415 424
415 474
415 663
415 734
415 836
415 879
415 1161
415 1218
416 429
416 526
416 626
416 851
416 853
416 1067
416 1231
417 443
417 468
417 604
417 623
417 700
417 733
417 740
417 804
417 825
417 901
417 976
417 1200
418 573
418 644
418 659
418 1090
418 1112
418 1119
418 1214
419 1105
419 1232
421 758
421 824
421 831
421 966
421 1068
421 1109
422 508
422 788
422 790
422 991
422 1093
423 619
423 679
423 786
423 1027
423 1201
424 474
424 559
424 751
424 879
424 1088
424 1101
424 1189
425 519
425 590
425 721
425 1034
425 1042
425 1222
426 447
426 470
426 536
426 583
426 622
426 639
426 701
426 731
426 773
426 776
426 833
426 840
426 1000
426 1037
426 1049
427 487
427 711
427 764
427 816
427 990
427 1175
427 1211
428 609
428 767
428 1011
428 1163
428 1248
429 464
429 526
429 626
429 851
429 1231
430 553
430 584
430 685
430 1166
430 1242
431 588
432 505
432 512
432 671
432 696
432 787
432 793
432 960
432 1159
433 524
433 671
433 698
433 701
433 706
433 833
433 981
433 1159
433 1196
433 1197
434 456
434 516
434 661
435 440
435 502
435 504
435 838
435 1004
435 1091
435 1120
435 1230
436 514
436 1132
436 1169
436 1229
437 469
437 495
437 497
437 538
437 592
437 599
437 603
437 688
437 722
437 723
437 751
437 793
437 803
437 841
437 861
437 918
437 949
437 958
437 963
437 965
437 1030
437 1103
437 1108
437 1129
437 1182
437 1195
438 505
438 512
438 696
438 712
438 796
438 1125
438 1188
438 1237
439 514
439 658
439 820
440 502
440 504
440 529
440 1120
441 1181
442 453
442 997
442 1172
443 445
443 623
443 700
443 707
443 733
443 804
443 825
443 901
443 963
443 976
443 1200
444 492
444 560
445 604
445 623
445 733
445 742
445 759
445 804
445 825
445 901
445 1200
447 470
447 530
447 536
447 574
447 583
447 701
447 773
447 776
447 833
447 898
447 1049
447 1137
447 1196
448 1005
448 1079
449 459
449 497
449 509
449 599
449 725
449 771
449 803
449 965
449 979
449 1028
449 1061
449 1102
449 1103
449 1214
449 1222
450 1246
452 656
452 768
452 828
452 903
453 997
454 465
454 1133
455 493
455 650
455 702
456 516
456 661
457 727
457 858
457 955
458 726
458 945
458 1236
459 463
459 697
459 725
459 771
459 774
459 785
459 832
459 841
459 847
459 900
459 965
459 979
459 1102
459 1103
459 1214
459 1223
461 469
461 485
461 497
461 505
461 512
461 538
461 603
461 652
461 688
461 696
461 722
461 751
461 787
461 793
461 841
461 918
461 960
461 1101
461 1125
461 1182
461 1239
462 523
462 601
462 749
462 1076
462 1083
463 600
463 697
463 771
463 774
463 785
463 832
463 847
463 900
463 965
463 979
463 1102
463 1103
463 1223
464 626
464 737
464 738
464 856
465 520
465 616
465 724
465 855
465 948
465 1133
466 562
466 581
466 645
466 668
466 870
466 999
466 1226
467 520
467 527
467 561
467 607
467 616
467 736
467 806
467 1188
468 618
468 630
468 636
468 873
468 896
468 910
468 932
468 976
468 988
468 1126
469 495
469 497
469 538
469 603
469 630
469 688
469 722
469 723
469 751
469 787
469 793
469 841
469 910
469 918
469 949
469 960
469 1030
469 1108
469 1125
469 1129
469 1182
470 536
470 574
470 583
470 744
470 968
470 1001
470 1037
470 1049
470 1072
470 1122
471 676
471 763
472 481
472 530
472 533
472 574
472 583
472 630
472 636
472 815
472 833
472 859
472 873
472 988
472 1043
472 1044
472 1049
472 1072
472 1122
472 1126
472 1137
472 1196
473 528
473 599
473 716
473 926
474 663
474 734
474 836
474 879
474 1088
474 1161
475 640
475 1146
475 1216
476 823
476 1193
477 623
477 653
477 689
477 821
477 887
477 958
477 1034
477 1042
477 1058
478 677
478 739
479 928
479 989
480 720
481 531
481 533
481 574
481 618
481 630
481 636
481 673
481 678
481 815
481 817
481 849
481 859
481 904
481 1043
481 1062
481 1126
481 1135
481 1137
482 747
483 1185
484 664
484 762
484 800
485 559
485 561
485 603
485 652
485 722
485 774
485 841
485 1087
485 1101
485 1102
485 1121
485 1125
485 1182
485 1188
485 1239
486 671
486 698
486 900
486 977
487 571
487 621
487 687
487 711
487 835
488 638
488 827
489 617
489 1177
490 769
490 1021
491 615
491 772
492 560
492 812
492 899
492 1148
492 1153
492 1167
493 650
494 513
494 560
494 1111
495 538
495 592
495 671
495 688
495 698
495 722
495 723
495 793
495 861
495 918
495 949
495 963
495 1030
495 1108
495 1129
495 1195
496 578
496 649
496 850
496 886
496 1035
496 1040
496 1097
496 1221
496 1235
497 559
497 603
497 688
497 722
497 723
497 751
497 774
497 803
497 841
497 861
497 965
497 979
497 1102
497 1103
497 1129
497 1182
498 923
498 1100
499 631
499 637
499 1106
499 1109
500 906
501 660
502 504
502 838
502 1004
502 1091
502 1120
503 679
503 786
503 1201
504 838
504 1091
504 1120
505 512
505 696
505 787
505 796
505 960
505 1125
505 1237
506 536
506 562
506 581
506 731
506 840
506 968
506 1037
506 1122
507 951
508 788
508 790
508 1093
509 725
509 771
509 986
509 1119
509 1214
510 553
510 584
512 696
512 712
512 796
512 960
512 1125
512 1188
512 1237
513 560
514 658
514 820
515 537
515 667
515 1079
516 654
516 1117
516 1118
516 1213
517 890
517 1104
518 545
518 642
518 697
518 716
518 801
518 900
518 947
518 1007
518 1015
518 1223
519 590
519 721
519 845
519 856
519 1034
519 1042
519 1206
519 1234
520 561
520 616
520 940
520 948
520 956
520 1190
522 544
522 647
523 601
523 749
523 1076
523 1244
524 706
524 981
524 1159
524 1176
524 1232
526 626
526 851
526 1231
527 561
527 607
527 616
527 712
527 736
527 806
527 1188
528 599
528 653
528 926
528 958
530 536
530 574
530 583
530 636
530 815
530 833
530 873
530 968
530 1044
530 1049
530 1072
530 1122
530 1126
530 1137
530 1196
531 595
531 618
531 630
531 636
531 815
531 817
531 849
531 859
531 904
531 910
532 1116
533 574
533 636
533 815
533 859
533 1001
533 1043
533 1062
533 1126
535 1045
535 1095
536 583
536 731
536 840
536 968
536 1000
536 1037
536 1044
536 1049
536 1122
537 667
538 592
538 603
538 630
538 671
538 688
538 698
538 722
538 723
538 751
538 787
538 793
538 841
538 918
538 949
538 960
538 1030
538 1108
538 1129
538 1182
538 1195
540 549
540 679
540 689
540 786
540 1080
540 1201
541 905
542 591
542 669
542 852
543 925
545 697
545 716
545 801
545 900
545 947
545 1007
545 1015
545 1223
546 626
546 1067
547 587
547 808
548 837
548 1118
548 1213
549 679
549 689
549 786
549 1080
549 1201
550 846
550 851
551 629
551 1018
551 1205
552 639
552 1032
552 1124
553 584
553 1166
554 686
554 715
554 1002
556 891
556 946
556 991
556 1023
556 1059
557 855
557 1133
558 811
558 1130
558 1217
559 603
559 722
559 723
559 751
559 803
559 841
559 965
559 979
559 1061
559 1088
559 1102
559 1103
559 1189
559 1222
559 1239
560 1167
561 616
561 652
561 712
561 736
561 902
561 956
561 1087
561 1121
561 1188
561 1239
562 581
562 1171
562 1226
565 650
565 974
567 681
567 699
567 719
567 831
567 1183
568 632
568 683
568 914
568 938
569 845
569 1050
570 1228
571 621
571 687
571 711
571 781
571 899
572 600
572 736
572 1158
573 642
573 659
573 907
573 953
573 1090
573 1112
573 1119
573 1179
573 1223
574 583
574 630
574 636
574 815
574 833
574 859
574 873
574 968
574 1043
574 1044
574 1049
574 1072
574 1122
574 1126
574 1137
574 1196
575 895
575 912
575 916
575 1097
577 624
577 880
577 1112
578 662
578 850
578 917
578 1035
578 1235
579 707
579 764
579 804
579 901
579 990
579 1069
579 1073
579 1175
579 1200
580 967
580 1035
580 1040
581 668
581 744
581 783
581 840
581 862
581 870
581 1037
581 1226
582 656
582 903
583 636
583 776
583 815
583 833
583 968
583 1001
583 1037
583 1043
583 1049
583 1072
583 1122
583 1126
583 1137
583 1196
584 1166
585 818
585 1013
585 1205
586 828
586 887
586 1058
586 1085
586 1156
587 808
588 1160
589 944
590 623
590 721
590 1034
590 1042
590 1206
591 669
591 852
592 723
592 793
592 861
592 918
592 926
592 949
592 963
592 1030
592 1108
592 1129
592 1195
593 643
593 939
594 876
594 911
594 930
594 982
594 1140
594 1207
595 652
595 767
595 817
595 879
595 888
595 904
595 910
595 1101
595 1161
596 622
596 635
596 1031
596 1117
597 641
597 778
597 1164
598 907
598 953
598 1179
599 653
599 697
599 716
599 723
599 861
599 926
599 958
599 965
599 1129
600 736
600 785
600 832
600 847
600 956
600 1121
600 1158
601 809
601 1076
601 1244
603 652
603 688
603 722
603 751
603 787
603 793
603 841
603 910
603 960
603 1101
603 1102
603 1125
603 1182
603 1239
604 700
604 733
604 742
604 804
604 825
604 901
604 976
604 1171
604 1200
605 930
605 950
605 994
605 1207
605 1225
606 712
606 1038
606 1146
606 1216
607 798
607 834
607 1188
609 673
609 767
609 796
609 1011
609 1135
609 1163
609 1237
609 1248
610 706
610 773
610 898
610 1141
610 1232
612 807
613 894
613 1173
614 834
615 772
616 948
616 956
618 636
618 678
618 817
618 849
618 859
618 896
618 904
618 910
618 932
618 988
618 1043
618 1126
619 679
619 786
619 1027
619 1167
619 1201
620 1131
621 687
621 711
621 835
622 639
622 744
622 783
622 840
622 862
623 689
623 804
623 1200
623 1206
624 770
624 775
624 880
624 911
624 1090
624 1112
625 876
625 1075
625 1140
625 1203
626 1067
627 744
627 862
627 987
627 1031
627 1212
627 1226
629 1018
629 1205
630 636
630 787
630 815
630 817
630 859
630 873
630 904
630 910
630 918
630 1137
631 637
631 657
631 780
631 880
631 912
631 1106
632 672
632 914
632 1171
633 816
633 972
633 990
633 1096
635 654
635 695
635 778
635 1117
635 1164
636 815
636 817
636 859
636 873
636 910
636 988
636 1043
636 1044
636 1049
636 1126
636 1137
637 657
637 780
637 880
637 912
637 1106
639 840
640 1146
640 1147
640 1216
641 778
641 1164
642 659
642 697
642 716
642 801
642 947
642 1007
642 1214
642 1223
643 939
644 832
644 847
644 857
644 956
644 1066
644 1121
644 1142
645 677
645 843
645 999
646 924
647 941
647 1130
649 729
649 1035
649 1040
649 1097
649 1221
649 1235
650 974
651 1230
652 767
652 1087
652 1101
652 1125
652 1188
652 1239
653 821
653 958
653 1016
653 1028
653 1222
654 1031
654 1117
654 1118
655 662
655 725
655 779
655 857
655 986
655 1061
655 1099
655 1189
655 1219
655 1243
656 768
656 903
657 699
657 780
657 880
657 895
657 912
657 1106
658 820
659 785
659 907
659 953
659 1090
659 1112
659 1179
659 1214
659 1223
660 737
661 778
661 872
661 1164
662 779
662 886
662 917
662 1099
662 1219
662 1243
663 715
663 734
663 836
663 879
663 1218
664 762
664 800
665 728
665 743
665 839
665 872
665 1215
665 1233
666 806
666 969
666 1029
666 1123
668 783
668 870
668 999
668 1162
668 1212
669 852
670 738
671 688
671 696
671 698
671 787
671 793
671 918
671 949
671 960
671 977
671 1030
671 1108
671 1195
672 682
672 794
672 914
672 1226
673 830
673 849
673 893
673 955
673 1011
673 1062
673 1135
673 1163
674 735
674 768
674 848
674 1059
675 971
675 1162
676 763
677 843
677 999
678 753
678 849
678 859
678 896
678 932
678 988
678 1043
679 786
679 1201
681 1183
682 896
682 968
682 988
682 1001
682 1037
682 1072
682 1122
682 1126
683 938
686 715
686 1002
686 1218
687 759
687 835
688 722
688 723
688 751
688 787
688 793
688 841
688 861
688 918
688 949
688 960
688 965
688 1030
688 1102
688 1103
688 1108
688 1125
688 1129
688 1182
688 1195
689 1058
689 1080
689 1148
692 921
693 802
695 1032
696 787
696 796
696 960
696 1125
696 1237
697 716
697 801
697 861
697 900
697 1007
697 1015
697 1223
698 793
698 918
698 949
698 964
698 1030
698 1108
698 1195
699 719
699 880
699 912
699 1183
700 707
700 733
700 804
700 825
700 901
700 976
700 1200
701 773
701 833
701 1000
701 1196
701 1197
704 1138
706 874
706 981
706 1020
706 1025
706 1159
706 1176
707 733
707 804
707 901
707 976
707 1069
707 1073
707 1200
708 717
708 1191
710 826
710 980
710 1107
711 764
711 1175
712 736
712 1125
712 1188
712 1237
713 933
715 734
715 889
715 1218
716 801
716 947
716 1007
716 1223
719 831
719 912
719 1183
721 1034
721 1042
721 1222
722 723
722 751
722 803
722 841
722 861
722 910
722 965
722 979
722 1030
722 1102
722 1103
722 1129
722 1182
722 1239
723 751
723 803
723 841
723 861
723 949
723 958
723 963
723 965
723 1030
723 1103
723 1108
723 1129
723 1195
724 855
724 948
724 1190
725 771
725 965
725 979
725 1028
725 1061
725 1099
725 1103
725 1214
726 945
726 1045
726 1236
727 776
728 743
728 839
728 1187
728 1215
728 1233
729 1097
729 1221
730 891
730 1082
731 754
731 964
731 1000
733 742
733 804
733 825
733 901
733 976
733 1171
733 1200
734 836
734 879
734 1161
734 1218
735 768
735 805
735 1059
735 1111
736 1087
736 1188
738 856
738 1234
740 1078
743 872
743 1215
743 1233
744 783
744 840
744 862
744 987
744 1001
744 1031
744 1037
744 1226
745 972
745 1204
746 1021
748 983
749 952
749 1076
749 1083
750 842
750 973
750 1075
751 803
751 841
751 861
751 965
751 979
751 1102
751 1103
751 1129
751 1182
752 777
752 1050
753 1094
753 1115
753 1184
754 997
755 1033
755 1143
758 824
758 911
758 1068
758 1207
760 1018
761 816
761 1211
762 800
764 926
764 990
764 1069
764 1073
764 1096
764 1175
765 795
765 1150
765 1231
767 888
767 1011
767 1101
767 1163
767 1237
767 1248
768 1059
769 1021
770 775
770 780
770 911
770 966
770 1068
770 1109
771 832
771 965
771 979
771 1103
771 1119
771 1214
771 1223
772 868
773 776
773 833
773 898
773 1196
774 832
774 841
774 847
774 857
774 956
774 965
774 979
774 1061
774 1087
774 1102
774 1103
774 1121
774 1142
774 1239
775 911
776 833
776 898
776 1055
776 1196
778 1164
779 857
779 940
779 1061
779 1099
779 1142
779 1189
779 1190
779 1219
779 1243
780 880
780 912
780 966
780 1106
781 812
781 899
781 1058
781 1085
781 1148
781 1153
782 871
783 840
783 862
783 870
783 987
783 1212
785 1158
786 1201
787 793
787 918
787 960
787 1108
787 1125
787 1182
788 790
790 991
790 1059
790 1093
791 1160
793 918
793 949
793 960
793 1030
793 1108
793 1182
793 1195
794 1074
795 889
795 1150
795 1231
796 1011
796 1163
796 1237
797 814
797 863
797 1039
797 1224
798 834
798 996
798 1144
798 1248
801 947
801 1007
801 1015
801 1047
801 1223
803 821
803 841
803 861
803 958
803 965
803 1034
803 1042
803 1103
803 1129
803 1222
804 825
804 901
804 976
804 1069
804 1200
805 1059
805 1183
806 969
806 1029
809 1076
810 964
810 1096
810 1172
811 941
811 1130
811 1217
812 899
812 1058
812 1085
812 1148
812 1153
812 1167
815 833
815 859
815 873
815 988
815 1043
815 1044
815 1049
815 1072
815 1126
815 1137
815 1196
816 972
816 1211
817 849
817 859
817 904
817 910
818 919
818 1013
818 1205
819 908
819 1077
820 1084
821 887
821 958
821 1028
821 1034
821 1042
821 1222
822 1193
823 983
824 911
824 966
824 1068
824 1109
824 1207
825 901
825 976
825 1171
825 1200
828 887
829 937
829 1149
829 1246
830 849
830 893
830 927
830 1011
830 1062
830 1115
830 1135
830 1163
831 1183
832 847
832 857
832 956
832 979
832 1061
832 1102
832 1103
832 1121
832 1142
833 1044
833 1049
833 1137
833 1196
836 888
836 1161
836 1218
837 894
837 1174
837 1213
838 1004
838 1091
838 1120
840 862
841 861
841 960
841 965
841 979
841 1030
841 1102
841 1103
841 1129
841 1182
841 1239
842 973
843 999
843 1162
844 865
844 1138
845 856
845 1156
847 857
847 956
847 1066
847 1121
847 1142
849 859
849 904
849 1011
849 1062
849 1135
850 917
850 967
850 1035
850 1235
851 1231
853 1231
855 1133
855 1190
856 1156
856 1234
857 940
857 956
857 1061
857 1099
857 1121
857 1142
857 1190
857 1219
858 955
859 896
859 988
859 1043
859 1062
859 1126
859 1137
860 1045
861 949
861 958
861 963
861 965
861 979
861 1030
861 1103
861 1108
861 1129
861 1195
862 870
862 987
862 1031
862 1212
865 1138
866 942
866 1104
867 909
869 937
869 1130
869 1149
870 999
870 1212
872 1233
873 918
873 968
873 988
873 1044
873 1049
873 1072
873 1122
873 1126
873 1137
874 993
874 1009
874 1025
876 930
876 982
876 1140
877 1192
879 904
879 1161
879 1234
880 895
880 912
880 1106
881 1036
886 917
886 1235
887 1034
887 1042
887 1058
887 1085
888 1101
888 1161
888 1248
889 1231
890 942
890 1104
891 946
891 1082
893 927
893 955
893 1062
893 1135
893 1163
894 1173
895 912
895 916
895 986
895 1219
896 932
896 988
896 1043
896 1072
896 1126
898 1055
899 1058
899 1085
899 1148
899 1153
900 977
900 1007
900 1015
900 1195
901 976
901 1073
901 1200
902 1088
902 1190
904 910
907 953
907 1047
907 1090
907 1179
908 1077
911 966
911 982
911 1068
911 1109
912 916
913 1051
916 986
916 1219
918 949
918 963
918 1030
918 1044
918 1108
918 1195
919 1013
923 1100
926 958
926 963
926 990
926 1069
926 1096
926 1175
927 955
928 929
930 982
930 1140
932 988
935 970
937 1149
940 956
940 1061
940 1121
940 1142
940 1190
940 1243
941 1027
941 1156
942 1104
945 1020
945 1038
945 1146
946 991
946 1023
946 1039
947 1007
947 1015
947 1047
948 996
949 963
949 1030
949 1108
949 1129
949 1195
950 972
950 994
950 1041
950 1225
950 1240
952 1054
952 1083
953 1047
953 1179
955 1135
956 1087
956 1121
956 1142
958 1129
960 1125
960 1182
963 1030
963 1069
963 1108
963 1129
963 1195
964 1172
964 1197
965 979
965 1102
965 1103
965 1129
965 1182
966 1068
966 1109
967 1035
968 988
968 1037
968 1044
968 1049
968 1072
968 1122
968 1126
969 1029
972 994
972 1204
973 1075
975 1241
976 1200
979 1061
979 1087
979 1102
979 1103
979 1121
979 1129
979 1142
979 1182
979 1239
980 1107
981 1020
981 1025
981 1159
981 1176
982 1068
982 1140
982 1207
984 985
985 1139
986 1099
986 1119
986 1219
987 1031
987 1212
987 1226
988 1043
988 1072
988 1122
988 1126
990 1069
990 1073
990 1096
990 1175
991 1023
991 1059
993 1009
994 1041
994 1225
994 1240
996 1089
996 1144
998 1048
998 1092
1001 1031
1001 1037
1001 1072
1004 1091
1004 1120
1005 1079
1007 1015
1007 1223
1008 1060
1010 1056
1010 1154
1011 1062
1011 1135
1011 1163
1012 1079
1013 1205
1013 1208
1015 1096
1015 1195
1016 1028
1020 1025
1020 1159
1020 1176
1022 1070
1023 1059
1025 1159
1025 1176
1028 1222
1030 1108
1030 1129
1030 1182
1030 1195
1031 1117
1033 1143
1034 1042
1034 1222
1035 1040
1035 1235
1037 1072
1037 1122
1038 1146
1038 1216
1040 1221
1040 1235
1042 1222
1043 1049
1043 1062
1043 1072
1043 1126
1043 1137
1044 1049
1044 1108
1044 1122
1044 1137
1047 1179
1048 1092
1049 1072
1049 1122
1049 1126
1049 1137
1049 1196
1054 1083
1056 1154
1058 1085
1058 1148
1058 1153
1061 1088
1061 1099
1061 1102
1061 1103
1061 1121
1061 1142
1061 1189
1062 1135
1062 1163
1066 1158
1068 1109
1068 1207
1069 1073
1069 1096
1069 1175
1072 1122
1072 1126
1073 1175
1074 1145
1075 1203
1075 1208
1085 1148
1085 1153
1085 1167
1087 1102
1087 1121
1087 1125
1087 1142
1087 1188
1087 1239
1088 1189
1088 1239
1089 1123
1089 1144
1090 1112
1090 1119
1090 1179
1090 1214
1091 1120
1093 1224
1094 1115
1094 1184
1096 1172
1097 1114
1097 1221
1097 1235
1099 1189
1099 1219
1099 1243
1101 1125
1101 1161
1101 1239
1102 1103
1102 1121
1102 1129
1102 1142
1102 1182
1102 1239
1103 1121
1103 1129
1103 1142
1103 1182
1103 1239
1105 1124
1108 1129
1108 1195
1112 1119
1116 1155
1118 1213
1119 1214
1121 1142
1121 1239
1122 1126
1125 1182
1125 1188
1125 1237
1125 1239
1126 1137
1129 1182
1129 1195
1130 1217
1132 1169
1132 1229
1135 1163
1137 1196
1142 1239
1146 1216
1147 1230
1148 1153
1148 1167
1150 1231
1153 1167
1158 1230
1159 1176
1161 1218
1161 1248
1169 1229
1170 1203
1182 1239
1187 1215
1188 1239
1189 1222
1189 1243
1190 1243
1197 1232
1206 1234
1211 1240
1214 1223
1215 1233
1221 1235
