0 6
0 17
0 23
0 34
0 54
0 100
0 137
0 155
0 185
0 186
0 188
0 249
0 340
0 341
0 385
0 429
0 451
0 493
0 512
0 563
0 704
0 709
0 738
0 754
0 889
0 921
0 955
0 1023
0 1127
0 1131
1 2
1 3
1 6
1 7
1 8
1 11
1 67
1 76
1 95
1 98
1 109
1 113
1 136
1 161
1 169
1 186
1 279
1 292
1 301
1 302
1 310
1 320
1 340
1 341
1 429
1 448
1 451
1 545
1 563
1 781
1 835
1 858
1 921
1 924
1 955
1 977
1 1011
1 1223
2 3
2 11
2 67
2 76
2 95
2 98
2 109
2 113
2 136
2 161
2 169
2 186
2 208
2 279
2 292
2 301
2 302
2 309
2 310
2 316
2 320
2 340
2 429
2 448
2 451
2 545
2 547
2 608
2 781
2 818
2 835
2 858
2 897
2 921
2 924
2 955
2 977
2 1195
2 1223
3 11
3 29
3 67
3 69
3 113
3 135
3 136
3 169
3 240
3 292
3 301
3 302
3 310
3 320
3 324
3 448
3 521
3 550
3 558
3 605
3 679
3 781
3 835
3 853
3 924
3 1011
3 1044
3 1195
3 1213
3 1223
4 7
4 8
4 95
4 98
4 186
4 279
4 320
4 340
4 357
4 429
4 434
4 456
4 502
4 631
4 680
4 711
4 770
4 885
4 897
4 907
4 921
4 997
5 13
5 74
5 106
5 247
5 273
5 369
5 468
5 513
5 661
5 722
5 1063
5 1081
5 1089
6 18
6 34
6 53
6 61
6 72
6 76
6 113
6 156
6 161
6 292
6 300
6 301
6 310
6 334
6 335
6 341
6 344
6 401
6 451
6 521
6 545
6 563
6 644
6 654
6 704
6 738
6 740
6 752
6 755
6 766
6 835
6 858
6 924
6 955
6 1011
6 1214
6 1241
7 8
7 95
7 98
7 137
7 186
7 279
7 320
7 340
7 357
7 418
7 429
7 434
7 456
7 502
7 563
7 631
7 680
7 711
7 885
7 897
7 907
7 921
7 960
7 997
7 1131
7 1170
8 95
8 98
8 137
8 186
8 279
8 320
8 340
8 357
8 418
8 429
8 434
8 456
8 502
8 563
8 631
8 680
8 711
8 885
8 897
8 907
8 921
8 960
8 997
8 1127
8 1131
8 1170
9 16
9 342
9 364
9 600
9 630
9 884
9 994
9 1206
10 48
10 51
10 88
10 125
10 128
10 133
10 190
10 207
10 213
10 226
10 262
10 284
10 294
10 331
10 431
10 436
10 484
10 551
10 570
10 701
10 881
10 883
10 932
10 979
10 1109
10 1229
10 1248
11 29
11 67
11 69
11 72
11 89
11 113
11 135
11 136
11 169
11 240
11 292
11 301
11 302
11 304
11 310
11 324
11 448
11 521
11 558
11 605
11 679
11 781
11 835
11 853
11 858
11 924
11 955
11 1011
11 1044
11 1195
11 1213
11 1223
12 66
12 529
13 74
13 106
13 247
13 273
13 369
13 468
13 513
13 661
13 722
13 776
13 1063
13 1081
14 197
14 691
14 923
14 996
14 1100
14 1118
14 1150
15 25
15 75
15 240
15 256
15 302
15 418
15 550
15 558
15 976
15 1122
15 1147
15 1223
16 145
16 263
16 630
16 994
16 1206
17 22
17 23
17 54
17 68
17 88
17 102
17 111
17 137
17 155
17 188
17 193
17 213
17 226
17 229
17 249
17 261
17 262
17 284
17 385
17 414
17 493
17 494
17 564
17 709
17 731
17 754
17 786
17 1023
17 1069
17 1127
17 1131
17 1170
18 33
18 63
18 76
18 154
18 156
18 161
18 196
18 265
18 309
18 335
18 341
18 344
18 383
18 451
18 458
18 512
18 545
18 656
18 738
18 740
18 752
18 753
18 755
18 766
18 792
18 807
18 826
18 835
18 858
18 925
18 926
18 941
18 971
18 990
18 1066
18 1139
18 1241
19 44
19 73
19 87
19 104
19 110
19 124
19 155
19 188
19 210
19 214
19 265
19 311
19 385
19 411
19 494
19 704
19 729
19 740
19 826
19 837
19 939
19 1005
19 1066
19 1241
20 22
20 65
20 231
20 365
20 435
20 559
20 624
20 627
20 919
20 985
20 1051
20 1094
20 1099
20 1136
21 261
21 338
21 387
21 601
21 685
21 719
21 911
21 957
21 1069
21 1167
22 23
22 102
22 147
22 229
22 296
22 493
22 512
22 617
22 627
22 709
22 731
22 786
22 919
22 985
22 1023
22 1051
22 1094
22 1099
22 1127
23 54
23 68
23 88
23 102
23 111
23 137
23 147
23 155
23 188
23 193
23 226
23 229
23 249
23 261
23 262
23 296
23 385
23 414
23 456
23 493
23 494
23 563
23 564
23 709
23 731
23 754
23 786
23 1023
23 1069
23 1099
23 1127
23 1131
23 1170
24 180
24 1228
25 67
25 69
25 75
25 240
25 256
25 324
25 418
25 448
25 550
25 558
25 814
25 976
25 1122
25 1147
25 1223
26 236
26 330
26 358
26 562
26 579
26 765
26 1230
26 1236
28 725
29 45
29 47
29 61
29 67
29 69
29 72
29 90
29 109
29 113
29 135
29 136
29 151
29 169
29 187
29 230
29 292
29 301
29 304
29 310
29 324
29 334
29 521
29 545
29 605
29 654
29 679
29 705
29 781
29 816
29 835
29 853
29 858
29 924
29 949
29 955
29 977
29 1006
29 1011
29 1195
29 1210
29 1215
29 1223
30 233
30 372
30 390
30 566
30 646
31 80
31 149
31 244
31 323
31 377
31 544
31 746
31 848
31 874
31 905
31 1053
32 44
32 141
32 152
32 198
32 204
32 214
32 405
32 411
32 479
32 488
32 495
32 518
32 644
32 707
32 809
32 837
32 927
32 953
32 1031
32 1096
32 1101
32 1134
33 55
33 63
33 140
33 154
33 160
33 201
33 383
33 438
33 458
33 497
33 595
33 918
33 941
33 971
33 1018
33 1027
33 1129
33 1139
34 53
34 61
34 72
34 87
34 161
34 188
34 292
34 300
34 310
34 334
34 335
34 341
34 344
34 385
34 401
34 451
34 521
34 545
34 563
34 644
34 654
34 704
34 738
34 740
34 752
34 755
34 766
34 835
34 858
34 955
34 1011
34 1214
34 1241
35 407
35 593
35 668
35 728
35 1079
35 1085
35 1201
36 46
36 332
36 460
36 572
36 585
36 803
36 828
36 856
36 1172
37 212
37 405
37 488
37 707
37 988
37 1015
38 83
38 164
38 223
38 232
38 323
38 347
38 389
38 408
38 464
38 574
38 905
38 944
38 954
38 1038
39 56
39 177
39 450
39 623
39 721
39 914
39 1197
40 50
40 73
40 110
40 112
40 124
40 140
40 173
40 210
40 224
40 352
40 381
40 490
40 527
40 632
40 664
40 666
40 789
40 831
40 890
40 1027
40 1071
40 1183
41 759
42 68
42 102
42 111
42 147
42 150
42 179
42 190
42 226
42 229
42 391
42 414
42 436
42 569
42 641
42 643
42 670
42 780
42 786
42 881
42 932
42 933
42 979
42 1036
42 1083
42 1178
43 91
43 250
43 345
43 623
43 761
43 820
43 911
43 1146
43 1197
44 87
44 141
44 152
44 204
44 214
44 311
44 411
44 479
44 495
44 644
44 704
44 809
44 837
44 889
44 953
44 1096
44 1101
45 47
45 83
45 90
45 109
45 151
45 156
45 187
45 196
45 230
45 244
45 308
45 309
45 347
45 408
45 505
45 679
45 924
45 977
45 1006
45 1053
45 1142
45 1210
46 57
46 332
46 460
46 511
46 803
46 856
46 1172
47 83
47 90
47 151
47 156
47 187
47 196
47 230
47 244
47 308
47 309
47 347
47 408
47 816
47 924
47 949
47 977
47 1006
47 1053
47 1142
47 1210
48 51
48 82
48 125
48 128
48 207
48 294
48 346
48 397
48 431
48 467
48 484
48 551
48 570
48 653
48 701
48 1033
48 1052
48 1109
48 1112
48 1116
48 1240
48 1248
49 460
49 573
49 604
49 734
49 803
49 931
49 1155
49 1172
50 73
50 110
50 112
50 121
50 124
50 140
50 154
50 210
50 265
50 336
50 352
50 383
50 458
50 490
50 494
50 497
50 527
50 666
50 729
50 731
50 789
50 831
50 918
50 926
50 951
50 1027
50 1066
50 1183
51 125
51 128
51 133
51 207
51 294
51 346
51 397
51 431
51 467
51 484
51 551
51 570
51 653
51 701
51 1052
51 1109
51 1116
51 1248
52 209
52 672
53 61
53 72
53 89
53 192
53 300
53 325
53 334
53 341
53 344
53 401
53 451
53 479
53 521
53 545
53 644
53 654
53 696
53 704
53 738
53 755
53 766
53 955
53 1011
53 1214
54 68
54 100
54 102
54 137
54 155
54 185
54 186
54 188
54 193
54 249
54 261
54 262
54 345
54 385
54 434
54 563
54 564
54 680
54 709
54 754
54 889
54 911
54 921
54 1023
54 1069
54 1127
54 1131
54 1170
55 154
55 227
55 296
55 316
55 370
55 382
55 512
55 559
55 595
55 608
55 624
55 854
55 865
55 919
55 928
55 971
55 985
55 1099
55 1129
55 1139
56 450
56 555
56 653
56 721
56 761
57 283
57 332
57 511
57 688
58 312
58 376
58 380
58 459
58 553
58 647
58 757
58 969
58 1095
59 282
59 844
59 867
59 902
60 112
60 336
60 381
60 533
60 543
60 831
60 1050
60 1183
61 72
61 89
61 90
61 151
61 156
61 230
61 300
61 310
61 325
61 334
61 341
61 344
61 401
61 451
61 479
61 545
61 644
61 654
61 696
61 704
61 705
61 738
61 755
61 766
61 816
61 955
61 990
61 1011
61 1214
61 1215
61 1241
62 173
62 224
62 415
62 427
62 444
62 593
62 668
62 947
62 962
62 1071
62 1079
62 1087
62 1098
62 1201
63 73
63 124
63 140
63 154
63 156
63 161
63 201
63 210
63 265
63 335
63 383
63 458
63 512
63 656
63 740
63 752
63 753
63 755
63 766
63 792
63 807
63 826
63 925
63 926
63 941
63 971
63 990
63 1066
63 1139
63 1241
64 92
64 108
64 120
64 216
64 455
64 1072
64 1233
65 231
65 268
65 435
65 471
65 998
65 1051
65 1136
65 1235
66 529
67 69
67 113
67 135
67 136
67 169
67 240
67 292
67 301
67 302
67 310
67 320
67 324
67 448
67 521
67 550
67 558
67 605
67 679
67 781
67 835
67 853
67 858
67 924
67 955
67 1011
67 1195
67 1213
67 1223
68 88
68 102
68 111
68 137
68 147
68 190
68 193
68 213
68 226
68 229
68 249
68 261
68 262
68 345
68 391
68 414
68 436
68 564
68 643
68 709
68 754
68 780
68 786
68 881
68 911
68 932
68 979
68 1023
68 1069
68 1127
68 1131
68 1170
69 135
69 169
69 240
69 304
69 324
69 448
69 521
69 550
69 558
69 605
69 628
69 679
69 853
69 949
69 1011
69 1044
69 1135
69 1195
69 1213
69 1223
69 1226
70 83
70 146
70 182
70 373
70 724
70 807
70 925
70 1018
71 232
71 350
71 464
71 574
71 684
71 954
71 1038
72 89
72 151
72 230
72 292
72 300
72 310
72 325
72 334
72 341
72 344
72 401
72 451
72 521
72 545
72 644
72 654
72 679
72 696
72 704
72 705
72 738
72 755
72 766
72 816
72 835
72 858
72 924
72 955
72 1011
72 1214
72 1215
73 104
73 110
73 121
73 124
73 140
73 155
73 188
73 210
73 265
73 352
73 383
73 458
73 493
73 494
73 512
73 589
73 656
73 666
73 729
73 731
73 740
73 753
73 826
73 918
73 926
73 939
73 951
73 1005
73 1066
73 1183
74 225
74 247
74 468
74 513
74 722
75 240
75 256
75 320
75 418
75 448
75 694
75 885
75 976
75 1122
75 1147
75 1223
76 95
76 109
76 113
76 136
76 156
76 161
76 292
76 301
76 309
76 310
76 316
76 335
76 341
76 382
76 451
76 545
76 608
76 752
76 766
76 781
76 835
76 858
76 924
76 941
76 955
76 971
76 977
76 1210
77 203
77 287
77 940
77 974
77 1082
78 138
78 234
78 359
78 466
78 660
79 97
79 904
80 90
80 187
80 244
80 308
80 351
80 544
80 705
80 785
80 874
80 905
80 913
80 949
80 950
80 1006
80 1053
80 1059
80 1092
81 491
81 530
81 1154
81 1199
82 125
82 128
82 133
82 207
82 346
82 388
82 431
82 546
82 570
82 653
82 701
82 1033
82 1109
82 1116
82 1208
82 1240
83 244
83 308
83 347
83 373
83 389
83 408
83 724
83 912
83 1006
83 1038
83 1053
83 1142
84 217
84 223
84 225
84 347
84 389
84 602
84 912
84 944
84 1042
85 94
85 138
85 234
85 359
85 447
85 660
85 980
87 155
87 188
87 265
87 311
87 341
87 344
87 385
87 411
87 656
87 704
87 729
87 738
87 740
87 755
87 766
87 809
87 826
87 837
87 889
87 939
87 953
87 1066
87 1096
87 1241
88 102
88 111
88 125
88 147
88 190
88 193
88 213
88 226
88 229
88 249
88 262
88 284
88 294
88 345
88 391
88 414
88 436
88 484
88 564
88 701
88 709
88 786
88 877
88 881
88 883
88 932
88 979
88 1023
88 1036
88 1069
88 1248
89 135
89 159
89 192
89 304
89 324
89 325
89 334
89 401
89 445
89 521
89 605
89 644
89 654
89 679
89 696
89 993
89 1011
89 1037
89 1135
89 1214
89 1215
90 151
90 156
90 187
90 196
90 230
90 244
90 304
90 308
90 334
90 654
90 679
90 705
90 799
90 816
90 874
90 924
90 949
90 1006
90 1053
90 1092
90 1142
90 1215
91 250
91 424
91 623
91 761
91 809
91 1013
91 1146
91 1197
92 216
92 455
92 1072
92 1233
93 142
93 649
94 980
95 98
95 109
95 113
95 136
95 169
95 186
95 279
95 292
95 301
95 310
95 316
95 320
95 340
95 357
95 429
95 451
95 781
95 818
95 835
95 858
95 897
95 919
95 921
96 504
96 728
96 890
96 984
98 113
98 136
98 169
98 186
98 279
98 292
98 301
98 302
98 310
98 320
98 340
98 357
98 418
98 429
98 434
98 448
98 451
98 563
98 680
98 781
98 835
98 858
98 897
98 921
99 511
100 137
100 185
100 192
100 249
100 387
100 563
100 680
100 754
100 809
100 820
100 837
100 889
100 911
100 960
100 1096
100 1131
100 1214
101 413
101 524
101 525
101 598
101 628
101 638
101 700
101 749
101 774
101 959
101 1113
102 111
102 137
102 147
102 190
102 193
102 213
102 226
102 229
102 249
102 261
102 262
102 345
102 391
102 414
102 436
102 456
102 493
102 564
102 643
102 709
102 754
102 780
102 786
102 877
102 881
102 932
102 1023
102 1069
102 1127
102 1131
102 1170
103 194
103 426
103 611
103 650
103 756
103 1075
103 1194
104 110
104 121
104 155
104 188
104 193
104 243
104 284
104 331
104 385
104 493
104 494
104 537
104 564
104 589
104 617
104 686
104 709
104 729
104 731
104 939
104 1005
104 1066
104 1229
105 116
105 430
105 555
105 727
105 842
105 1222
106 119
106 178
106 206
106 247
106 273
106 307
106 329
106 369
106 481
106 514
106 661
106 722
106 776
106 999
106 1063
106 1081
107 114
107 122
107 880
107 1225
108 120
108 274
108 328
108 1072
109 113
109 136
109 156
109 161
109 169
109 208
109 292
109 301
109 309
109 310
109 316
109 335
109 382
109 451
109 505
109 545
109 547
109 608
109 781
109 818
109 835
109 858
109 924
109 941
109 955
109 977
109 1195
109 1210
110 121
110 124
110 140
110 155
110 210
110 265
110 352
110 383
110 458
110 490
110 494
110 512
110 527
110 589
110 656
110 666
110 729
110 731
110 740
110 753
110 789
110 826
110 918
110 926
110 939
110 951
110 1005
110 1066
110 1183
111 147
111 179
111 190
111 193
111 213
111 226
111 229
111 249
111 261
111 391
111 414
111 436
111 564
111 643
111 780
111 786
111 877
111 881
111 932
111 933
111 979
111 1023
111 1036
111 1069
111 1127
111 1131
111 1170
112 336
112 381
112 457
112 490
112 497
112 533
112 543
112 789
112 831
112 951
112 1050
112 1054
112 1183
113 136
113 161
113 169
113 186
113 279
113 292
113 301
113 302
113 310
113 316
113 320
113 340
113 429
113 448
113 451
113 545
113 547
113 781
113 818
113 835
113 858
113 921
113 924
113 955
113 977
113 1011
113 1195
113 1223
114 122
114 209
114 708
114 880
114 1225
115 164
115 223
115 327
115 524
115 602
115 638
115 1024
115 1059
116 430
116 555
116 842
118 181
118 212
118 305
118 838
118 900
118 1022
118 1037
118 1193
119 127
119 178
119 206
119 247
119 307
119 329
119 370
119 481
119 514
119 553
119 742
119 757
119 776
119 938
119 999
119 1063
119 1095
120 138
120 234
120 274
120 328
120 1072
121 124
121 158
121 210
121 251
121 494
121 543
121 589
121 666
121 729
121 915
121 939
121 1005
121 1183
122 813
122 880
123 195
123 496
123 548
123 610
123 845
124 140
124 173
124 210
124 265
124 277
124 352
124 383
124 458
124 490
124 527
124 656
124 666
124 729
124 740
124 753
124 792
124 826
124 926
124 939
124 1066
124 1070
124 1183
124 1241
125 128
125 133
125 190
125 207
125 213
125 226
125 294
125 345
125 431
125 436
125 467
125 546
125 570
125 653
125 701
125 881
125 883
125 932
125 979
125 1109
125 1208
125 1248
126 170
126 175
126 469
126 584
126 717
127 329
127 348
127 469
127 500
127 553
127 742
127 757
127 822
127 999
127 1041
128 133
128 190
128 207
128 213
128 294
128 388
128 431
128 436
128 467
128 546
128 570
128 653
128 701
128 881
128 932
128 979
128 1109
128 1208
128 1248
129 270
129 441
129 565
129 810
129 935
129 1088
131 152
131 518
131 772
131 779
131 841
131 867
131 1031
131 1101
132 958
132 1230
133 190
133 207
133 213
133 294
133 345
133 388
133 431
133 467
133 546
133 570
133 653
133 701
133 761
133 932
133 979
133 1109
133 1208
133 1248
134 312
134 376
134 647
134 969
135 240
135 304
135 306
135 324
135 521
135 605
135 659
135 679
135 949
135 1011
135 1037
135 1135
135 1213
136 161
136 169
136 186
136 208
136 292
136 301
136 302
136 310
136 320
136 340
136 448
136 451
136 545
136 547
136 679
136 781
136 818
136 835
136 853
136 858
136 921
136 924
136 955
136 977
136 1011
136 1195
136 1223
137 185
137 186
137 249
137 261
137 414
137 434
137 456
137 563
137 680
137 719
137 754
137 911
137 921
137 960
137 1023
137 1069
137 1127
137 1131
137 1170
138 234
138 660
139 178
139 206
139 247
139 273
139 307
139 316
139 382
139 505
139 547
139 586
139 608
139 722
139 776
139 818
139 938
139 1081
140 154
140 210
140 265
140 352
140 383
140 458
140 490
140 493
140 494
140 497
140 512
140 617
140 656
140 666
140 729
140 731
140 740
140 752
140 753
140 789
140 918
140 926
140 951
140 1027
140 1066
140 1183
141 152
141 153
141 198
141 204
141 400
141 405
141 479
141 488
141 495
141 518
141 690
141 707
141 953
141 975
141 1015
141 1031
141 1101
141 1134
141 1211
142 280
142 655
142 1089
142 1191
143 439
143 723
144 254
144 501
144 1008
145 655
145 963
145 1029
145 1206
146 182
146 373
146 724
146 807
146 925
146 1018
147 179
147 226
147 229
147 249
147 261
147 391
147 414
147 435
147 436
147 569
147 643
147 670
147 780
147 786
147 877
147 881
147 933
147 1036
147 1127
147 1170
147 1178
148 268
148 314
148 575
148 670
148 877
148 998
148 1094
149 252
149 323
149 339
149 905
150 179
150 423
150 546
150 641
150 726
150 735
150 932
150 933
150 979
150 1036
150 1083
151 187
151 196
151 230
151 244
151 300
151 304
151 308
151 325
151 334
151 506
151 654
151 705
151 799
151 816
151 874
151 949
151 1006
151 1053
151 1215
152 153
152 204
152 214
152 411
152 479
152 495
152 518
152 772
152 927
152 953
152 1031
152 1096
152 1101
152 1134
153 198
153 214
153 246
153 400
153 432
153 479
153 507
153 591
153 927
153 1031
154 160
154 201
154 265
154 335
154 383
154 438
154 458
154 497
154 512
154 595
154 752
154 753
154 918
154 926
154 941
154 951
154 971
154 1027
154 1129
154 1139
155 188
155 193
155 262
155 265
155 311
155 385
155 411
155 493
155 494
155 512
155 564
155 589
155 704
155 709
155 729
155 731
155 738
155 740
155 754
155 837
155 889
155 939
155 1023
155 1066
156 161
156 196
156 230
156 300
156 309
156 335
156 341
156 344
156 451
156 545
156 654
156 656
156 752
156 753
156 755
156 766
156 792
156 807
156 835
156 858
156 924
156 925
156 941
156 977
156 990
156 1210
156 1241
157 394
157 487
157 515
157 640
157 692
157 715
157 898
157 901
158 251
158 290
158 375
158 543
158 632
158 831
158 915
159 167
159 192
159 424
159 445
159 521
159 644
159 820
159 993
159 1013
159 1146
159 1214
160 201
160 383
160 438
160 457
160 458
160 470
160 497
160 533
160 595
160 624
160 865
160 890
160 918
160 951
160 1027
160 1054
160 1129
161 196
161 292
161 301
161 309
161 310
161 316
161 335
161 341
161 451
161 545
161 738
161 752
161 755
161 766
161 781
161 835
161 858
161 924
161 941
161 955
161 971
161 977
161 990
161 1210
162 402
163 248
163 413
163 959
164 223
164 232
164 323
164 327
164 389
164 419
164 464
164 602
164 629
164 944
164 954
164 1024
165 271
166 255
166 406
166 992
167 192
167 305
167 445
167 521
167 993
167 1037
167 1214
168 1123
169 208
169 240
169 292
169 301
169 302
169 310
169 324
169 448
169 505
169 547
169 679
169 781
169 818
169 835
169 853
169 858
169 924
169 955
169 977
169 1011
169 1195
169 1210
169 1223
170 175
170 348
170 355
170 469
170 500
170 584
170 717
170 742
170 1041
170 1114
170 1184
171 181
171 191
171 215
171 306
171 384
171 517
171 659
171 838
171 900
171 1022
171 1193
172 363
172 847
173 224
173 352
173 415
173 490
173 527
173 664
173 666
173 753
173 789
173 926
173 1070
173 1071
173 1079
173 1098
174 199
174 271
174 572
174 828
175 312
175 469
175 584
175 674
175 717
175 1148
176 184
176 220
176 319
176 604
176 703
177 623
177 713
177 721
177 914
178 206
178 247
178 307
178 329
178 370
178 481
178 608
178 722
178 757
178 776
178 938
178 999
178 1095
179 226
179 229
179 268
179 391
179 414
179 436
179 569
179 643
179 670
179 780
179 786
179 881
179 932
179 933
179 979
179 1036
179 1083
179 1178
180 1228
181 191
181 305
181 306
181 659
181 838
181 900
181 1022
181 1037
181 1193
182 201
182 373
182 427
182 444
182 724
182 807
182 925
182 947
182 1018
183 520
183 871
184 220
184 319
184 498
184 703
185 192
185 249
185 563
185 754
185 809
185 820
185 837
185 889
185 911
185 960
185 1096
185 1131
185 1214
186 249
186 279
186 292
186 296
186 301
186 310
186 320
186 340
186 429
186 434
186 448
186 451
186 456
186 563
186 680
186 754
186 835
186 858
186 897
186 921
186 955
186 1099
186 1127
186 1131
187 230
187 244
187 304
187 308
187 544
187 679
187 705
187 816
187 874
187 949
187 950
187 1006
187 1053
187 1092
187 1215
188 193
188 262
188 265
188 341
188 385
188 411
188 493
188 494
188 512
188 564
188 704
188 709
188 729
188 731
188 738
188 740
188 754
188 837
188 889
188 939
188 1023
188 1066
189 663
189 681
189 1108
189 1112
189 1120
190 193
190 207
190 213
190 226
190 229
190 294
190 345
190 391
190 431
190 436
190 546
190 570
190 701
190 786
190 881
190 883
190 932
190 979
190 1036
190 1069
190 1208
190 1248
191 306
191 384
191 517
191 557
191 659
191 716
191 838
191 900
191 913
191 1022
191 1193
191 1242
192 401
192 405
192 424
192 445
192 521
192 644
192 809
192 820
192 993
192 1013
192 1146
192 1214
193 213
193 226
193 229
193 249
193 261
193 262
193 284
193 294
193 345
193 385
193 436
193 493
193 564
193 686
193 709
193 754
193 786
193 881
193 883
193 1023
193 1248
194 426
194 650
194 968
194 1243
195 548
195 714
195 1072
195 1202
196 230
196 258
196 269
196 300
196 308
196 309
196 335
196 344
196 373
196 454
196 545
196 654
196 753
196 755
196 766
196 792
196 807
196 924
196 925
196 941
196 990
196 1053
196 1142
196 1241
197 228
197 691
197 765
197 923
197 996
197 1100
198 325
198 400
198 479
198 495
198 690
198 696
198 975
198 1015
199 271
200 245
201 383
201 438
201 595
201 925
201 947
201 1018
201 1027
201 1129
201 1139
202 406
202 425
202 700
202 732
202 1113
203 909
203 1082
204 405
204 411
204 424
204 445
204 479
204 488
204 495
204 644
204 707
204 809
204 837
204 889
204 953
204 1096
204 1101
204 1134
205 478
205 759
206 247
206 307
206 329
206 369
206 370
206 481
206 722
206 757
206 776
206 777
206 854
206 938
206 999
207 213
207 294
207 345
207 431
207 436
207 467
207 546
207 551
207 570
207 653
207 701
207 932
207 979
207 1052
207 1109
207 1116
207 1208
207 1248
208 217
208 273
208 297
208 302
208 505
208 542
208 547
208 586
208 781
208 793
208 818
208 853
208 977
208 1002
208 1081
208 1102
208 1195
208 1223
210 265
210 352
210 383
210 458
210 490
210 494
210 527
210 656
210 666
210 729
210 740
210 753
210 792
210 826
210 926
210 939
210 1066
210 1183
210 1241
211 425
211 648
212 305
213 226
213 229
213 262
213 284
213 294
213 345
213 391
213 431
213 436
213 484
213 564
213 570
213 701
213 786
213 877
213 881
213 883
213 932
213 979
213 1036
213 1248
214 311
214 772
214 927
214 953
214 1030
214 1031
215 272
215 859
216 455
216 1233
217 225
217 297
217 389
217 505
217 542
217 547
217 1002
217 1042
218 603
218 622
218 1040
219 228
219 235
219 330
219 540
219 562
219 702
219 743
219 765
219 923
219 1032
219 1133
219 1249
220 367
220 517
220 535
220 557
220 703
220 716
220 763
220 929
220 1242
221 239
221 989
223 232
223 323
223 327
223 347
223 389
223 408
223 464
223 602
223 905
223 944
223 950
223 1024
223 1059
224 352
224 415
224 490
224 527
224 632
224 664
224 789
224 1071
224 1079
224 1087
225 468
225 602
225 616
225 1042
226 229
226 249
226 261
226 262
226 284
226 294
226 345
226 391
226 414
226 431
226 436
226 564
226 780
226 786
226 877
226 881
226 883
226 932
226 979
226 1036
226 1069
226 1248
227 370
227 382
227 438
227 470
227 559
227 595
227 624
227 757
227 783
227 854
227 865
227 919
227 928
227 971
227 999
227 1129
227 1139
228 235
228 330
228 540
228 562
228 743
228 765
228 923
228 1009
228 1032
228 1133
228 1249
229 249
229 261
229 391
229 414
229 436
229 643
229 780
229 786
229 877
229 881
229 932
229 933
229 979
229 1023
229 1036
229 1069
229 1127
229 1131
229 1170
229 1178
230 244
230 300
230 308
230 325
230 334
230 654
230 679
230 705
230 799
230 816
230 874
230 924
230 1006
230 1053
230 1142
230 1215
231 268
231 365
231 435
231 985
231 998
231 1178
231 1235
232 323
232 408
232 464
232 574
232 905
232 954
232 1038
233 390
233 403
233 419
233 646
233 944
233 1107
234 466
235 330
235 540
235 562
235 702
235 743
235 765
235 923
235 1009
235 1032
235 1133
235 1249
236 276
236 358
236 579
236 601
236 1234
237 289
237 574
237 746
237 848
237 868
237 1189
238 750
240 256
240 324
240 418
240 448
240 521
240 550
240 558
240 605
240 679
240 853
240 976
240 1011
240 1122
240 1213
240 1223
241 357
241 420
241 502
241 580
241 657
241 711
241 758
241 770
241 777
241 897
241 997
241 1065
241 1077
241 1176
242 398
242 660
242 870
242 1067
242 1137
243 284
243 331
243 336
243 494
243 537
243 589
243 617
243 731
243 877
243 1229
244 308
244 347
244 408
244 544
244 705
244 785
244 816
244 874
244 905
244 949
244 950
244 1006
244 1053
244 1092
244 1142
246 432
246 507
246 591
246 927
246 1159
247 273
247 307
247 369
247 468
247 513
247 586
247 661
247 722
247 776
247 793
247 1063
247 1081
248 259
248 413
248 525
248 588
248 599
249 261
249 345
249 391
249 414
249 434
249 456
249 493
249 563
249 564
249 643
249 680
249 709
249 754
249 780
249 786
249 921
249 1023
249 1069
249 1127
249 1131
249 1170
250 345
250 450
250 623
250 761
250 820
250 911
250 1197
251 277
251 819
251 915
251 1005
251 1030
251 1048
252 255
252 323
252 327
252 339
252 1212
254 501
254 1026
254 1047
255 339
255 524
255 638
255 785
255 950
255 1024
255 1059
256 320
256 418
256 448
256 694
256 814
256 885
256 976
256 1122
256 1147
257 1156
258 269
258 308
258 454
258 482
258 751
258 799
258 807
258 990
258 1053
258 1142
259 588
260 337
260 417
261 345
261 391
261 414
261 434
261 436
261 456
261 643
261 680
261 719
261 754
261 780
261 786
261 911
261 960
261 1023
261 1069
261 1127
261 1131
261 1170
262 284
262 294
262 331
262 345
262 385
262 484
262 564
262 686
262 709
262 754
262 837
262 889
262 911
262 1248
263 745
263 994
265 311
265 335
265 344
265 352
265 383
265 385
265 458
265 494
265 512
265 527
265 656
265 666
265 704
265 729
265 738
265 740
265 752
265 753
265 755
265 766
265 792
265 826
265 926
265 1066
265 1241
266 287
267 275
267 1103
268 435
268 670
268 998
268 1235
269 308
269 454
269 482
269 751
269 799
269 807
269 925
269 990
269 1142
270 441
270 610
270 845
270 1088
272 1025
273 307
273 369
273 420
273 468
273 513
273 547
273 586
273 661
273 722
273 793
273 818
273 1081
273 1089
273 1102
273 1176
274 328
274 1072
275 876
275 1058
275 1103
276 358
276 509
276 579
276 601
276 685
276 1118
276 1167
277 527
277 591
277 1048
279 296
279 301
279 316
279 340
279 357
279 429
279 777
279 854
279 897
279 919
279 921
279 985
279 1099
280 281
280 894
280 963
281 420
281 657
281 661
281 793
281 797
281 1102
281 1176
281 1191
282 395
282 844
282 902
282 1222
283 511
283 688
284 294
284 331
284 484
284 564
284 589
284 686
284 709
284 881
284 883
284 1229
284 1248
285 725
286 681
286 840
286 1243
288 409
289 539
290 375
290 442
290 632
290 664
291 371
291 1047
292 301
292 302
292 310
292 320
292 340
292 341
292 429
292 448
292 451
292 521
292 545
292 563
292 679
292 781
292 835
292 858
292 921
292 924
292 955
292 977
292 1011
292 1195
292 1223
293 475
293 515
293 569
293 1167
294 331
294 345
294 431
294 436
294 467
294 484
294 551
294 564
294 570
294 653
294 686
294 701
294 883
294 911
294 1109
294 1248
295 798
295 840
295 879
296 340
296 429
296 456
296 493
296 512
296 627
296 854
296 897
296 919
296 921
296 985
296 1023
296 1099
296 1127
297 505
297 542
297 547
297 586
297 818
297 1002
297 1042
297 1081
297 1102
298 787
300 325
300 334
300 341
300 344
300 400
300 401
300 479
300 545
300 654
300 690
300 696
300 704
300 755
300 766
300 816
300 990
300 1215
300 1241
301 302
301 310
301 316
301 320
301 340
301 341
301 429
301 448
301 451
301 545
301 563
301 781
301 835
301 858
301 921
301 924
301 955
301 977
301 1011
301 1195
301 1223
302 448
302 542
302 547
302 550
302 558
302 586
302 781
302 818
302 853
302 976
302 1002
302 1102
302 1195
302 1223
303 596
303 1133
304 306
304 324
304 605
304 628
304 659
304 679
304 705
304 816
304 949
304 1011
304 1037
304 1092
304 1135
304 1213
304 1215
305 838
305 900
305 1037
306 605
306 628
306 659
306 705
306 900
306 913
306 949
306 1022
306 1037
306 1135
306 1213
307 316
307 329
307 369
307 370
307 382
307 547
307 586
307 608
307 661
307 722
307 776
307 793
307 818
307 938
307 1081
307 1176
308 347
308 408
308 482
308 544
308 705
308 799
308 816
308 874
308 1006
308 1053
308 1142
308 1215
309 316
309 335
309 373
309 382
309 505
309 545
309 608
309 752
309 781
309 807
309 835
309 858
309 924
309 925
309 941
309 971
309 977
309 1210
310 320
310 324
310 334
310 340
310 341
310 448
310 451
310 521
310 545
310 563
310 654
310 679
310 738
310 781
310 835
310 858
310 921
310 924
310 955
310 977
310 1011
310 1195
310 1223
311 344
311 411
311 704
311 729
311 740
311 826
311 927
311 939
311 953
311 1066
311 1241
312 380
312 553
312 584
312 647
312 674
312 717
312 969
313 353
313 486
314 575
315 508
315 1164
316 370
316 382
316 608
316 835
316 854
316 858
316 897
316 919
316 938
316 941
316 971
316 977
316 1139
317 819
317 896
317 915
317 1030
317 1073
317 1158
318 560
318 613
318 1224
319 367
319 604
319 703
320 340
320 357
320 418
320 429
320 434
320 448
320 521
320 563
320 680
320 921
320 955
320 960
322 333
322 374
322 936
322 972
323 327
323 339
323 464
323 905
323 954
323 1024
324 448
324 521
324 558
324 605
324 679
324 853
324 1011
324 1135
324 1195
324 1213
324 1223
325 334
325 400
325 401
325 445
325 479
325 521
325 644
325 654
325 690
325 696
325 705
325 816
325 1011
325 1214
325 1215
326 1202
327 339
327 419
327 464
327 602
327 629
327 954
327 1024
327 1212
328 1072
329 370
329 481
329 742
329 757
329 776
329 777
329 854
329 928
329 938
329 999
329 1095
330 540
330 562
330 765
330 923
330 1249
331 484
331 564
331 589
331 658
331 686
331 939
331 1005
331 1229
332 460
332 585
332 604
332 803
332 860
332 1172
333 1017
334 341
334 344
334 401
334 479
334 521
334 545
334 644
334 654
334 679
334 690
334 696
334 704
334 705
334 738
334 755
334 816
334 955
334 1011
334 1214
334 1215
335 341
335 344
335 383
335 451
335 458
335 512
335 545
335 656
335 704
335 738
335 740
335 752
335 753
335 755
335 766
335 835
335 858
335 925
335 926
335 941
335 955
335 971
335 990
335 1066
335 1139
335 1241
336 533
336 537
336 543
336 589
336 617
336 831
336 918
336 951
336 1050
336 1054
336 1183
337 417
338 387
338 418
338 601
338 685
338 719
338 960
338 1147
338 1167
339 905
340 357
340 429
340 434
340 451
340 456
340 563
340 680
340 835
340 858
340 897
340 921
340 1127
341 344
341 385
341 401
341 451
341 545
341 563
341 654
341 656
341 704
341 738
341 740
341 752
341 755
341 766
341 835
341 858
341 941
341 955
341 1241
342 364
342 630
342 693
342 994
343 568
343 744
344 401
344 545
344 654
344 656
344 704
344 738
344 740
344 752
344 753
344 755
344 766
344 792
344 826
344 926
344 990
344 1066
344 1241
345 436
345 564
345 570
345 701
345 761
345 889
345 911
345 1069
345 1109
345 1248
346 388
346 397
346 421
346 467
346 551
346 570
346 653
346 968
346 1028
346 1033
346 1052
346 1109
346 1116
346 1240
347 373
347 389
347 408
347 912
347 1006
347 1142
347 1210
348 439
348 469
348 500
348 742
348 822
348 1041
348 1184
349 864
350 539
350 684
350 954
351 535
351 544
351 716
351 785
351 874
351 913
351 1242
352 383
352 490
352 527
352 632
352 664
352 666
352 753
352 789
352 831
352 926
352 1027
352 1071
352 1183
353 486
354 550
354 558
354 683
354 1122
355 1114
355 1148
356 829
357 429
357 502
357 631
357 711
357 770
357 885
357 897
357 907
357 921
357 976
357 997
358 579
358 601
358 1234
359 466
359 660
359 980
360 991
361 760
361 935
362 741
362 1012
363 847
364 630
364 884
364 994
364 1010
365 370
365 777
365 985
365 1136
365 1235
366 677
367 377
367 535
367 703
367 763
368 471
368 673
368 824
368 892
368 1235
369 468
369 481
369 513
369 586
369 661
369 722
369 776
369 793
369 1063
369 1081
370 382
370 559
370 595
370 624
370 777
370 854
370 865
370 897
370 919
370 928
370 938
370 971
370 985
370 999
372 390
372 566
372 646
372 724
373 408
373 724
373 807
373 912
373 925
373 1018
373 1142
374 463
375 442
375 632
375 664
376 380
376 459
376 523
376 647
376 969
377 746
377 848
377 943
378 465
379 606
380 553
380 647
380 742
380 757
380 969
380 1095
380 1184
381 490
381 789
381 831
381 890
381 1050
381 1183
382 595
382 608
382 854
382 865
382 919
382 928
382 938
382 941
382 971
382 1139
383 458
383 490
383 497
383 512
383 656
383 666
383 740
383 752
383 753
383 918
383 926
383 941
383 951
383 1027
383 1066
383 1139
384 483
384 517
384 557
384 716
384 913
384 1022
385 411
385 493
385 494
385 512
385 564
385 704
385 709
385 729
385 731
385 738
385 740
385 754
385 837
385 889
385 939
385 1023
385 1066
387 418
387 434
387 601
387 685
387 719
387 820
387 960
387 1147
387 1167
388 431
388 546
388 570
388 1028
388 1033
388 1116
388 1208
388 1240
389 408
389 602
389 912
389 944
390 566
390 646
390 724
390 1038
391 414
391 436
391 569
391 643
391 780
391 786
391 881
391 932
391 933
391 979
391 1036
391 1069
391 1131
391 1170
391 1178
392 606
392 1123
392 1126
393 620
393 699
393 791
393 1220
394 487
394 692
394 898
394 901
395 421
395 844
395 917
395 968
395 983
395 1194
396 536
397 551
397 658
397 795
397 982
397 1033
397 1112
397 1116
398 870
398 1137
400 479
400 507
400 690
400 975
400 1239
401 479
401 521
401 545
401 644
401 654
401 690
401 696
401 704
401 738
401 755
401 766
401 955
401 1011
401 1214
401 1215
403 419
403 602
403 616
403 1107
405 424
405 445
405 488
405 495
405 644
405 696
405 707
405 988
405 993
405 1013
405 1015
405 1134
406 425
406 700
406 732
407 668
407 728
407 984
407 1085
408 724
408 912
408 1006
408 1038
408 1142
410 712
410 800
411 644
411 704
411 738
411 754
411 809
411 837
411 889
411 953
411 1096
412 773
413 525
413 588
413 774
413 959
413 1056
413 1113
414 434
414 436
414 456
414 475
414 569
414 643
414 680
414 780
414 786
414 933
414 1036
414 1069
414 1127
414 1131
414 1170
414 1178
415 527
415 667
415 1071
415 1079
415 1087
415 1098
415 1177
415 1244
416 836
416 914
416 1111
416 1187
417 614
418 434
418 448
418 521
418 563
418 960
418 976
418 1147
419 602
419 616
419 629
419 944
419 1107
420 586
420 657
420 661
420 711
420 770
420 793
420 1065
420 1102
420 1176
420 1191
421 917
421 968
421 1028
421 1033
421 1116
421 1198
422 899
423 546
423 641
423 726
423 735
423 932
423 979
423 1036
423 1083
424 445
424 488
424 623
424 809
424 820
424 908
424 993
424 1013
424 1146
425 700
425 732
426 650
426 968
426 1198
427 444
427 669
427 807
427 925
427 947
427 962
427 1018
427 1079
427 1098
428 834
429 434
429 451
429 456
429 563
429 680
429 897
429 919
429 921
429 985
429 1099
429 1127
430 727
431 436
431 467
431 546
431 570
431 653
431 701
431 881
431 932
431 979
431 1109
431 1208
431 1248
432 507
432 591
432 1159
433 523
434 456
434 563
434 631
434 643
434 680
434 719
434 921
434 960
434 1069
434 1127
434 1131
434 1167
434 1170
435 670
435 786
435 998
435 1051
435 1094
435 1178
435 1235
436 570
436 701
436 780
436 786
436 877
436 881
436 883
436 932
436 933
436 979
436 1036
436 1069
436 1248
437 462
437 857
437 942
438 459
438 595
438 865
438 928
438 1018
438 1027
438 1129
438 1139
439 500
439 556
439 723
439 822
439 1041
439 1136
440 462
440 552
440 597
441 1088
443 891
444 593
444 669
444 947
444 962
444 1018
444 1079
445 488
445 495
445 521
445 644
445 696
445 993
445 1013
445 1146
445 1214
446 452
448 521
448 563
448 679
448 781
448 835
448 853
448 858
448 921
448 955
448 1011
448 1214
448 1223
449 509
449 1039
449 1100
449 1118
449 1150
450 555
450 653
450 721
450 761
451 545
451 563
451 654
451 704
451 738
451 752
451 755
451 766
451 781
451 835
451 858
451 921
451 924
451 941
451 955
451 977
451 1011
453 848
453 860
453 1189
454 482
454 751
454 807
454 990
454 1070
454 1098
455 1233
456 475
456 563
456 643
456 680
456 780
456 921
456 1023
456 1069
456 1099
456 1127
456 1131
456 1170
456 1178
457 470
457 497
457 533
457 1054
458 493
458 494
458 497
458 512
458 656
458 666
458 729
458 731
458 740
458 752
458 753
458 918
458 926
458 951
458 1027
458 1066
458 1139
459 470
459 783
459 865
459 928
460 572
460 585
460 803
460 856
460 1172
462 942
462 946
462 1063
464 574
464 684
464 944
464 954
464 1038
467 551
467 570
467 653
467 701
467 1052
467 1109
467 1116
467 1248
468 513
468 661
468 722
468 1081
468 1089
469 500
469 584
469 717
469 742
469 1041
469 1184
470 559
470 595
470 624
470 783
470 865
470 928
470 1129
471 556
471 673
471 824
471 892
471 1136
472 825
473 483
473 541
473 764
473 767
473 773
474 1009
475 569
475 643
475 780
475 933
475 1131
475 1170
475 1178
476 678
476 934
477 625
477 961
479 495
479 644
479 690
479 696
479 927
479 953
480 830
481 514
481 946
481 999
481 1063
482 751
482 799
482 943
482 1053
483 517
483 541
483 557
483 716
483 764
483 929
484 551
484 564
484 658
484 686
484 883
484 1229
484 1248
485 573
485 712
485 734
485 800
485 931
487 515
487 640
487 692
487 715
487 898
487 901
488 495
488 518
488 707
488 975
488 988
488 1013
488 1015
488 1134
488 1211
489 548
489 714
489 788
489 855
489 1001
489 1166
489 1202
490 497
490 632
490 664
490 666
490 789
490 831
490 890
490 918
490 1027
490 1071
490 1183
491 530
491 1154
491 1199
492 710
493 494
493 512
493 564
493 589
493 617
493 627
493 709
493 731
493 754
493 1023
493 1066
493 1099
493 1127
494 512
494 537
494 564
494 589
494 617
494 709
494 729
494 731
494 740
494 939
494 951
494 1023
494 1066
494 1229
495 518
495 644
495 690
495 707
495 953
495 975
495 1015
495 1101
495 1134
495 1211
496 610
496 845
497 533
497 624
497 789
497 890
497 918
497 951
497 1027
497 1054
497 1129
499 887
499 1014
500 584
500 742
500 783
500 822
500 1041
500 1184
501 1008
501 1026
502 631
502 711
502 770
502 885
502 907
502 997
502 1077
503 791
503 861
503 1017
504 523
504 815
505 542
505 547
505 586
505 608
505 781
505 818
505 924
505 977
505 1002
505 1042
505 1081
505 1195
505 1210
506 535
506 690
506 763
506 799
506 816
506 874
506 943
506 1215
506 1239
506 1242
507 591
507 927
507 1159
508 1164
509 694
509 1039
509 1100
509 1118
509 1150
510 583
511 688
512 617
512 627
512 709
512 731
512 740
512 752
512 918
512 951
512 1023
512 1066
512 1099
513 661
513 722
513 1063
513 1081
513 1089
514 553
514 946
514 1063
515 692
515 715
515 901
515 1167
516 633
516 1076
517 557
517 716
517 913
517 929
517 1022
517 1193
517 1242
518 707
518 975
518 1031
518 1101
518 1134
518 1163
518 1211
519 1138
520 871
520 967
520 1194
521 644
521 654
521 679
521 696
521 955
521 993
521 1011
521 1214
523 815
524 598
524 628
524 638
524 749
524 950
524 1024
524 1059
524 1092
525 588
525 599
525 683
525 959
525 1113
526 567
526 578
526 715
527 656
527 666
527 729
527 753
527 792
527 826
527 926
527 1070
527 1071
527 1098
530 594
530 1078
530 1154
530 1199
531 621
532 706
532 863
532 872
533 918
533 951
533 1050
533 1054
534 565
535 544
535 557
535 716
535 763
535 785
535 874
535 913
535 1239
535 1242
536 674
536 808
537 589
537 617
537 627
537 731
537 877
537 951
537 1183
537 1229
538 592
538 639
538 678
540 562
540 702
540 743
540 765
540 923
540 1032
540 1133
540 1249
541 764
541 767
541 773
542 547
542 598
542 818
542 853
542 1002
542 1042
542 1044
542 1195
542 1226
543 831
543 888
543 1050
543 1183
544 785
544 874
544 905
544 913
544 949
544 950
544 1053
544 1059
544 1092
545 654
545 704
545 738
545 752
545 755
545 766
545 781
545 835
545 858
545 924
545 941
545 955
545 977
545 990
545 1011
545 1241
546 570
546 641
546 701
546 932
546 957
546 979
546 1208
547 586
547 722
547 781
547 793
547 818
547 853
547 977
547 1002
547 1081
547 1102
547 1195
548 714
548 1202
549 790
549 1043
549 1128
549 1175
550 558
550 683
550 853
550 976
550 1002
550 1044
550 1122
550 1195
550 1213
550 1223
550 1226
551 653
551 658
551 686
551 701
551 1052
551 1109
551 1116
551 1248
552 568
552 597
552 991
553 742
553 757
553 1095
555 635
555 721
556 824
556 886
556 892
557 716
557 913
557 929
557 1022
557 1193
557 1242
558 628
558 683
558 853
558 1044
558 1122
558 1195
558 1213
558 1223
558 1226
559 595
559 624
559 783
559 854
559 865
559 928
559 985
559 1051
559 1094
559 1129
559 1136
560 613
560 1224
562 765
562 923
562 1249
563 680
563 738
563 754
563 921
563 955
563 960
563 1023
563 1127
563 1131
564 686
564 709
564 754
564 889
564 1023
564 1248
565 1088
566 669
566 724
566 863
566 1038
567 578
567 1234
568 597
568 698
569 643
569 780
569 933
569 1069
569 1170
569 1178
570 653
570 701
570 932
570 979
570 1109
570 1116
570 1208
570 1248
572 585
572 828
573 604
573 734
573 931
573 1155
574 746
574 954
574 1038
575 998
579 601
579 685
579 1236
580 657
580 711
580 758
580 770
580 777
580 936
580 972
580 1065
580 1077
582 637
584 647
584 717
584 1041
584 1114
584 1184
585 803
585 828
585 856
585 1172
586 661
586 722
586 793
586 818
586 1002
586 1081
586 1102
586 1176
587 645
588 599
588 1113
589 617
589 627
589 709
589 731
589 877
589 951
589 1229
590 620
590 673
590 791
590 1220
591 927
591 1098
591 1159
592 639
593 668
593 947
593 1079
593 1201
594 1078
594 1154
594 1199
595 624
595 854
595 865
595 928
595 971
595 1129
595 1139
596 1133
597 698
598 628
598 638
598 749
598 949
598 959
598 1044
598 1056
598 1059
598 1092
598 1226
599 683
599 859
600 630
600 884
600 995
600 1160
600 1169
600 1206
601 685
601 908
601 1197
601 1236
602 629
602 944
602 1024
604 703
604 734
604 803
604 931
604 1155
604 1172
605 628
605 659
605 679
605 705
605 949
605 1011
605 1037
605 1044
605 1135
605 1213
606 1123
608 854
608 938
608 971
608 977
608 1081
608 1210
609 750
610 845
611 756
611 1075
612 886
612 1110
612 1182
612 1205
613 760
613 873
613 1124
613 1224
616 1107
617 627
617 731
617 877
617 918
617 951
617 1094
618 989
620 673
620 791
620 1220
623 820
623 908
623 1013
623 1111
623 1146
623 1197
624 854
624 865
624 918
624 919
624 928
624 985
624 1051
624 1094
624 1129
625 961
627 731
627 786
627 877
627 951
627 985
627 1023
627 1051
627 1094
627 1099
628 659
628 749
628 949
628 1044
628 1092
628 1135
628 1213
628 1226
629 1024
629 1212
630 884
630 994
630 1206
631 680
631 694
631 711
631 885
631 907
631 960
631 997
631 1147
632 664
632 789
632 831
633 1076
634 1045
636 805
636 945
638 749
638 950
638 1024
638 1059
638 1092
639 678
640 641
640 692
640 699
640 715
640 733
640 901
640 1083
641 726
641 735
641 932
641 979
641 1036
641 1083
642 1164
642 1165
643 680
643 780
643 786
643 933
643 1069
643 1127
643 1131
643 1170
643 1178
644 654
644 696
644 704
644 809
644 837
644 953
644 993
644 1096
644 1214
646 944
646 1107
647 969
647 1184
650 878
650 983
650 1194
651 836
651 1152
651 1163
651 1217
653 701
653 761
653 1052
653 1109
653 1116
653 1208
653 1248
654 679
654 696
654 704
654 705
654 738
654 755
654 766
654 816
654 835
654 858
654 924
654 955
654 990
654 1011
654 1215
655 963
655 1029
655 1089
655 1169
655 1206
656 704
656 729
656 738
656 740
656 752
656 753
656 755
656 766
656 792
656 826
656 926
656 941
656 990
656 1066
656 1070
656 1241
657 711
657 758
657 770
657 936
657 1065
657 1176
657 1191
658 686
658 795
658 896
658 982
659 705
659 900
659 913
659 949
659 1022
659 1037
659 1135
659 1213
660 980
661 722
661 793
661 1063
661 1065
661 1081
661 1089
661 1102
661 1176
663 670
663 877
663 881
663 883
663 1036
663 1108
663 1120
664 789
664 831
664 1071
665 1060
665 1062
666 729
666 789
666 831
666 918
666 926
666 1066
666 1183
667 868
667 1087
667 1098
668 947
668 984
668 1079
668 1085
668 1201
669 724
669 863
669 962
670 786
670 998
670 1036
671 797
672 824
673 824
673 892
673 1220
673 1235
675 1207
676 856
678 934
679 705
679 781
679 816
679 853
679 924
679 949
679 1006
679 1011
679 1044
679 1135
679 1195
679 1213
679 1215
679 1223
679 1226
680 719
680 921
680 960
680 1069
680 1127
680 1131
680 1170
681 840
681 1112
683 859
683 1122
683 1213
684 954
684 1212
685 719
685 960
685 1147
685 1167
686 939
686 1005
686 1229
689 1119
689 1188
690 696
690 1215
690 1239
691 996
692 715
692 898
692 901
694 885
694 907
694 1147
694 1150
695 1188
696 705
696 816
696 993
696 1011
696 1037
696 1214
696 1215
697 730
697 736
697 887
699 733
699 933
699 1083
700 732
700 774
700 1113
701 932
701 979
701 1052
701 1109
701 1208
701 1248
702 743
702 1032
702 1249
703 1155
704 738
704 740
704 752
704 755
704 766
704 826
704 955
704 1066
704 1241
705 799
705 816
705 874
705 949
705 1006
705 1011
705 1053
705 1092
705 1135
705 1215
707 975
707 988
707 1013
707 1015
707 1101
707 1134
707 1163
707 1211
708 1225
709 731
709 754
709 1023
709 1127
711 758
711 770
711 885
711 897
711 907
711 997
711 1077
711 1176
712 800
713 721
713 1222
714 855
714 862
714 1202
715 898
715 901
716 785
716 913
716 929
716 1242
717 1114
717 1148
717 1184
718 723
718 1114
719 911
719 960
719 1069
719 1131
719 1167
719 1170
720 1020
720 1174
720 1231
721 914
722 776
722 793
722 1081
722 1102
724 1038
725 1061
726 735
726 1083
727 842
728 890
728 984
728 1085
729 731
729 740
729 753
729 826
729 926
729 939
729 1005
729 1066
729 1241
730 736
731 918
731 951
731 1023
731 1066
732 1113
733 901
733 1083
734 931
734 1155
735 1083
735 1240
736 887
738 740
738 752
738 754
738 755
738 766
738 835
738 858
738 955
738 1066
738 1241
740 752
740 753
740 755
740 766
740 792
740 826
740 926
740 1066
740 1241
742 757
742 783
742 822
742 999
742 1041
742 1184
743 1009
743 1032
743 1249
746 848
746 1189
748 1145
749 949
749 950
749 1044
749 1059
749 1092
749 1213
749 1226
751 799
751 943
751 1159
752 753
752 755
752 766
752 826
752 835
752 858
752 926
752 941
752 955
752 971
752 990
752 1066
752 1139
752 1241
753 755
753 766
753 792
753 807
753 826
753 925
753 926
753 941
753 990
753 1066
753 1070
753 1241
754 837
754 889
754 1023
754 1127
754 1131
755 766
755 792
755 826
755 858
755 926
755 941
755 955
755 990
755 1066
755 1241
756 1075
757 776
757 783
757 865
757 928
757 938
757 999
757 1095
758 770
758 777
758 936
758 1065
758 1077
760 935
760 1124
761 911
761 1197
763 943
763 1239
763 1242
764 767
764 773
764 929
765 923
765 1249
766 792
766 826
766 858
766 926
766 941
766 955
766 990
766 1066
766 1241
767 773
769 987
770 897
770 907
770 997
770 1065
770 1077
770 1176
772 841
772 953
772 1030
772 1031
772 1073
772 1101
773 1119
774 959
774 1056
774 1113
776 938
776 999
776 1095
777 854
777 897
777 919
777 985
777 999
778 1162
779 841
779 867
779 902
780 786
780 933
780 1036
780 1069
780 1127
780 1131
780 1170
780 1178
781 818
781 835
781 853
781 858
781 924
781 955
781 977
781 1011
781 1195
781 1210
781 1223
783 865
783 928
783 1041
783 1184
785 874
785 913
785 949
785 950
785 1059
785 1092
786 877
786 881
786 932
786 933
786 1023
786 1036
786 1127
786 1170
786 1178
788 855
788 974
788 1001
788 1082
788 1166
789 831
789 890
789 918
789 1027
789 1071
789 1183
790 1043
790 1175
791 1220
792 826
792 925
792 926
792 990
792 1070
792 1241
793 818
793 1002
793 1081
793 1102
793 1176
794 849
795 878
795 896
795 982
795 983
795 1186
797 894
797 1191
799 816
799 874
799 943
799 1053
799 1215
799 1239
803 856
803 1172
804 1157
804 1174
805 945
805 1010
807 925
807 941
807 990
807 1018
807 1142
808 880
808 946
809 837
809 889
809 953
809 1096
812 1048
812 1158
813 880
813 1238
814 1093
814 1122
814 1147
814 1173
816 874
816 949
816 1006
816 1053
816 1215
818 853
818 1002
818 1081
818 1102
818 1176
818 1195
819 915
819 1005
819 1030
819 1048
819 1158
820 908
820 993
820 1013
820 1146
820 1197
821 827
822 999
822 1041
824 892
826 926
826 990
826 1066
826 1070
826 1241
831 1050
831 1183
835 858
835 921
835 924
835 941
835 955
835 977
835 1011
835 1210
836 1111
836 1152
836 1163
836 1187
837 889
837 953
837 1096
838 900
838 1022
838 1037
838 1193
840 879
841 867
841 1031
841 1073
844 902
844 1052
847 1004
848 860
848 1189
850 1035
851 1151
852 1074
853 1002
853 1011
853 1044
853 1195
853 1213
853 1223
853 1226
854 865
854 897
854 919
854 928
854 938
854 971
854 985
854 999
854 1099
855 1001
855 1166
855 1202
856 1172
857 942
858 921
858 924
858 941
858 955
858 977
858 1011
858 1210
864 904
865 928
865 938
865 971
865 999
865 1129
865 1139
867 902
868 962
870 1137
873 1124
874 905
874 913
874 949
874 950
874 1006
874 1053
874 1092
874 1215
874 1239
876 1058
876 1103
877 881
877 883
877 1036
877 1229
878 982
878 983
881 883
881 932
881 979
881 1036
881 1248
883 932
883 979
883 1036
883 1229
883 1248
884 1010
884 1160
884 1206
885 907
885 976
885 997
885 1147
886 1205
888 1186
889 1096
890 984
890 1027
891 1080
892 1235
894 1104
895 1138
896 982
896 983
896 1073
897 919
897 921
897 985
900 1022
900 1037
900 1193
905 950
905 1053
905 1059
905 1092
907 976
907 997
908 1013
908 1146
908 1197
909 974
909 1082
911 1069
912 944
912 1210
913 1242
914 1111
914 1187
915 1005
915 1030
917 968
917 1028
917 1222
918 951
918 1027
918 1129
918 1183
919 971
919 985
919 1099
920 1057
920 1179
921 955
921 1099
921 1127
921 1131
923 1009
923 1032
923 1133
923 1249
924 941
924 955
924 977
924 1006
924 1011
924 1195
924 1210
925 941
925 990
925 1018
925 1070
926 990
926 1066
926 1070
926 1241
928 938
928 971
928 999
928 1129
931 1155
932 979
932 1036
932 1208
932 1248
933 979
933 1036
933 1069
933 1178
936 972
936 1065
937 1247
938 971
938 1095
939 1005
939 1066
940 974
940 1082
941 971
941 977
941 990
941 1139
943 1239
944 1107
946 1063
947 1018
949 950
949 1006
949 1044
949 1092
949 1135
949 1213
949 1215
949 1226
950 1006
950 1059
950 1092
951 1054
951 1094
951 1183
953 1031
953 1096
953 1101
954 1038
955 1011
955 1214
956 1143
956 1246
957 1234
959 1056
959 1113
960 1131
960 1147
960 1167
960 1170
962 1079
962 1087
962 1201
963 1029
963 1089
963 1169
965 1232
968 1028
968 1116
968 1194
968 1198
971 1129
971 1139
973 1090
974 1082
974 1166
975 988
975 1015
975 1121
975 1211
975 1217
976 1122
976 1147
976 1223
977 1006
977 1195
977 1210
979 1036
979 1069
979 1208
979 1248
982 983
982 1194
983 1194
984 1085
985 1051
985 1094
985 1099
986 1125
986 1245
988 1015
988 1211
990 1070
990 1241
993 1013
993 1146
993 1214
994 1010
995 1160
995 1169
996 1100
997 1077
1001 1166
1002 1042
1002 1102
1002 1195
1002 1226
1005 1229
1006 1053
1006 1092
1006 1142
1006 1210
1009 1032
1009 1249
1011 1135
1011 1195
1011 1214
1011 1215
1011 1223
1013 1134
1013 1146
1015 1134
1015 1211
1020 1231
1022 1193
1023 1099
1023 1127
1023 1131
1023 1170
1024 1059
1027 1129
1028 1033
1028 1116
1028 1198
1029 1056
1029 1169
1029 1206
1030 1073
1031 1101
1031 1134
1031 1211
1032 1249
1033 1116
1033 1240
1035 1246
1036 1083
1037 1135
1037 1193
1039 1100
1039 1118
1041 1184
1043 1175
1044 1195
1044 1213
1044 1223
1044 1226
1046 1219
1050 1054
1050 1183
1051 1094
1051 1099
1051 1136
1052 1109
1052 1116
1053 1142
1053 1215
1055 1137
1057 1179
1057 1237
1058 1103
1059 1092
1065 1176
1066 1241
1069 1127
1069 1131
1069 1170
1070 1098
1070 1241
1071 1079
1072 1233
1078 1154
1078 1199
1079 1087
1079 1098
1079 1201
1080 1192
1081 1102
1081 1176
1082 1166
1084 1160
1087 1098
1087 1201
1087 1244
1089 1102
1092 1226
1094 1136
1098 1159
1099 1127
1100 1118
1101 1134
1101 1211
1102 1176
1108 1120
1109 1116
1109 1208
1109 1248
1110 1182
1111 1152
1111 1163
1111 1187
1112 1186
1114 1148
1116 1240
1118 1150
1119 1188
1121 1217
1121 1221
1127 1131
1127 1170
1127 1178
1129 1139
1131 1170
1133 1249
1134 1163
1134 1211
1135 1213
1135 1215
1143 1246
1146 1197
1150 1173
1152 1163
1152 1187
1154 1199
1157 1174
1164 1165
1169 1206
1170 1178
1177 1244
1182 1205
1193 1242
1195 1223
1195 1226
1208 1248
1211 1217
1213 1223
1213 1226
1215 1239
1223 1226
1239 1242
