0 1
0 2
0 6
0 29
0 36
0 37
0 39
0 217
0 231
0 247
0 259
0 320
0 544
0 550
0 620
0 662
0 766
0 814
0 832
0 856
0 935
0 953
0 1019
0 1051
0 1093
0 1116
0 1156
0 1189
0 1207
1 2
1 7
1 29
1 39
1 162
1 222
1 231
1 282
1 315
1 320
1 410
1 471
1 544
1 550
1 606
1 723
1 766
1 814
1 856
1 860
1 925
1 1076
1 1093
1 1116
1 1156
1 1219
2 4
2 6
2 7
2 14
2 29
2 36
2 39
2 61
2 110
2 152
2 162
2 186
2 217
2 315
2 320
2 355
2 410
2 471
2 544
2 550
2 688
2 766
2 814
2 856
2 1073
2 1116
2 1118
2 1156
2 1227
3 12
3 14
3 18
3 23
3 54
3 102
3 152
3 166
3 223
3 224
3 368
3 487
3 610
3 645
3 737
3 818
3 837
3 1014
3 1227
4 6
4 7
4 14
4 36
4 61
4 102
4 110
4 152
4 168
4 186
4 198
4 355
4 368
4 410
4 471
4 565
4 645
4 688
4 707
4 812
4 837
4 885
4 890
4 1092
4 1118
4 1227
5 23
5 72
5 85
5 303
5 340
5 388
5 605
5 626
5 724
5 806
6 7
6 14
6 29
6 36
6 39
6 61
6 110
6 152
6 162
6 186
6 217
6 320
6 355
6 410
6 471
6 550
6 688
6 766
6 812
6 814
6 856
6 1019
6 1118
6 1156
6 1227
7 29
7 36
7 39
7 61
7 152
7 162
7 186
7 320
7 355
7 410
7 471
7 544
7 550
7 688
7 766
7 814
7 856
7 860
7 977
7 1073
7 1118
7 1156
7 1227
8 347
8 1220
9 44
9 48
9 128
9 141
9 158
9 159
9 304
9 334
9 351
9 472
9 597
9 715
9 742
9 840
9 891
9 1014
9 1124
10 13
10 20
10 21
10 46
10 59
10 73
10 83
10 144
10 209
10 245
10 405
10 439
10 547
10 591
10 616
10 639
10 679
10 694
10 727
10 756
10 789
10 804
10 822
10 946
10 990
10 991
10 1020
10 1102
10 1173
10 1202
11 25
11 88
11 130
11 159
11 201
11 311
11 375
11 423
11 452
11 691
11 762
11 820
11 821
11 852
11 960
11 1009
11 1079
11 1109
11 1124
11 1166
12 18
12 23
12 54
12 78
12 102
12 166
12 223
12 224
12 251
12 265
12 368
12 610
12 626
12 645
12 737
12 818
12 837
12 852
12 1014
13 15
13 16
13 20
13 21
13 46
13 70
13 73
13 79
13 107
13 144
13 209
13 245
13 250
13 330
13 361
13 403
13 405
13 439
13 547
13 591
13 616
13 637
13 711
13 727
13 756
13 991
13 1020
13 1102
13 1173
13 1248
14 36
14 110
14 152
14 188
14 198
14 217
14 410
14 487
14 565
14 588
14 610
14 645
14 684
14 688
14 707
14 812
14 837
14 890
14 1019
14 1092
14 1118
14 1157
14 1227
15 70
15 79
15 80
15 209
15 245
15 250
15 330
15 361
15 393
15 403
15 560
15 637
15 711
15 793
15 1020
15 1159
15 1239
16 20
16 21
16 28
16 46
16 70
16 73
16 107
16 209
16 250
16 330
16 335
16 361
16 405
16 439
16 547
16 582
16 591
16 616
16 640
16 711
16 745
16 750
16 756
16 887
16 895
16 932
16 978
16 1020
16 1091
16 1102
16 1121
16 1157
16 1248
17 126
17 511
17 576
17 857
17 966
18 23
18 54
18 78
18 102
18 166
18 223
18 224
18 251
18 265
18 385
18 395
18 464
18 610
18 626
18 645
18 737
18 818
18 837
18 852
18 1014
19 24
19 33
19 76
19 81
19 101
19 117
19 121
19 136
19 181
19 192
19 240
19 264
19 300
19 356
19 372
19 373
19 465
19 473
19 482
19 551
19 611
19 632
19 635
19 670
19 741
19 905
19 916
19 1001
19 1010
19 1039
19 1054
19 1128
19 1142
19 1166
20 21
20 28
20 46
20 73
20 107
20 144
20 209
20 250
20 266
20 330
20 405
20 439
20 547
20 591
20 616
20 727
20 745
20 756
20 822
20 932
20 991
20 1020
20 1064
20 1091
20 1102
20 1157
20 1173
20 1202
20 1248
21 28
21 46
21 73
21 266
21 405
21 439
21 547
21 582
21 591
21 616
21 708
21 727
21 745
21 756
21 807
21 822
21 932
21 991
21 1064
21 1091
21 1102
21 1173
21 1202
22 23
22 26
22 54
22 72
22 96
22 222
22 224
22 277
22 284
22 315
22 322
22 395
22 626
22 801
22 925
22 985
22 996
22 1116
22 1204
22 1221
23 26
23 54
23 72
23 96
23 102
23 166
23 222
23 224
23 284
23 315
23 368
23 395
23 610
23 626
23 737
23 818
23 1204
23 1221
24 33
24 117
24 181
24 240
24 261
24 264
24 331
24 356
24 372
24 473
24 551
24 632
24 670
24 691
24 905
24 950
24 1009
24 1039
24 1054
24 1166
25 48
25 88
25 159
25 166
25 201
25 223
25 240
25 264
25 304
25 311
25 331
25 375
25 423
25 507
25 691
25 737
25 762
25 820
25 833
25 852
25 960
25 1009
25 1124
25 1166
26 72
26 96
26 103
26 222
26 224
26 235
26 239
26 277
26 284
26 309
26 315
26 322
26 388
26 395
26 725
26 744
26 801
26 925
26 985
26 1204
27 49
27 60
27 125
27 133
27 135
27 162
27 348
27 358
27 370
27 371
27 445
27 524
27 628
27 791
27 860
27 876
27 884
27 1106
27 1219
28 46
28 71
28 73
28 244
28 266
28 439
28 547
28 582
28 591
28 616
28 640
28 708
28 745
28 750
28 756
28 887
28 895
28 932
28 1064
28 1091
28 1102
28 1121
28 1202
28 1248
29 36
29 39
29 135
29 162
29 222
29 231
29 282
29 315
29 320
29 410
29 471
29 544
29 550
29 606
29 723
29 766
29 814
29 856
29 860
29 925
29 1076
29 1093
29 1116
29 1156
29 1219
30 50
30 100
30 422
30 431
30 477
30 660
30 999
30 1043
30 1117
31 956
32 145
32 153
32 171
32 258
32 271
32 430
32 485
32 659
32 673
32 751
32 765
32 892
32 977
32 1212
33 55
33 117
33 181
33 182
33 240
33 255
33 261
33 264
33 356
33 372
33 465
33 473
33 482
33 513
33 551
33 632
33 670
33 767
33 905
33 1010
33 1039
33 1054
34 37
34 349
34 570
34 606
34 704
34 1189
34 1210
35 84
35 283
35 310
35 476
35 843
35 888
35 947
35 996
35 1223
35 1230
36 37
36 39
36 61
36 110
36 152
36 162
36 186
36 217
36 320
36 355
36 410
36 471
36 544
36 550
36 688
36 766
36 812
36 814
36 856
36 1019
36 1118
36 1156
36 1189
36 1227
37 39
37 217
37 231
37 349
37 471
37 544
37 550
37 606
37 704
37 766
37 856
37 860
37 935
37 953
37 1019
37 1051
37 1093
37 1156
37 1189
37 1207
37 1210
38 127
38 164
38 278
38 353
38 476
38 548
38 636
38 888
38 1078
39 162
39 222
39 231
39 259
39 282
39 315
39 320
39 410
39 471
39 544
39 550
39 606
39 723
39 766
39 814
39 856
39 860
39 925
39 1076
39 1093
39 1116
39 1156
39 1219
40 391
40 607
40 692
40 942
40 1035
40 1149
40 1226
41 85
41 97
41 328
41 340
41 384
41 690
41 960
42 56
42 76
42 114
42 115
42 139
42 192
42 242
42 300
42 328
42 345
42 368
42 465
42 478
42 558
42 585
42 611
42 646
42 713
42 870
42 922
42 1016
42 1021
42 1024
42 1107
43 47
43 58
43 422
43 477
43 658
43 1117
43 1186
44 69
44 472
44 475
44 840
44 917
44 1183
45 81
45 101
45 108
45 157
45 182
45 234
45 372
45 373
45 465
45 473
45 482
45 513
45 611
45 738
45 802
45 836
45 870
45 994
45 1010
45 1039
45 1249
46 73
46 266
46 439
46 547
46 582
46 591
46 616
46 708
46 727
46 745
46 756
46 887
46 932
46 1064
46 1091
46 1102
46 1202
47 50
47 58
47 349
47 422
47 662
47 704
47 1076
47 1117
47 1168
47 1210
48 88
48 128
48 141
48 158
48 159
48 201
48 304
48 331
48 351
48 375
48 423
48 472
48 507
48 691
48 715
48 721
48 742
48 833
48 840
48 852
48 891
48 1014
48 1124
49 150
49 370
49 445
49 524
49 665
49 672
49 791
49 884
49 898
49 992
49 1179
49 1219
50 100
50 349
50 422
50 477
50 660
50 1043
50 1117
51 303
51 310
51 321
51 347
51 500
51 760
51 806
51 839
52 77
52 80
52 274
52 434
52 446
52 448
52 502
52 584
52 623
52 666
52 733
52 783
52 793
52 980
53 177
53 422
53 477
53 515
53 528
53 543
53 859
53 983
53 1129
53 1186
54 102
54 224
54 259
54 265
54 277
54 395
54 626
54 645
54 744
54 1204
55 56
55 117
55 182
55 191
55 219
55 249
55 255
55 294
55 295
55 473
55 482
55 483
55 513
55 743
55 767
55 885
55 903
55 905
55 1010
55 1033
55 1077
56 76
56 180
56 191
56 192
56 198
56 242
56 249
56 294
56 345
56 368
56 478
56 585
56 646
56 713
56 767
56 870
56 922
56 1016
56 1033
56 1077
56 1107
57 302
57 305
57 546
57 595
57 714
57 748
57 785
57 800
57 816
57 912
57 963
57 1197
58 657
58 658
58 704
58 1117
58 1168
58 1207
59 83
59 144
59 219
59 255
59 294
59 295
59 405
59 630
59 679
59 705
59 707
59 727
59 743
59 822
59 903
59 946
59 990
59 991
59 1077
59 1092
59 1173
59 1202
60 133
60 135
60 299
60 348
60 358
60 606
60 628
60 860
60 945
60 977
60 1106
60 1216
61 152
61 162
61 186
61 198
61 320
61 355
61 410
61 471
61 478
61 485
61 585
61 646
61 688
61 766
61 814
61 1073
61 1227
62 427
62 539
63 94
63 775
64 1041
64 1138
64 1214
64 1228
65 528
65 1163
66 117
66 208
66 261
66 264
66 295
66 331
66 487
66 507
66 565
66 588
66 691
66 705
66 707
66 833
66 837
66 890
66 978
66 1077
66 1092
66 1157
67 486
67 966
67 973
67 1185
67 1243
68 126
68 377
68 647
68 857
68 986
69 154
69 335
69 643
69 917
69 1183
70 79
70 80
70 107
70 209
70 250
70 330
70 335
70 361
70 393
70 403
70 455
70 560
70 637
70 711
70 793
70 895
70 917
70 1239
71 185
71 244
71 266
71 291
71 587
71 599
71 634
71 640
71 745
71 750
71 795
71 845
71 887
71 927
71 932
71 1064
72 96
72 222
72 283
72 284
72 315
72 322
72 388
72 605
72 626
72 724
72 801
72 947
72 985
72 1204
72 1221
72 1223
73 107
73 144
73 209
73 250
73 266
73 330
73 335
73 361
73 405
73 439
73 547
73 591
73 616
73 705
73 711
73 727
73 745
73 756
73 895
73 932
73 978
73 991
73 1020
73 1064
73 1091
73 1102
73 1121
73 1157
73 1173
73 1202
73 1248
74 183
74 243
74 353
74 359
74 369
74 600
74 726
74 830
74 974
74 1022
75 180
75 249
75 345
75 529
75 619
75 713
75 802
75 828
75 870
75 994
75 1022
75 1033
75 1154
76 81
76 101
76 114
76 115
76 192
76 242
76 300
76 328
76 345
76 356
76 372
76 373
76 465
76 551
76 611
76 638
76 870
76 922
76 1016
76 1039
76 1054
76 1107
77 196
77 274
77 434
77 446
77 448
77 502
77 584
77 623
77 685
77 733
77 980
77 1159
78 128
78 159
78 223
78 251
78 265
78 385
78 464
78 522
78 675
78 701
78 852
78 1014
78 1155
79 80
79 209
79 245
79 250
79 330
79 361
79 393
79 403
79 560
79 637
79 711
79 793
79 1020
80 361
80 393
80 403
80 446
80 455
80 623
80 711
80 793
80 980
80 1239
81 101
81 121
81 136
81 157
81 192
81 300
81 328
81 356
81 372
81 373
81 465
81 473
81 551
81 611
81 635
81 638
81 722
81 741
81 870
81 1001
81 1039
81 1054
81 1128
81 1142
81 1169
82 96
82 103
82 173
82 239
82 282
82 322
82 725
82 969
82 985
82 1028
82 1209
82 1230
83 144
83 219
83 268
83 295
83 405
83 493
83 630
83 679
83 727
83 743
83 822
83 903
83 946
83 990
83 991
83 1173
84 282
84 283
84 476
84 723
84 843
84 925
84 947
84 996
84 1230
85 97
85 119
85 340
85 343
85 576
85 821
85 1079
86 151
86 155
86 618
86 650
86 1011
87 537
87 1205
88 128
88 141
88 158
88 159
88 201
88 223
88 240
88 264
88 304
88 331
88 375
88 423
88 507
88 632
88 691
88 742
88 762
88 833
88 852
88 1009
88 1014
88 1124
88 1166
89 428
89 740
89 1034
90 94
90 715
90 776
90 882
90 995
91 365
91 732
92 175
92 339
92 508
92 642
93 108
93 246
93 281
93 296
93 379
93 457
93 483
93 504
93 518
93 648
93 794
93 871
93 918
93 1150
94 775
94 776
94 882
94 995
94 1141
95 111
95 296
95 457
95 504
95 517
95 518
95 625
95 794
95 918
96 103
96 222
96 235
96 239
96 277
96 282
96 284
96 309
96 315
96 322
96 395
96 725
96 801
96 925
96 985
96 1204
96 1209
97 303
97 321
97 340
97 500
97 724
99 531
99 883
100 125
100 349
100 422
100 477
100 543
100 660
100 859
100 983
100 999
100 1043
100 1153
101 157
101 182
101 300
101 356
101 372
101 373
101 465
101 473
101 482
101 513
101 551
101 611
101 638
101 738
101 802
101 836
101 870
101 994
101 1001
101 1010
101 1039
101 1054
101 1249
102 152
102 166
102 186
102 223
102 242
102 315
102 368
102 410
102 585
102 610
102 645
102 646
102 737
102 818
102 837
102 1016
102 1204
102 1221
102 1227
103 173
103 239
103 322
103 725
103 749
103 801
103 969
103 985
103 1050
103 1209
103 1230
104 112
104 131
104 389
104 417
104 480
104 546
104 629
104 698
104 912
104 1041
104 1138
104 1228
105 326
105 449
105 603
105 690
105 919
105 1006
106 270
106 695
107 208
107 209
107 250
107 330
107 335
107 361
107 405
107 705
107 711
107 895
107 902
107 917
107 978
107 1020
107 1091
107 1157
107 1183
107 1239
107 1248
108 182
108 246
108 281
108 379
108 457
108 473
108 482
108 483
108 504
108 513
108 517
108 648
108 738
108 794
108 836
108 994
108 1010
108 1150
108 1249
109 308
109 525
109 1144
110 152
110 168
110 198
110 355
110 410
110 565
110 645
110 684
110 688
110 707
110 812
110 837
110 885
110 890
110 1077
110 1092
110 1118
110 1157
110 1227
111 234
111 289
111 324
111 383
111 457
111 504
111 517
111 625
111 794
111 836
111 967
111 1128
111 1169
111 1249
112 389
112 417
112 480
112 629
112 718
112 748
112 829
112 878
112 1138
113 247
113 342
113 364
113 382
113 413
113 469
113 523
113 532
113 613
113 620
113 701
113 845
113 943
113 1088
113 1147
113 1175
114 115
114 139
114 242
114 328
114 345
114 465
114 529
114 558
114 611
114 619
114 638
114 713
114 828
114 870
114 922
114 1021
114 1024
114 1107
115 139
115 242
115 345
115 529
115 558
115 619
115 636
115 651
115 713
115 828
115 870
115 922
115 1021
115 1024
115 1107
116 753
116 1012
116 1240
117 181
117 182
117 214
117 255
117 261
117 264
117 295
117 356
117 372
117 473
117 482
117 513
117 632
117 670
117 767
117 905
117 1010
117 1054
118 490
118 510
118 970
119 126
119 340
119 343
119 511
119 576
119 596
119 821
119 1079
120 140
120 177
120 376
120 543
120 720
120 734
120 859
120 948
120 983
120 1144
121 136
121 157
121 300
121 326
121 328
121 372
121 465
121 551
121 603
121 611
121 635
121 638
121 722
121 741
121 1001
121 1039
121 1054
121 1110
121 1142
122 167
122 317
122 323
122 442
122 523
122 532
122 573
122 613
122 845
122 901
122 927
122 1120
123 440
124 232
124 306
124 720
124 851
124 853
124 948
124 993
124 1229
124 1234
125 135
125 349
125 445
125 497
125 519
125 606
125 860
125 872
125 884
125 1076
125 1219
126 143
126 343
126 511
126 576
126 596
126 647
126 656
126 821
126 857
126 986
126 1079
127 164
127 278
127 406
127 476
127 548
127 566
127 888
127 1078
127 1165
128 141
128 158
128 159
128 201
128 223
128 304
128 351
128 375
128 472
128 487
128 507
128 522
128 597
128 701
128 715
128 742
128 833
128 840
128 852
128 891
128 1014
128 1124
129 181
129 236
129 237
129 360
129 632
129 670
129 676
129 730
129 950
129 967
129 1045
129 1100
130 148
130 213
130 311
130 333
130 423
130 452
130 553
130 690
130 747
130 762
130 820
130 936
130 952
130 1109
131 134
131 225
131 546
131 771
131 912
131 1197
131 1228
132 151
132 290
132 386
132 424
132 455
132 545
132 817
132 882
132 995
133 135
133 348
133 358
133 371
133 471
133 606
133 628
133 860
133 876
133 945
133 977
133 1106
134 225
134 816
134 912
134 1197
135 162
135 348
135 358
135 370
135 371
135 445
135 524
135 606
135 628
135 791
135 860
135 876
135 884
135 1106
135 1219
136 172
136 289
136 300
136 326
136 372
136 383
136 551
136 635
136 741
136 916
136 1001
136 1039
136 1045
136 1054
136 1110
136 1128
136 1142
136 1169
138 911
138 1237
139 242
139 328
139 500
139 558
139 638
139 922
139 1021
139 1024
139 1038
140 238
140 376
140 481
140 497
140 590
140 710
140 720
140 734
140 859
140 872
140 948
140 993
141 158
141 159
141 201
141 304
141 351
141 375
141 472
141 597
141 715
141 742
141 833
141 840
141 852
141 891
141 1014
141 1124
142 318
142 911
142 1081
143 161
143 377
143 400
143 437
143 596
143 621
143 719
143 862
143 1190
144 219
144 295
144 405
144 439
144 630
144 679
144 705
144 707
144 727
144 822
144 903
144 946
144 990
144 991
144 1102
144 1173
144 1202
145 153
145 180
145 191
145 198
145 249
145 258
145 355
145 430
145 485
145 491
145 688
145 751
145 765
145 885
145 892
145 894
145 1053
145 1071
145 1133
145 1212
147 215
148 311
148 333
148 437
148 441
148 452
148 553
148 719
148 747
148 952
148 1079
148 1109
148 1190
149 499
149 535
149 763
149 842
149 933
149 968
149 1046
149 1115
149 1141
150 590
150 665
150 672
150 898
150 1179
151 155
151 545
151 776
151 817
151 882
151 995
151 1037
152 186
152 198
152 315
152 320
152 355
152 368
152 410
152 471
152 585
152 645
152 646
152 688
152 766
152 812
152 814
152 890
152 1073
152 1118
152 1227
153 171
153 258
153 430
153 485
153 659
153 673
153 743
153 751
153 765
153 885
153 892
153 977
153 1212
154 229
154 290
154 386
154 643
155 618
155 650
155 1011
155 1218
156 354
156 746
156 769
156 874
156 879
156 896
157 234
157 300
157 372
157 373
157 465
157 551
157 611
157 638
157 738
157 836
157 870
157 994
157 1001
157 1039
157 1249
158 159
158 201
158 304
158 351
158 375
158 472
158 507
158 597
158 715
158 742
158 833
158 840
158 852
158 891
158 1014
158 1124
158 1183
159 201
159 223
159 251
159 304
159 351
159 375
159 423
159 507
159 597
159 691
159 742
159 762
159 833
159 840
159 852
159 891
159 1009
159 1014
159 1124
160 536
160 569
161 316
161 377
161 400
161 862
161 1190
161 1199
162 186
162 231
162 320
162 348
162 410
162 471
162 544
162 550
162 606
162 766
162 814
162 856
162 860
162 1106
162 1116
162 1156
162 1219
163 402
163 1211
164 278
164 353
164 476
164 548
164 636
164 888
164 1078
164 1165
165 589
165 906
166 223
166 251
166 368
166 610
166 626
166 737
166 818
166 852
166 960
167 317
167 323
167 442
167 594
167 652
167 901
167 1120
168 171
168 198
168 294
168 355
168 565
168 630
168 659
168 688
168 707
168 885
168 890
168 903
168 1077
168 1092
168 1118
168 1157
168 1212
169 609
170 204
170 276
170 443
170 848
170 867
170 923
170 1004
170 1158
170 1196
171 258
171 659
171 673
171 751
171 765
171 822
171 885
171 1212
171 1242
172 237
172 289
172 319
172 326
172 383
172 635
172 741
172 916
172 1045
172 1110
172 1128
172 1142
172 1169
173 239
173 526
173 749
173 959
173 1050
173 1209
174 955
174 1007
174 1140
175 339
175 508
175 642
176 288
176 460
176 542
176 612
176 622
176 934
176 962
176 1111
176 1145
176 1177
176 1201
177 528
177 543
177 734
177 859
177 983
177 1186
178 451
178 674
178 897
178 1084
178 1215
180 191
180 198
180 249
180 345
180 355
180 430
180 478
180 485
180 713
180 802
180 1016
180 1026
180 1033
180 1053
180 1133
181 214
181 261
181 356
181 360
181 473
181 632
181 663
181 670
181 730
181 905
181 950
181 967
182 191
182 249
182 255
182 356
182 372
182 373
182 465
182 473
182 482
182 483
182 513
182 738
182 767
182 802
182 870
182 905
182 994
182 1010
182 1033
182 1039
182 1249
183 197
183 243
183 276
183 353
183 359
183 369
183 600
183 726
183 848
183 865
183 867
183 974
183 1022
183 1154
183 1158
184 205
184 338
184 530
185 280
185 302
185 305
185 506
185 555
185 582
185 587
185 640
185 677
185 714
185 750
185 785
185 795
185 800
185 816
185 887
185 895
185 927
185 1121
186 198
186 222
186 315
186 320
186 355
186 368
186 410
186 471
186 478
186 585
186 646
186 688
186 766
186 814
186 925
186 1073
186 1227
187 418
187 532
187 570
187 573
187 657
187 832
187 944
187 1051
187 1147
187 1168
187 1207
188 208
188 223
188 291
188 364
188 487
188 565
188 588
188 620
188 634
188 645
188 684
188 701
188 812
188 837
188 840
188 978
188 1014
188 1091
188 1157
189 227
189 436
189 526
189 661
189 913
189 1208
190 241
190 316
190 747
190 808
190 952
191 198
191 219
191 249
191 255
191 258
191 294
191 430
191 485
191 743
191 767
191 802
191 885
191 1010
191 1033
191 1077
191 1212
192 240
192 242
192 264
192 300
192 328
192 356
192 372
192 465
192 551
192 611
192 870
192 922
192 1016
192 1039
192 1054
192 1107
192 1166
193 1060
194 321
194 329
194 855
194 899
194 929
194 1038
196 274
196 448
196 601
196 666
196 1148
197 353
197 636
197 848
197 865
197 894
197 974
197 1026
197 1031
197 1053
197 1078
197 1133
198 249
198 294
198 355
198 430
198 485
198 688
198 707
198 885
198 890
198 903
198 1077
198 1092
198 1118
198 1212
198 1227
199 937
200 489
200 537
200 1188
200 1205
201 223
201 240
201 304
201 311
201 375
201 423
201 452
201 507
201 691
201 742
201 762
201 833
201 852
201 1009
201 1014
201 1124
201 1166
202 218
202 562
202 831
204 276
204 443
204 600
204 848
204 867
204 923
204 1154
204 1158
204 1170
204 1196
205 338
205 530
206 819
206 983
206 1153
207 514
207 841
208 331
208 487
208 507
208 565
208 588
208 684
208 705
208 707
208 742
208 812
208 837
208 840
208 890
208 978
208 1091
208 1092
208 1157
208 1183
208 1248
209 245
209 250
209 330
209 335
209 361
209 403
209 405
209 439
209 560
209 591
209 637
209 711
209 756
209 793
209 991
209 1020
209 1239
209 1248
210 516
210 533
211 390
211 649
211 949
212 252
213 236
213 241
213 311
213 452
213 686
213 721
213 936
213 952
213 1100
213 1109
214 261
214 360
214 663
214 670
214 711
214 902
214 905
214 950
214 1020
214 1159
216 352
216 580
217 247
217 259
217 364
217 410
217 544
217 620
217 645
217 684
217 812
217 832
217 856
217 935
217 953
217 1019
217 1051
217 1093
217 1118
217 1156
217 1189
217 1227
218 562
218 831
219 249
219 255
219 258
219 294
219 295
219 483
219 493
219 630
219 673
219 679
219 743
219 767
219 885
219 903
219 1077
219 1092
219 1173
219 1212
220 515
220 1206
220 1224
221 319
221 415
221 538
221 564
221 644
221 728
221 1002
221 1036
221 1061
222 282
222 283
222 284
222 315
222 320
222 322
222 410
222 550
222 766
222 814
222 843
222 925
222 947
222 985
222 996
222 1073
222 1116
222 1204
222 1221
223 251
223 304
223 375
223 487
223 507
223 588
223 610
223 645
223 684
223 691
223 701
223 737
223 837
223 852
223 1014
224 235
224 259
224 277
224 309
224 395
224 645
224 744
224 893
224 1116
224 1204
225 771
225 912
225 1197
226 335
226 506
226 555
226 560
226 582
226 926
226 972
226 1121
227 436
227 526
227 661
227 909
227 913
227 1056
227 1208
228 658
228 875
228 1068
229 474
230 454
230 739
230 1225
231 259
231 544
231 550
231 606
231 662
231 723
231 766
231 814
231 856
231 860
231 1076
231 1093
231 1116
231 1156
231 1189
231 1207
232 710
232 720
232 851
232 948
232 993
232 1229
232 1234
233 617
233 1146
234 324
234 457
234 466
234 517
234 738
234 794
234 836
234 854
234 1249
235 239
235 259
235 277
235 309
235 395
235 486
235 527
235 725
235 744
235 893
235 1116
235 1161
236 423
236 632
236 721
236 730
236 792
236 950
236 1100
237 289
237 319
237 625
237 730
237 741
237 967
237 1045
237 1100
237 1128
238 306
238 376
238 590
238 672
238 720
238 898
238 948
238 993
239 309
239 322
239 725
239 749
239 801
239 985
239 1050
239 1209
240 264
240 356
240 372
240 423
240 507
240 551
240 632
240 691
240 762
240 820
240 833
240 916
240 1009
240 1054
240 1166
241 747
241 808
241 936
241 952
241 1070
241 1203
242 328
242 345
242 368
242 478
242 585
242 611
242 646
242 651
242 713
242 870
242 922
242 1016
242 1021
242 1024
242 1107
243 359
243 369
243 433
243 602
243 726
243 830
243 1022
243 1154
244 266
244 547
244 599
244 634
244 640
244 745
244 750
244 795
244 932
244 1064
245 663
245 711
245 727
245 946
245 990
245 991
245 1020
246 281
246 379
246 457
246 483
246 504
246 513
246 518
246 648
246 689
246 738
246 794
246 918
246 1150
247 259
247 342
247 364
247 413
247 532
247 620
247 645
247 684
247 812
247 832
247 856
247 935
247 943
247 953
247 1019
247 1051
247 1147
248 662
248 710
248 725
248 772
248 1028
248 1161
249 294
249 345
249 430
249 713
249 743
249 767
249 802
249 870
249 885
249 1010
249 1016
249 1033
249 1077
249 1212
250 330
250 335
250 361
250 403
250 405
250 560
250 591
250 711
250 793
250 902
250 1020
250 1091
250 1239
250 1248
251 265
251 385
251 464
251 626
251 656
251 675
251 737
251 818
251 821
251 852
251 1014
253 937
254 262
254 268
254 483
254 493
254 846
254 871
254 908
254 1099
254 1150
254 1192
255 261
255 294
255 295
255 473
255 482
255 483
255 513
255 630
255 670
255 679
255 705
255 743
255 767
255 885
255 903
255 905
255 1010
255 1077
255 1092
256 382
256 696
256 754
256 1025
256 1175
257 593
257 736
257 1013
257 1134
258 294
258 430
258 485
258 659
258 673
258 743
258 751
258 765
258 885
258 892
258 903
258 1077
258 1212
259 309
259 395
259 544
259 550
259 620
259 662
259 766
259 814
259 856
259 935
259 953
259 1019
259 1051
259 1093
259 1116
259 1156
260 900
261 264
261 295
261 331
261 663
261 670
261 705
261 707
261 767
261 902
261 905
261 950
261 1092
262 268
262 493
262 871
262 908
262 911
262 1192
264 331
264 356
264 507
264 632
264 670
264 691
264 833
264 905
264 1009
264 1054
264 1166
265 277
265 385
265 464
265 522
265 675
265 893
265 1134
265 1185
266 547
266 634
266 745
266 807
266 932
266 1064
266 1091
266 1102
266 1157
266 1202
267 273
267 616
267 639
267 694
267 708
267 789
267 804
267 962
267 1211
268 493
268 871
268 908
268 946
268 990
268 1192
269 484
269 1036
270 695
271 299
271 765
271 835
271 945
271 1005
271 1063
271 1216
272 344
272 363
272 421
273 460
273 639
273 655
273 694
273 789
273 804
273 934
273 962
273 1211
274 434
274 446
274 448
274 502
274 584
274 623
274 676
274 685
274 733
274 1159
275 810
276 443
276 600
276 848
276 865
276 867
276 923
276 1004
276 1022
276 1154
276 1158
276 1196
277 309
277 395
277 464
277 486
277 725
277 744
277 893
277 1185
278 548
278 888
279 825
279 827
279 957
279 1181
280 302
280 323
280 332
280 442
280 492
280 587
280 652
280 677
280 714
280 748
280 795
280 800
280 816
280 829
280 901
280 927
281 379
281 483
281 648
281 682
281 689
281 717
281 738
281 777
281 994
281 1099
281 1150
282 284
282 315
282 550
282 723
282 814
282 925
282 985
282 996
282 1028
282 1116
283 284
283 315
283 322
283 605
283 801
283 843
283 925
283 947
283 969
283 985
283 996
283 1221
283 1223
283 1230
284 315
284 322
284 395
284 605
284 801
284 925
284 947
284 985
284 996
284 1204
284 1221
285 447
285 1008
285 1070
285 1105
286 501
286 503
286 811
288 612
288 622
288 655
288 934
288 1111
288 1112
288 1145
288 1177
289 324
289 383
289 517
289 625
289 635
289 741
289 836
289 967
289 1045
289 1128
289 1169
289 1249
290 386
290 393
290 424
290 455
290 817
290 1094
291 588
291 634
291 640
291 750
291 795
291 845
291 887
291 895
291 978
291 1091
291 1121
291 1248
292 371
292 524
292 541
292 791
293 301
293 557
293 749
293 928
293 973
294 295
294 355
294 630
294 679
294 688
294 705
294 707
294 743
294 767
294 885
294 890
294 903
294 1077
294 1092
294 1212
295 405
295 630
295 663
295 679
295 705
295 707
295 743
295 767
295 885
295 903
295 905
295 990
295 1077
295 1092
295 1173
296 360
296 504
296 517
296 518
296 918
297 490
297 498
297 510
297 1085
298 479
298 545
298 615
298 666
298 687
298 697
298 1037
298 1148
299 354
299 358
299 407
299 628
299 769
299 835
299 945
300 328
300 356
300 372
300 373
300 465
300 551
300 611
300 638
300 722
300 741
300 870
300 1001
300 1039
300 1054
300 1107
300 1142
301 557
301 826
301 928
301 973
301 1047
302 305
302 506
302 555
302 582
302 587
302 595
302 677
302 714
302 748
302 750
302 785
302 800
302 816
302 887
302 1121
303 310
303 605
303 724
303 806
303 1012
303 1223
304 331
304 351
304 375
304 423
304 472
304 487
304 507
304 691
304 715
304 742
304 833
304 840
304 852
304 891
304 1009
304 1014
304 1124
305 506
305 555
305 595
305 677
305 714
305 748
305 785
305 800
305 887
305 926
305 972
306 849
306 853
306 993
307 425
307 789
308 525
309 395
309 486
309 725
309 744
309 893
309 1116
309 1161
310 605
310 651
310 724
310 760
310 806
311 333
311 375
311 423
311 437
311 452
311 553
311 686
311 747
311 762
311 820
311 936
311 952
311 1009
311 1109
311 1124
313 641
313 786
313 1096
314 549
315 320
315 322
315 410
315 550
315 766
315 814
315 925
315 947
315 985
315 996
315 1073
315 1116
315 1204
315 1221
316 333
316 400
316 441
316 553
316 747
316 1190
316 1199
317 323
317 442
317 523
317 573
317 613
317 652
317 845
317 901
317 927
317 1120
319 350
319 383
319 408
319 538
319 625
319 644
319 728
319 1002
319 1036
319 1061
320 410
320 471
320 544
320 550
320 766
320 814
320 856
320 925
320 1073
320 1093
320 1116
320 1156
320 1204
320 1227
321 500
321 760
321 839
321 1038
322 388
322 605
322 801
322 925
322 969
322 985
322 1204
322 1209
322 1223
322 1230
323 332
323 412
323 442
323 492
323 587
323 795
323 900
323 901
323 927
323 1164
324 383
324 457
324 466
324 484
324 517
324 625
324 738
324 794
324 836
324 1169
324 1249
325 363
325 421
325 444
325 479
325 615
325 687
326 603
326 635
326 722
326 741
326 916
326 1001
326 1110
326 1142
327 346
327 402
327 825
327 1184
328 465
328 551
328 611
328 638
328 722
328 922
328 1001
328 1107
329 674
329 929
330 335
330 361
330 403
330 405
330 591
330 711
330 902
330 978
330 1020
330 1091
330 1239
330 1248
331 423
331 507
331 632
331 670
331 691
331 705
331 742
331 833
331 837
331 840
331 902
331 1009
331 1124
332 442
332 492
332 587
332 748
332 816
332 829
332 927
333 437
333 441
333 452
333 553
333 719
333 747
333 952
333 1079
333 1109
333 1190
334 597
334 930
335 361
335 403
335 506
335 555
335 560
335 582
335 640
335 750
335 756
335 887
335 895
335 917
335 926
335 972
335 1121
335 1248
336 825
337 838
337 844
337 988
338 530
339 459
339 508
339 642
339 1098
339 1231
340 343
340 576
340 821
340 960
340 1079
341 406
341 440
341 566
341 780
341 956
342 382
342 413
342 469
342 527
342 532
342 752
342 893
342 943
342 1088
342 1147
343 511
343 576
343 656
343 821
343 960
343 1079
344 699
344 989
344 1030
345 465
345 478
345 529
345 558
345 585
345 611
345 619
345 713
345 802
345 828
345 870
345 922
345 1016
345 1021
345 1024
345 1033
345 1107
346 402
346 1184
347 1220
348 358
348 371
348 524
348 628
348 791
348 860
348 876
348 884
348 1106
348 1219
349 606
349 704
349 860
349 1076
349 1156
349 1189
349 1210
350 408
350 538
350 604
350 728
350 921
350 1002
351 452
351 472
351 686
351 715
351 721
351 742
351 891
351 936
351 1124
352 580
353 359
353 369
353 548
353 636
353 726
353 974
353 1022
353 1078
354 531
354 746
354 769
354 874
354 879
355 410
355 430
355 471
355 485
355 688
355 765
355 885
355 890
355 977
355 1077
355 1118
355 1212
355 1227
356 372
356 373
356 465
356 473
356 482
356 551
356 611
356 632
356 670
356 741
356 870
356 905
356 1001
356 1010
356 1039
356 1054
356 1128
356 1166
357 1126
358 371
358 524
358 628
358 791
358 876
358 945
358 1031
358 1106
358 1133
359 369
359 600
359 726
359 830
359 974
359 1022
360 434
360 663
360 676
360 730
360 950
360 967
360 1159
361 393
361 403
361 560
361 591
361 637
361 711
361 756
361 793
361 1020
361 1239
362 429
362 782
362 964
362 1119
363 421
363 615
363 687
364 413
364 487
364 588
364 620
364 634
364 645
364 684
364 812
364 832
364 845
364 935
364 953
364 1019
364 1147
365 732
366 378
366 541
366 1044
366 1198
367 1244
368 478
368 585
368 610
368 646
368 737
368 818
368 837
368 1016
368 1024
368 1107
368 1204
368 1221
368 1227
369 619
369 726
369 828
369 830
369 974
369 1022
370 445
370 524
370 791
370 884
370 992
371 524
371 791
371 876
371 945
371 1031
371 1053
371 1106
371 1133
372 373
372 465
372 473
372 482
372 551
372 611
372 632
372 635
372 638
372 670
372 741
372 870
372 905
372 1001
372 1010
372 1039
372 1054
372 1107
372 1128
373 465
373 473
373 482
373 513
373 551
373 611
373 738
373 802
373 870
373 994
373 1001
373 1010
373 1033
373 1039
373 1054
373 1249
374 521
374 624
374 797
374 873
375 423
375 452
375 507
375 691
375 742
375 762
375 833
375 852
375 1009
375 1014
375 1124
376 590
376 672
376 720
376 898
376 948
376 1179
377 400
377 596
377 621
377 862
378 1044
379 457
379 504
379 518
379 648
379 794
379 918
380 418
380 527
380 696
380 752
380 772
380 805
380 1025
382 413
382 469
382 523
382 613
382 943
382 1088
382 1175
383 517
383 625
383 635
383 741
383 836
383 1001
383 1036
383 1061
383 1110
383 1128
383 1169
384 690
384 735
384 855
384 1006
385 464
385 522
385 656
385 675
385 893
385 966
385 1134
385 1155
385 1185
386 424
386 455
386 474
386 764
386 1094
387 456
387 622
387 655
387 1000
387 1112
388 605
388 801
388 806
388 1012
388 1223
389 417
389 480
389 546
389 629
389 718
389 878
389 963
389 1138
390 649
391 595
391 692
391 926
391 942
391 1035
391 1149
392 399
393 403
393 455
393 560
393 637
393 793
393 1239
394 437
394 686
394 719
394 778
394 930
394 1030
394 1190
395 744
395 893
395 1116
396 782
396 1057
398 470
398 1171
400 441
400 862
400 1190
400 1199
402 1184
403 560
403 637
403 711
403 756
403 793
403 1239
404 534
404 815
404 1225
405 439
405 630
405 679
405 705
405 707
405 711
405 727
405 822
405 903
405 990
405 991
405 1020
405 1091
405 1092
405 1102
405 1157
405 1173
405 1202
406 548
406 566
406 780
406 974
406 1078
406 1165
407 431
407 660
407 999
407 1213
408 538
408 604
408 644
408 728
408 921
408 1002
408 1061
410 471
410 550
410 645
410 688
410 766
410 814
410 856
410 925
410 1073
410 1116
410 1118
410 1204
410 1227
412 492
412 570
412 599
412 832
412 900
412 1164
412 1222
413 469
413 532
413 620
413 701
413 752
413 943
413 1088
413 1147
413 1175
414 593
414 647
414 857
414 1162
415 484
415 554
415 564
415 583
415 1036
415 1061
416 1244
417 480
417 546
417 629
417 718
417 816
417 829
417 1138
417 1228
418 527
418 657
418 752
418 772
418 944
418 975
418 1168
418 1207
419 536
420 853
420 958
420 1085
422 477
422 515
422 543
422 1117
422 1186
423 452
423 507
423 632
423 691
423 762
423 820
423 833
423 852
423 936
423 1009
423 1109
423 1124
423 1166
424 455
424 545
424 817
424 980
426 1247
427 728
427 1070
428 592
428 740
428 1112
429 782
429 964
429 1119
429 1143
430 485
430 491
430 688
430 743
430 751
430 765
430 885
430 892
430 894
430 1033
430 1053
430 1071
430 1133
430 1212
431 660
431 999
431 1043
431 1213
432 538
432 604
432 728
432 921
432 1002
432 1049
433 602
433 777
433 830
433 1022
433 1154
434 446
434 448
434 502
434 584
434 623
434 676
434 685
434 1159
435 1027
436 661
436 909
436 913
436 1056
436 1208
437 553
437 719
437 747
437 930
437 952
437 1079
437 1190
438 568
439 547
439 582
439 591
439 616
439 694
439 727
439 745
439 756
439 789
439 822
439 932
439 946
439 991
439 1064
439 1102
439 1173
439 1202
441 449
441 553
441 690
441 735
441 747
441 1006
441 1190
441 1199
442 523
442 594
442 613
442 652
442 901
442 927
442 1120
443 491
443 600
443 848
443 865
443 867
443 892
443 923
443 1071
443 1154
443 1158
443 1170
443 1196
444 615
444 618
444 687
445 497
445 519
445 791
445 884
445 898
445 992
445 1219
446 448
446 502
446 584
446 623
446 685
446 733
446 783
446 793
446 980
446 1159
447 479
447 834
447 1070
447 1203
448 502
448 584
448 623
448 666
448 676
449 690
449 735
449 919
449 1006
450 1160
451 674
451 897
452 553
452 686
452 747
452 762
452 820
452 936
452 952
452 1109
452 1124
454 1225
455 817
455 1094
456 622
456 729
456 1000
457 466
457 504
457 517
457 738
457 794
457 836
457 918
457 1249
458 799
459 508
459 1098
459 1231
460 542
460 612
460 807
460 822
460 934
460 962
460 1111
460 1202
460 1242
463 827
463 1235
464 522
464 675
464 893
464 1134
464 1155
464 1185
465 473
465 482
465 551
465 611
465 638
465 802
465 870
465 1001
465 1010
465 1016
465 1039
465 1054
465 1107
466 794
466 971
467 954
467 1143
468 540
468 680
468 858
468 904
469 522
469 701
469 943
469 1088
469 1175
470 1171
471 550
471 606
471 688
471 766
471 814
471 856
471 860
471 977
471 1118
471 1156
471 1189
471 1227
472 715
472 742
472 792
472 840
472 891
472 1124
472 1183
473 482
473 513
473 551
473 611
473 670
473 738
473 767
473 870
473 905
473 994
473 1010
473 1039
473 1054
473 1249
474 972
475 763
475 842
475 968
475 1175
476 548
476 843
476 888
477 515
477 543
477 983
477 1043
477 1117
477 1186
478 585
478 636
478 646
478 651
478 713
478 922
478 1016
478 1021
478 1024
478 1073
478 1107
478 1221
479 615
479 687
480 546
480 629
480 718
480 829
480 1138
480 1228
481 734
481 875
481 993
482 483
482 513
482 670
482 738
482 767
482 905
482 994
482 1010
482 1033
482 1039
483 493
483 513
483 738
483 743
483 767
483 994
483 1010
483 1099
483 1150
484 554
484 583
484 1036
485 688
485 751
485 765
485 885
485 977
485 1053
485 1133
485 1212
486 725
486 744
486 749
486 973
486 1185
486 1243
487 507
487 565
487 588
487 610
487 645
487 684
487 701
487 742
487 812
487 837
487 840
487 890
487 978
487 1014
487 1157
488 572
489 1188
490 510
490 970
490 1085
491 848
491 865
491 892
491 894
491 923
491 1026
491 1031
491 1053
491 1071
491 1133
491 1158
491 1170
492 587
492 599
492 795
492 900
492 901
492 927
492 1164
492 1222
493 679
493 743
493 871
493 908
493 1099
493 1150
493 1192
496 568
496 897
496 919
496 1029
496 1084
496 1215
497 519
497 710
497 720
497 723
497 872
497 948
497 1028
497 1076
499 652
499 763
499 842
499 933
499 968
499 1046
499 1052
500 760
500 839
500 1038
501 503
501 811
502 584
502 601
502 623
502 685
502 733
502 783
502 980
503 811
504 517
504 518
504 738
504 794
504 836
504 918
505 592
506 555
506 640
506 643
506 677
506 714
506 750
506 785
506 800
506 887
506 895
506 926
506 972
506 1121
507 565
507 588
507 610
507 691
507 742
507 833
507 837
507 840
507 852
507 1009
507 1014
507 1124
508 642
510 970
510 1085
511 576
511 656
511 675
511 821
511 857
511 966
511 1079
511 1155
512 633
513 738
513 767
513 905
513 994
513 1010
513 1033
513 1249
514 841
515 1129
516 533
517 625
517 738
517 794
517 836
517 967
517 1128
517 1169
517 1249
518 648
518 911
518 918
519 710
519 723
519 872
519 1028
519 1076
521 575
521 624
521 770
522 597
522 701
522 1014
522 1088
522 1175
523 613
523 652
523 845
523 901
523 927
523 1120
524 791
524 884
524 992
524 1106
526 661
526 851
526 959
526 1229
527 662
527 752
527 772
527 944
527 1161
528 658
528 1163
528 1186
529 558
529 611
529 619
529 713
529 802
529 828
529 870
529 922
529 1021
529 1022
530 577
531 874
531 883
532 573
532 613
532 657
532 752
532 832
532 935
532 943
532 944
532 953
532 1051
532 1147
532 1207
533 825
534 815
534 881
535 763
535 842
535 933
535 968
535 1046
535 1115
535 1141
536 569
537 1205
538 604
538 644
538 728
538 921
538 1002
538 1061
539 1049
540 858
540 1199
541 559
541 608
542 708
542 771
542 796
542 807
542 824
542 934
542 962
542 1180
542 1211
543 734
543 859
543 983
544 550
544 606
544 662
544 766
544 814
544 856
544 860
544 953
544 1051
544 1076
544 1093
544 1116
544 1156
544 1189
544 1207
545 666
545 817
545 914
545 995
545 1037
545 1233
546 698
546 912
547 582
547 591
547 616
547 640
547 708
547 727
547 745
547 750
547 756
547 887
547 932
547 1064
547 1091
547 1102
547 1121
547 1202
547 1248
548 566
548 636
548 888
548 974
548 1078
550 606
550 723
550 766
550 814
550 856
550 860
550 925
550 1076
550 1093
550 1116
550 1156
550 1219
551 611
551 632
551 635
551 638
551 741
551 870
551 1001
551 1039
551 1054
551 1107
551 1128
551 1142
551 1166
552 805
552 1161
553 719
553 747
553 952
553 1079
553 1109
553 1190
554 583
554 886
554 1036
554 1061
555 640
555 643
555 677
555 714
555 750
555 785
555 800
555 887
555 895
555 926
555 972
555 1121
558 619
558 636
558 651
558 713
558 828
558 922
558 1021
558 1024
559 608
559 1067
560 591
560 637
560 756
560 793
560 926
560 972
562 1080
563 1086
564 644
564 1036
564 1061
565 588
565 645
565 684
565 705
565 707
565 812
565 837
565 890
565 978
565 1077
565 1092
565 1118
565 1157
565 1227
566 780
566 974
566 1078
566 1165
567 731
570 657
570 704
570 832
570 1051
570 1164
570 1168
570 1207
570 1210
570 1222
571 653
571 866
571 1182
573 613
573 657
573 832
573 901
573 944
573 1147
573 1164
574 664
575 624
575 770
575 797
575 873
576 596
576 656
576 821
576 857
576 966
576 1079
579 595
579 963
581 851
581 969
581 1229
581 1230
581 1234
582 591
582 616
582 640
582 692
582 745
582 750
582 756
582 887
582 895
582 926
582 1102
582 1121
582 1197
583 886
583 1036
584 623
584 676
584 685
584 733
584 1159
585 646
585 651
585 713
585 922
585 1016
585 1024
585 1073
585 1107
585 1221
587 599
587 640
587 677
587 714
587 750
587 795
587 800
587 816
587 845
587 887
587 927
588 634
588 645
588 684
588 701
588 812
588 837
588 840
588 890
588 978
588 1014
588 1091
588 1157
588 1183
589 906
589 1236
590 672
590 720
590 898
590 948
590 1179
591 616
591 637
591 727
591 756
591 991
591 1102
591 1202
592 740
593 647
593 857
593 1155
593 1162
594 829
594 878
595 692
595 785
595 926
595 1035
595 1149
595 1197
596 621
596 719
596 862
596 1079
598 649
598 949
599 634
599 795
599 900
599 1222
600 848
600 865
600 867
600 923
600 974
600 1022
600 1071
600 1154
600 1158
600 1196
601 733
601 783
601 803
601 980
601 1096
602 682
602 777
602 830
602 850
602 1154
603 690
603 722
603 855
603 919
603 1110
603 1142
604 644
604 728
604 921
604 1002
605 724
605 801
605 806
605 947
605 1221
605 1223
606 628
606 766
606 814
606 856
606 860
606 1076
606 1156
606 1189
607 942
608 665
608 1042
608 1067
609 1246
610 645
610 737
610 818
610 837
610 852
610 1014
611 638
611 802
611 828
611 870
611 922
611 1001
611 1010
611 1039
611 1054
611 1107
612 622
612 934
612 1005
612 1063
612 1111
612 1145
612 1201
612 1242
613 652
613 845
613 901
613 927
613 943
613 1120
615 687
615 697
616 708
616 727
616 745
616 756
616 887
616 932
616 1064
616 1102
616 1202
617 1146
618 650
619 713
619 802
619 828
619 870
619 922
619 1021
619 1022
620 634
620 645
620 684
620 701
620 812
620 832
620 935
620 943
620 953
620 1019
620 1051
620 1147
621 862
622 655
622 934
622 1111
622 1112
622 1145
623 733
623 783
623 793
623 980
623 1159
624 770
624 873
625 741
625 967
625 1128
625 1169
626 737
626 818
627 769
628 860
628 945
628 977
628 1106
628 1216
629 718
629 829
629 1138
629 1228
630 679
630 705
630 707
630 743
630 822
630 885
630 903
630 991
630 1077
630 1092
630 1157
630 1173
630 1202
631 924
632 670
632 691
632 730
632 833
632 905
632 916
632 950
632 967
632 1009
632 1054
632 1166
633 1177
634 684
634 795
634 812
634 932
634 1091
634 1157
635 741
635 916
635 1001
635 1039
635 1045
635 1054
635 1110
635 1128
635 1142
635 1169
636 651
636 713
636 1021
636 1024
636 1026
637 709
637 711
637 756
637 793
638 722
638 1001
638 1039
638 1142
639 655
639 694
639 727
639 789
639 804
639 946
639 962
639 991
640 677
640 714
640 745
640 750
640 887
640 895
640 932
640 1091
640 1121
640 1248
641 786
641 1096
643 917
643 1052
644 728
644 1002
644 1036
644 1061
645 684
645 812
645 837
645 890
645 1019
645 1118
645 1227
646 651
646 713
646 922
646 1016
646 1024
646 1073
646 1107
646 1221
647 857
648 689
648 918
648 1150
649 949
650 1011
650 1218
651 843
651 922
651 947
651 996
651 1021
651 1024
651 1073
651 1221
652 901
652 927
652 1052
652 1120
653 866
653 1182
655 804
655 934
655 946
655 962
655 1112
656 675
656 821
656 857
656 966
656 1079
656 1134
656 1155
657 832
657 944
657 1051
657 1147
657 1168
657 1207
658 1186
659 673
659 688
659 751
659 765
659 885
659 903
659 977
659 1212
659 1216
659 1242
660 999
660 1043
660 1153
661 909
661 913
661 1208
662 772
662 1076
662 1093
662 1116
662 1156
662 1161
662 1168
662 1207
663 905
663 990
663 1020
663 1159
663 1192
665 672
665 898
665 1067
665 1179
666 980
666 1148
667 669
670 730
670 767
670 905
670 950
670 967
670 1010
670 1054
671 788
671 976
672 898
672 1179
673 729
673 743
673 751
673 765
673 1212
673 1242
674 897
675 857
675 1134
675 1155
676 730
676 1159
677 714
677 748
677 750
677 785
677 800
677 816
677 887
677 927
677 1052
678 1075
678 1131
679 743
679 822
679 903
679 946
679 990
679 991
679 1077
679 1173
679 1202
680 904
681 964
681 1069
681 1119
682 689
682 777
682 850
682 1132
684 701
684 812
684 837
684 890
684 978
684 1019
684 1118
684 1157
685 1159
686 778
686 930
686 936
686 952
686 989
686 1030
686 1109
687 697
688 765
688 885
688 890
688 977
688 1077
688 1118
688 1212
688 1227
689 717
689 846
689 1099
689 1132
689 1150
690 735
690 820
690 1006
690 1142
691 742
691 762
691 833
691 852
691 1009
691 1124
691 1166
692 926
692 1035
692 1149
692 1197
693 1245
694 727
694 789
694 804
694 962
694 1211
695 1048
696 754
696 1025
697 1148
698 1041
698 1062
699 778
699 989
699 1030
699 1203
701 1014
701 1088
702 849
703 1015
703 1125
704 1117
704 1168
704 1189
704 1207
704 1210
705 707
705 890
705 903
705 978
705 1020
705 1077
705 1091
705 1092
705 1157
705 1173
706 1058
707 812
707 885
707 890
707 903
707 1077
707 1092
707 1157
707 1173
708 745
708 771
708 796
708 807
708 824
708 1064
708 1197
708 1211
709 783
710 720
710 734
710 872
710 948
710 1028
710 1076
711 793
711 902
711 1020
711 1239
712 746
712 769
712 896
713 802
713 828
713 870
713 922
713 1016
713 1021
713 1024
713 1026
713 1033
713 1107
714 748
714 750
714 785
714 800
714 816
714 887
714 927
714 1052
714 1121
715 721
715 742
715 792
715 840
715 891
715 1124
715 1233
716 823
716 975
716 1146
717 846
717 1099
717 1150
718 878
718 955
718 1138
719 747
719 862
719 930
719 1079
719 1190
720 872
720 898
720 948
720 993
721 730
721 792
721 891
721 914
721 936
721 950
721 1100
721 1124
722 855
722 1001
722 1142
723 814
723 872
723 1028
723 1076
723 1116
723 1219
724 806
724 1012
725 744
725 1161
726 830
726 974
726 1022
727 756
727 789
727 804
727 822
727 946
727 990
727 991
727 1102
727 1173
727 1202
728 921
728 1002
728 1061
729 1000
729 1242
730 950
730 967
730 1045
730 1100
733 783
733 980
734 859
734 872
734 1186
735 1006
736 910
736 1013
736 1060
737 818
737 960
738 794
738 836
738 994
738 1010
738 1249
740 1034
741 916
741 967
741 1001
741 1039
741 1045
741 1054
741 1110
741 1128
741 1142
741 1169
742 833
742 840
742 852
742 891
742 1014
742 1124
742 1183
743 751
743 767
743 885
743 903
743 1077
743 1212
744 893
744 1185
745 750
745 807
745 887
745 932
745 1064
745 1091
745 1102
745 1202
746 769
746 874
746 879
746 896
747 936
747 952
747 1109
747 1190
748 785
748 800
748 816
748 829
748 878
748 963
749 959
749 1050
750 800
750 887
750 895
750 932
750 1091
750 1121
750 1248
751 765
751 885
751 977
751 1212
752 893
752 943
752 944
752 1147
753 1240
755 909
756 926
756 1102
756 1121
757 1043
757 1129
758 1176
759 940
759 1040
760 839
760 1038
761 1104
762 820
762 852
762 960
762 1009
762 1079
762 1109
762 1124
762 1166
763 842
763 968
763 1046
763 1115
764 1055
764 1094
765 885
765 977
765 1212
766 814
766 856
766 860
766 1093
766 1116
766 1156
766 1189
766 1227
767 885
767 903
767 905
767 1010
767 1033
767 1077
768 907
769 874
769 896
770 1046
771 796
771 824
771 1180
772 944
772 1161
776 882
776 995
777 850
777 994
777 1132
777 1154
778 930
778 989
778 1030
781 831
781 984
782 964
782 1119
783 803
783 980
785 800
785 816
786 1096
788 920
788 976
788 987
788 1040
789 804
789 946
789 1211
791 884
791 992
791 1106
791 1219
792 891
792 914
792 1100
792 1233
793 980
793 1159
793 1239
794 836
794 918
794 1249
795 845
795 900
795 927
796 807
796 824
796 1180
796 1211
797 873
799 1086
800 816
800 887
800 927
801 985
801 1204
801 1209
801 1230
802 828
802 870
802 994
802 1010
802 1033
803 1096
804 946
804 962
804 1211
805 869
806 1012
806 1223
807 824
807 1064
807 1202
808 1105
812 837
812 890
812 953
812 1019
812 1118
812 1157
812 1227
814 856
814 860
814 925
814 1093
814 1116
814 1156
814 1219
816 829
817 995
817 1037
817 1233
818 960
819 983
819 1153
820 916
820 960
820 1009
820 1109
820 1142
820 1166
821 960
821 1079
822 903
822 946
822 991
822 1102
822 1173
822 1202
822 1242
825 957
826 928
826 1047
827 1181
827 1235
828 870
828 922
828 1021
828 1022
829 878
830 1154
832 935
832 943
832 944
832 953
832 1019
832 1051
832 1147
832 1168
832 1207
832 1222
833 840
833 852
833 891
833 902
833 1009
833 1014
833 1124
834 1148
835 945
835 1005
835 1063
835 1216
836 1128
836 1169
836 1249
837 852
837 890
837 1014
837 1227
838 844
838 988
838 1095
838 1241
839 899
839 1038
839 1176
840 891
840 978
840 1014
840 1124
840 1183
841 866
842 933
842 968
842 1046
842 1052
842 1115
843 925
843 947
843 996
843 1073
843 1221
843 1230
844 988
844 1081
844 1095
844 1237
845 901
845 927
845 1120
846 1099
846 1150
848 865
848 867
848 894
848 923
848 1022
848 1071
848 1158
848 1170
848 1196
850 971
850 1132
851 1229
851 1234
852 1009
852 1014
852 1124
853 993
854 940
854 1074
855 919
856 860
856 935
856 953
856 1019
856 1051
856 1093
856 1116
856 1156
856 1189
857 966
857 1134
857 1155
858 904
858 1199
859 983
859 1186
860 1156
860 1189
860 1219
862 1190
864 958
865 894
865 923
865 1022
865 1026
865 1031
865 1053
865 1071
865 1133
865 1158
866 1218
867 923
867 1004
867 1101
867 1158
867 1196
867 1198
870 922
870 994
870 1010
870 1016
870 1033
870 1039
870 1054
870 1107
871 908
871 911
871 1150
871 1192
872 948
872 1028
872 1076
874 879
875 1068
876 1026
876 1031
876 1053
876 1106
876 1133
882 995
882 1011
882 1141
884 992
884 1106
884 1219
885 890
885 903
885 1077
885 1092
885 1212
887 895
887 932
887 1121
887 1248
888 1220
889 1012
890 903
890 1077
890 1092
890 1118
890 1157
890 1227
891 1124
891 1183
892 894
892 923
892 1071
892 1170
893 1185
894 1026
894 1031
894 1053
894 1071
894 1133
894 1158
894 1170
895 917
895 1091
895 1121
895 1248
897 1215
898 1179
899 929
899 1038
899 1123
899 1176
900 1164
900 1222
901 927
901 1120
902 950
902 1020
902 1239
903 1077
903 1092
903 1173
903 1212
904 1126
905 967
905 1010
905 1054
906 1236
908 1192
909 1056
909 1208
910 1013
910 1060
911 1237
912 1197
913 1208
914 1233
916 1045
916 1054
916 1110
916 1128
916 1142
916 1166
917 1183
919 1029
919 1084
919 1215
920 987
920 1040
921 1002
922 1016
922 1021
922 1024
922 1107
923 1071
923 1154
923 1158
923 1170
923 1196
925 947
925 985
925 996
925 1073
925 1116
925 1204
925 1221
926 972
926 1035
926 1121
927 1120
928 973
928 1047
930 1030
930 1155
932 1064
932 1091
932 1102
932 1157
932 1202
932 1248
933 968
933 1046
933 1115
934 962
934 1111
934 1201
935 943
935 953
935 1019
935 1051
935 1147
936 952
936 1109
939 1087
940 1074
942 1055
943 953
943 1051
943 1088
943 1147
944 975
944 1051
944 1147
944 1168
944 1207
945 1216
946 990
946 991
946 1102
946 1173
946 1202
947 985
947 996
947 1024
947 1073
947 1204
947 1221
948 993
950 967
950 1159
952 1109
952 1190
953 1019
953 1051
953 1093
953 1147
954 1143
955 1007
956 1044
957 1180
959 1050
960 1009
960 1079
960 1166
962 1111
962 1211
964 1069
964 1119
967 1045
967 1128
968 1046
968 1052
968 1115
969 985
969 1209
969 1223
969 1230
970 1085
971 1132
973 1243
974 1022
974 1078
974 1198
977 1212
977 1216
978 1091
978 1157
978 1183
978 1248
979 1181
983 1043
983 1153
985 996
985 1204
985 1209
985 1230
988 1081
989 1030
990 991
990 1020
990 1173
990 1192
991 1020
991 1102
991 1173
991 1202
994 1010
994 1033
994 1249
995 1037
996 1073
996 1204
996 1221
999 1043
999 1153
1001 1039
1001 1054
1001 1110
1001 1128
1001 1142
1001 1169
1002 1061
1003 1004
1003 1101
1004 1101
1004 1196
1005 1063
1005 1201
1005 1216
1005 1242
1007 1140
1008 1070
1008 1105
1009 1124
1009 1166
1010 1033
1010 1039
1010 1054
1011 1218
1012 1223
1013 1060
1014 1124
1015 1125
1016 1024
1016 1107
1019 1051
1019 1093
1019 1118
1019 1147
1019 1227
1020 1239
1021 1024
1021 1107
1022 1026
1022 1154
1022 1158
1024 1073
1024 1107
1024 1221
1026 1031
1026 1053
1026 1071
1026 1133
1028 1076
1029 1084
1029 1215
1031 1053
1031 1071
1031 1106
1031 1133
1035 1149
1036 1061
1038 1123
1039 1054
1039 1128
1039 1249
1041 1062
1041 1138
1041 1228
1043 1153
1045 1100
1045 1110
1045 1128
1045 1142
1046 1115
1051 1093
1051 1147
1051 1168
1051 1207
1053 1071
1053 1133
1054 1128
1054 1142
1054 1166
1055 1094
1056 1208
1063 1201
1063 1216
1063 1231
1063 1242
1064 1091
1064 1102
1064 1202
1067 1165
1069 1083
1069 1119
1070 1105
1071 1133
1071 1158
1071 1170
1073 1204
1073 1221
1075 1131
1075 1167
1075 1178
1076 1156
1077 1092
1077 1212
1081 1095
1081 1237
1084 1215
1088 1175
1091 1157
1091 1248
1092 1157
1092 1173
1093 1116
1093 1156
1093 1207
1095 1237
1098 1231
1099 1150
1101 1198
1102 1173
1102 1202
1106 1133
1106 1219
1110 1128
1110 1142
1110 1169
1111 1145
1111 1201
1111 1242
1112 1177
1115 1141
1116 1156
1117 1186
1118 1227
1121 1248
1123 1176
1128 1142
1128 1169
1131 1178
1134 1155
1138 1228
1142 1166
1145 1177
1147 1207
1149 1197
1154 1158
1156 1189
1157 1248
1158 1170
1158 1196
1162 1200
1164 1222
1167 1178
1168 1207
1169 1249
1170 1196
1172 1245
1173 1202
1183 1248
1185 1243
1189 1210
1204 1221
1206 1224
1209 1230
1223 1230
1229 1234
1233 1239
