0 8
0 31
0 36
0 39
0 46
0 61
0 70
0 75
0 98
0 132
0 147
0 149
0 163
0 194
0 206
0 208
0 222
0 240
0 312
0 385
0 443
0 541
0 547
0 549
0 568
0 596
0 726
0 740
0 797
0 802
0 816
0 914
0 931
0 954
0 1091
0 1196
1 2
1 4
1 26
1 36
1 38
1 63
1 75
1 84
1 98
1 110
1 141
1 147
1 174
1 176
1 183
1 194
1 222
1 277
1 290
1 309
1 385
1 389
1 401
1 413
1 549
1 568
1 591
1 611
1 671
1 683
1 802
1 838
1 853
1 870
1 963
1 984
1 990
1 1196
2 3
2 38
2 75
2 92
2 98
2 110
2 142
2 157
2 174
2 224
2 259
2 290
2 309
2 353
2 401
2 413
2 550
2 591
2 611
2 806
2 813
2 829
2 853
2 984
2 1041
2 1093
2 1196
3 4
3 75
3 98
3 110
3 163
3 175
3 194
3 222
3 309
3 385
3 409
3 413
3 547
3 549
3 611
3 651
3 795
3 802
3 829
3 838
3 843
3 984
3 985
3 991
3 993
3 1134
3 1196
4 26
4 70
4 75
4 98
4 103
4 163
4 194
4 222
4 283
4 309
4 388
4 401
4 413
4 423
4 549
4 568
4 611
4 651
4 671
4 683
4 768
4 795
4 825
4 829
4 838
4 853
4 984
4 993
4 1103
4 1196
5 74
5 80
5 83
5 85
5 114
5 116
5 224
5 280
5 411
5 432
5 518
5 529
5 550
5 686
5 787
5 888
5 1199
6 31
6 70
6 103
6 320
6 640
6 650
6 879
6 884
6 922
6 1065
6 1072
6 1082
7 14
7 15
7 53
7 69
7 97
7 135
7 228
7 255
7 283
7 288
7 346
7 461
7 569
7 736
7 751
7 871
7 881
7 908
7 916
7 937
7 1117
7 1224
7 1240
8 10
8 13
8 36
8 39
8 46
8 149
8 194
8 206
8 312
8 385
8 443
8 486
8 547
8 596
8 740
8 802
8 859
8 1091
8 1149
9 19
9 21
9 27
9 111
9 232
9 448
9 511
9 519
9 666
9 1180
9 1228
9 1240
10 13
10 39
10 149
10 206
10 312
10 398
10 443
10 486
10 596
10 740
10 859
10 1091
10 1149
11 23
11 93
11 279
11 289
11 335
11 352
11 387
11 426
11 478
11 543
11 698
11 877
11 1053
11 1155
11 1204
12 30
12 47
12 86
12 152
12 221
12 249
12 888
12 988
12 1147
12 1163
12 1213
13 149
13 150
13 206
13 333
13 398
13 443
13 486
13 516
13 596
13 850
13 859
13 1090
13 1149
14 15
14 53
14 69
14 97
14 135
14 288
14 346
14 461
14 665
14 703
14 736
14 871
14 908
14 916
14 937
14 1117
14 1165
14 1224
14 1247
15 53
15 69
15 97
15 135
15 228
15 283
15 288
15 346
15 461
15 569
15 736
15 768
15 825
15 833
15 871
15 881
15 884
15 908
15 916
15 937
15 1117
15 1224
16 49
16 66
16 347
16 1121
17 215
18 362
18 542
18 1081
19 20
19 27
19 72
19 105
19 111
19 117
19 175
19 232
19 304
19 307
19 519
19 532
19 666
19 696
19 917
19 1180
19 1221
19 1240
20 27
20 72
20 105
20 142
20 175
20 232
20 234
20 283
20 307
20 519
20 813
20 825
20 829
20 838
20 984
20 993
20 1180
20 1240
21 27
21 111
21 232
21 448
21 511
21 519
21 666
21 1180
21 1228
22 45
22 57
22 198
22 260
22 356
22 357
22 408
22 412
22 451
22 495
22 524
22 544
22 546
22 582
22 586
22 631
22 933
22 992
22 1067
22 1097
23 43
23 48
23 93
23 129
23 156
23 173
23 190
23 279
23 352
23 387
23 478
23 543
23 552
23 695
23 909
23 995
23 1053
23 1204
24 122
24 225
24 242
24 254
24 677
24 722
24 727
24 895
24 929
24 1086
24 1134
25 32
25 56
25 72
25 105
25 117
25 119
25 122
25 175
25 202
25 225
25 228
25 236
25 283
25 388
25 393
25 423
25 532
25 569
25 651
25 724
25 795
25 825
25 879
25 993
25 1048
25 1086
25 1103
25 1221
26 36
26 38
26 63
26 75
26 84
26 98
26 141
26 142
26 147
26 174
26 176
26 222
26 277
26 290
26 309
26 385
26 389
26 401
26 413
26 549
26 568
26 591
26 611
26 671
26 683
26 706
26 797
26 838
26 853
26 870
26 963
26 984
26 990
26 1196
27 72
27 105
27 111
27 117
27 232
27 273
27 304
27 307
27 511
27 519
27 532
27 666
27 917
27 923
27 1228
27 1240
28 43
28 62
28 173
28 186
28 190
28 250
28 354
28 465
28 506
28 664
28 716
28 909
28 962
28 995
29 275
29 894
29 1058
30 47
30 86
30 152
30 221
30 249
30 888
30 988
30 1147
30 1163
30 1213
31 61
31 70
31 103
31 163
31 194
31 310
31 568
31 640
31 651
31 726
31 795
31 879
31 914
31 931
31 954
31 1072
31 1082
32 67
32 119
32 202
32 204
32 228
32 255
32 388
32 569
32 667
32 724
32 825
32 1048
32 1103
32 1143
32 1178
33 108
33 131
33 417
33 520
33 718
33 834
33 1015
33 1114
34 140
34 151
34 155
34 188
34 308
34 429
34 637
34 669
34 849
35 50
35 112
35 125
35 153
35 160
35 189
35 193
35 196
35 229
35 233
35 239
35 248
35 271
35 292
35 295
35 384
35 438
35 440
35 479
35 509
35 615
35 625
35 630
35 711
35 712
35 764
35 779
35 1165
35 1190
35 1247
35 1249
36 38
36 39
36 63
36 75
36 84
36 92
36 98
36 110
36 132
36 147
36 149
36 163
36 174
36 176
36 183
36 194
36 206
36 208
36 222
36 259
36 309
36 312
36 385
36 389
36 413
36 443
36 477
36 549
36 596
36 611
36 668
36 671
36 683
36 740
36 802
36 853
36 963
36 1091
36 1196
37 64
37 71
37 82
37 87
37 305
37 420
37 632
37 679
37 1197
38 39
38 75
38 84
38 90
38 92
38 98
38 110
38 114
38 157
38 174
38 176
38 183
38 222
38 224
38 259
38 277
38 290
38 309
38 327
38 385
38 389
38 401
38 413
38 477
38 549
38 550
38 591
38 611
38 787
38 802
38 806
38 853
38 963
38 990
38 1196
39 75
39 92
39 98
39 110
39 132
39 147
39 149
39 174
39 176
39 183
39 194
39 206
39 208
39 222
39 259
39 312
39 385
39 443
39 477
39 549
39 596
39 611
39 668
39 740
39 802
39 1091
39 1149
40 91
40 542
40 629
40 672
40 905
40 997
40 1242
41 129
41 173
41 543
42 59
42 375
42 490
42 691
42 781
42 819
42 950
42 959
42 1078
43 48
43 93
43 129
43 156
43 158
43 190
43 250
43 352
43 465
43 478
43 583
43 657
43 707
43 716
43 774
43 909
43 962
43 995
43 1053
43 1204
44 600
44 743
44 998
44 1004
44 1075
45 166
45 211
45 313
45 412
45 424
45 502
45 546
45 582
45 933
45 992
45 1036
45 1095
46 61
46 132
46 147
46 161
46 206
46 208
46 238
46 240
46 312
46 486
46 541
46 583
46 590
46 726
46 740
46 816
46 931
46 1013
46 1149
47 86
47 100
47 152
47 221
47 988
47 1244
48 60
48 93
48 156
48 158
48 279
48 352
48 387
48 478
48 657
48 707
48 774
48 995
48 1053
48 1204
49 66
49 94
49 378
49 475
49 526
49 874
49 1121
50 125
50 245
50 248
50 292
50 295
50 314
50 397
50 440
50 446
50 630
50 712
50 764
50 779
50 792
50 844
50 848
50 935
50 1174
50 1188
50 1190
51 57
51 65
51 81
51 112
51 144
51 192
51 198
51 201
51 264
51 356
51 370
51 374
51 402
51 579
51 588
51 631
51 665
51 689
51 700
51 703
51 814
51 824
51 892
51 983
51 1033
51 1036
51 1095
51 1102
51 1138
52 186
52 190
52 235
52 250
52 552
52 695
52 774
52 863
52 907
52 909
52 1038
52 1140
53 69
53 97
53 135
53 228
53 255
53 283
53 288
53 346
53 461
53 569
53 736
53 825
53 871
53 881
53 908
53 916
53 937
53 1117
53 1224
53 1240
54 55
54 101
54 209
54 287
54 315
54 382
54 754
54 977
54 1113
54 1124
54 1142
55 101
55 209
55 287
55 460
55 575
55 977
55 1211
55 1219
56 119
56 121
56 202
56 204
56 207
56 236
56 320
56 342
56 373
56 388
56 393
56 423
56 879
56 1048
56 1103
56 1143
56 1245
57 81
57 112
57 144
57 162
57 179
57 195
57 198
57 201
57 264
57 356
57 357
57 374
57 402
57 412
57 495
57 544
57 546
57 579
57 631
57 700
57 784
57 814
57 880
57 892
57 983
57 1036
57 1067
57 1097
57 1125
57 1138
57 1187
58 104
58 580
58 654
58 878
58 975
58 1077
59 108
59 375
59 399
59 490
59 691
59 781
59 836
59 950
59 959
59 1055
59 1078
60 158
60 657
60 774
61 70
61 103
61 163
61 194
61 240
61 310
61 312
61 541
61 568
61 726
61 740
61 795
61 797
61 816
61 914
61 931
61 954
61 1072
61 1082
62 186
62 190
62 250
62 354
62 359
62 465
62 506
62 664
62 716
62 909
62 913
62 982
62 1057
62 1076
62 1172
63 84
63 132
63 141
63 146
63 147
63 173
63 208
63 252
63 277
63 389
63 401
63 668
63 671
63 683
63 706
63 797
63 853
63 870
63 963
63 971
63 1034
63 1094
64 71
64 82
64 87
64 305
64 420
64 679
64 906
65 192
65 201
65 239
65 257
65 346
65 370
65 374
65 588
65 665
65 689
65 700
65 703
65 736
65 814
65 983
65 1033
65 1049
65 1138
65 1224
66 347
66 1121
67 119
67 202
67 204
67 223
67 255
67 667
67 786
67 1118
67 1151
67 1178
68 84
68 141
68 218
68 252
68 277
68 389
68 595
68 706
68 870
68 945
68 963
68 990
68 1043
68 1049
69 97
69 135
69 229
69 234
69 257
69 288
69 346
69 461
69 736
69 751
69 908
69 937
69 1117
69 1165
69 1224
69 1240
69 1247
70 103
70 163
70 187
70 194
70 568
70 650
70 651
70 726
70 768
70 795
70 797
70 879
70 884
70 914
70 931
70 954
70 1065
70 1072
70 1082
71 82
71 87
71 88
71 258
71 305
71 340
71 420
71 468
71 807
72 105
72 117
72 175
72 225
72 283
72 307
72 388
72 423
72 532
72 724
72 825
72 829
72 917
72 993
72 1103
72 1134
72 1221
73 256
73 609
73 867
73 940
74 80
74 83
74 90
74 114
74 116
74 188
74 218
74 280
74 411
74 429
74 432
74 518
74 686
74 787
74 849
74 854
74 861
74 945
75 92
75 98
75 110
75 147
75 149
75 157
75 163
75 174
75 176
75 183
75 194
75 222
75 259
75 309
75 312
75 385
75 401
75 413
75 477
75 547
75 549
75 596
75 611
75 671
75 683
75 802
75 838
75 853
75 984
75 991
75 1091
75 1196
76 207
76 517
76 613
76 616
76 647
76 717
76 901
76 1019
76 1074
76 1136
76 1245
77 143
77 172
77 1028
78 117
78 342
78 532
78 917
78 923
78 1073
78 1087
78 1143
78 1243
79 258
79 717
79 1164
80 83
80 90
80 114
80 116
80 218
80 224
80 280
80 327
80 411
80 429
80 432
80 518
80 550
80 686
80 787
80 854
80 1199
81 112
81 144
81 162
81 179
81 198
81 201
81 264
81 356
81 370
81 374
81 402
81 495
81 546
81 579
81 631
81 689
81 700
81 784
81 814
81 824
81 880
81 892
81 983
81 1033
81 1036
81 1067
81 1095
81 1102
81 1138
81 1187
82 87
82 305
82 335
82 420
82 679
82 1197
83 90
83 114
83 116
83 218
83 280
83 411
83 429
83 432
83 518
83 550
83 787
83 854
83 945
84 132
84 141
84 147
84 174
84 176
84 208
84 218
84 252
84 277
84 389
84 401
84 549
84 595
84 668
84 671
84 683
84 706
84 853
84 870
84 963
84 990
84 1043
85 92
85 157
85 224
85 363
85 379
85 529
85 550
85 554
85 645
85 1199
86 100
86 152
86 221
86 888
86 988
86 1006
86 1244
87 305
87 420
87 468
87 906
88 127
88 128
88 139
88 214
88 340
88 468
88 807
88 875
89 189
89 195
89 196
89 384
89 471
89 509
89 708
89 759
89 780
89 981
89 1161
89 1167
90 114
90 116
90 218
90 280
90 290
90 327
90 360
90 389
90 411
90 429
90 432
90 512
90 550
90 595
90 652
90 787
90 870
90 990
91 542
91 629
91 672
91 905
91 997
91 1081
91 1242
92 98
92 110
92 114
92 157
92 174
92 176
92 183
92 222
92 224
92 259
92 385
92 413
92 477
92 520
92 529
92 550
92 611
92 627
92 645
92 802
92 806
92 843
92 985
92 991
93 129
93 156
93 158
93 190
93 279
93 352
93 387
93 465
93 478
93 695
93 707
93 774
93 909
93 962
93 995
93 1053
93 1204
94 475
94 526
94 639
95 337
96 701
96 930
97 135
97 142
97 234
97 257
97 288
97 346
97 461
97 665
97 703
97 736
97 751
97 908
97 937
97 1117
97 1165
97 1224
97 1240
97 1247
98 110
98 149
98 157
98 163
98 174
98 176
98 183
98 194
98 222
98 259
98 309
98 385
98 401
98 413
98 477
98 549
98 596
98 611
98 683
98 802
98 829
98 838
98 843
98 853
98 984
98 985
98 991
98 1091
98 1196
99 833
99 864
99 871
99 881
99 922
99 1016
99 1062
99 1065
99 1153
99 1192
100 152
100 221
100 988
100 1244
101 209
101 287
101 531
101 977
101 1113
101 1219
102 507
102 521
102 1233
103 163
103 194
103 320
103 423
103 568
103 640
103 650
103 651
103 726
103 795
103 879
103 884
103 914
103 931
103 954
103 1072
103 1082
104 315
104 382
104 754
104 928
104 975
104 1124
104 1142
105 111
105 117
105 175
105 283
105 307
105 532
105 696
105 825
105 829
105 917
105 993
105 1134
105 1221
106 317
106 362
106 494
106 575
106 940
107 406
107 446
107 588
107 623
107 670
107 1036
107 1220
108 131
108 375
108 417
108 691
108 718
108 834
108 1015
108 1055
108 1078
108 1114
108 1122
109 169
109 185
109 270
109 345
109 581
109 655
109 728
109 732
109 753
109 784
109 910
109 924
109 1127
110 149
110 157
110 174
110 176
110 183
110 194
110 222
110 259
110 385
110 413
110 477
110 520
110 549
110 550
110 596
110 611
110 627
110 645
110 802
110 843
110 853
110 985
110 991
110 1091
110 1196
111 273
111 304
111 307
111 315
111 339
111 404
111 519
111 662
111 666
111 917
111 923
111 977
112 144
112 162
112 179
112 189
112 193
112 195
112 196
112 201
112 229
112 239
112 264
112 292
112 295
112 370
112 374
112 384
112 438
112 440
112 479
112 509
112 581
112 615
112 631
112 655
112 670
112 700
112 728
112 764
112 780
112 814
112 880
112 892
112 1067
112 1125
112 1127
112 1138
112 1165
112 1167
112 1247
113 166
113 184
113 260
113 522
113 675
113 750
114 116
114 157
114 174
114 176
114 183
114 218
114 224
114 280
114 327
114 389
114 411
114 432
114 512
114 518
114 550
114 787
114 806
114 854
114 963
114 990
115 442
115 538
115 694
115 845
115 1189
116 155
116 218
116 280
116 327
116 360
116 411
116 429
116 432
116 512
116 550
116 652
116 686
116 787
116 849
116 854
116 861
116 990
117 121
117 122
117 175
117 225
117 236
117 307
117 342
117 373
117 423
117 532
117 917
117 1086
117 1221
118 120
118 135
118 141
118 142
118 192
118 257
118 277
118 290
118 353
118 360
118 591
118 652
118 748
118 870
118 990
118 1041
118 1043
118 1049
119 202
119 204
119 228
119 255
119 388
119 393
119 569
119 667
119 724
119 825
119 1048
119 1103
119 1143
119 1178
120 353
120 365
120 466
120 470
120 624
120 748
121 122
121 168
121 225
121 236
121 342
121 373
121 467
121 532
121 571
121 866
121 1143
121 1198
121 1245
122 175
122 225
122 236
122 242
122 342
122 373
122 467
122 525
122 532
122 571
122 677
122 929
122 1086
122 1221
123 445
123 455
123 463
123 534
123 1080
124 213
124 278
124 300
124 316
124 381
124 467
124 525
124 755
124 1209
124 1245
125 193
125 245
125 248
125 292
125 295
125 314
125 397
125 438
125 440
125 446
125 630
125 712
125 764
125 779
125 792
125 844
125 848
125 935
125 1188
125 1190
126 138
126 421
126 1010
127 128
127 139
127 303
127 340
127 540
127 807
127 875
128 139
128 340
128 746
128 807
128 875
129 146
129 156
129 173
129 543
129 706
129 971
129 995
129 1034
129 1053
129 1094
130 805
130 1038
130 1140
130 1162
130 1248
131 375
131 417
131 691
131 718
131 834
131 1055
131 1114
131 1122
131 1216
132 147
132 149
132 161
132 176
132 183
132 206
132 208
132 312
132 385
132 443
132 486
132 590
132 668
132 816
132 963
132 1024
132 1149
133 734
133 955
133 1054
133 1166
134 249
134 293
134 851
134 1021
134 1147
134 1213
135 142
135 234
135 257
135 283
135 401
135 591
135 736
135 748
135 751
135 813
135 838
135 908
135 937
135 1041
135 1224
135 1240
136 609
137 826
137 860
138 421
138 464
138 741
138 1010
138 1060
139 340
139 746
139 807
139 875
140 151
140 155
140 308
140 637
140 669
141 142
141 277
141 290
141 389
141 401
141 591
141 595
141 652
141 671
141 683
141 703
141 706
141 853
141 870
141 963
141 990
141 1034
141 1041
141 1043
141 1049
141 1094
142 234
142 277
142 290
142 309
142 353
142 401
142 591
142 652
142 748
142 806
142 813
142 838
142 853
142 908
142 937
142 984
142 990
142 993
142 1041
142 1093
143 172
143 684
143 964
143 1028
144 162
144 179
144 195
144 198
144 264
144 356
144 370
144 374
144 406
144 446
144 495
144 631
144 670
144 700
144 814
144 880
144 892
144 1033
144 1036
144 1067
144 1097
144 1138
145 1030
145 1088
146 187
146 410
146 459
146 568
146 671
146 683
146 758
146 768
146 797
146 971
146 1034
146 1094
146 1117
147 174
147 176
147 208
147 312
147 385
147 389
147 549
147 583
147 590
147 668
147 671
147 683
147 706
147 797
147 816
147 853
147 963
148 826
149 163
149 183
149 194
149 206
149 208
149 222
149 259
149 312
149 385
149 443
149 477
149 486
149 547
149 596
149 740
149 802
149 859
149 1091
149 1149
150 367
150 398
150 486
150 516
150 578
150 859
150 896
151 155
151 188
151 262
151 308
151 429
151 637
151 669
151 849
151 861
152 221
152 888
152 988
152 1163
152 1244
153 160
153 233
153 248
153 271
153 282
153 604
153 844
153 935
153 973
153 1188
153 1190
155 205
155 262
155 280
155 308
155 411
155 429
155 512
155 637
155 669
155 686
155 849
155 861
155 979
156 173
156 352
156 387
156 410
156 478
156 543
156 971
156 995
156 1053
156 1094
157 174
157 176
157 183
157 224
157 259
157 385
157 413
157 477
157 520
157 529
157 550
157 611
157 627
157 645
157 802
157 806
157 843
157 985
157 991
158 190
158 214
158 352
158 465
158 657
158 707
158 716
158 774
158 909
158 962
158 995
158 1038
158 1204
159 203
159 315
159 336
159 339
159 366
159 404
159 572
159 662
159 763
159 899
159 923
159 932
159 1064
159 1077
159 1154
159 1194
160 233
160 248
160 271
160 282
160 292
160 295
160 604
160 615
160 630
160 711
160 844
160 935
160 997
160 1188
160 1190
160 1249
161 208
161 238
161 284
161 354
161 486
161 541
161 590
161 816
161 913
161 982
161 1024
161 1149
162 179
162 195
162 196
162 198
162 201
162 264
162 356
162 357
162 374
162 384
162 479
162 495
162 509
162 544
162 631
162 655
162 670
162 700
162 728
162 780
162 814
162 880
162 892
162 1036
162 1067
162 1097
162 1125
162 1138
162 1167
162 1187
163 194
163 206
163 222
163 309
163 312
163 385
163 413
163 547
163 549
163 568
163 611
163 651
163 726
163 740
163 795
163 802
163 838
163 914
163 931
163 954
163 1091
163 1196
164 1098
165 359
165 491
165 506
165 556
165 605
165 664
165 1057
165 1076
165 1172
166 184
166 260
166 424
166 502
166 522
166 582
166 675
166 750
166 933
166 992
167 1211
168 236
168 247
168 342
168 373
168 437
168 467
168 571
168 742
168 798
168 866
168 1019
168 1198
168 1245
169 185
169 270
169 349
169 380
169 396
169 632
169 784
170 1104
170 1126
171 464
171 777
172 684
172 964
172 1028
173 543
173 706
173 1034
173 1053
173 1094
174 176
174 183
174 222
174 259
174 277
174 290
174 309
174 327
174 385
174 389
174 401
174 413
174 477
174 549
174 550
174 591
174 611
174 668
174 671
174 683
174 802
174 806
174 853
174 963
174 990
174 1196
175 225
175 236
175 242
175 283
175 307
175 388
175 393
175 423
175 532
175 651
175 795
175 825
175 829
175 917
175 993
175 1048
175 1086
175 1103
175 1134
175 1221
176 183
176 208
176 218
176 259
176 385
176 389
176 477
176 550
176 611
176 668
176 853
176 945
176 963
176 990
177 431
177 632
177 864
177 1016
177 1062
177 1223
179 189
179 195
179 196
179 198
179 264
179 356
179 357
179 374
179 384
179 479
179 495
179 509
179 544
179 631
179 655
179 670
179 700
179 728
179 780
179 814
179 880
179 892
179 1036
179 1067
179 1097
179 1125
179 1138
179 1167
179 1187
180 553
180 606
181 514
181 614
181 1066
182 212
182 472
182 1236
183 222
183 259
183 385
183 443
183 477
183 520
183 549
183 550
183 596
183 611
183 645
183 668
183 802
183 991
184 260
184 502
184 992
185 201
185 264
185 270
185 349
185 380
185 396
185 559
185 632
185 784
185 1187
186 190
186 235
186 250
186 359
186 465
186 552
186 664
186 716
186 863
186 909
186 1076
186 1172
187 410
187 459
187 568
187 650
187 758
187 768
187 797
187 833
187 906
187 971
187 1072
187 1094
188 280
188 429
188 669
188 686
188 849
188 861
189 193
189 195
189 196
189 248
189 292
189 295
189 384
189 438
189 440
189 479
189 509
189 615
189 625
189 630
189 712
189 780
189 1167
189 1190
189 1249
190 250
190 354
190 465
190 552
190 707
190 716
190 909
190 962
190 995
191 588
191 974
191 1220
192 239
192 257
192 370
192 588
192 665
192 689
192 703
192 1043
192 1049
193 229
193 239
193 248
193 257
193 292
193 295
193 370
193 374
193 384
193 438
193 440
193 446
193 479
193 509
193 615
193 630
193 670
193 700
193 712
193 728
193 764
193 814
193 1138
193 1165
193 1190
193 1247
194 206
194 222
194 309
194 312
194 385
194 413
194 547
194 549
194 568
194 596
194 611
194 651
194 726
194 740
194 795
194 802
194 853
194 914
194 931
194 954
194 1091
194 1196
195 196
195 357
195 374
195 384
195 495
195 509
195 544
195 631
195 655
195 700
195 708
195 780
195 880
195 892
195 981
195 1067
195 1097
195 1125
195 1167
196 248
196 292
196 295
196 384
196 438
196 471
196 479
196 509
196 581
196 615
196 625
196 630
196 655
196 700
196 711
196 728
196 780
196 880
196 1125
196 1127
196 1161
196 1167
196 1190
196 1249
197 349
197 559
197 832
197 1001
197 1144
198 201
198 264
198 356
198 357
198 374
198 402
198 412
198 495
198 544
198 546
198 579
198 631
198 784
198 880
198 892
198 983
198 1033
198 1036
198 1067
198 1095
198 1097
198 1102
198 1138
198 1187
199 362
199 448
199 511
199 604
199 840
199 1151
200 238
200 240
200 310
200 367
200 541
200 567
200 1013
200 1231
201 264
201 270
201 346
201 356
201 374
201 402
201 579
201 631
201 655
201 665
201 689
201 700
201 728
201 784
201 814
201 880
201 892
201 983
201 1033
201 1102
201 1138
201 1187
202 204
202 228
202 255
202 388
202 393
202 569
202 667
202 724
202 825
202 1048
202 1103
202 1143
202 1178
203 435
203 572
203 580
203 654
203 763
203 878
203 902
203 1064
203 1077
203 1154
204 228
204 255
204 388
204 393
204 569
204 667
204 724
204 1048
204 1103
204 1143
205 262
205 429
205 512
205 637
205 849
205 979
206 208
206 222
206 240
206 312
206 385
206 443
206 486
206 541
206 547
206 596
206 726
206 740
206 802
206 816
206 859
206 954
206 1091
206 1149
207 281
207 616
207 647
207 1192
208 312
208 385
208 443
208 486
208 541
208 583
208 590
208 668
208 740
208 797
208 816
208 963
208 1149
209 287
209 315
209 977
209 1113
210 272
210 298
210 398
210 490
210 781
210 819
210 1078
211 313
211 412
211 424
211 502
211 582
211 824
211 944
211 1095
211 1200
212 472
212 1236
213 300
213 316
213 381
213 487
213 525
213 526
213 755
213 898
213 1069
213 1121
213 1209
214 410
215 505
215 771
215 836
216 301
216 487
216 744
216 1069
216 1135
217 449
217 601
217 949
217 966
218 252
218 280
218 327
218 389
218 432
218 595
218 668
218 787
218 854
218 870
218 945
218 963
218 990
219 344
219 862
220 497
220 1100
221 988
221 1244
222 259
222 309
222 312
222 385
222 413
222 477
222 547
222 549
222 568
222 596
222 611
222 683
222 726
222 795
222 802
222 838
222 853
222 914
222 991
222 1091
222 1196
223 288
223 345
223 461
223 667
223 786
223 864
223 881
223 916
223 1016
223 1118
223 1178
223 1223
224 327
224 529
224 550
224 787
224 806
224 1199
225 236
225 242
225 342
225 373
225 388
225 393
225 423
225 467
225 532
225 651
225 677
225 795
225 879
225 1086
225 1134
225 1221
226 338
226 425
226 1105
226 1195
227 702
227 749
227 766
227 783
227 1191
228 255
228 283
228 288
228 388
228 393
228 423
228 461
228 569
228 724
228 825
228 871
228 881
228 884
228 908
228 993
228 1048
228 1065
228 1103
228 1240
229 292
229 346
229 438
229 479
229 581
229 615
229 625
229 655
229 711
229 728
229 736
229 814
229 1127
229 1165
229 1224
229 1247
230 1108
231 311
231 562
232 234
232 276
232 307
232 365
232 511
232 519
232 751
232 813
232 1180
232 1240
233 248
233 271
233 282
233 292
233 604
233 615
233 630
233 935
233 997
233 1081
233 1188
233 1190
233 1249
234 353
234 365
234 448
234 466
234 624
234 748
234 751
234 813
234 908
234 937
234 1180
234 1240
235 250
235 907
235 965
235 1038
235 1140
235 1162
236 342
236 373
236 393
236 467
236 532
236 677
236 1086
236 1198
236 1221
236 1245
237 282
237 905
237 973
237 997
237 1188
237 1249
238 240
238 367
238 486
238 541
238 567
238 816
238 1013
238 1149
239 248
239 257
239 292
239 370
239 374
239 438
239 440
239 446
239 615
239 700
239 712
239 764
239 814
239 1138
239 1165
239 1247
240 310
240 312
240 486
240 541
240 567
240 583
240 590
240 726
240 740
240 816
240 931
240 1013
240 1149
242 409
242 532
242 677
242 696
242 722
242 727
242 829
242 895
242 929
242 1086
242 1134
242 1221
243 272
243 383
243 1015
243 1119
245 314
245 397
245 558
245 712
245 779
245 848
245 1188
246 343
246 533
246 540
246 746
246 811
246 869
246 1231
247 437
247 517
247 613
247 742
247 798
247 866
247 1019
247 1136
247 1198
248 271
248 282
248 292
248 295
248 384
248 397
248 438
248 440
248 479
248 509
248 615
248 630
248 711
248 712
248 764
248 779
248 1165
248 1188
248 1190
248 1247
248 1249
249 293
249 1147
249 1163
249 1213
250 354
250 465
250 657
250 664
250 707
250 716
250 909
250 962
250 965
250 1038
251 961
252 389
252 506
252 595
252 668
252 706
252 870
252 945
252 963
252 1043
253 827
254 278
254 510
254 525
254 677
254 755
254 770
254 852
254 929
254 1086
254 1122
254 1202
255 283
255 388
255 569
255 667
255 724
255 786
255 825
255 1048
255 1103
255 1118
255 1151
255 1178
255 1240
256 697
256 867
256 940
256 1130
257 370
257 438
257 440
257 665
257 689
257 703
257 736
257 748
257 764
257 937
257 1165
257 1224
257 1247
258 1164
259 385
259 413
259 477
259 520
259 529
259 550
259 596
259 611
259 627
259 645
259 802
259 843
259 985
259 991
259 1091
259 1196
260 933
260 992
261 336
261 437
261 462
261 513
261 663
261 921
261 1073
261 1087
261 1243
262 308
262 429
262 565
262 637
262 686
262 849
262 861
262 979
263 350
263 530
264 270
264 356
264 374
264 380
264 396
264 402
264 495
264 579
264 631
264 655
264 689
264 700
264 728
264 784
264 814
264 880
264 892
264 983
264 1033
264 1125
264 1138
264 1187
265 376
265 408
265 451
265 524
265 586
265 785
265 939
265 1215
266 391
266 674
266 957
267 288
267 345
267 346
267 431
267 459
267 461
267 632
267 665
267 758
267 833
267 871
267 881
267 916
267 1117
268 565
268 1227
269 458
269 828
269 1059
269 1151
269 1228
270 345
270 380
270 396
270 581
270 632
270 655
270 728
270 784
270 814
270 892
270 910
270 924
270 1127
270 1187
271 282
271 604
271 844
271 935
271 973
271 997
271 1188
271 1190
272 383
272 781
272 819
272 1015
272 1078
272 1145
273 304
273 315
273 339
273 404
273 460
273 662
273 666
273 917
273 923
273 977
273 1228
273 1243
274 319
274 566
274 815
275 607
275 659
275 894
276 353
276 365
276 470
276 754
276 813
276 928
276 1018
276 1093
276 1142
276 1180
276 1239
277 290
277 327
277 389
277 401
277 591
277 595
277 652
277 671
277 683
277 706
277 853
277 870
277 963
277 990
277 1034
277 1041
277 1043
277 1049
278 300
278 316
278 510
278 525
278 598
278 755
278 769
278 770
278 847
278 852
278 1005
278 1122
278 1158
278 1202
278 1246
279 352
279 387
279 478
279 543
279 552
279 695
279 698
279 1053
279 1204
280 327
280 411
280 429
280 432
280 512
280 518
280 550
280 686
280 787
280 849
280 854
280 861
281 368
281 903
281 966
281 1153
281 1192
282 295
282 630
282 973
282 997
282 1188
282 1190
282 1249
283 309
283 388
283 423
283 569
283 651
283 813
283 825
283 838
283 908
283 984
283 993
283 1048
283 1103
283 1240
284 765
284 919
284 1003
285 331
285 681
285 723
285 790
285 808
285 890
285 976
286 810
287 395
287 767
287 1018
287 1061
287 1113
288 346
288 431
288 459
288 461
288 569
288 736
288 768
288 833
288 871
288 881
288 884
288 916
288 1065
288 1117
288 1224
289 402
289 426
289 543
289 559
289 579
289 698
289 824
289 983
289 1102
289 1144
290 309
290 327
290 353
290 360
290 389
290 401
290 591
290 652
290 748
290 806
290 813
290 853
290 870
290 984
290 990
290 1041
290 1093
291 827
292 295
292 370
292 384
292 397
292 438
292 440
292 479
292 509
292 615
292 630
292 700
292 711
292 712
292 764
292 779
292 1165
292 1190
292 1247
292 1249
293 851
293 1147
293 1213
294 474
294 636
294 830
294 1099
295 384
295 438
295 440
295 446
295 479
295 509
295 615
295 630
295 712
295 764
295 779
295 780
295 1167
295 1190
295 1249
296 762
296 841
296 994
298 398
298 490
298 781
298 950
298 1078
299 1141
300 301
300 316
300 381
300 487
300 525
300 526
300 755
300 1069
300 1209
301 316
301 381
301 487
301 744
301 1069
301 1209
302 371
302 889
302 1146
303 328
303 540
304 307
304 315
304 339
304 404
304 519
304 662
304 666
304 696
304 923
304 928
304 975
304 977
305 335
305 420
305 638
305 679
305 1197
306 343
306 492
306 508
306 510
306 598
306 769
306 770
306 811
306 847
306 852
306 869
306 1158
306 1202
306 1231
306 1246
307 519
307 532
307 696
307 829
307 895
307 917
307 1134
307 1221
308 637
308 676
309 385
309 401
309 413
309 549
309 568
309 591
309 611
309 671
309 683
309 806
309 813
309 829
309 838
309 853
309 984
309 993
309 1196
310 343
310 541
310 567
310 726
310 740
310 746
310 869
310 914
310 931
310 954
310 1231
312 385
312 443
312 486
312 541
312 547
312 596
312 726
312 740
312 802
312 816
312 931
312 954
312 1091
312 1149
313 424
313 502
313 582
313 974
313 1040
313 1095
313 1200
313 1220
314 397
314 440
314 446
314 623
314 712
314 764
314 779
314 848
315 339
315 366
315 404
315 662
315 923
315 975
315 977
315 1077
315 1142
316 381
316 487
316 1069
316 1209
317 362
317 494
317 575
317 940
318 368
318 1164
319 815
320 388
320 393
320 423
320 640
320 879
320 1048
320 1072
320 1082
320 1103
321 439
321 626
321 757
321 938
322 499
322 941
323 500
323 692
323 693
324 618
324 1135
325 673
325 903
325 1178
326 422
326 765
326 919
326 965
327 353
327 360
327 389
327 411
327 429
327 432
327 512
327 550
327 591
327 595
327 652
327 787
327 806
327 870
327 990
327 1041
327 1093
327 1199
328 350
328 436
328 540
329 417
329 718
329 834
329 852
329 1055
329 1114
329 1122
329 1202
329 1238
330 873
330 1101
331 681
331 723
331 739
331 790
331 890
331 976
332 634
332 674
332 957
333 433
333 850
333 851
333 859
333 1021
333 1090
333 1218
335 679
335 698
335 877
335 1155
335 1197
336 339
336 366
336 572
336 923
336 1146
336 1154
336 1194
337 415
337 608
338 425
338 1105
338 1195
339 366
339 404
339 662
339 923
339 977
339 1077
339 1154
339 1194
340 468
340 807
340 875
342 373
342 467
342 532
342 571
342 1086
342 1198
342 1221
342 1245
343 492
343 640
343 746
343 811
343 869
343 1158
343 1231
344 862
345 346
345 431
345 461
345 581
345 732
345 864
345 881
345 910
345 916
345 924
345 1016
345 1117
345 1223
346 461
346 665
346 689
346 703
346 736
346 814
346 871
346 916
346 937
346 1117
346 1165
346 1224
346 1247
347 571
347 572
347 929
347 1121
347 1154
348 865
348 1047
348 1089
349 380
349 396
349 559
349 832
350 436
350 530
350 893
352 387
352 478
352 707
352 774
352 995
352 1053
352 1204
353 360
353 512
353 591
353 652
353 748
353 806
353 813
353 1041
353 1093
354 465
354 590
354 664
354 716
354 913
354 965
354 982
354 1024
354 1057
354 1172
355 494
355 539
355 663
355 737
355 817
355 828
355 1011
355 1130
355 1148
355 1186
355 1243
356 357
356 374
356 402
356 412
356 495
356 544
356 546
356 579
356 631
356 784
356 880
356 892
356 983
356 1033
356 1036
356 1067
356 1095
356 1097
356 1102
356 1138
356 1187
357 408
357 451
357 495
357 524
357 544
357 631
357 708
357 880
357 981
357 1067
357 1097
357 1125
357 1167
359 506
359 664
359 952
359 1076
359 1172
360 411
360 512
360 591
360 652
360 748
360 787
360 806
360 990
360 1041
360 1093
360 1199
363 379
363 529
363 554
363 1006
364 376
364 394
364 408
364 451
364 524
364 586
364 759
364 981
364 1226
365 466
365 470
365 519
365 624
365 751
365 1018
365 1110
365 1180
365 1239
366 404
366 572
366 662
366 923
366 1064
366 1077
366 1154
366 1194
367 1013
368 903
368 1153
368 1192
369 623
369 979
370 374
370 438
370 440
370 446
370 588
370 623
370 670
370 689
370 700
370 764
370 814
370 892
370 1138
370 1165
371 831
371 1146
371 1194
372 593
372 803
372 970
373 467
373 532
373 571
373 866
373 1086
373 1143
373 1198
373 1245
374 438
374 440
374 446
374 479
374 495
374 509
374 631
374 655
374 670
374 689
374 700
374 728
374 764
374 814
374 880
374 892
374 1036
374 1067
374 1097
374 1125
374 1138
374 1187
375 399
375 417
375 490
375 691
375 718
375 836
375 950
375 1055
375 1078
376 586
376 785
376 822
376 939
376 1181
376 1215
379 383
379 529
379 554
379 645
379 687
379 1111
379 1145
380 396
380 559
380 632
380 784
380 1187
381 487
381 525
381 755
381 898
381 1069
381 1209
381 1232
382 754
382 1124
382 1142
383 433
383 520
383 554
383 627
383 645
383 687
383 1090
383 1145
384 438
384 440
384 479
384 509
384 615
384 630
384 712
384 780
384 1167
384 1190
384 1249
385 413
385 443
385 477
385 547
385 549
385 596
385 611
385 802
385 853
385 985
385 991
385 1091
385 1196
386 482
387 426
387 478
387 543
387 695
387 698
387 995
387 1053
387 1204
388 393
388 423
388 569
388 651
388 724
388 795
388 825
388 838
388 879
388 884
388 993
388 1048
388 1065
388 1072
388 1082
388 1103
388 1221
389 401
389 595
389 652
389 668
389 671
389 683
389 706
389 853
389 870
389 945
389 963
389 990
389 1043
391 674
391 957
392 776
393 423
393 569
393 651
393 795
393 825
393 879
393 884
393 1048
393 1072
393 1082
393 1103
393 1221
394 408
394 451
394 524
394 873
394 1226
395 407
395 457
395 752
395 767
395 972
395 1018
395 1061
395 1239
396 559
396 632
396 784
396 1187
397 558
397 712
397 764
397 779
397 792
397 844
397 848
397 935
397 1174
397 1188
397 1190
398 516
398 578
398 859
398 1090
399 691
399 1055
400 1107
401 413
401 549
401 591
401 611
401 652
401 671
401 683
401 806
401 838
401 853
401 870
401 984
401 990
401 993
401 1041
401 1196
402 412
402 495
402 544
402 546
402 559
402 579
402 631
402 784
402 824
402 983
402 1033
402 1095
402 1102
402 1187
403 453
404 460
404 662
404 923
404 977
404 1077
404 1194
406 446
406 623
406 670
406 712
406 1036
406 1067
406 1097
407 457
407 466
407 470
407 624
407 752
407 844
407 935
407 972
407 1018
407 1061
407 1106
407 1110
407 1239
408 451
408 524
408 544
408 586
409 413
409 520
409 547
409 627
409 802
409 829
409 843
409 895
409 985
409 991
409 1134
410 459
410 650
410 758
410 768
410 797
410 906
410 971
410 1094
411 429
411 432
411 512
411 550
411 686
411 787
411 849
411 861
411 1199
412 424
412 544
412 546
412 582
412 1095
413 549
413 611
413 651
413 802
413 829
413 838
413 843
413 853
413 984
413 985
413 991
413 993
413 1134
413 1196
414 773
415 599
415 608
417 718
417 834
417 1055
417 1114
417 1122
418 573
418 704
418 926
420 468
420 638
420 679
421 464
421 741
421 1010
421 1060
422 709
422 897
422 1025
422 1140
422 1162
423 569
423 651
423 795
423 825
423 838
423 879
423 884
423 993
423 1048
423 1072
423 1082
423 1086
423 1103
423 1221
424 502
424 582
424 750
424 944
424 1095
424 1200
425 455
425 463
425 485
425 1105
425 1195
426 543
426 579
426 698
426 824
426 983
426 1053
426 1102
427 676
428 808
428 920
428 968
429 432
429 512
429 686
429 787
429 849
429 854
429 861
430 749
430 783
431 459
431 461
431 632
431 758
431 833
431 871
431 881
431 906
431 916
431 1016
431 1062
431 1117
432 518
432 550
432 686
432 787
432 849
432 854
432 945
433 536
433 645
433 687
433 850
433 851
433 1090
433 1218
435 497
435 580
435 654
435 763
435 878
435 902
435 1064
436 530
436 893
437 462
437 503
437 513
437 798
437 921
437 1073
437 1087
437 1133
437 1198
438 440
438 446
438 479
438 509
438 615
438 630
438 670
438 700
438 712
438 728
438 764
438 814
438 1138
438 1165
438 1190
438 1247
440 446
440 615
440 623
440 630
440 670
440 700
440 712
440 764
440 779
440 1138
440 1165
440 1190
441 445
441 534
441 603
441 685
441 1080
441 1172
442 464
442 538
442 694
442 741
442 1060
443 477
443 486
443 547
443 596
443 740
443 802
443 850
443 859
443 1090
443 1091
443 1149
445 534
445 603
445 952
445 1080
446 623
446 670
446 700
446 712
446 764
446 779
447 1074
448 511
448 519
448 604
448 666
448 751
448 840
448 1110
448 1180
448 1240
449 528
449 601
449 812
449 866
449 966
450 678
450 1056
451 524
451 544
451 586
451 939
451 1215
452 930
455 463
456 602
457 470
457 752
457 972
457 1018
457 1061
457 1239
458 828
458 949
458 1059
458 1151
458 1178
459 461
459 758
459 768
459 833
459 871
459 881
459 906
459 916
459 971
459 1065
459 1094
459 1117
460 575
460 662
460 1148
460 1211
461 569
461 736
461 768
461 833
461 871
461 881
461 884
461 908
461 916
461 937
461 1117
461 1224
462 503
462 513
462 535
462 921
462 1073
462 1087
462 1133
462 1198
463 485
464 694
464 741
464 1010
464 1060
465 583
465 590
465 657
465 707
465 716
465 909
465 962
465 995
466 470
466 624
466 748
466 751
466 935
466 1110
466 1180
466 1239
467 525
467 571
467 677
467 755
467 1086
467 1198
467 1245
468 807
468 875
469 654
470 856
470 1018
470 1239
471 509
471 574
471 625
471 655
471 708
471 780
471 981
471 1046
471 1125
471 1127
471 1161
471 1167
473 1193
474 1099
474 1116
474 1132
474 1181
475 526
475 874
475 1216
476 514
477 520
477 550
477 596
477 611
477 627
477 645
477 802
477 850
477 991
477 1091
478 543
478 552
478 695
478 774
478 995
478 1053
478 1204
479 509
479 581
479 615
479 625
479 630
479 655
479 700
479 711
479 728
479 780
479 880
479 892
479 1046
479 1125
479 1127
479 1165
479 1167
479 1190
479 1247
480 649
480 663
480 775
480 921
482 586
482 934
482 1215
484 656
486 541
486 590
486 740
486 816
486 859
486 1149
487 744
487 1069
487 1209
488 597
488 710
490 781
490 819
490 950
490 959
490 1078
491 556
491 605
491 839
491 845
491 1010
491 1057
491 1189
492 508
492 510
492 598
492 769
492 770
492 811
492 847
492 852
492 869
492 1158
492 1202
492 1231
492 1246
493 528
493 812
494 523
494 527
494 539
494 575
494 737
494 940
494 1011
494 1148
494 1186
495 544
495 546
495 631
495 880
495 892
495 1036
495 1067
495 1097
495 1125
495 1138
495 1187
496 747
496 907
497 902
498 745
500 692
500 693
502 582
502 1200
503 513
503 535
503 663
503 775
503 911
503 912
503 921
503 947
503 1133
504 709
504 747
504 821
504 897
504 978
504 1214
505 771
505 896
506 556
506 664
506 913
506 945
506 982
506 1024
506 1057
506 1076
508 598
508 760
508 811
508 847
508 1158
508 1246
509 581
509 615
509 625
509 630
509 655
509 700
509 711
509 728
509 780
509 880
509 1125
509 1127
509 1161
509 1167
509 1190
509 1249
510 598
510 755
510 769
510 770
510 847
510 852
510 1005
510 1122
510 1158
510 1202
510 1246
511 519
511 666
511 751
511 840
511 1180
511 1228
511 1240
512 652
512 686
512 787
512 979
512 990
512 1093
512 1199
513 663
513 817
513 921
513 999
513 1073
513 1087
514 1066
515 621
515 1201
516 578
516 859
516 896
517 613
517 616
517 647
517 742
517 798
517 866
517 901
517 1019
517 1074
517 1136
517 1245
518 550
518 645
518 854
518 1021
519 666
519 1180
519 1240
520 554
520 596
520 627
520 645
520 802
520 843
520 985
520 991
520 1091
521 946
521 1233
522 675
522 750
522 890
523 527
523 960
523 1148
523 1205
524 544
524 586
524 708
524 939
524 981
524 1226
525 677
525 755
525 769
525 1005
525 1245
526 639
527 940
527 960
527 1148
527 1205
528 798
528 812
528 866
529 550
529 554
529 645
529 1199
530 893
531 767
531 1113
531 1219
532 722
532 917
532 1086
532 1221
533 659
533 1231
533 1238
534 603
534 685
534 952
534 1080
535 775
535 911
535 921
535 1133
536 687
536 1111
536 1145
536 1218
537 882
537 948
538 741
538 839
538 1010
538 1189
539 737
539 828
539 1011
539 1130
539 1148
539 1186
539 1243
541 583
541 590
541 726
541 740
541 816
541 931
541 1013
541 1149
542 672
542 905
542 997
542 1081
543 579
543 698
543 824
543 1053
543 1102
544 546
544 586
544 631
544 880
544 1067
544 1097
544 1125
545 1035
546 582
546 631
546 1036
546 1095
546 1097
547 596
547 726
547 740
547 802
547 914
547 954
547 1091
547 1114
547 1196
548 1063
549 568
549 611
549 671
549 683
549 795
549 802
549 838
549 853
549 984
549 993
549 1196
550 787
550 806
550 1199
551 636
551 830
552 695
552 701
552 863
552 909
552 1204
553 606
554 627
554 645
554 687
554 1145
555 702
556 605
556 664
556 839
556 982
556 1057
556 1189
557 1170
558 792
558 835
558 848
558 1044
558 1174
559 832
559 1144
562 776
563 1169
565 584
565 648
565 660
565 686
565 796
565 861
565 955
565 1166
567 740
567 1231
567 1238
568 651
568 671
568 683
568 726
568 768
568 795
568 797
568 838
568 853
568 884
568 914
568 931
568 971
568 1072
568 1082
568 1196
569 724
569 825
569 871
569 881
569 884
569 993
569 1048
569 1065
569 1103
569 1240
571 1121
571 1198
572 722
572 763
572 1064
572 1077
572 1154
573 704
573 926
574 576
574 1132
574 1161
575 1148
575 1211
576 735
577 1201
578 801
579 689
579 784
579 814
579 824
579 892
579 983
579 1033
579 1095
579 1102
579 1138
579 1187
580 696
580 722
580 727
580 878
580 895
580 975
580 1064
580 1077
581 625
581 655
581 711
581 728
581 910
581 924
581 1046
581 1127
581 1165
581 1247
582 933
582 992
582 1036
582 1095
583 590
583 707
583 797
583 816
583 931
583 962
583 995
584 648
584 796
584 856
584 955
584 1054
584 1166
584 1241
585 589
585 720
585 941
586 785
586 939
586 1215
587 643
587 943
587 1185
588 1033
588 1049
588 1220
589 941
589 1068
590 716
590 816
590 913
590 962
590 965
590 1024
591 652
591 748
591 806
591 813
591 853
591 870
591 984
591 990
591 1041
591 1093
593 970
594 617
594 705
595 652
595 706
595 870
595 945
595 963
595 990
595 1041
595 1043
595 1049
596 740
596 802
596 850
596 859
596 1091
596 1149
597 710
597 1155
598 760
598 769
598 770
598 811
598 852
598 1005
598 1158
599 608
599 1229
600 743
600 998
600 1075
601 966
601 1143
602 858
603 685
603 1080
603 1172
604 840
604 1110
605 839
605 845
605 1057
605 1189
607 894
609 885
611 683
611 802
611 806
611 829
611 838
611 843
611 853
611 984
611 985
611 991
611 1196
612 625
612 672
612 1046
612 1081
613 616
613 742
613 798
613 866
613 901
613 1019
613 1074
613 1136
613 1245
614 1088
615 625
615 630
615 700
615 711
615 728
615 764
615 1165
615 1190
615 1247
615 1249
616 647
616 901
616 1019
616 1074
616 1136
616 1245
617 705
618 1135
620 1014
621 912
621 947
621 1201
623 670
623 712
623 764
624 748
624 751
624 844
624 935
624 1110
625 630
625 655
625 711
625 728
625 1046
625 1127
625 1161
626 757
626 938
627 645
627 802
627 843
627 985
627 991
628 682
628 1139
629 793
629 967
629 1129
629 1242
630 712
630 764
630 779
630 780
630 1167
630 1190
630 1249
631 700
631 784
631 814
631 880
631 892
631 1036
631 1067
631 1097
631 1125
631 1138
631 1187
632 784
633 958
634 674
634 957
636 830
636 1099
637 849
637 979
638 679
638 804
639 1128
640 650
640 746
640 770
640 869
640 879
640 914
640 1072
640 1082
641 799
641 1029
641 1039
643 943
643 1079
643 1101
643 1185
645 687
645 850
645 1090
647 717
647 901
647 1005
647 1074
647 1245
648 660
648 796
648 818
648 856
648 955
648 1054
648 1166
648 1241
650 758
650 833
650 884
650 906
650 922
650 1065
650 1072
650 1082
651 795
651 825
651 829
651 838
651 879
651 914
651 993
651 1048
651 1072
651 1082
651 1086
651 1103
651 1196
651 1221
652 748
652 787
652 806
652 870
652 990
652 1041
652 1043
652 1049
652 1093
653 732
653 753
653 924
653 1116
654 878
654 902
655 700
655 711
655 728
655 780
655 784
655 814
655 880
655 892
655 910
655 1125
655 1127
655 1138
655 1161
655 1167
655 1187
657 707
657 716
657 774
657 909
657 962
657 995
657 1038
659 894
660 796
660 955
660 1054
660 1109
660 1166
661 1002
661 1025
662 923
662 977
662 1194
663 775
663 921
663 1011
664 913
664 965
664 982
664 1057
664 1076
664 1172
665 689
665 703
665 736
665 814
665 983
665 1033
665 1034
665 1117
665 1138
665 1224
666 1180
666 1228
667 724
667 786
667 1118
667 1151
667 1178
668 945
668 963
668 1024
669 849
670 700
670 712
670 764
670 880
670 1036
670 1067
670 1097
670 1138
671 683
671 706
671 768
671 797
671 838
671 853
671 963
671 971
671 1034
671 1094
671 1196
672 905
672 997
672 1081
672 1242
674 957
675 750
675 890
677 755
677 929
677 1086
677 1221
678 1116
678 1132
679 1197
681 739
681 790
681 846
681 890
681 976
683 706
683 768
683 797
683 838
683 853
683 870
683 963
683 971
683 1034
683 1094
683 1196
684 1028
685 1080
685 1172
686 787
686 796
686 849
686 861
687 850
687 1090
687 1111
687 1145
687 1218
689 700
689 703
689 736
689 814
689 892
689 983
689 1033
689 1138
689 1165
689 1224
690 815
691 836
691 1055
692 693
695 701
695 774
695 863
695 1204
696 722
696 829
696 895
696 917
696 975
696 1077
696 1134
697 809
697 817
697 867
697 949
697 999
697 1130
697 1179
697 1210
698 877
698 1053
698 1144
698 1155
698 1197
699 791
700 728
700 764
700 814
700 880
700 892
700 1067
700 1138
700 1165
700 1247
701 863
702 749
702 766
703 736
703 814
703 937
703 1034
703 1049
703 1094
703 1117
703 1224
706 797
706 870
706 963
706 971
706 1034
706 1043
706 1094
707 716
707 774
707 909
707 962
707 995
708 759
708 780
708 981
708 1125
708 1161
708 1167
709 747
709 821
709 897
709 978
709 1140
709 1162
709 1214
710 1155
711 728
711 840
711 1046
711 1127
711 1165
711 1190
711 1247
712 764
712 779
712 1190
712 1249
715 1230
716 909
716 962
716 965
716 995
716 1038
717 922
718 834
718 836
718 1055
718 1114
718 1122
718 1202
718 1238
719 720
719 969
719 996
720 996
721 835
721 936
722 727
722 895
722 929
722 1064
722 1077
722 1134
722 1154
722 1221
723 790
723 976
723 1070
724 825
724 1048
724 1103
724 1143
724 1240
725 986
725 1050
726 740
726 795
726 797
726 816
726 914
726 931
726 954
727 895
727 929
727 1064
728 814
728 880
728 892
728 910
728 1125
728 1127
728 1138
728 1165
728 1187
728 1247
730 1212
732 753
732 864
732 910
732 924
732 1016
732 1223
734 1054
736 814
736 871
736 908
736 916
736 937
736 1117
736 1165
736 1224
736 1247
737 817
737 828
737 1011
737 1130
737 1148
737 1186
737 1243
739 790
739 842
739 890
739 1131
739 1160
740 816
740 914
740 931
740 954
740 1091
740 1149
741 1060
742 798
742 866
742 1019
742 1198
742 1232
742 1245
743 1075
744 1069
744 1135
746 869
746 1231
747 821
747 897
747 907
747 978
747 1140
747 1214
748 937
748 1041
748 1093
749 766
749 783
750 1001
751 840
751 908
751 937
751 1180
751 1240
752 767
752 972
752 1061
752 1106
753 910
753 924
753 1046
754 928
754 1018
754 1142
755 769
755 852
755 1005
755 1245
757 938
758 768
758 833
758 871
758 906
758 971
758 1065
758 1094
759 981
759 1226
760 769
760 811
760 1005
760 1139
760 1158
762 831
762 841
762 994
763 878
763 899
763 915
763 932
763 1064
763 1146
763 1154
764 779
764 1138
764 1190
765 919
766 783
766 1191
767 1061
767 1113
768 797
768 833
768 838
768 871
768 884
768 971
768 1034
768 1094
768 1117
769 770
769 852
769 1005
769 1158
770 852
770 869
770 1005
770 1158
771 896
774 805
774 995
774 1038
774 1204
775 921
776 1030
779 792
779 844
779 848
779 935
779 1174
779 1188
779 1190
780 880
780 1125
780 1161
780 1167
780 1249
781 819
781 950
781 959
781 1078
782 1088
784 814
784 892
784 983
784 1138
784 1187
785 939
785 1181
785 1215
786 840
786 1118
786 1151
786 1178
787 854
787 990
787 1199
789 1063
790 890
790 976
792 844
792 848
792 935
792 972
792 973
792 1044
792 1106
792 1188
793 953
793 967
793 1129
793 1159
794 1217
795 825
795 838
795 879
795 884
795 914
795 954
795 993
795 1072
795 1082
795 1103
795 1196
796 955
796 1054
796 1166
797 931
797 971
797 1034
797 1094
798 866
798 1019
798 1136
798 1198
799 1029
799 1039
801 918
802 829
802 843
802 985
802 991
802 1091
802 1196
803 970
804 1066
805 1038
805 1140
805 1162
805 1248
806 813
806 984
806 990
806 1041
806 1093
807 875
808 920
808 1131
809 817
809 912
809 999
811 869
811 1158
812 999
812 1179
813 908
813 928
813 984
813 993
813 1041
813 1093
813 1180
813 1240
814 880
814 892
814 983
814 1033
814 1138
814 1165
814 1187
814 1247
816 931
816 1013
816 1149
817 912
817 999
817 1011
817 1130
818 1054
818 1241
819 959
819 1078
821 897
821 978
821 1214
823 968
824 944
824 983
824 1033
824 1095
824 1102
824 1200
825 838
825 884
825 984
825 993
825 1048
825 1103
825 1221
825 1240
826 860
828 949
828 1011
828 1059
828 1130
828 1186
828 1243
829 838
829 843
829 895
829 984
829 985
829 991
829 993
829 1134
829 1196
829 1221
830 1035
830 1099
831 1004
831 1032
832 1144
833 871
833 881
833 884
833 916
833 1062
833 1065
833 1117
834 1114
834 1122
835 1008
835 1174
836 1055
836 1238
837 919
838 853
838 984
838 993
838 1196
839 1010
839 1057
840 1118
840 1151
841 994
842 1131
842 1160
843 895
843 985
843 991
843 1134
844 935
844 972
844 973
844 1106
844 1188
845 1189
846 890
846 976
846 1017
847 852
847 1122
847 1202
847 1246
848 973
848 1044
848 1188
849 861
850 851
850 859
850 1090
850 1218
851 1021
851 1218
852 1122
852 1158
852 1202
852 1246
853 870
853 963
853 984
853 990
853 993
853 1196
854 945
856 1018
856 1239
856 1241
859 1090
859 1149
860 1229
863 907
864 1016
864 1062
864 1153
864 1223
865 1047
865 1089
866 901
866 1019
866 1136
866 1143
866 1198
866 1245
867 949
867 1130
867 1210
869 1158
869 1231
870 963
870 990
870 1041
870 1043
870 1049
871 881
871 884
871 916
871 1065
871 1117
871 1224
872 1051
873 1101
874 1100
874 1216
877 1155
877 1197
878 899
878 902
878 932
878 1064
878 1077
879 884
879 1048
879 1072
879 1082
879 1103
880 892
880 1036
880 1067
880 1097
880 1125
880 1138
880 1167
880 1187
881 884
881 916
881 1016
881 1065
881 1117
882 948
884 1048
884 1065
884 1072
884 1082
884 1103
888 988
888 1163
889 1146
890 976
892 983
892 1033
892 1067
892 1125
892 1127
892 1138
892 1187
894 1058
895 975
895 985
895 1064
895 1077
895 1134
897 978
897 1214
898 900
898 980
898 1052
898 1209
898 1232
899 915
899 932
899 1032
900 980
900 1052
900 1176
900 1232
901 1005
901 1019
901 1074
901 1136
901 1245
902 1064
903 1192
904 1032
905 997
905 1242
907 1140
908 937
908 1224
908 1240
909 962
909 995
910 924
910 1046
910 1127
911 1133
912 947
912 1201
913 982
913 1024
913 1057
914 931
914 954
914 1072
914 1082
915 932
915 1032
916 1016
916 1117
916 1224
917 923
917 1221
920 968
920 1131
921 1073
921 1087
922 1062
922 1065
923 977
923 1077
923 1194
924 1046
924 1127
924 1223
925 1206
926 986
928 975
928 1142
929 1086
929 1216
931 954
932 1032
933 992
933 1067
933 1097
934 1208
934 1215
935 972
935 973
935 1106
935 1110
935 1188
937 1165
937 1224
937 1240
937 1247
939 1181
940 1148
941 1068
943 1185
944 1095
944 1200
945 963
946 1233
947 1201
949 1059
949 1210
950 959
950 1078
950 1207
952 1076
952 1080
952 1172
953 1159
954 1082
955 1054
955 1109
955 1166
958 1006
959 1078
959 1207
960 1205
962 995
963 990
964 1028
966 1143
967 1129
967 1242
969 996
969 1109
971 1034
971 1094
972 1061
972 1106
973 1044
973 1089
973 1106
973 1188
974 1200
974 1220
975 1077
978 1214
980 1052
980 1232
981 1125
981 1161
981 1167
981 1226
982 1024
982 1057
983 1033
983 1095
983 1102
983 1138
983 1187
984 993
984 1196
985 991
985 1134
988 1163
988 1244
990 1041
990 1043
990 1049
991 1091
991 1134
991 1196
993 1103
993 1196
995 1053
995 1204
997 1081
997 1242
998 1004
998 1156
999 1130
999 1179
1001 1168
1001 1203
1005 1074
1005 1158
1005 1245
1007 1182
1008 1227
1009 1120
1010 1189
1011 1130
1011 1148
1011 1186
1011 1243
1012 1183
1014 1208
1015 1119
1016 1062
1016 1153
1016 1223
1017 1079
1018 1061
1018 1142
1018 1239
1019 1074
1019 1136
1019 1245
1022 1230
1024 1057
1029 1039
1030 1037
1033 1095
1033 1102
1033 1138
1034 1094
1036 1067
1036 1095
1036 1097
1036 1138
1036 1220
1037 1168
1037 1203
1038 1140
1038 1162
1038 1248
1041 1043
1041 1049
1041 1093
1043 1049
1044 1047
1044 1089
1046 1127
1047 1089
1048 1065
1048 1103
1052 1232
1053 1204
1054 1166
1054 1241
1055 1122
1055 1202
1057 1172
1058 1157
1059 1151
1059 1178
1062 1153
1064 1077
1064 1154
1065 1072
1065 1103
1067 1097
1067 1125
1067 1138
1067 1167
1069 1209
1071 1175
1072 1082
1072 1103
1073 1087
1073 1198
1074 1136
1074 1245
1076 1172
1077 1154
1079 1101
1080 1172
1081 1242
1082 1103
1084 1170
1086 1134
1086 1221
1087 1186
1087 1243
1090 1218
1091 1114
1091 1149
1093 1199
1095 1102
1095 1200
1097 1125
1100 1119
1104 1126
1105 1195
1109 1166
1110 1180
1110 1239
1111 1145
1111 1218
1113 1219
1114 1122
1116 1132
1117 1224
1118 1151
1118 1178
1121 1216
1122 1202
1125 1127
1125 1161
1125 1167
1125 1187
1127 1165
1127 1247
1129 1242
1130 1186
1131 1160
1132 1181
1134 1221
1138 1187
1140 1162
1144 1155
1145 1218
1146 1194
1147 1163
1147 1213
1148 1186
1151 1178
1153 1192
1153 1223
1158 1202
1158 1246
1161 1167
1162 1248
1163 1213
1165 1224
1165 1247
1168 1203
1180 1240
1186 1228
1186 1243
1188 1190
1188 1249
1190 1247
1190 1249
1202 1246
1209 1232
1224 1247
1228 1243
