0 46
0 68
0 227
0 669
0 750
0 759
0 849
1 9
1 92
1 246
1 371
1 374
1 703
1 726
1 738
1 792
1 796
1 822
1 885
1 918
1 961
2 343
2 421
2 572
2 621
2 737
2 933
2 1031
2 1159
2 1219
3 100
3 166
3 259
3 414
3 950
3 992
3 1101
3 1203
4 36
4 308
4 323
4 330
4 474
4 620
4 864
4 902
4 981
4 1015
4 1017
4 1048
4 1096
5 277
5 525
5 675
5 715
5 731
5 781
5 824
5 979
6 116
6 234
6 260
6 484
6 526
6 717
6 774
6 812
6 833
6 1113
6 1165
7 63
7 199
7 367
7 935
7 1091
8 106
8 295
8 482
8 500
8 839
8 947
8 1047
9 246
9 328
9 374
9 415
9 690
9 703
9 710
9 726
9 761
9 885
9 899
9 918
9 954
9 1010
9 1014
9 1204
10 27
10 116
10 138
10 202
10 273
10 324
10 382
10 484
10 514
10 563
10 583
10 705
10 867
10 980
10 1109
10 1165
10 1179
11 40
11 445
11 772
11 947
12 111
12 160
12 357
12 1115
12 1191
13 22
13 134
13 602
14 161
14 191
14 540
14 680
14 775
14 948
14 1003
14 1008
14 1041
14 1099
14 1244
15 94
15 137
15 313
15 370
15 604
15 727
15 746
15 788
15 1009
15 1039
16 309
16 537
16 552
16 560
16 653
16 1045
16 1049
16 1063
16 1151
17 206
17 217
17 348
17 385
17 524
17 619
17 673
17 699
17 767
17 789
17 804
17 854
17 887
17 900
17 990
17 997
17 1108
18 156
18 168
18 208
18 621
18 859
19 82
19 349
19 368
19 488
19 791
19 848
19 1070
20 86
20 129
20 172
20 333
20 578
20 756
20 807
20 843
20 936
20 951
20 1118
20 1140
20 1227
21 50
21 159
21 200
21 338
21 530
21 651
21 683
21 700
21 963
21 1057
21 1167
22 134
22 191
22 602
22 973
22 1008
22 1099
23 258
23 259
23 331
23 452
23 480
23 777
23 955
23 1082
24 135
24 226
24 373
24 515
24 796
24 899
25 119
25 124
25 140
25 206
25 337
25 422
25 512
25 570
25 595
25 619
25 630
25 784
25 827
25 868
25 940
25 1051
26 318
26 347
26 423
26 432
26 545
26 611
26 695
26 771
26 875
26 1011
26 1028
26 1076
26 1128
26 1160
26 1189
26 1193
27 116
27 202
27 273
27 324
27 382
27 484
27 514
27 583
27 774
27 867
27 910
27 980
27 1109
27 1156
27 1165
27 1179
28 233
28 249
28 270
28 380
28 581
28 871
29 138
29 198
29 218
29 284
29 311
29 504
29 510
29 542
29 667
29 877
29 929
29 1053
29 1101
30 267
30 349
30 478
30 489
30 605
30 647
30 879
30 989
30 1060
30 1070
30 1234
31 155
31 178
31 318
31 483
31 492
31 932
31 948
31 994
31 1177
31 1188
31 1226
32 61
32 183
32 247
32 320
32 487
32 528
32 534
32 1102
32 1136
32 1162
32 1164
32 1195
33 163
33 407
33 576
33 1056
33 1084
34 84
34 139
34 350
34 395
34 592
34 656
34 676
34 686
34 692
34 694
34 740
34 937
34 985
35 153
35 221
35 225
35 256
35 535
35 637
35 659
35 684
35 725
35 873
35 1241
36 173
36 180
36 288
36 330
36 450
36 456
36 500
36 833
36 1017
36 1048
37 54
37 181
37 201
37 390
37 714
37 916
37 917
37 923
37 1035
37 1106
38 88
38 96
38 130
38 222
38 281
38 294
38 517
38 803
38 991
39 85
39 117
39 187
39 216
39 260
39 321
39 411
39 479
39 503
39 640
39 832
39 1050
39 1114
39 1239
40 164
40 282
40 445
40 772
40 1116
40 1241
41 48
41 49
41 80
41 103
41 172
41 310
41 551
41 552
41 557
41 657
41 681
41 970
41 1118
41 1140
41 1151
42 57
42 58
42 79
42 126
42 219
42 501
42 549
42 606
42 666
42 810
42 1012
42 1023
42 1026
42 1027
42 1146
42 1237
43 82
43 372
43 623
43 848
43 1018
44 60
44 291
44 325
44 337
44 409
44 516
44 579
44 630
44 701
44 749
44 1127
45 112
45 123
45 312
45 758
45 816
45 893
45 914
45 1236
46 68
46 227
46 579
46 701
46 750
46 759
47 139
47 375
47 556
47 644
47 688
47 881
47 883
47 975
47 1013
48 49
48 103
48 172
48 310
48 557
48 657
48 681
48 758
48 970
49 80
49 86
49 103
49 172
49 310
49 333
49 505
49 552
49 557
49 657
49 681
49 758
49 783
49 893
49 970
49 1118
49 1140
49 1151
49 1227
50 200
50 240
50 299
50 356
50 455
50 530
50 532
50 641
50 680
50 683
50 1057
51 62
51 196
51 279
52 216
52 434
52 598
52 649
52 730
52 752
52 906
52 1075
52 1105
52 1107
53 102
53 375
53 556
53 590
53 816
54 124
54 201
54 390
54 465
54 543
54 714
54 841
54 916
54 917
54 923
54 940
54 956
54 1035
54 1106
54 1125
54 1169
55 97
55 222
55 316
55 354
55 698
55 943
56 118
56 307
56 550
56 565
56 660
56 773
57 58
57 79
57 87
57 219
57 501
57 606
57 842
57 928
57 1023
57 1026
57 1237
58 79
58 87
58 219
58 501
58 606
58 842
58 928
58 1023
58 1026
58 1237
59 76
59 128
59 317
59 333
59 625
59 664
59 806
59 807
59 813
59 838
59 843
59 936
59 951
59 962
59 967
59 1126
60 291
60 325
60 337
60 372
60 409
60 516
60 619
60 630
60 699
60 701
60 749
60 753
60 767
60 1007
61 183
61 320
61 393
61 487
61 490
61 1033
61 1102
61 1136
61 1162
61 1164
61 1195
62 196
62 279
63 210
63 367
63 497
63 585
63 678
63 924
63 935
63 1091
64 185
64 186
64 209
64 278
64 322
64 345
64 425
64 443
64 469
64 721
64 958
64 988
64 1030
64 1058
65 89
65 321
65 394
65 548
65 554
65 575
65 656
65 692
65 825
65 999
65 1001
65 1021
66 377
66 412
66 458
66 541
66 1094
67 91
67 212
67 562
67 605
67 616
67 744
67 751
67 817
67 996
67 1060
67 1139
67 1173
67 1234
68 227
68 750
68 759
68 849
69 94
69 220
69 230
69 287
69 303
69 341
69 379
69 413
69 437
69 440
69 564
69 610
69 1120
69 1137
69 1150
69 1155
70 141
70 244
70 556
70 590
70 644
70 831
70 874
70 913
70 1245
71 166
71 284
71 311
71 414
71 448
71 542
71 787
71 945
71 950
71 995
71 1053
71 1101
71 1172
71 1203
72 210
72 497
72 585
72 655
72 808
72 924
72 969
73 119
73 140
73 570
73 601
73 868
73 872
73 984
74 174
74 405
74 451
74 572
74 574
74 584
74 648
74 691
74 884
74 1067
74 1214
75 227
75 340
75 797
75 878
76 317
76 333
76 592
76 625
76 664
76 694
76 740
76 806
76 936
76 951
76 967
77 90
77 283
77 362
77 672
77 741
77 852
77 889
77 1083
78 171
78 217
78 296
78 348
78 524
78 699
78 798
78 854
78 865
78 965
78 1061
78 1082
78 1117
79 87
79 151
79 219
79 501
79 606
79 928
79 1012
79 1023
79 1026
79 1237
80 103
80 172
80 333
80 505
80 552
80 657
80 664
80 783
80 970
80 1118
80 1140
80 1151
81 222
81 223
81 281
81 485
81 612
81 1201
82 267
82 349
82 368
82 477
82 478
82 848
82 1018
83 84
83 89
83 99
83 139
83 350
83 644
83 686
83 840
83 883
83 985
83 1013
84 89
84 139
84 350
84 395
84 656
84 686
84 692
84 883
84 985
85 117
85 187
85 216
85 260
85 321
85 411
85 479
85 503
85 640
85 832
85 1050
85 1114
85 1239
86 172
86 333
86 578
86 747
86 755
86 756
86 1140
86 1227
87 107
87 151
87 606
87 1026
87 1237
88 96
88 130
88 415
88 710
88 803
88 954
88 991
88 1010
88 1111
89 394
89 548
89 575
89 656
89 692
89 805
89 825
89 993
89 1080
90 150
90 278
90 283
90 322
90 362
90 464
90 487
90 672
90 889
90 974
90 988
90 1083
91 121
91 212
91 533
91 562
91 616
91 744
91 751
91 802
91 1060
91 1173
92 371
92 633
92 792
92 1180
93 108
93 571
93 938
93 1228
94 105
94 137
94 230
94 313
94 379
94 435
94 604
94 727
94 746
94 788
94 1233
95 127
95 363
95 447
95 511
95 675
95 770
95 824
95 962
95 966
95 1077
96 130
96 256
96 517
96 535
96 803
96 873
96 991
97 104
97 316
97 401
97 698
98 140
98 181
98 719
98 1213
99 105
99 141
99 244
99 350
99 644
99 831
99 883
99 1205
100 166
100 386
100 463
100 1134
100 1147
100 1203
101 146
101 184
101 190
101 243
101 266
101 472
101 706
101 748
101 765
101 793
101 943
102 105
102 137
102 141
102 188
102 590
102 644
102 831
102 1221
103 112
103 172
103 310
103 312
103 557
103 657
103 681
103 758
103 893
103 970
103 1151
103 1181
104 316
104 401
104 462
104 1064
104 1225
105 137
105 141
105 244
105 313
105 631
105 644
105 831
105 883
105 913
106 343
106 421
106 451
106 500
106 572
106 1067
106 1219
107 151
107 238
107 327
107 347
107 444
107 666
107 722
107 875
107 925
107 960
107 1011
107 1012
107 1193
107 1206
108 182
108 897
108 1005
109 237
109 461
109 521
109 561
109 617
109 709
109 1163
110 132
110 336
110 446
110 600
110 971
110 1009
110 1036
110 1039
110 1100
111 160
111 357
111 1115
111 1191
112 123
112 310
112 312
112 426
112 464
112 505
112 557
112 657
112 758
112 783
112 893
112 970
112 1236
113 153
113 221
113 410
113 502
113 627
113 671
113 743
113 1170
113 1174
114 219
114 284
114 417
114 431
114 507
114 518
114 549
114 667
114 729
114 769
114 778
114 810
114 946
114 1027
114 1053
114 1131
114 1138
115 175
115 274
115 403
115 404
115 496
115 566
115 643
115 869
115 921
115 1143
115 1194
115 1196
116 173
116 202
116 273
116 324
116 382
116 442
116 484
116 526
116 608
116 711
116 720
116 774
116 1156
116 1165
117 255
117 365
117 376
117 411
117 593
117 632
117 640
117 800
117 832
117 866
117 890
117 896
117 1148
117 1157
117 1175
117 1239
118 319
118 547
118 550
118 565
118 573
118 660
118 1086
119 125
119 140
119 570
119 784
119 827
119 868
119 872
119 895
119 940
119 984
119 1051
120 205
120 499
120 538
120 972
120 1081
120 1095
120 1231
121 296
121 326
121 533
121 802
121 1105
122 192
122 307
122 438
122 573
122 850
122 908
122 1182
123 505
123 557
123 657
123 758
123 816
123 893
123 1236
124 181
124 206
124 390
124 465
124 543
124 714
124 784
124 827
124 841
124 916
124 940
124 1035
125 140
125 204
125 638
125 784
125 827
125 1051
125 1213
126 344
126 603
126 787
126 810
126 1146
127 290
127 447
127 481
127 511
127 625
127 664
127 675
127 770
127 966
127 1077
128 132
128 292
128 336
128 365
128 600
128 632
128 676
128 740
128 813
128 838
128 843
128 953
128 967
128 1036
129 333
129 618
129 625
129 756
129 807
129 843
129 936
129 951
129 962
129 1140
129 1227
130 222
130 281
130 803
131 247
131 361
131 429
131 506
131 528
131 584
131 648
131 884
132 600
132 1036
133 346
133 400
133 768
133 1141
133 1205
133 1223
133 1235
133 1245
134 360
134 602
134 844
134 973
135 796
135 822
135 899
135 1025
136 195
136 448
136 459
136 787
136 983
136 995
136 1172
137 188
137 313
138 189
138 198
138 242
138 504
138 510
138 514
138 563
138 583
138 667
138 705
138 729
138 977
138 978
138 1000
138 1179
139 350
139 395
139 644
139 686
139 692
139 883
139 985
140 570
140 784
140 827
140 868
140 872
140 940
140 1051
140 1213
141 244
141 400
141 556
141 590
141 644
141 831
141 874
141 883
141 913
141 1245
142 145
142 256
142 269
142 351
142 517
142 659
142 684
142 873
142 882
142 907
142 1020
142 1129
143 498
143 518
143 769
143 842
143 928
143 1027
143 1087
143 1131
143 1198
144 233
144 408
144 446
144 582
144 587
144 655
144 837
145 258
145 269
145 331
145 410
145 480
145 502
145 522
145 627
145 743
145 882
145 1040
146 184
146 190
146 266
146 354
146 439
146 472
146 531
146 702
146 748
146 765
146 943
146 1134
147 351
147 462
147 520
147 907
147 1171
147 1208
147 1217
148 231
148 622
148 652
148 790
148 905
148 911
148 939
148 1215
149 171
149 348
149 385
149 389
149 499
149 636
149 716
149 754
149 931
149 972
149 1061
149 1199
150 192
150 278
150 283
150 426
150 438
150 672
150 757
150 889
150 974
150 1083
151 289
151 384
151 444
151 606
151 666
151 722
151 925
151 1012
151 1146
151 1237
152 175
152 274
152 461
152 626
152 1196
152 1240
153 221
153 269
153 410
153 502
153 562
153 659
153 1006
153 1161
153 1174
153 1187
154 157
154 420
154 495
154 607
154 663
154 799
154 919
154 989
154 1054
154 1071
154 1073
154 1185
154 1186
155 178
155 179
155 229
155 334
155 483
155 492
155 820
155 948
155 994
155 1041
155 1132
155 1188
156 168
156 211
156 236
156 240
156 343
156 609
156 859
156 904
156 1119
156 1142
156 1197
156 1218
157 224
157 394
157 420
157 975
157 1071
157 1073
157 1186
158 486
158 559
158 808
158 846
158 969
159 200
159 338
159 428
159 509
159 651
159 683
159 700
159 856
159 963
159 1057
159 1167
160 357
160 1115
160 1191
161 191
161 494
161 540
161 775
161 1003
161 1008
161 1099
161 1244
162 248
162 323
162 377
162 670
162 902
162 912
162 1024
162 1168
163 523
163 712
163 724
163 780
163 785
163 795
163 926
163 1056
163 1084
164 194
164 226
164 373
164 445
164 520
164 649
164 685
164 764
164 839
164 947
164 964
164 1044
164 1046
164 1123
165 193
165 353
165 357
165 359
165 915
165 1115
165 1145
165 1191
166 414
166 542
166 705
166 929
166 945
166 950
166 992
166 1101
166 1203
167 232
167 249
167 270
167 370
167 380
167 828
167 892
167 1009
168 208
168 338
168 609
168 621
168 651
168 859
168 933
169 279
169 603
170 203
170 550
170 773
170 1065
170 1071
170 1073
171 264
171 340
171 348
171 389
171 636
171 777
171 797
171 931
171 965
171 1061
171 1117
171 1199
172 333
172 551
172 557
172 578
172 657
172 681
172 755
172 1118
172 1140
172 1227
173 234
173 419
173 442
173 500
173 513
173 608
173 711
173 720
173 730
173 812
173 1047
174 405
174 421
174 451
174 572
174 574
174 584
174 648
174 981
174 1017
174 1159
174 1214
175 262
175 274
175 404
175 491
175 496
175 566
175 643
175 1143
175 1194
175 1196
176 735
176 747
177 268
177 276
177 332
177 483
177 654
177 687
177 863
178 318
178 334
178 492
178 948
178 994
178 1041
178 1076
178 1132
178 1177
179 229
179 241
179 334
179 453
179 493
179 526
179 820
179 994
179 1041
179 1132
180 211
180 330
180 456
180 572
180 609
180 620
180 933
180 1048
180 1096
180 1159
180 1218
181 201
181 293
181 398
181 841
181 1035
181 1106
182 360
182 1188
182 1226
183 197
183 247
183 320
183 487
183 528
183 591
183 886
183 986
183 988
183 1033
183 1102
183 1162
183 1164
184 266
184 439
184 472
184 531
184 702
184 712
184 748
184 765
185 186
185 209
185 345
185 425
185 443
185 721
186 209
186 345
186 425
186 443
186 469
186 591
186 721
186 958
186 1030
186 1058
187 216
187 234
187 260
187 321
187 416
187 434
187 441
187 479
187 513
187 554
187 662
187 1001
187 1114
188 395
188 806
188 853
188 985
188 1221
189 202
189 453
189 514
189 563
189 624
189 729
189 977
189 1000
189 1149
190 354
190 531
190 596
190 748
190 765
190 943
190 1020
190 1134
190 1225
191 532
191 1003
191 1008
191 1099
191 1188
191 1244
192 283
192 438
192 757
192 889
192 974
192 1083
192 1130
193 272
193 353
193 359
193 695
193 834
194 373
194 520
194 598
194 649
194 685
194 730
194 764
194 839
194 894
194 964
194 1044
194 1046
194 1123
195 300
195 448
195 459
195 983
195 995
195 1113
195 1172
196 642
196 682
196 1079
197 254
197 361
197 591
197 886
197 986
197 1030
197 1216
198 218
198 284
198 311
198 510
198 542
198 667
198 769
198 877
198 929
198 978
198 1198
199 332
199 635
199 674
199 898
199 935
200 338
200 356
200 455
200 530
200 641
200 683
200 700
200 1057
200 1167
201 465
201 923
201 1035
201 1106
202 324
202 382
202 514
202 526
202 718
202 774
202 1104
202 1165
203 773
203 879
203 1220
204 638
204 784
204 1051
205 265
205 754
205 949
205 972
205 1121
205 1133
205 1231
205 1249
206 217
206 465
206 543
206 619
206 630
206 714
206 767
206 784
206 789
206 804
206 827
206 916
206 940
206 997
207 246
207 281
207 415
207 612
207 703
207 726
207 1064
208 536
208 621
209 278
209 322
209 345
209 425
209 443
209 469
209 721
209 958
209 988
209 1030
209 1058
210 497
210 585
210 655
210 898
210 924
210 935
210 1243
211 235
211 236
211 240
211 324
211 382
211 456
211 609
211 711
211 859
211 1048
211 1104
211 1142
211 1218
212 562
212 599
212 616
212 744
212 751
212 817
212 996
212 1006
212 1060
212 1116
212 1161
213 536
213 1098
213 1180
214 285
214 368
214 388
214 623
214 791
214 809
214 841
214 848
214 1018
214 1070
215 470
215 510
215 586
215 742
215 877
215 929
215 1147
215 1247
216 260
216 321
216 434
216 1001
216 1050
217 524
217 579
217 619
217 630
217 699
217 767
217 789
217 887
217 997
218 311
218 542
218 553
218 586
218 603
218 742
218 819
218 877
218 929
218 1147
219 417
219 501
219 518
219 549
219 606
219 722
219 769
219 778
219 810
219 928
219 1012
219 1023
219 1026
219 1027
219 1131
220 251
220 252
220 341
220 397
220 413
220 437
220 440
220 610
220 723
220 851
220 909
220 1059
220 1153
220 1155
221 410
221 502
221 562
221 627
221 659
221 873
221 1006
221 1161
221 1174
221 1187
222 281
222 485
222 612
222 698
222 803
223 281
223 415
223 612
223 690
223 703
223 710
223 1111
223 1201
224 297
224 387
224 394
224 548
224 554
224 575
224 668
224 741
224 760
224 801
224 818
224 826
224 870
224 903
224 1021
224 1224
225 535
225 539
225 637
225 684
225 725
225 991
225 1010
225 1241
226 373
226 515
226 839
226 947
226 1171
227 669
227 750
227 759
227 849
228 263
228 301
228 468
228 709
228 1158
229 241
229 334
229 453
229 820
229 994
229 1041
229 1132
230 287
230 313
230 379
230 435
230 564
230 631
230 746
230 1184
231 282
231 403
231 461
231 599
231 622
231 626
231 734
231 939
231 1042
231 1116
232 270
232 370
232 380
232 454
232 581
232 892
233 249
233 408
233 582
234 260
234 419
234 434
234 442
234 479
234 513
234 720
234 730
234 812
234 833
235 236
235 299
235 324
235 356
235 382
235 455
235 532
235 680
235 718
235 938
235 1104
236 240
236 324
236 356
236 382
236 455
236 609
236 711
236 718
236 859
236 904
236 1104
236 1142
236 1197
236 1218
237 617
237 728
237 862
237 1052
237 1074
238 347
238 359
238 695
238 771
238 846
238 875
238 915
238 960
238 1011
238 1189
238 1193
238 1206
239 407
239 576
239 849
239 858
240 356
240 455
240 609
240 641
240 859
240 904
240 1142
240 1197
240 1218
241 268
241 334
241 453
241 994
241 1041
241 1113
241 1132
242 504
242 510
242 583
242 1179
242 1247
243 266
243 472
243 706
243 785
243 793
243 926
244 391
244 400
244 644
244 768
244 831
244 874
244 883
244 913
244 1013
244 1205
244 1245
245 381
245 897
245 932
246 415
246 690
246 703
246 726
246 792
246 961
247 361
247 429
247 506
247 528
247 648
247 1102
247 1164
248 323
248 864
248 902
248 912
248 981
248 1015
248 1232
249 370
249 408
249 446
249 828
250 457
250 509
250 689
250 736
250 1088
251 252
251 341
251 346
251 397
251 440
251 723
251 851
251 1059
251 1078
251 1093
251 1153
251 1205
252 341
252 413
252 437
252 440
252 704
252 909
252 1022
252 1059
252 1093
252 1155
252 1205
253 339
253 414
253 829
254 304
254 481
254 511
254 770
254 1090
254 1216
254 1229
254 1232
255 268
255 332
255 335
255 376
255 396
255 460
255 546
255 674
255 855
255 890
255 1066
256 517
256 535
256 637
256 659
256 684
256 725
256 873
256 991
257 358
257 399
257 653
257 830
257 1049
257 1063
258 331
258 452
258 480
258 777
258 798
258 865
258 955
258 1082
258 1152
259 340
259 414
259 452
259 777
259 950
259 1203
260 434
260 479
260 513
260 812
260 1050
261 268
261 332
261 460
261 687
261 855
261 863
261 1128
262 404
262 491
262 496
262 529
262 566
262 643
262 1143
263 301
263 468
263 836
263 1158
264 340
264 389
264 414
264 931
264 950
264 995
265 302
265 471
265 745
265 782
265 949
265 957
265 998
266 463
266 472
266 706
266 712
266 748
266 765
266 780
266 785
266 793
266 795
266 926
266 943
267 349
267 477
267 478
267 605
267 1060
268 332
268 460
268 687
268 855
268 863
268 890
269 410
269 480
269 502
269 522
269 533
269 627
269 659
269 697
269 743
269 882
269 1129
270 370
270 581
270 746
270 892
271 378
271 645
271 658
271 1120
271 1141
271 1223
272 486
272 559
272 814
272 834
272 1032
273 324
273 382
273 583
273 711
273 904
273 910
273 980
273 1109
273 1142
273 1156
274 403
274 404
274 496
274 626
274 643
274 869
274 1143
274 1194
274 1196
274 1240
275 438
275 757
275 857
275 1019
275 1130
275 1166
275 1182
275 1211
276 286
276 483
276 687
276 814
276 815
276 1177
277 525
277 675
277 715
277 781
277 794
277 824
277 942
277 966
277 979
277 1015
277 1124
277 1210
277 1246
278 283
278 322
278 362
278 426
278 464
278 672
278 721
278 988
278 1058
279 603
280 355
280 363
280 860
280 1178
281 485
281 612
281 803
281 1111
282 445
282 599
282 734
282 921
282 1006
282 1042
282 1116
282 1161
282 1241
283 426
283 672
283 889
283 1083
284 311
284 431
284 448
284 542
284 667
284 705
284 787
284 929
284 945
284 946
284 1053
284 1101
284 1138
284 1172
285 368
285 488
285 489
285 791
285 1070
285 1220
286 814
286 815
286 834
287 303
287 435
287 564
287 1184
288 330
288 405
288 482
288 500
288 1017
288 1242
289 327
289 384
289 444
289 538
289 666
289 925
289 1081
289 1146
289 1231
290 481
290 511
290 629
290 675
290 770
290 794
290 861
290 966
290 1037
290 1077
290 1222
290 1229
290 1232
290 1246
291 409
291 516
291 701
291 749
291 753
291 1007
291 1127
292 336
292 365
292 632
292 676
292 740
292 800
292 813
292 896
292 953
292 967
292 971
292 1157
293 398
293 628
293 719
293 762
293 1035
294 462
294 515
294 517
294 803
294 991
294 1064
294 1225
295 482
295 500
295 839
295 947
296 430
296 524
296 589
296 699
296 854
296 993
296 1054
297 394
297 741
297 852
297 889
297 975
297 1083
298 527
298 597
298 890
298 934
298 1038
298 1050
298 1113
298 1202
299 356
299 455
299 530
299 532
299 571
299 641
299 683
299 938
299 1057
299 1167
300 453
300 624
300 717
300 983
300 1113
300 1149
300 1165
301 468
301 709
301 836
301 1158
301 1200
302 335
302 396
302 460
302 471
302 546
302 650
302 745
302 782
302 922
302 949
302 957
302 998
302 1066
303 397
303 564
303 610
303 645
303 723
303 1120
303 1153
304 377
304 912
304 1090
304 1216
305 379
305 396
305 604
305 635
305 678
305 727
305 745
305 788
305 922
305 937
305 952
305 971
305 1039
305 1137
305 1150
305 1233
306 309
306 358
306 537
306 560
307 550
307 1065
308 402
308 620
308 864
308 981
308 1017
308 1048
308 1069
308 1096
308 1159
309 469
309 537
309 552
309 560
309 580
309 653
309 1063
310 312
310 426
310 464
310 552
310 580
310 657
310 681
310 758
310 783
310 970
310 1151
310 1181
311 498
311 542
311 603
311 819
311 877
311 929
311 1087
311 1101
312 426
312 464
312 758
312 970
312 1181
312 1236
313 435
313 604
313 631
313 746
313 788
314 658
314 1248
315 458
315 856
315 1089
315 1154
316 401
316 698
316 943
316 1225
317 333
317 625
317 664
317 694
317 740
317 806
317 807
317 813
317 843
317 936
317 951
317 967
318 423
318 611
318 994
318 1028
318 1076
318 1177
319 565
319 573
319 660
319 1019
319 1086
319 1112
319 1183
320 487
320 534
320 1102
320 1136
320 1162
320 1164
320 1195
321 548
321 805
321 1001
321 1050
322 362
322 487
322 672
322 721
322 988
322 1033
322 1058
323 474
323 715
323 864
323 902
323 981
323 1024
323 1096
324 382
324 526
324 711
324 718
324 774
324 1104
325 337
325 372
325 422
325 512
325 516
325 595
325 749
326 364
326 798
326 802
326 865
326 1082
326 1107
326 1117
326 1176
327 444
327 666
327 722
327 925
327 1146
328 374
328 529
328 690
328 703
328 761
328 885
328 918
328 954
328 1010
328 1014
328 1204
329 342
329 876
329 1034
330 451
330 456
330 500
330 1017
330 1048
330 1159
331 452
331 480
331 777
331 798
331 865
331 955
331 1040
331 1082
331 1152
332 335
332 460
332 674
332 687
332 855
332 863
333 625
333 664
333 756
333 807
333 843
333 936
333 951
333 1118
333 1140
333 1227
334 483
334 492
334 613
334 820
334 948
334 994
334 1041
334 1132
334 1177
335 396
335 460
335 546
335 650
335 674
335 855
335 890
335 922
335 957
335 1038
335 1066
335 1202
336 600
336 676
336 740
336 806
336 813
336 967
336 1036
336 1100
337 372
337 422
337 512
337 516
337 595
337 619
337 630
337 693
337 749
337 1127
338 402
338 455
338 530
338 621
338 651
338 683
338 700
338 933
338 1057
338 1167
339 344
339 931
339 1043
339 1199
340 414
340 636
340 777
340 797
340 965
340 1082
340 1117
341 413
341 437
341 440
341 564
341 610
341 1059
341 1120
341 1137
341 1150
341 1155
342 876
342 1034
343 421
343 427
343 456
343 572
343 609
343 933
343 1119
343 1159
343 1219
344 666
344 787
344 931
344 968
344 1043
344 1081
344 1172
344 1199
345 425
345 443
345 469
345 721
345 958
345 1030
346 397
346 400
346 440
346 768
346 851
346 1078
346 1141
346 1205
346 1235
347 423
347 695
347 722
347 771
347 875
347 960
347 1011
347 1012
347 1028
347 1128
347 1160
347 1189
347 1193
347 1206
348 385
348 389
348 430
348 524
348 636
348 673
348 854
348 887
348 990
348 1061
348 1108
348 1238
349 368
349 477
349 478
349 605
349 1018
350 395
350 686
350 883
350 937
350 985
351 462
351 517
351 596
351 907
351 1020
351 1225
352 457
352 467
352 736
352 1085
352 1088
352 1144
352 1209
352 1228
353 815
353 834
354 531
354 596
354 698
354 748
354 943
354 1020
354 1134
354 1225
355 363
355 1178
356 455
356 530
356 532
356 641
356 680
356 1218
357 359
357 1115
357 1145
357 1191
358 399
358 830
359 695
359 846
359 915
359 1115
359 1145
359 1189
359 1191
360 602
360 973
360 1092
360 1188
360 1226
361 429
361 506
361 528
361 886
361 1090
361 1216
362 672
363 824
363 860
363 1178
364 798
364 865
364 1082
364 1107
364 1117
364 1176
365 376
365 593
365 632
365 640
365 800
365 838
365 896
365 953
365 967
365 1148
365 1157
366 405
366 429
366 506
366 629
366 648
366 981
366 1015
366 1017
366 1037
366 1214
366 1232
366 1242
366 1246
367 497
367 585
367 935
367 1091
368 623
368 791
368 809
368 848
368 1018
368 1070
369 508
369 821
369 1122
370 454
370 892
370 1009
371 374
371 792
371 796
371 822
371 885
371 1180
371 1207
372 619
372 630
372 699
372 749
372 753
372 767
373 839
373 947
373 964
373 1123
373 1171
374 703
374 726
374 792
374 796
374 822
374 885
374 899
374 918
374 1025
374 1204
375 556
375 590
375 644
375 688
375 816
375 881
376 411
376 567
376 593
376 632
376 640
376 832
376 866
376 896
376 953
376 1157
376 1175
377 412
377 541
377 670
377 891
377 912
377 1094
378 610
378 631
378 645
378 658
378 1120
378 1205
378 1223
379 435
379 564
379 604
379 678
379 727
379 786
379 788
379 952
379 1137
379 1150
379 1155
379 1233
380 581
380 828
380 871
381 466
381 555
381 567
381 593
381 661
381 731
381 766
381 953
381 1192
382 526
382 711
382 718
382 910
382 980
382 1104
382 1142
383 406
383 468
383 1019
383 1112
383 1166
383 1200
384 666
384 925
384 1146
384 1237
385 430
385 524
385 673
385 704
385 716
385 754
385 854
385 887
385 900
385 990
385 1022
385 1061
385 1108
386 401
386 470
386 510
386 1247
387 394
387 441
387 548
387 554
387 575
387 668
387 739
387 741
387 760
387 801
387 870
387 903
387 1001
387 1021
387 1224
388 628
388 762
388 791
388 809
389 499
389 636
389 931
389 968
389 972
389 1043
389 1061
389 1199
389 1238
390 465
390 543
390 714
390 799
390 841
390 916
390 917
390 923
390 940
390 956
390 1035
390 1106
390 1125
390 1169
391 400
391 607
391 768
391 883
391 919
391 956
391 1013
391 1016
391 1078
391 1205
392 420
392 577
392 616
392 668
392 760
392 764
392 801
392 817
392 818
392 823
392 1029
392 1075
392 1105
392 1139
392 1224
393 490
393 944
393 1136
393 1162
393 1163
393 1195
394 548
394 554
394 575
394 741
394 760
394 801
394 825
394 852
394 1021
394 1224
395 592
395 686
395 694
395 740
395 806
395 985
396 546
396 635
396 674
396 745
396 922
396 1066
396 1157
397 610
397 645
397 723
397 845
397 851
397 1059
397 1120
397 1141
397 1153
398 628
398 762
398 841
398 1035
399 830
400 440
400 644
400 768
400 831
400 874
400 883
400 913
400 1013
400 1016
400 1078
400 1205
400 1245
401 462
401 1225
402 428
402 476
402 621
402 651
402 933
402 1069
403 404
403 461
403 496
403 626
403 869
403 1194
403 1196
403 1240
404 491
404 496
404 529
404 566
404 643
404 869
404 1143
404 1194
404 1196
405 482
405 506
405 574
405 648
405 1017
405 1214
405 1242
406 468
406 521
406 561
406 1112
406 1158
406 1200
407 576
407 858
407 1084
408 582
408 587
409 516
409 630
409 701
409 749
409 753
409 1007
409 1040
409 1152
410 502
410 533
410 562
410 627
410 671
410 743
410 882
410 1040
410 1174
411 493
411 503
411 567
411 593
411 613
411 832
411 866
411 1148
411 1175
411 1239
412 541
412 912
412 1094
413 437
413 909
413 949
413 1059
413 1121
413 1133
413 1155
414 950
414 992
414 1203
415 690
415 703
415 710
415 726
415 918
415 954
415 1014
415 1111
416 662
416 861
416 942
416 999
416 1114
416 1210
417 518
417 545
417 549
417 606
417 611
417 722
417 778
417 810
417 928
417 1012
417 1023
417 1026
417 1027
417 1076
417 1131
417 1193
418 496
418 539
418 566
418 643
418 772
418 1010
419 434
419 442
419 513
419 608
419 720
419 730
419 812
419 1047
419 1208
420 663
420 818
420 847
420 993
420 1029
420 1054
420 1071
420 1073
420 1186
421 451
421 572
421 737
421 1031
421 1067
421 1159
421 1219
422 512
422 595
422 693
422 749
423 432
423 695
423 771
423 815
423 834
423 875
423 915
423 1011
423 1028
423 1128
423 1160
423 1189
423 1193
424 811
424 837
424 898
424 1212
424 1243
425 443
425 721
425 1130
426 464
426 672
427 433
427 608
427 711
427 910
427 1219
428 458
428 467
428 620
428 651
428 700
428 856
428 1057
428 1069
428 1088
428 1144
428 1167
429 506
429 528
429 1037
429 1214
429 1216
429 1232
430 524
430 589
430 594
430 639
430 673
430 707
430 854
430 887
430 941
430 990
430 998
430 1022
430 1054
430 1108
430 1238
431 507
431 518
431 549
431 667
431 729
431 769
431 778
431 810
431 946
431 1027
431 1053
431 1131
431 1138
432 508
432 545
432 611
432 779
432 1028
432 1122
432 1160
432 1189
433 733
433 910
433 1098
433 1119
434 441
434 513
434 730
434 812
435 564
435 604
435 786
435 788
435 952
435 1184
435 1233
436 449
436 588
436 691
436 884
436 1067
436 1072
436 1074
436 1103
437 909
437 949
437 1059
437 1137
437 1150
437 1155
438 757
438 850
438 908
438 974
438 1130
438 1182
439 472
439 531
439 702
439 712
439 748
439 765
440 851
440 1078
440 1155
440 1205
441 554
441 649
441 685
441 870
441 894
441 976
441 1001
441 1021
441 1044
442 608
442 720
442 730
442 1047
442 1156
442 1171
442 1208
442 1217
443 469
443 721
443 958
443 1030
443 1058
444 666
444 722
444 925
444 1012
444 1146
445 764
445 1046
445 1116
445 1241
446 837
446 987
447 481
447 511
447 770
447 1077
448 459
448 787
448 810
448 945
448 946
448 983
448 995
448 1053
448 1138
448 1172
449 588
449 691
449 1025
449 1067
449 1074
449 1103
450 479
450 781
450 1015
450 1017
450 1124
450 1210
450 1242
451 456
451 500
451 572
451 574
451 1159
451 1214
452 480
452 702
452 955
453 526
453 624
453 717
453 994
453 1041
453 1113
453 1132
453 1149
454 892
455 530
455 532
455 641
455 680
455 683
455 938
455 1057
456 500
456 572
456 609
456 711
456 933
456 1048
456 1159
457 467
457 736
457 844
457 1088
457 1209
458 856
458 891
458 1069
459 597
459 650
459 968
459 983
459 995
459 1172
460 597
460 650
460 855
460 890
460 957
460 1202
461 617
461 622
461 626
461 709
461 939
461 1215
461 1240
462 515
462 596
462 1064
462 1225
463 470
463 472
463 706
463 748
463 785
463 793
463 795
463 926
463 943
464 552
464 580
464 672
464 783
464 970
464 1151
465 543
465 714
465 799
465 916
465 917
465 923
465 940
465 956
465 1035
465 1078
465 1106
465 1125
465 1169
466 555
466 567
466 593
466 661
466 731
466 766
466 838
466 953
466 979
466 1192
467 736
467 1024
467 1085
467 1088
467 1144
467 1154
467 1209
467 1228
468 836
468 1112
468 1158
468 1200
469 537
469 560
469 958
469 1030
470 706
470 793
470 943
471 678
471 745
471 782
471 949
471 952
471 1091
471 1137
471 1150
471 1249
472 706
472 712
472 748
472 765
472 780
472 785
472 793
472 926
473 955
474 568
474 620
474 715
474 763
474 864
474 902
474 1015
474 1048
474 1096
475 578
475 735
475 747
475 755
475 1190
475 1230
476 621
476 651
476 700
477 478
477 605
477 744
477 1060
477 1062
477 1173
478 605
478 744
478 1060
478 1062
478 1173
479 503
479 513
479 812
479 832
479 833
479 1114
479 1210
479 1239
480 502
480 627
480 671
480 702
480 882
480 955
481 511
481 770
481 966
481 1077
481 1222
481 1229
482 500
483 492
483 687
483 932
483 1132
483 1177
484 705
484 717
484 774
484 867
484 992
484 1110
484 1165
485 612
486 559
486 808
486 846
486 969
486 1032
487 490
487 974
487 988
487 1033
487 1058
487 1102
487 1162
487 1164
488 489
488 647
489 647
489 879
489 982
489 1070
489 1220
490 944
490 1033
490 1136
490 1162
490 1195
491 496
491 529
491 566
491 643
491 1143
492 820
492 932
492 948
492 994
492 1041
492 1188
492 1226
493 503
493 567
493 613
493 763
493 820
493 866
493 1068
493 1175
494 540
494 677
494 729
494 977
494 1000
495 607
495 614
495 663
495 799
495 917
495 930
495 956
495 989
495 1016
495 1125
495 1169
495 1185
496 529
496 566
496 643
496 1143
496 1194
496 1196
497 585
497 655
497 678
497 811
497 898
497 924
497 935
497 952
498 501
498 553
498 603
498 1087
499 538
499 931
499 968
499 972
499 1043
499 1081
499 1095
499 1199
499 1231
500 572
500 1159
501 549
501 606
501 842
501 928
501 1023
501 1026
501 1087
501 1237
502 627
502 671
502 743
502 882
502 1174
503 567
503 613
503 820
503 832
503 866
503 1175
503 1239
504 510
504 514
504 583
504 705
504 867
504 929
504 1179
504 1247
505 557
505 592
505 657
505 694
505 758
505 783
505 893
505 970
505 1151
506 528
506 574
506 584
506 648
506 1214
506 1242
507 545
507 611
507 778
507 946
507 1027
507 1076
507 1138
508 821
508 1122
509 689
509 700
509 856
509 963
510 583
510 877
510 929
510 1179
510 1247
511 770
511 966
511 1077
512 595
512 693
512 749
513 730
513 812
514 563
514 583
514 705
514 729
514 867
514 977
514 978
514 1000
514 1149
514 1165
514 1179
515 517
515 907
515 991
515 1064
516 630
516 701
516 749
516 1127
517 535
517 659
517 684
517 803
517 873
517 907
517 991
518 545
518 677
518 769
518 778
518 779
518 928
518 946
518 1027
518 1131
518 1198
519 547
519 665
519 679
519 826
519 888
519 911
519 1097
520 522
520 598
520 649
520 730
520 839
520 907
520 964
520 1046
520 1123
520 1129
520 1171
520 1176
520 1208
521 561
521 617
521 634
521 850
521 908
521 1163
521 1200
521 1215
522 598
522 697
522 743
522 802
522 882
522 907
522 1046
522 1129
522 1176
523 682
523 712
523 724
523 780
523 785
523 795
523 926
523 1056
523 1079
524 673
524 699
524 767
524 789
524 804
524 854
524 887
524 990
524 997
524 1108
525 675
525 715
525 731
525 824
525 880
525 979
525 1168
526 774
526 833
526 1104
527 597
527 752
527 906
527 934
527 1038
527 1107
528 648
528 1102
528 1164
529 566
529 643
529 761
529 1010
529 1014
529 1143
529 1204
530 532
530 641
530 683
530 1057
530 1167
531 596
531 702
531 748
531 765
531 943
531 1020
531 1134
532 571
532 641
532 680
532 938
532 1099
532 1244
533 697
533 743
533 802
533 1007
533 1040
534 739
534 870
534 894
534 959
534 976
534 1044
534 1195
535 637
535 659
535 684
535 725
535 873
535 991
537 560
537 580
538 1081
538 1095
538 1231
539 637
539 1010
539 1241
540 1008
541 912
541 1094
542 603
542 877
542 929
542 945
542 1053
542 1101
543 714
543 784
543 841
543 916
543 940
543 1035
543 1169
544 690
544 703
544 738
544 835
544 927
544 961
544 1002
545 611
545 778
545 779
545 1076
545 1160
546 674
546 745
546 890
546 922
546 937
546 957
546 1066
546 1157
547 550
547 660
547 773
547 879
547 901
547 982
547 1065
547 1086
548 554
548 575
548 741
548 825
548 1001
548 1021
549 606
549 769
549 787
549 810
549 946
549 1012
549 1023
549 1027
549 1131
549 1138
550 660
550 773
550 1065
551 615
551 708
551 1049
551 1118
551 1140
551 1227
552 560
552 580
552 653
552 783
552 970
552 1118
552 1151
553 603
553 819
553 1087
554 575
554 662
554 825
554 870
554 1001
554 1021
555 567
555 593
555 632
555 661
555 731
555 766
555 838
555 953
555 979
555 1148
555 1192
556 590
556 644
556 688
556 874
556 881
556 883
557 657
557 681
557 758
557 893
557 970
558 696
558 732
558 836
558 1183
559 808
559 846
559 969
559 1032
560 580
560 653
560 1063
561 617
561 634
561 709
561 850
561 908
561 944
561 1163
562 697
562 744
562 751
562 1006
562 1062
562 1161
562 1173
562 1174
562 1187
563 624
563 667
563 705
563 729
563 977
563 978
563 1000
563 1149
563 1179
564 610
564 1184
565 573
565 660
565 1086
565 1182
566 643
566 1143
566 1194
567 593
567 613
567 661
567 820
567 866
567 1175
568 715
568 763
568 781
568 902
568 1068
569 647
569 696
569 732
569 901
569 911
569 982
569 1086
570 579
570 601
570 827
570 868
570 872
570 984
570 1051
570 1127
571 938
571 1209
571 1228
572 621
572 737
572 933
572 1031
572 1159
572 1219
573 660
573 1086
574 584
574 648
574 1214
575 692
575 741
575 825
575 1001
575 1021
576 858
576 1079
576 1084
577 616
577 668
577 760
577 764
577 817
577 818
577 823
577 1029
577 1075
577 1105
577 1139
578 747
578 755
578 756
578 1227
579 619
579 630
579 701
579 1127
580 783
580 970
580 1181
581 828
581 871
582 587
582 655
582 837
583 867
583 980
583 1109
583 1179
584 648
584 884
584 1214
585 678
585 924
585 935
586 742
586 819
586 877
586 1147
587 655
587 837
587 924
588 691
588 1025
588 1067
588 1103
589 594
589 639
589 673
589 707
589 854
589 941
589 993
589 1054
589 1080
589 1108
590 644
590 831
590 913
591 886
591 958
591 986
591 988
591 1030
591 1033
591 1058
592 646
592 656
592 686
592 692
592 694
592 740
592 806
592 985
593 632
593 661
593 800
593 832
593 866
593 896
593 953
593 1148
593 1175
593 1239
594 639
594 673
594 707
594 840
594 941
594 990
594 998
594 1022
594 1108
595 693
595 749
596 748
596 943
596 1020
596 1134
596 1225
597 650
597 890
597 934
597 957
597 1038
597 1202
597 1238
598 649
598 697
598 730
598 752
598 802
598 964
598 1075
598 1107
598 1129
598 1176
599 734
599 751
599 996
599 1006
599 1042
599 1055
599 1161
600 676
600 971
600 1036
600 1039
600 1100
601 868
601 872
601 984
602 844
602 973
603 819
604 678
604 727
604 788
604 811
604 952
604 1009
604 1039
604 1233
605 647
605 744
605 751
605 1060
605 1234
606 722
606 810
606 928
606 1012
606 1023
606 1026
606 1027
606 1146
606 1237
607 663
607 768
607 799
607 919
607 930
607 956
607 1013
607 1016
607 1073
607 1125
607 1169
607 1185
608 711
608 720
608 910
608 1047
608 1156
608 1171
608 1208
608 1217
609 621
609 711
609 859
609 933
609 1048
609 1142
609 1218
610 645
610 723
610 851
610 1059
610 1120
610 1153
610 1155
611 778
611 779
611 1028
611 1076
612 1111
612 1201
613 820
613 866
613 1068
613 1175
614 917
614 1018
614 1070
614 1125
614 1169
614 1185
614 1220
615 708
615 1049
616 668
616 751
616 817
616 823
616 996
616 1029
616 1060
616 1139
616 1234
617 709
617 1163
617 1215
617 1240
618 807
618 838
618 843
618 936
618 951
619 630
619 699
619 767
619 789
619 997
620 864
620 981
620 1048
620 1057
620 1069
620 1096
620 1144
621 651
621 933
621 1159
622 626
622 652
622 734
622 869
622 905
622 939
622 1042
622 1196
622 1240
623 693
623 809
623 841
623 848
623 916
623 1018
624 705
624 717
624 729
624 977
624 1113
624 1149
624 1165
625 664
625 807
625 936
625 951
625 962
625 1118
625 1126
625 1140
626 869
626 905
626 939
626 1196
626 1240
627 671
627 743
627 882
628 762
628 809
629 662
629 794
629 861
629 966
629 1037
629 1124
629 1222
629 1242
629 1246
630 699
630 749
630 753
630 767
630 789
630 997
630 1007
631 658
631 746
631 1248
632 640
632 800
632 838
632 896
632 953
632 967
632 1148
632 1157
633 792
633 961
634 944
634 1135
635 674
635 678
635 727
635 745
635 782
635 811
635 898
635 952
635 971
635 1039
635 1233
636 797
636 931
636 965
636 1043
636 1061
636 1199
637 684
637 725
637 921
637 1241
638 784
638 1213
639 707
639 805
639 840
639 941
639 993
639 1054
639 1080
639 1202
640 656
640 800
640 832
640 1157
640 1239
641 680
641 1244
642 1079
643 1143
643 1194
644 831
644 874
644 883
644 913
644 1013
644 1245
645 658
645 723
645 1120
645 1153
645 1223
646 692
646 694
646 999
647 879
647 901
647 982
648 884
648 1214
649 685
649 730
649 764
649 823
649 894
649 964
649 1044
649 1075
649 1123
650 855
650 890
650 957
650 1038
650 1066
650 1202
651 683
651 700
651 933
651 963
652 905
652 939
652 1042
653 830
653 1045
653 1049
653 1063
654 687
654 771
654 814
654 834
654 863
654 1011
654 1032
654 1128
655 837
655 924
655 969
655 1243
656 686
656 692
656 805
656 825
656 999
657 681
657 758
657 893
657 970
658 1120
658 1223
658 1248
659 684
659 873
659 882
659 907
660 1086
661 731
661 838
661 953
661 1192
662 861
662 999
662 1001
662 1021
662 1114
663 847
663 989
663 1185
663 1186
664 807
664 936
664 1118
664 1140
664 1151
665 679
665 888
665 996
665 1097
665 1215
666 722
666 787
666 810
666 925
666 1012
666 1146
667 729
667 769
667 946
667 977
667 978
667 1000
667 1053
667 1131
667 1138
667 1198
668 760
668 764
668 801
668 817
668 818
668 823
668 870
668 894
668 1029
668 1075
668 1105
668 1139
668 1224
669 759
669 878
670 860
670 891
670 912
670 1024
670 1168
671 1040
672 889
672 1083
673 704
673 707
673 854
673 887
673 900
673 990
673 1022
673 1108
674 745
674 782
674 898
674 922
675 770
675 781
675 794
675 824
675 942
675 966
675 1077
675 1246
676 740
676 813
676 937
676 967
676 971
676 1039
676 1157
677 769
677 978
677 1198
678 782
678 786
678 811
678 924
678 952
678 1137
678 1150
678 1233
679 826
679 888
679 996
679 1097
679 1139
679 1234
680 718
680 775
680 1003
680 1008
680 1099
680 1244
681 758
681 893
681 970
682 724
682 785
682 795
682 926
682 1079
683 700
683 1057
683 1167
684 907
684 991
684 1046
684 1129
684 1241
685 730
685 764
685 894
685 964
685 976
685 1044
685 1123
686 692
686 694
686 937
686 985
687 863
687 1128
687 1177
688 881
689 856
689 963
690 703
690 710
690 726
690 738
690 761
690 918
690 1111
691 884
691 1067
691 1072
691 1103
692 694
692 825
692 975
692 985
694 740
694 806
694 985
695 771
695 815
695 834
695 875
695 915
695 1028
695 1160
695 1189
696 732
696 790
696 901
696 911
696 982
696 1086
696 1183
697 743
697 802
697 823
697 1046
697 1075
697 1105
697 1129
698 943
699 767
699 789
699 798
699 965
699 997
699 1007
700 856
700 963
700 1057
700 1167
701 750
701 1127
702 955
703 710
703 726
703 738
703 761
703 918
703 961
703 1111
704 716
704 854
704 887
704 900
704 909
704 990
704 1022
704 1078
704 1093
704 1108
705 717
705 867
705 945
705 1101
705 1110
705 1149
705 1165
705 1179
706 748
706 785
706 793
706 926
706 943
707 805
707 840
707 941
707 990
707 998
707 1022
707 1080
707 1202
709 1158
710 726
710 918
710 954
710 1010
710 1014
710 1111
711 910
711 1218
712 724
712 780
712 785
712 795
712 926
712 1056
713 860
713 876
713 1178
714 799
714 841
714 916
714 917
714 923
714 940
714 956
714 1035
714 1106
714 1125
714 1169
715 781
715 902
715 1015
715 1124
715 1210
716 754
716 900
716 909
716 972
716 990
716 1022
716 1093
716 1121
717 774
717 1110
717 1113
717 1149
717 1165
718 775
718 1003
718 1104
718 1244
720 730
720 839
720 1047
720 1171
720 1208
720 1217
721 757
721 988
721 1058
721 1130
721 1211
722 810
722 875
722 925
722 1012
722 1023
722 1146
722 1193
723 845
723 851
723 1059
723 1120
723 1153
724 780
724 785
724 795
724 926
724 1056
724 1079
725 1241
726 796
726 822
726 899
726 918
726 1010
727 788
727 922
727 937
727 952
727 971
727 1039
727 1137
727 1150
727 1233
728 862
728 1052
728 1072
728 1074
729 977
729 978
729 1000
729 1149
730 752
730 839
730 906
730 964
730 1047
730 1123
730 1171
730 1208
730 1217
731 766
731 824
731 979
731 1148
731 1192
732 790
732 911
732 1183
733 910
733 920
733 980
733 1109
733 1119
733 1197
734 921
734 996
734 1006
734 1042
734 1116
735 747
735 756
735 853
735 1100
735 1190
735 1230
736 1085
736 1088
736 1154
736 1209
737 1031
738 792
738 835
738 927
738 961
738 1002
739 760
739 801
739 870
739 894
739 903
739 959
739 976
739 1224
740 806
740 813
740 967
741 801
741 825
741 852
741 889
741 975
741 1021
741 1083
742 819
742 877
742 1147
743 802
743 882
743 1040
744 751
744 1060
744 1062
744 1161
744 1173
744 1174
744 1187
745 782
745 922
745 949
745 957
745 998
745 1137
745 1150
745 1233
747 756
747 853
747 1100
747 1190
748 765
748 793
748 943
748 1020
748 1134
749 753
750 759
750 849
751 817
751 996
751 1060
751 1139
751 1161
751 1234
752 906
752 934
752 1107
752 1110
752 1176
753 1007
753 1040
753 1152
753 1170
754 909
754 972
754 1121
754 1133
756 843
756 936
756 951
756 1227
757 857
757 1130
757 1211
758 783
758 893
758 970
758 1236
759 849
760 801
760 818
760 826
760 870
760 903
760 959
760 1029
760 1139
760 1224
761 918
761 954
761 1010
761 1014
761 1204
762 809
763 820
763 938
763 1068
764 817
764 823
764 894
764 964
764 1029
764 1044
764 1075
764 1116
764 1123
764 1139
765 793
766 838
766 979
766 1192
767 789
767 997
767 1007
768 874
768 919
768 930
768 956
768 1013
768 1016
768 1078
768 1205
768 1245
769 946
769 1027
769 1087
769 1131
769 1138
769 1198
770 794
770 966
770 1077
770 1222
770 1229
771 814
771 834
771 863
771 875
771 915
771 1011
771 1028
771 1128
771 1160
771 1189
771 1193
772 947
772 1074
773 1065
774 812
774 833
774 1165
775 1000
775 1003
775 1099
775 1244
776 845
777 797
777 798
777 865
777 965
777 1082
777 1117
777 1152
778 779
778 946
778 1027
778 1076
780 785
780 795
780 926
781 794
781 942
781 1015
781 1124
781 1210
782 922
782 949
782 952
782 1137
782 1150
782 1233
782 1249
783 970
783 1151
784 789
784 804
784 827
784 868
784 940
784 1051
785 795
785 926
786 924
787 810
787 945
787 946
787 983
787 995
787 1053
787 1138
787 1172
788 811
788 952
788 971
788 1009
788 1039
788 1233
789 804
789 827
789 854
789 887
789 900
789 940
789 997
790 836
790 911
790 1183
791 809
791 848
791 1070
792 822
792 961
792 1002
792 1180
793 943
794 861
794 966
794 1015
794 1037
794 1077
794 1124
794 1210
794 1222
794 1232
794 1246
795 926
795 1147
796 822
796 899
796 1025
797 798
797 965
797 1061
797 1082
797 1117
798 865
798 965
798 1007
798 1040
798 1082
798 1117
798 1152
799 919
799 956
799 1016
799 1125
799 1169
799 1185
800 942
800 1148
801 826
801 870
801 903
801 959
801 1139
801 1224
802 823
802 1075
802 1105
802 1129
802 1176
803 991
804 827
804 887
804 900
804 940
804 997
804 1051
804 1093
805 840
805 941
805 1066
805 1080
806 813
806 967
807 843
807 936
807 951
807 962
807 1126
808 846
808 935
808 969
809 841
809 848
809 1070
810 946
810 1012
810 1023
810 1027
810 1131
810 1138
810 1146
811 898
811 952
811 971
811 1039
812 833
813 843
813 967
813 1100
814 834
814 1032
815 834
816 881
816 893
816 914
816 1236
817 823
817 996
817 1029
817 1075
817 1116
817 1139
818 823
818 993
818 1029
818 1075
818 1105
818 1139
820 866
820 1041
820 1068
820 1175
821 1092
821 1122
822 899
822 1025
822 1180
823 1029
823 1075
823 1105
823 1139
824 979
825 852
825 975
825 1021
826 888
826 903
826 1065
826 1224
827 868
827 940
827 1051
828 871
829 1084
830 1045
830 1049
830 1063
831 874
831 883
831 913
831 1205
831 1245
832 866
832 1114
832 1148
832 1175
832 1239
834 1032
835 927
835 961
835 1002
836 1183
837 987
838 843
838 953
838 1126
838 1192
839 947
839 964
839 1047
839 1123
839 1171
839 1208
840 922
840 937
840 941
841 916
841 940
841 1035
842 928
842 1026
842 1087
843 936
843 951
843 967
843 1126
844 1209
845 851
845 1141
845 1153
847 989
847 1065
847 1186
847 1234
849 858
850 908
850 1163
851 1059
851 1120
851 1153
852 889
852 914
852 975
852 1083
853 1190
853 1221
853 1230
854 887
854 990
854 997
854 1022
854 1108
855 863
855 890
856 963
856 1088
857 1130
857 1166
857 1211
859 933
859 1142
859 1197
859 1218
860 1168
860 1178
861 942
861 966
861 999
861 1077
861 1222
862 1052
862 1074
862 1194
863 875
863 1011
863 1128
863 1177
864 902
864 981
864 1015
864 1017
864 1048
864 1069
864 1096
865 965
865 1007
865 1040
865 1082
865 1117
865 1152
866 1148
866 1175
866 1239
867 992
867 1110
867 1165
867 1179
868 872
868 895
868 984
868 1051
869 921
869 1042
869 1196
870 894
870 903
870 959
870 976
870 1021
870 1044
870 1224
872 984
873 882
874 883
874 913
874 1013
874 1245
875 1011
875 1028
875 1128
875 1160
875 1193
875 1206
876 1034
877 929
877 1101
877 1147
877 1247
879 901
879 982
879 1220
880 1005
880 1024
881 914
883 1013
884 1072
884 1103
885 899
885 918
885 1025
885 1204
886 986
886 1030
886 1216
887 900
887 990
887 997
887 1108
888 903
888 996
888 1097
889 974
889 1083
890 1038
890 1050
890 1066
890 1202
891 1089
892 1009
893 970
893 1236
894 964
894 976
894 1044
894 1123
896 953
896 1157
897 932
898 935
898 952
899 1025
900 990
900 1022
900 1078
900 1093
900 1108
901 911
901 982
901 1086
902 1024
902 1096
902 1144
902 1228
903 959
903 974
903 1224
904 920
904 980
904 1109
904 1142
904 1197
904 1218
905 939
905 1042
906 934
906 1107
906 1110
906 1176
907 1046
907 1129
908 1163
909 949
909 1059
909 1093
909 1121
909 1133
910 980
910 1109
910 1142
910 1156
911 1086
911 1215
912 1094
912 1232
913 1223
913 1245
914 975
914 1236
915 960
915 1115
915 1145
915 1160
915 1189
915 1191
915 1193
916 917
916 940
916 1035
916 1106
916 1125
916 1169
917 923
917 930
917 956
917 1035
917 1106
917 1125
917 1169
918 954
918 1010
918 1014
918 1204
919 956
919 1013
919 1016
919 1054
919 1078
920 980
920 1109
920 1142
920 1197
921 1006
921 1042
921 1241
922 957
922 998
922 1066
922 1137
922 1150
923 1035
923 1106
923 1235
924 935
925 1012
925 1146
927 961
927 1002
928 1023
928 1026
928 1027
929 1101
929 1247
930 956
930 1016
930 1125
930 1169
930 1185
931 968
931 972
931 1043
931 1199
932 1188
932 1226
933 1048
933 1159
934 1038
934 1107
936 951
936 962
936 967
936 1126
936 1140
937 1039
937 1157
938 1003
938 1068
938 1104
939 1215
939 1240
940 1035
940 1051
941 993
941 1054
941 1080
942 1148
942 1210
942 1239
943 1020
943 1134
943 1225
944 1135
944 1136
945 950
945 983
945 995
945 1053
945 1101
945 1138
945 1172
945 1203
946 1027
946 1053
946 1131
946 1138
948 994
948 1003
948 1008
948 1041
948 1188
949 998
949 1121
949 1133
949 1137
949 1150
950 992
950 1101
950 1110
950 1203
951 967
952 1039
952 1137
952 1150
952 1233
953 1148
954 1010
954 1014
954 1111
956 1016
956 1078
956 1125
956 1169
956 1185
957 998
957 1066
957 1202
958 986
958 988
958 1030
958 1058
959 976
959 1097
959 1224
960 1011
960 1193
960 1206
961 1002
962 1126
964 1044
964 1046
964 1123
964 1171
965 1007
965 1061
965 1082
965 1117
965 1152
966 1037
966 1077
966 1222
966 1232
966 1246
968 972
968 1043
968 1081
968 1095
968 1199
970 1118
970 1151
970 1181
971 1036
971 1039
971 1157
972 1081
972 1095
972 1199
973 1092
974 1083
975 1071
975 1073
976 1044
977 978
977 1000
977 1149
978 1000
978 1198
980 1109
980 1142
980 1156
981 1015
981 1017
981 1069
981 1096
981 1214
981 1242
982 1086
983 995
983 1053
983 1138
983 1172
984 1127
986 1030
986 1033
986 1058
988 1033
988 1058
989 1185
989 1186
990 998
990 1022
990 1093
990 1108
991 1064
992 1110
992 1203
993 1054
993 1080
993 1105
994 1041
994 1076
994 1132
994 1177
995 1053
995 1172
996 1060
996 1097
996 1116
996 1139
996 1234
998 1022
998 1202
999 1001
999 1021
999 1114
1001 1021
1001 1114
1003 1008
1003 1099
1003 1244
1005 1024
1006 1055
1006 1116
1006 1161
1006 1187
1006 1241
1007 1040
1007 1152
1008 1099
1008 1188
1008 1244
1010 1014
1011 1128
1011 1193
1011 1206
1012 1023
1012 1026
1012 1027
1012 1146
1012 1193
1013 1016
1014 1204
1015 1017
1015 1124
1015 1210
1015 1242
1015 1246
1016 1078
1016 1125
1016 1169
1016 1185
1017 1214
1017 1242
1018 1070
1019 1112
1019 1166
1019 1182
1020 1134
1020 1225
1022 1093
1022 1108
1023 1026
1023 1027
1023 1146
1023 1237
1024 1168
1024 1228
1026 1237
1027 1131
1027 1138
1028 1076
1028 1128
1028 1160
1028 1177
1028 1189
1029 1075
1029 1105
1029 1139
1030 1058
1031 1219
1033 1058
1033 1102
1033 1162
1033 1164
1035 1106
1036 1100
1037 1124
1037 1216
1037 1222
1037 1232
1037 1242
1037 1246
1038 1050
1038 1113
1038 1202
1039 1233
1040 1152
1041 1132
1042 1055
1043 1081
1043 1095
1043 1199
1044 1123
1045 1049
1045 1063
1046 1129
1046 1241
1047 1156
1047 1171
1047 1208
1047 1217
1048 1096
1048 1159
1049 1063
1052 1074
1052 1194
1053 1101
1053 1138
1053 1172
1054 1080
1055 1062
1055 1161
1055 1187
1056 1079
1056 1084
1057 1144
1057 1167
1059 1121
1059 1153
1059 1155
1060 1173
1060 1234
1062 1170
1062 1173
1062 1174
1062 1187
1066 1202
1067 1207
1069 1096
1069 1144
1071 1073
1071 1185
1071 1186
1072 1074
1072 1103
1073 1185
1073 1186
1074 1103
1075 1105
1077 1222
1077 1229
1078 1093
1078 1205
1079 1084
1081 1095
1081 1199
1081 1231
1082 1117
1082 1152
1085 1088
1085 1154
1087 1131
1088 1167
1088 1209
1089 1154
1090 1216
1091 1249
1095 1199
1095 1231
1096 1144
1097 1116
1097 1215
1098 1119
1098 1180
1099 1244
1101 1203
1102 1162
1102 1164
1102 1195
1107 1176
1109 1142
1109 1197
1110 1165
1111 1201
1112 1158
1112 1200
1113 1149
1114 1239
1115 1145
1115 1191
1117 1152
1118 1140
1118 1151
1118 1227
1120 1153
1121 1133
1124 1210
1124 1222
1124 1242
1124 1246
1125 1169
1125 1185
1126 1192
1128 1177
1129 1176
1130 1211
1131 1138
1131 1198
1132 1177
1133 1249
1136 1162
1136 1163
1136 1195
1137 1150
1137 1155
1137 1233
1139 1224
1140 1151
1140 1227
1141 1223
1141 1235
1142 1197
1142 1218
1143 1194
1143 1196
1144 1167
1144 1228
1145 1189
1145 1191
1146 1237
1147 1247
1148 1239
1149 1165
1150 1155
1150 1233
1156 1208
1156 1217
1158 1200
1159 1219
1160 1189
1160 1193
1161 1187
1162 1164
1162 1195
1164 1195
1165 1179
1166 1182
1167 1209
1169 1185
1170 1173
1170 1174
1171 1208
1171 1217
1173 1174
1173 1187
1174 1187
1175 1239
1185 1186
1188 1226
1189 1191
1189 1193
1190 1221
1190 1230
1193 1206
1194 1196
1196 1240
1197 1218
1202 1238
1208 1217
1209 1228
1210 1239
1212 1243
1216 1232
1221 1230
1222 1229
1222 1232
1222 1242
1222 1246
1223 1235
1223 1245
1232 1242
1232 1246
1242 1246
