0 131
0 176
0 274
0 299
0 504
0 537
0 628
0 659
0 714
0 766
0 815
0 902
0 957
0 968
0 1098
0 1207
1 337
1 767
1 774
1 775
1 811
1 988
1 1036
2 11
2 37
2 184
2 236
2 323
2 362
2 665
2 709
2 789
2 851
2 1034
3 11
3 13
3 23
3 42
3 582
3 648
3 709
3 809
3 1152
3 1226
4 21
4 103
4 199
4 481
4 500
4 528
4 595
4 933
4 990
5 61
5 73
5 243
5 386
5 445
5 623
5 735
5 802
5 806
5 867
5 904
5 931
5 1039
5 1164
5 1220
6 58
6 98
6 207
6 393
6 540
6 703
6 776
6 805
6 887
6 949
6 963
6 981
6 991
6 1025
6 1064
7 208
7 373
7 456
7 577
7 744
7 868
7 966
7 992
7 1000
7 1149
7 1212
8 269
8 480
8 652
8 909
8 1031
8 1062
8 1105
9 19
9 53
9 152
9 163
9 345
9 632
9 731
9 825
9 892
9 937
9 986
9 1042
9 1044
9 1237
10 78
10 182
10 419
10 437
10 1015
11 23
11 32
11 145
11 289
11 323
11 362
11 648
11 702
11 709
11 1034
11 1104
12 55
12 173
12 288
12 296
12 332
12 605
12 763
12 961
12 1153
13 23
13 104
13 444
13 582
13 648
13 710
13 809
13 828
13 865
13 1002
13 1152
13 1184
13 1226
14 112
14 310
14 525
14 643
15 194
15 224
15 294
15 315
15 609
15 821
15 857
15 858
15 1075
15 1163
15 1169
15 1240
16 256
16 312
16 774
17 94
17 113
17 166
17 168
17 261
17 482
17 501
17 877
17 1136
18 162
18 189
18 222
18 376
18 485
18 493
18 538
18 712
18 743
18 880
18 1143
18 1158
19 46
19 47
19 53
19 163
19 647
19 731
19 825
19 937
19 951
19 1011
19 1044
19 1191
19 1237
20 188
20 355
20 635
20 668
20 904
21 103
21 155
21 199
21 481
21 500
21 528
21 933
21 990
22 680
22 682
22 804
22 837
22 904
22 1028
22 1073
22 1090
22 1095
22 1220
23 51
23 582
23 648
23 686
23 759
23 801
23 809
23 854
23 1108
23 1152
23 1190
24 363
24 398
24 844
24 860
24 872
24 873
24 878
24 923
24 944
24 1054
24 1137
25 95
25 324
25 347
25 466
25 649
25 723
25 816
25 921
25 937
25 999
25 1027
25 1059
25 1205
26 48
26 61
26 249
26 271
26 386
26 591
26 614
26 683
26 742
26 788
26 867
26 1047
26 1244
26 1246
27 342
27 356
27 474
27 723
27 740
27 836
27 1059
28 45
28 357
28 792
29 59
29 87
29 295
29 460
29 554
29 566
29 711
29 1020
29 1071
29 1118
29 1131
29 1170
30 122
30 183
30 252
30 253
30 313
30 397
30 495
30 524
30 638
30 662
30 732
30 772
30 1084
31 38
31 347
31 453
31 570
31 641
31 707
31 936
31 999
31 1150
31 1161
32 135
32 145
32 231
32 277
32 289
32 442
32 506
32 562
32 741
32 854
32 933
32 1034
33 117
33 228
33 307
33 375
33 379
33 416
33 449
33 457
33 618
33 653
33 672
33 807
33 830
33 884
33 1049
33 1142
33 1186
34 269
34 353
34 575
34 625
34 652
34 697
34 713
34 776
34 909
34 946
34 1200
35 54
35 111
35 131
35 176
35 230
35 299
35 558
35 676
35 739
35 886
35 1180
36 114
36 149
36 248
36 399
36 409
36 440
36 488
36 565
36 749
36 782
36 800
37 141
37 184
37 219
37 236
37 305
37 362
37 556
37 665
37 690
37 726
37 849
37 1088
38 347
38 474
38 641
38 660
38 707
38 911
38 936
38 999
38 1161
38 1215
39 40
39 458
39 470
39 491
39 499
39 612
39 833
39 959
39 1067
40 106
40 108
40 458
40 470
40 491
40 499
40 866
41 193
41 215
41 283
41 548
41 602
41 719
41 747
41 778
41 865
41 1217
42 198
42 602
42 719
42 778
42 813
42 865
42 941
42 1152
42 1241
43 239
43 457
43 492
43 589
44 179
44 297
44 336
44 343
44 401
44 430
44 553
44 596
44 620
44 716
44 903
44 1019
44 1119
44 1134
45 49
45 304
45 467
45 792
45 919
45 962
45 1053
45 1196
46 47
46 53
46 118
46 156
46 163
46 371
46 647
46 693
46 812
46 863
46 1022
46 1109
46 1191
47 53
47 118
47 163
47 201
47 275
47 345
47 647
47 812
47 863
47 951
47 977
47 1191
48 81
48 271
48 386
48 591
48 614
48 683
48 742
48 788
48 1047
48 1244
49 304
49 467
49 510
49 721
49 792
49 956
49 962
49 1196
50 130
50 179
50 441
50 462
50 476
50 555
50 701
50 716
50 746
50 752
50 755
50 928
51 76
51 90
51 301
51 546
51 582
51 759
51 801
51 809
51 854
51 1099
51 1108
51 1174
51 1190
52 68
52 160
52 242
52 475
52 680
52 1073
52 1090
53 163
53 201
53 345
53 603
53 647
53 731
53 825
53 951
53 1011
53 1187
53 1189
53 1191
53 1237
54 111
54 230
54 390
54 516
54 558
54 587
54 771
54 886
54 1144
54 1180
54 1232
54 1247
55 296
55 496
55 594
55 803
55 883
56 164
56 198
56 545
56 559
56 602
56 813
56 842
56 938
56 941
56 1175
57 86
57 227
57 244
57 391
57 425
57 606
57 1003
57 1206
58 98
58 207
58 295
58 540
58 703
58 761
58 911
58 963
58 981
58 991
58 1025
58 1064
59 87
59 353
59 460
59 566
59 625
59 751
59 870
59 894
59 946
59 1170
59 1200
60 171
60 262
60 354
60 464
60 514
60 878
60 944
60 1017
60 1103
60 1179
61 386
61 445
61 479
61 511
61 591
61 616
61 683
61 806
61 853
61 867
61 1120
61 1185
61 1224
61 1244
62 70
62 314
62 511
62 616
62 678
62 853
62 996
62 1185
62 1227
63 272
63 640
64 397
64 626
64 720
64 1100
65 102
65 398
65 422
65 622
65 637
65 638
65 639
65 732
65 844
65 1023
65 1160
65 1239
66 206
66 404
66 891
66 1204
66 1213
67 71
67 212
67 763
67 929
68 160
68 242
68 475
68 635
68 668
68 680
68 704
68 1073
68 1197
69 218
69 312
69 338
69 698
69 784
69 901
69 915
69 950
69 988
69 1091
69 1177
70 254
70 616
70 678
70 864
70 1027
70 1227
71 101
71 212
71 763
71 794
71 929
71 1072
71 1114
71 1132
72 401
72 452
72 596
72 620
72 1052
72 1222
73 128
73 243
73 520
73 623
73 664
73 802
73 931
73 998
73 1028
73 1039
73 1078
73 1090
73 1095
73 1164
73 1165
73 1220
74 195
74 477
74 503
74 603
74 757
74 907
74 1243
75 80
75 92
75 211
75 297
75 348
75 553
75 783
75 785
75 832
75 934
75 964
75 1019
75 1129
75 1134
76 183
76 301
76 546
76 582
76 669
76 809
76 897
76 1001
76 1099
76 1174
76 1229
77 146
77 349
77 368
77 374
77 663
77 681
77 693
77 845
77 1176
78 182
78 419
78 437
78 475
78 635
78 1015
79 140
79 180
79 278
79 350
79 548
79 687
79 708
79 717
79 1058
79 1192
80 92
80 211
80 297
80 348
80 553
80 785
80 832
80 964
80 1019
80 1129
80 1134
81 140
81 180
81 249
81 278
81 448
81 591
81 683
81 742
81 788
81 1006
81 1030
81 1047
81 1086
81 1166
81 1192
81 1246
82 213
82 391
82 574
82 633
82 675
82 1117
83 85
83 126
83 160
83 161
83 360
83 758
83 762
83 862
83 994
83 1060
83 1076
84 316
84 330
84 598
84 677
84 820
84 908
84 1007
84 1101
85 160
85 592
85 862
85 1060
85 1076
86 244
86 574
86 629
86 633
86 654
86 1012
86 1024
86 1228
87 263
87 295
87 396
87 566
87 711
87 991
87 1118
88 93
88 190
88 257
88 300
88 408
88 613
88 738
88 896
88 1139
88 1151
88 1242
89 186
89 196
89 246
89 309
89 497
89 590
89 617
89 760
89 808
89 984
90 110
90 251
90 546
90 674
90 759
90 801
90 854
90 900
90 978
90 982
90 1099
90 1174
90 1190
91 220
91 374
91 663
91 1036
91 1037
92 211
92 259
92 297
92 348
92 785
92 832
92 964
92 1129
93 190
93 257
93 738
93 1139
94 102
94 113
94 168
94 191
94 300
94 469
94 482
94 639
94 734
94 896
94 1202
95 347
95 413
95 723
95 731
95 875
95 937
95 970
95 999
95 1205
96 200
96 274
96 309
96 405
96 463
96 504
96 547
96 628
96 714
96 766
96 934
96 955
96 1207
97 123
97 373
97 490
97 521
97 650
97 679
97 1048
97 1124
97 1146
97 1149
97 1154
97 1212
98 207
98 263
98 393
98 396
98 483
98 540
98 703
98 805
98 887
98 911
98 949
98 963
98 991
98 1064
99 353
99 529
99 625
99 841
99 965
99 1209
100 117
100 305
100 379
100 416
100 428
100 457
100 653
100 729
100 830
100 851
100 884
100 889
100 1186
101 175
101 212
101 279
101 421
101 515
101 605
101 763
101 786
101 794
101 929
101 1018
101 1072
101 1132
102 168
102 191
102 303
102 328
102 398
102 597
102 639
102 844
102 872
102 873
102 1202
103 155
103 481
103 527
103 528
103 686
103 759
103 801
103 933
103 990
103 1108
104 318
104 342
104 444
104 461
104 631
104 710
104 818
104 828
104 954
104 979
104 1002
104 1081
104 1184
104 1225
104 1226
105 148
105 255
105 262
105 321
105 354
105 791
105 1063
105 1179
105 1198
106 108
106 234
106 275
106 458
106 470
106 491
106 833
106 866
106 977
106 1126
107 232
107 308
107 311
107 377
107 402
107 765
107 784
107 950
107 1033
107 1213
108 234
108 470
108 491
108 601
108 630
108 636
108 839
108 866
108 1126
109 333
109 456
110 358
110 674
110 888
110 913
110 922
110 978
110 1010
110 1013
111 131
111 176
111 226
111 230
111 439
111 534
111 737
111 739
111 886
111 898
111 1154
111 1180
111 1247
112 216
112 310
112 525
112 685
112 1046
112 1135
112 1203
113 168
113 191
113 335
113 482
113 501
113 734
113 873
113 973
113 1025
113 1032
113 1136
114 149
114 248
114 383
114 409
114 440
114 488
114 565
114 611
114 749
114 782
114 795
115 119
115 151
115 340
115 472
115 523
115 600
115 611
115 764
115 856
115 920
115 993
115 1112
115 1230
116 245
116 303
116 354
116 363
116 389
116 411
116 464
116 514
116 597
116 872
116 1080
116 1097
116 1198
116 1221
117 228
117 307
117 416
117 428
117 449
117 457
117 618
117 729
117 807
117 808
117 830
117 884
117 889
117 1142
117 1186
118 156
118 275
118 371
118 381
118 541
118 647
118 693
118 812
118 863
118 977
118 1022
118 1109
118 1141
118 1219
119 129
119 320
119 487
119 960
119 1112
119 1230
120 337
120 364
120 459
120 583
120 599
120 670
121 694
121 846
121 940
121 959
121 1147
121 1178
121 1189
122 183
122 524
122 527
122 655
122 662
122 772
122 799
122 848
122 939
122 1084
122 1216
123 333
123 373
123 456
123 490
123 521
123 650
123 992
123 1048
123 1124
123 1146
123 1149
123 1212
124 229
124 361
124 378
124 409
124 488
124 842
124 861
124 943
125 133
125 145
125 323
125 588
125 702
125 709
125 718
125 779
125 789
125 1104
125 1125
125 1203
126 160
126 161
126 680
126 758
126 804
126 837
126 994
126 1073
127 493
127 624
127 712
127 840
127 882
127 947
128 243
128 298
128 520
128 555
128 563
128 580
128 593
128 664
128 755
128 902
128 931
128 998
128 1014
128 1057
128 1078
128 1121
129 320
129 640
129 859
129 960
129 1177
130 441
130 539
130 555
130 664
130 701
130 755
130 773
130 928
130 998
131 176
131 230
131 273
131 299
131 534
131 676
131 739
131 815
131 886
131 968
131 1098
132 349
132 368
132 505
132 657
132 850
132 1176
132 1182
133 145
133 251
133 277
133 671
133 702
133 718
133 779
133 982
133 1053
133 1104
133 1125
133 1133
133 1196
134 326
134 329
134 455
134 646
134 780
134 1055
135 231
135 289
135 366
135 442
135 562
135 686
135 696
135 741
135 854
135 933
135 1034
135 1068
136 202
136 261
136 335
136 423
136 501
136 535
136 571
136 910
136 1025
136 1136
137 192
137 419
137 437
137 532
137 1015
138 186
138 246
138 341
138 463
138 634
138 659
138 728
138 760
138 984
139 229
139 387
139 392
139 512
139 559
139 572
139 619
139 655
139 813
139 952
139 1175
140 180
140 278
140 350
140 448
140 548
140 576
140 687
140 708
140 717
140 881
140 967
140 1192
141 367
141 471
141 556
141 665
141 690
141 796
141 849
141 971
141 1083
141 1088
142 472
142 523
142 692
142 793
142 885
142 1030
142 1145
143 177
143 205
143 414
143 447
143 480
143 494
143 722
143 883
143 969
143 975
143 1031
143 1089
144 319
144 441
144 462
144 476
144 539
144 624
144 701
144 743
144 752
144 755
144 882
144 928
145 251
145 277
145 442
145 506
145 648
145 671
145 702
145 1104
145 1125
146 349
146 663
146 1176
147 280
147 339
147 340
147 543
147 781
147 869
147 920
147 1041
147 1128
147 1249
148 268
148 321
148 446
148 860
148 1063
148 1198
149 248
149 383
149 399
149 409
149 440
149 473
149 488
149 565
149 997
150 193
150 387
150 551
150 829
150 860
150 871
150 905
150 917
150 948
150 1066
150 1085
151 523
151 600
151 611
151 764
151 856
151 993
151 1112
151 1230
152 247
152 372
152 453
152 570
152 632
152 731
152 825
152 892
152 906
152 1011
152 1042
152 1044
152 1150
152 1237
153 352
153 651
153 674
153 730
153 1188
154 180
154 246
154 249
154 278
154 285
154 683
154 881
154 967
154 1047
154 1166
154 1192
154 1246
155 366
155 686
156 368
156 374
156 586
156 647
156 693
156 812
156 845
156 863
156 864
156 1022
156 1191
156 1227
157 227
157 244
157 287
157 425
157 495
157 567
157 606
157 732
157 1117
158 196
158 293
158 370
158 418
158 509
158 579
158 581
158 617
158 705
158 727
158 925
158 1166
159 270
159 913
159 1005
159 1050
159 1210
160 680
160 804
160 837
160 1073
160 1090
161 424
161 758
161 762
161 994
161 1087
162 222
162 376
162 485
162 493
162 712
162 880
162 1158
163 201
163 345
163 603
163 647
163 731
163 825
163 951
163 977
163 1187
163 1191
164 198
164 435
164 559
164 602
164 938
164 941
164 1175
165 203
165 336
165 380
165 596
165 769
165 777
165 783
165 826
165 893
165 987
165 1004
165 1045
165 1223
166 325
166 877
166 924
166 1136
166 1245
167 185
167 210
167 221
167 225
167 235
167 326
167 471
167 796
167 879
167 1157
168 191
168 482
168 501
168 734
168 873
168 1202
169 312
169 557
169 645
169 698
169 767
169 774
169 775
169 985
170 513
170 610
170 632
170 887
170 1113
170 1236
171 262
171 363
171 407
171 568
171 791
171 878
171 944
171 1017
172 241
172 256
172 321
172 324
172 446
172 860
172 899
172 1054
173 264
173 288
173 296
173 302
173 332
173 605
173 838
173 846
173 918
173 940
173 961
173 1153
174 194
174 224
174 518
174 858
174 989
174 1169
174 1173
174 1233
175 257
175 279
175 421
175 515
175 542
175 695
175 786
175 794
175 1018
175 1139
175 1148
176 230
176 299
176 534
176 676
176 739
176 815
176 886
176 968
177 205
177 447
177 494
177 502
177 515
177 673
177 810
177 969
177 975
177 1148
178 701
178 855
179 343
179 401
179 462
179 620
179 716
179 746
179 752
179 855
179 903
179 1156
180 249
180 278
180 350
180 448
180 683
180 687
180 717
180 742
180 881
180 967
180 1047
180 1166
180 1192
180 1246
181 192
181 322
181 426
181 517
181 817
181 895
181 1234
182 475
182 517
182 635
182 668
182 817
182 1015
183 301
183 397
183 527
183 546
183 799
183 897
183 1001
183 1084
184 219
184 283
184 344
184 362
184 690
184 726
184 849
185 210
185 221
185 225
185 235
185 326
185 471
185 796
185 879
185 971
185 1157
186 246
186 309
186 341
186 351
186 463
186 497
186 590
186 634
186 760
186 808
186 881
186 967
186 984
187 195
187 345
187 407
187 410
187 477
187 568
187 942
187 1187
188 355
188 386
188 635
188 668
188 1008
188 1090
189 222
189 371
189 376
189 438
189 485
189 493
189 538
189 712
189 880
189 890
189 1109
189 1143
190 257
190 300
190 328
190 613
190 738
190 896
190 932
190 1139
190 1151
190 1242
191 328
191 398
191 734
191 844
191 873
191 973
191 1137
191 1202
192 1015
193 267
193 387
193 392
193 551
193 747
193 778
193 829
194 224
194 821
194 857
194 858
194 1075
194 1169
194 1240
195 477
195 568
195 942
195 1187
196 418
196 419
196 437
196 509
196 579
196 617
196 925
196 1047
196 1166
197 282
197 298
197 400
197 518
197 531
197 555
197 593
197 684
197 1014
197 1075
197 1173
197 1183
197 1201
197 1233
198 215
198 387
198 392
198 559
198 602
198 619
198 719
198 778
198 813
198 941
198 1152
198 1175
198 1241
199 478
199 481
199 500
199 528
199 595
199 933
199 990
200 211
200 309
200 327
200 405
200 504
200 547
200 628
200 766
200 934
200 955
200 1021
200 1207
201 275
201 345
201 503
201 603
201 757
201 833
201 907
201 951
201 977
201 1126
201 1187
202 204
202 316
202 359
202 631
202 706
202 910
202 1007
202 1038
202 1199
203 380
203 516
203 769
203 777
203 783
203 893
203 987
203 1240
204 352
204 486
204 1099
204 1174
204 1188
204 1199
205 212
205 414
205 480
205 494
205 673
205 883
205 975
205 995
205 1031
206 399
206 404
206 745
206 891
206 916
206 945
206 1198
206 1204
206 1213
207 295
207 423
207 468
207 540
207 703
207 706
207 761
207 981
207 991
207 1025
207 1038
207 1064
208 373
208 569
208 577
208 744
208 874
208 930
208 1092
208 1124
208 1149
208 1181
208 1212
209 797
209 835
209 1082
209 1123
210 221
210 235
210 239
210 326
210 329
210 388
210 492
210 589
210 790
210 796
210 824
210 879
211 233
211 259
211 297
211 327
211 348
211 390
211 405
211 547
211 628
211 785
211 832
211 934
211 964
211 1021
211 1129
212 279
212 421
212 515
212 605
212 763
212 786
212 794
212 929
212 1072
212 1132
213 253
213 258
213 633
213 654
213 675
213 1051
213 1117
214 310
214 375
214 416
214 536
214 672
214 685
214 739
214 1046
214 1065
214 1135
215 344
215 545
215 548
215 602
215 719
215 1217
216 395
216 561
216 653
216 685
216 700
216 1049
216 1116
216 1203
217 247
217 376
217 518
217 756
217 914
217 1110
217 1158
217 1173
218 312
218 338
218 550
218 784
218 988
218 1091
219 283
219 344
219 362
219 690
219 719
219 726
219 849
219 1217
220 583
220 811
220 1036
221 225
221 235
221 239
221 326
221 388
221 471
221 492
221 589
221 796
221 824
221 852
221 879
222 376
222 485
222 493
222 538
222 712
222 743
222 880
222 890
222 914
222 1158
223 266
223 294
223 315
223 431
223 554
223 569
223 609
223 736
223 926
223 1071
223 1163
223 1171
224 282
224 286
224 315
224 454
224 609
224 821
224 858
224 989
224 1071
224 1075
224 1169
225 235
225 326
225 471
225 552
225 770
225 780
225 796
225 879
225 1106
225 1157
226 266
226 315
226 439
226 534
226 737
226 820
226 898
226 1020
226 1071
226 1118
226 1131
226 1154
227 244
227 391
227 425
227 567
227 606
227 656
227 675
227 1117
228 327
228 449
228 457
228 618
228 830
228 884
229 248
229 378
229 392
229 488
229 559
229 572
229 813
229 842
229 943
229 952
229 1175
230 380
230 390
230 439
230 516
230 534
230 558
230 587
230 886
230 1144
230 1180
230 1247
231 281
231 289
231 562
231 741
231 1016
231 1068
231 1123
232 308
232 311
232 377
232 749
232 764
232 765
232 950
232 1033
232 1070
232 1213
233 297
233 348
233 405
233 553
233 592
233 785
233 862
233 895
233 934
233 964
233 1019
233 1129
234 275
234 349
234 505
234 601
234 630
234 636
234 850
234 863
234 866
234 980
234 1126
234 1176
235 326
235 388
235 471
235 589
235 780
235 796
235 879
235 1106
235 1157
236 305
236 556
236 604
236 665
236 851
236 1056
236 1115
237 381
237 505
237 601
237 630
237 636
237 657
237 980
237 1141
237 1182
237 1219
238 519
238 677
238 689
238 820
238 874
238 1146
238 1212
239 388
239 492
239 589
239 790
239 824
240 442
240 478
240 741
240 888
240 900
240 974
240 1013
241 254
241 306
241 324
241 446
241 649
241 899
241 1027
241 1058
241 1195
242 475
242 635
242 704
242 1197
243 413
243 520
243 563
243 580
243 664
243 802
243 931
243 970
243 1039
244 287
244 425
244 606
244 629
244 654
244 1012
244 1024
244 1206
245 268
245 354
245 363
245 389
245 745
245 1063
245 1080
245 1097
245 1198
245 1221
245 1248
246 309
246 463
246 497
246 509
246 590
246 760
246 984
246 1047
246 1166
246 1246
247 518
247 715
247 756
247 914
247 1110
247 1178
248 378
248 399
248 409
248 440
248 488
248 565
248 572
248 607
248 733
248 800
249 278
249 285
249 386
249 591
249 683
249 788
249 853
249 1185
249 1192
249 1246
250 330
250 432
250 486
250 627
250 1101
250 1172
251 277
251 718
251 854
251 900
251 982
251 1099
251 1125
251 1190
252 495
252 524
252 567
252 637
252 656
252 662
252 772
252 848
252 939
252 1084
253 258
253 564
253 654
253 656
253 662
253 1117
253 1162
253 1216
254 256
254 306
254 324
254 466
254 649
254 678
254 723
254 1027
254 1058
255 402
255 550
255 765
255 891
255 1063
255 1179
255 1204
255 1213
256 321
256 324
256 446
257 542
257 738
257 823
257 932
257 1139
257 1151
257 1242
258 564
258 1005
258 1050
258 1051
258 1107
258 1162
258 1216
259 327
259 390
259 405
259 558
259 618
259 785
259 1021
259 1129
259 1232
260 284
260 415
260 506
260 578
260 750
260 835
260 1016
261 571
261 638
261 669
261 720
261 877
261 1100
261 1229
262 354
262 363
262 464
262 791
262 1017
262 1063
262 1179
263 396
263 453
263 465
263 483
263 570
263 641
263 660
263 887
263 906
263 911
263 949
263 1042
263 1079
264 288
264 296
264 302
264 332
264 369
264 694
264 838
264 846
264 940
265 378
265 512
265 655
265 952
266 294
266 315
266 431
266 554
266 569
266 609
266 736
266 737
266 898
266 926
266 930
266 1020
266 1071
266 1131
266 1163
266 1171
267 346
267 548
267 747
267 782
267 795
268 733
268 800
268 1066
268 1198
269 353
269 575
269 652
269 697
269 713
269 909
269 1200
270 1005
270 1050
270 1162
271 386
271 479
271 591
271 614
271 683
271 742
271 788
271 1006
271 1244
272 402
272 765
272 847
273 299
273 454
273 531
273 684
273 815
273 821
273 902
273 968
273 1075
273 1098
273 1119
273 1183
273 1201
274 430
274 504
274 553
274 628
274 766
274 934
274 955
274 957
274 976
274 1057
274 1098
274 1134
274 1207
275 541
275 630
275 863
275 866
275 951
275 977
275 1067
275 1126
276 341
276 461
276 504
276 537
276 659
276 676
276 728
276 739
276 1065
276 1081
277 442
277 506
277 671
277 702
277 741
277 900
277 956
277 982
277 1104
277 1125
278 350
278 448
278 683
278 687
278 717
278 967
278 1166
278 1192
278 1246
279 421
279 515
279 542
279 605
279 695
279 786
279 794
279 1018
280 291
280 543
280 781
280 814
280 1009
280 1035
280 1041
280 1249
281 560
281 562
281 750
281 1016
281 1068
281 1123
282 286
282 400
282 454
282 518
282 531
282 684
282 707
282 1014
282 1150
282 1169
282 1173
282 1183
282 1201
283 334
283 344
283 351
283 450
283 719
283 865
283 1093
284 415
284 510
284 578
284 671
284 700
284 835
284 1116
284 1196
284 1214
285 386
285 463
285 683
285 714
285 1008
285 1192
285 1246
286 315
286 400
286 454
286 570
286 660
286 684
286 707
286 1169
287 313
287 433
287 495
287 658
287 732
287 768
287 1160
288 296
288 302
288 332
288 369
288 694
288 846
288 940
288 1153
289 366
289 506
289 562
289 696
289 741
289 750
289 1016
289 1034
289 1068
290 443
290 577
290 625
290 725
290 870
291 543
291 770
291 1106
292 468
292 494
292 526
292 642
292 722
292 1089
292 1155
292 1235
293 370
293 418
293 579
293 705
293 727
293 780
293 1106
294 315
294 431
294 554
294 569
294 609
294 736
294 737
294 898
294 926
294 930
294 1071
294 1163
294 1171
295 566
295 703
295 911
295 981
295 991
295 1118
296 302
296 332
296 605
296 961
296 1153
297 336
297 348
297 430
297 553
297 592
297 785
297 832
297 934
297 964
297 1019
297 1129
297 1134
298 400
298 531
298 555
298 563
298 593
298 755
298 902
298 1014
298 1057
298 1121
298 1183
298 1201
299 531
299 676
299 815
299 902
299 968
299 1098
300 385
300 408
300 613
300 658
300 738
300 754
300 896
301 546
301 571
301 669
301 809
301 897
301 1001
301 1174
301 1229
302 332
302 382
302 605
302 694
302 838
302 846
302 918
302 1153
303 328
303 363
303 398
303 411
303 464
303 514
303 597
303 844
303 872
303 1080
303 1097
303 1202
303 1221
304 467
304 510
304 792
304 919
304 956
304 962
304 1053
304 1133
304 1196
305 428
305 492
305 556
305 665
305 729
305 849
305 851
306 420
306 649
306 1058
306 1167
306 1185
307 416
307 449
307 618
307 672
307 685
307 807
307 830
307 884
307 1049
307 1142
308 311
308 377
308 399
308 565
308 749
308 1063
308 1213
309 463
309 497
309 547
309 760
309 817
309 955
309 984
310 525
310 672
310 685
310 1046
310 1135
310 1232
311 377
311 399
311 565
311 749
311 1213
312 338
312 645
312 698
312 774
312 784
312 901
312 950
312 988
312 1091
313 397
313 433
313 662
313 732
313 768
313 798
313 1084
313 1160
314 445
314 586
314 616
314 735
314 806
314 853
314 875
314 1022
314 1043
314 1120
314 1224
314 1227
315 454
315 534
315 554
315 609
315 736
315 737
315 898
315 926
315 1020
315 1071
315 1163
316 330
316 359
316 706
316 1007
316 1038
316 1172
317 370
317 552
317 590
317 690
317 705
317 727
317 852
317 1208
318 631
318 669
318 828
318 897
318 979
318 1002
318 1226
319 441
319 476
319 539
319 624
319 701
319 882
319 928
320 487
320 793
320 859
320 912
320 960
320 1177
320 1230
321 446
322 426
322 517
322 592
322 621
322 704
322 817
322 895
322 1234
323 588
323 604
323 702
323 709
323 789
323 851
323 1056
323 1104
323 1203
324 410
324 446
324 466
324 649
324 921
324 1027
324 1054
325 489
325 924
325 1130
325 1245
326 329
326 388
326 589
326 646
326 780
326 790
326 824
326 879
327 405
327 547
327 618
327 884
327 955
327 1021
328 411
328 464
328 514
328 597
328 844
328 872
328 873
328 923
328 944
328 1103
328 1151
328 1202
328 1242
329 388
329 455
329 532
329 646
329 790
329 824
330 432
330 486
330 598
330 1007
330 1101
330 1172
330 1199
331 382
331 688
331 695
331 819
331 827
331 918
332 605
332 838
332 940
332 1153
333 373
333 456
333 753
333 1048
334 444
334 450
334 661
334 719
334 865
334 1081
334 1093
334 1152
334 1184
335 423
335 501
335 535
335 761
335 973
335 1025
335 1096
335 1137
336 343
336 401
336 430
336 553
336 596
336 620
336 716
336 783
336 903
336 1019
336 1119
336 1134
337 459
337 583
337 767
337 774
337 775
337 996
338 767
338 784
338 901
338 915
338 988
338 1091
339 869
339 920
339 1041
339 1128
339 1249
340 472
340 523
340 543
340 600
340 869
340 920
340 927
340 993
340 1128
340 1249
341 634
341 728
341 760
341 808
341 889
342 461
342 474
342 740
342 818
342 828
342 871
342 1002
343 401
343 452
343 716
343 862
343 903
343 1019
343 1052
343 1087
344 545
344 602
344 690
344 726
344 1217
345 410
345 603
345 907
345 986
345 1187
346 420
346 747
346 782
346 795
347 474
347 723
347 740
347 816
347 937
347 999
347 1059
347 1161
347 1205
347 1211
347 1215
348 785
348 832
348 934
348 964
348 1129
349 368
349 374
349 505
349 657
349 663
349 681
349 693
349 850
349 863
349 1176
350 356
350 687
350 708
350 717
350 967
350 1058
350 1192
351 450
351 590
351 634
351 760
351 808
351 881
351 967
352 489
352 674
352 730
352 1130
352 1188
353 529
353 625
353 697
353 713
353 894
353 946
353 1200
353 1209
354 363
354 464
354 514
354 1063
354 1179
355 635
355 668
356 450
356 967
357 403
357 651
357 792
357 1053
357 1140
358 888
358 913
358 922
358 1013
359 384
359 423
359 631
359 706
359 910
359 1007
359 1038
359 1199
360 424
360 758
360 762
360 994
360 1060
360 1076
361 383
361 611
361 861
361 927
361 943
362 435
362 709
362 726
362 1034
363 411
363 464
363 514
363 597
363 844
363 872
363 878
363 944
363 1097
364 407
364 459
364 599
364 666
364 670
364 864
365 369
365 394
365 396
365 483
365 496
365 573
365 594
365 724
365 803
365 906
365 1079
366 435
366 686
366 696
366 1034
366 1068
367 556
367 971
367 1083
367 1088
368 374
368 381
368 505
368 657
368 663
368 693
368 845
368 863
368 1141
368 1176
368 1219
369 724
369 846
369 940
370 552
370 590
370 705
370 727
370 1208
371 381
371 434
371 438
371 538
371 586
371 1022
371 1109
371 1141
371 1219
372 453
372 465
372 632
372 724
372 838
372 892
372 906
372 1042
372 1044
372 1079
372 1237
373 456
373 966
373 992
373 1000
373 1149
373 1212
374 663
374 681
374 693
374 812
374 845
374 864
374 1176
375 416
375 428
375 449
375 536
375 588
375 661
375 672
375 728
375 889
375 1046
375 1049
375 1065
375 1093
375 1135
375 1142
375 1186
376 485
376 493
376 712
376 743
376 880
376 914
376 1158
377 764
377 793
377 856
377 912
377 950
377 1070
377 1230
378 952
379 395
379 457
379 653
379 807
379 1049
379 1142
380 516
380 587
380 769
380 777
380 783
380 987
380 1223
380 1240
380 1247
381 657
381 863
381 1141
381 1219
382 498
382 542
382 688
382 695
382 827
382 918
382 1236
382 1243
383 409
383 429
383 611
383 1069
384 417
384 598
384 631
384 908
384 979
384 983
384 1026
385 502
385 549
385 754
385 834
385 896
385 953
385 1040
386 591
386 614
386 683
386 867
386 1047
386 1246
387 392
387 507
387 551
387 572
387 619
387 778
387 813
387 829
387 1241
388 589
388 646
388 790
388 824
388 879
389 451
389 622
389 1080
389 1097
389 1111
389 1221
389 1248
390 558
390 771
390 886
390 1021
390 1134
390 1144
390 1232
391 425
391 567
391 606
391 675
391 822
391 1003
391 1117
392 559
392 572
392 619
392 778
392 813
392 952
392 1175
393 540
393 734
393 761
393 805
393 887
393 949
393 963
393 1025
393 1032
393 1064
393 1096
393 1113
394 465
394 522
394 573
394 711
394 724
394 751
394 1079
395 604
395 653
395 700
395 807
395 1049
395 1056
396 483
396 496
396 573
396 594
396 946
396 949
396 1079
397 527
397 626
397 720
397 799
397 1001
397 1084
397 1107
397 1210
398 422
398 844
398 873
398 917
398 973
398 1023
398 1137
398 1202
399 440
399 565
399 749
399 800
399 997
399 1213
400 454
400 518
400 531
400 593
400 684
400 707
400 1014
400 1150
400 1183
400 1201
401 430
401 452
401 596
401 620
401 716
401 826
401 903
401 1019
401 1052
401 1156
401 1222
402 765
402 891
402 1033
403 432
403 972
403 1061
403 1127
403 1140
403 1238
404 745
404 891
404 1204
404 1213
405 547
405 628
405 766
405 785
405 934
405 955
405 1021
405 1207
406 539
406 623
406 664
406 755
406 802
406 931
406 947
406 998
406 1028
406 1039
406 1164
406 1165
406 1220
407 477
407 568
407 599
407 666
407 670
407 942
407 1017
408 613
408 658
408 754
409 440
409 488
409 565
409 611
409 749
409 795
410 666
410 921
410 986
411 451
411 464
411 514
411 597
411 844
411 872
411 1080
411 1097
411 1103
411 1111
411 1221
412 427
412 508
412 541
412 712
412 1143
413 593
413 875
413 970
413 1039
413 1109
413 1121
414 480
414 494
414 883
414 995
414 1031
414 1062
414 1105
415 510
415 578
415 671
415 721
415 835
415 956
415 1082
415 1196
415 1214
416 428
416 449
416 536
416 588
416 653
416 672
416 729
416 807
416 830
416 884
416 889
416 1049
416 1093
416 1142
416 1186
417 486
417 710
417 908
417 983
417 1026
418 419
418 437
418 509
418 579
418 617
418 646
418 705
418 925
419 437
419 532
419 579
419 617
419 646
419 925
420 1030
420 1058
420 1167
421 515
421 542
421 786
421 794
421 1018
421 1148
422 637
422 860
422 905
422 917
422 948
422 1023
422 1066
422 1085
422 1239
423 535
423 540
423 615
423 631
423 761
423 910
423 981
423 1025
423 1096
424 758
424 762
424 994
425 567
425 606
425 1003
425 1117
425 1206
426 517
426 592
426 621
426 817
426 895
426 1234
427 485
427 508
427 541
427 712
427 1143
428 536
428 588
428 634
428 661
428 729
428 808
428 851
428 889
428 1093
428 1186
429 764
429 847
429 1069
430 553
430 628
430 716
430 903
430 1019
430 1098
430 1119
430 1134
431 460
431 554
431 569
431 736
431 926
431 1071
431 1163
431 1170
431 1171
432 627
432 972
432 1101
432 1140
433 768
433 787
433 798
433 876
433 1159
433 1228
434 438
434 735
434 1039
434 1043
434 1164
435 696
435 726
435 941
435 1034
436 753
436 1029
436 1061
436 1127
437 532
437 579
437 617
437 646
437 925
438 538
438 1039
438 1109
438 1143
438 1164
439 516
439 534
439 737
439 898
439 1020
439 1131
439 1154
439 1180
439 1247
440 488
440 565
440 749
440 782
440 795
440 997
441 462
441 539
441 555
441 624
441 701
441 752
441 755
441 773
441 928
442 506
442 562
442 671
442 741
442 854
442 888
442 900
442 933
442 956
442 974
443 725
443 868
443 965
443 1209
444 582
444 661
444 710
444 828
444 865
444 954
444 1002
444 1065
444 1081
444 1184
444 1226
445 479
445 616
445 735
445 806
445 853
445 1039
445 1043
445 1120
445 1164
445 1224
446 860
447 502
447 515
447 673
447 786
447 810
447 932
447 1148
448 708
448 717
448 742
448 1030
448 1035
448 1086
448 1166
449 457
449 618
449 653
449 672
449 807
449 830
449 884
449 1049
449 1142
449 1186
450 634
450 881
450 967
451 622
451 1080
451 1097
451 1111
451 1221
451 1248
452 620
452 762
452 1052
452 1087
453 570
453 632
453 641
453 887
453 906
453 1042
453 1044
453 1079
453 1161
454 609
454 684
454 1071
454 1075
454 1169
454 1201
455 532
455 1055
456 753
456 831
456 966
456 1048
457 492
457 729
457 807
457 830
457 884
457 1186
458 470
458 491
458 499
458 612
458 833
458 959
458 1067
458 1126
459 583
459 599
459 666
459 670
460 554
460 566
460 870
460 946
460 1170
460 1181
461 474
461 818
461 828
461 954
461 979
461 1065
461 1081
461 1184
461 1225
462 476
462 701
462 716
462 746
462 752
462 855
462 928
463 504
463 547
463 714
463 766
463 955
463 984
463 1008
463 1207
464 514
464 597
464 872
464 878
464 944
464 1097
464 1103
464 1221
465 522
465 711
465 724
465 756
465 906
465 989
465 1079
466 649
466 678
466 816
466 921
466 937
466 1027
466 1205
467 510
467 721
467 792
467 956
467 962
467 1196
468 540
468 642
468 703
468 706
468 981
468 1025
468 1038
468 1064
468 1136
469 482
469 526
469 834
469 1074
469 1138
469 1235
470 491
470 499
470 833
471 796
471 879
471 971
471 1157
472 523
472 600
472 793
472 856
472 885
472 993
472 1030
472 1035
472 1128
473 533
473 565
473 997
474 740
474 818
474 836
474 1059
474 1211
474 1215
475 635
475 668
475 1197
476 752
476 928
476 1233
477 568
477 942
477 1187
478 500
478 584
478 595
478 741
478 888
478 933
478 974
479 511
479 591
479 806
479 853
479 1006
479 1224
479 1244
480 697
480 883
480 909
480 1062
480 1105
481 500
481 527
481 528
481 799
481 801
481 913
481 990
481 1108
482 501
482 639
482 734
482 877
482 1136
483 594
483 887
483 906
483 949
483 963
483 1042
483 1079
484 769
484 777
484 893
484 987
484 1045
484 1193
484 1223
485 493
485 712
485 880
485 1143
485 1158
486 718
486 1026
486 1101
486 1140
487 1112
488 795
488 943
489 626
489 1010
489 1130
489 1174
489 1188
490 643
490 650
490 679
490 1048
490 1124
490 1146
490 1231
491 499
491 866
492 497
492 589
492 729
492 852
493 624
493 712
493 743
493 880
493 947
493 1143
493 1158
494 667
494 691
494 722
494 810
494 883
494 969
494 975
494 1031
494 1089
494 1155
495 524
495 567
495 622
495 637
495 639
495 662
495 732
495 1084
495 1160
496 573
496 594
496 697
496 751
496 803
496 894
496 946
496 1200
497 590
497 634
497 760
497 808
497 984
498 542
498 610
498 699
498 823
498 1236
498 1243
499 612
499 819
499 833
500 528
500 595
500 933
501 535
501 734
501 877
501 973
501 1025
501 1032
501 1096
501 1136
502 526
502 549
502 667
502 810
502 834
502 896
502 1235
503 603
503 757
503 833
503 907
504 537
504 547
504 628
504 659
504 714
504 766
504 955
504 957
504 1021
504 1207
505 601
505 636
505 657
505 850
505 980
505 1176
505 1182
506 562
506 671
506 702
506 741
506 750
506 956
506 1104
506 1125
507 551
507 778
507 829
507 871
507 897
507 1002
507 1241
508 712
508 1143
509 617
509 742
509 1047
509 1166
509 1246
510 578
510 671
510 721
510 835
510 956
510 962
510 1082
510 1196
510 1214
511 853
511 935
511 1006
511 1185
511 1194
511 1224
511 1244
512 559
512 564
512 655
512 952
513 610
513 816
513 1137
514 597
514 872
514 878
514 944
514 1097
514 1103
514 1221
515 673
515 786
515 794
515 1148
516 534
516 587
516 777
516 783
516 987
516 1154
516 1247
517 621
517 817
517 895
518 756
518 914
518 989
518 1110
518 1169
518 1173
518 1183
518 1233
519 544
519 689
519 831
519 874
519 966
519 1168
519 1212
520 563
520 580
520 664
520 714
520 931
520 957
520 1008
520 1057
520 1078
521 650
521 1092
521 1124
521 1149
522 724
522 756
522 989
522 1079
523 600
523 793
523 856
523 885
523 993
523 1128
524 637
524 638
524 662
524 732
524 772
524 848
524 939
524 1084
524 1239
525 643
525 685
526 549
526 667
526 810
526 834
526 896
526 1235
527 799
527 913
527 990
527 1107
527 1210
528 913
528 933
528 990
529 625
529 644
529 841
529 965
529 1102
529 1209
530 779
530 919
531 563
531 593
531 684
531 707
531 815
531 902
531 968
531 1014
531 1098
531 1183
531 1201
532 646
533 607
533 733
533 800
533 822
533 916
533 997
534 609
534 737
534 898
534 1020
534 1131
534 1154
534 1180
534 1247
535 761
535 973
535 1096
535 1137
535 1215
536 588
536 661
536 672
536 889
536 1046
536 1049
536 1065
536 1093
536 1135
536 1186
537 659
537 676
537 714
537 728
538 715
538 890
538 1109
538 1121
539 624
539 664
539 701
539 755
539 773
539 840
539 882
539 928
539 998
540 703
540 761
540 887
540 963
540 981
540 991
540 1025
540 1064
540 1096
541 715
541 1067
542 695
542 823
542 827
542 1236
542 1243
543 814
543 1009
543 1249
544 689
544 831
544 868
544 966
544 1168
545 602
545 842
545 861
545 938
545 941
545 943
545 1217
546 626
546 759
546 801
546 809
546 1001
546 1099
546 1108
546 1174
546 1190
546 1229
547 628
547 766
547 955
547 1021
547 1207
548 576
548 687
548 708
548 717
548 747
548 795
549 834
549 896
549 953
549 1040
549 1235
550 791
551 747
551 778
551 829
551 871
551 899
551 1085
551 1195
551 1241
552 690
552 705
552 727
552 780
552 852
552 1106
552 1208
553 592
553 628
553 785
553 862
553 903
553 934
553 964
553 1019
554 711
554 736
554 926
554 1020
554 1071
554 1163
554 1170
554 1171
555 563
555 593
555 664
555 743
555 755
555 773
555 928
555 998
555 1014
555 1057
555 1183
556 665
556 849
556 971
556 1088
556 1115
557 774
557 935
557 996
557 1037
557 1194
558 672
558 676
558 739
558 771
558 886
558 1021
558 1144
558 1180
558 1232
559 619
559 813
559 941
559 952
559 1175
560 750
560 1016
560 1077
560 1122
561 578
561 700
561 919
561 1116
561 1203
562 741
562 750
562 933
562 1016
562 1068
562 1123
563 580
563 593
563 902
563 957
563 968
563 1014
563 1057
563 1201
563 1211
564 1216
565 749
565 997
565 1213
566 1020
566 1118
566 1131
566 1181
567 606
567 656
567 772
567 822
567 1117
568 599
568 666
568 670
568 942
568 1017
569 736
569 926
569 930
569 1092
569 1163
569 1171
570 641
570 660
570 707
570 906
570 911
570 1042
570 1044
570 1079
570 1150
570 1161
571 638
571 669
571 897
571 1229
572 607
572 619
572 655
572 813
572 848
572 952
573 594
573 711
573 724
573 751
573 803
573 1079
574 633
575 652
575 697
575 1089
575 1155
576 708
576 1009
576 1035
577 725
577 744
577 868
577 874
577 1181
578 671
578 700
578 835
578 1104
578 1116
578 1196
578 1214
579 705
579 925
579 1094
580 593
580 714
580 957
580 970
580 1057
580 1211
581 781
581 1086
582 648
582 809
582 1152
582 1226
583 811
583 1036
584 797
584 974
585 753
585 972
585 1048
585 1061
585 1127
585 1238
586 1022
586 1043
586 1120
587 771
587 783
587 987
587 1144
587 1193
587 1223
587 1232
588 661
588 709
588 789
588 851
588 1049
588 1093
589 790
589 824
589 879
590 617
590 760
590 808
590 852
590 881
590 984
591 614
591 683
591 742
591 788
591 1006
591 1244
592 621
592 862
592 895
592 934
592 1234
593 684
593 707
593 902
593 1014
593 1057
593 1121
593 1150
593 1183
593 1201
594 776
594 803
594 949
595 1013
596 620
596 783
596 826
596 1004
596 1222
597 622
597 844
597 872
597 1080
597 1097
597 1103
597 1221
598 677
598 820
598 908
598 983
598 1101
599 670
600 611
600 856
600 920
600 927
600 993
600 1128
601 608
601 630
601 636
601 839
601 850
601 866
601 980
601 1182
602 719
602 778
602 813
602 842
602 941
602 1175
602 1217
603 757
603 907
603 1187
603 1243
604 789
604 1056
604 1116
605 763
605 786
605 961
605 1132
605 1153
606 675
606 1003
606 1117
607 655
607 656
607 733
607 772
607 800
607 848
607 939
607 952
608 636
608 839
608 980
609 736
609 737
609 858
609 898
609 926
609 1020
609 1071
609 1163
609 1240
610 699
610 923
610 986
610 1113
611 764
611 795
611 856
611 993
612 688
612 819
612 833
613 738
613 1151
613 1242
614 742
614 788
614 1047
614 1244
615 761
615 911
615 936
615 979
615 981
616 806
616 853
616 875
616 1120
616 1185
616 1224
617 824
618 672
618 807
618 830
618 884
618 1142
619 778
619 813
619 1175
619 1241
620 826
620 1156
620 1222
621 704
621 817
621 895
621 1197
621 1234
622 732
622 1080
622 1097
622 1111
622 1221
622 1248
623 682
623 735
623 802
623 867
623 904
623 931
623 1028
623 1039
623 1164
623 1165
623 1220
624 701
624 743
624 840
624 882
624 928
624 947
625 713
625 870
625 894
625 946
625 1200
625 1209
626 720
626 1001
626 1010
626 1174
626 1210
627 689
627 1102
627 1168
627 1172
628 766
628 785
628 934
628 955
628 1098
628 1134
628 1207
629 798
629 1012
629 1024
629 1228
630 636
630 839
630 850
630 866
630 980
631 910
631 979
631 1199
632 825
632 838
632 892
632 906
632 1042
632 1044
632 1237
633 654
634 728
634 760
634 808
634 889
634 1093
635 668
636 839
636 850
636 866
636 980
637 638
637 772
637 848
637 905
637 948
637 1066
637 1084
637 1239
638 639
638 732
638 1084
638 1160
638 1239
639 732
639 1160
641 660
641 887
641 911
641 936
641 1161
642 734
642 805
642 963
642 1032
642 1064
642 1089
642 1136
642 1155
643 679
644 841
644 1102
645 793
645 912
645 950
645 1070
645 1091
645 1230
646 790
646 824
646 925
647 731
647 812
647 875
647 1022
647 1109
647 1191
648 709
648 759
648 809
648 854
648 1152
648 1190
649 723
649 899
649 1027
649 1058
649 1205
650 1124
650 1146
650 1149
651 730
651 1053
651 1133
652 697
653 807
653 1049
653 1142
653 1186
654 798
654 1051
654 1228
655 656
655 733
655 772
655 848
655 939
655 952
656 733
656 772
656 822
656 848
656 939
656 1117
657 863
657 1141
657 1176
657 1219
658 754
658 787
659 676
659 714
659 728
659 766
660 684
660 707
660 911
660 936
661 728
661 889
661 1065
661 1081
661 1093
661 1184
662 772
662 848
662 939
662 1084
663 681
663 693
663 850
663 1176
664 755
664 773
664 802
664 931
664 998
664 1028
664 1057
664 1078
664 1095
664 1165
664 1220
665 849
665 851
665 1088
666 678
666 864
667 691
667 722
667 969
667 1031
667 1235
668 817
668 1008
669 897
669 1229
671 702
671 956
671 1104
671 1125
671 1196
672 685
672 1021
672 1046
672 1049
672 1135
672 1142
673 691
673 810
673 995
673 1018
673 1148
674 730
674 900
674 922
674 978
674 1099
674 1188
675 1003
675 1117
676 739
676 886
676 1065
677 820
677 908
678 864
678 921
678 1027
678 1227
679 1048
679 1146
679 1231
680 804
680 837
680 976
680 1073
680 1090
680 1095
681 693
682 802
682 804
682 837
682 904
682 1028
682 1090
682 1095
682 1165
682 1220
683 742
683 788
683 853
683 1185
683 1192
683 1244
683 1246
684 707
684 902
684 968
684 1150
684 1183
684 1201
685 1046
685 1049
685 1135
685 1142
686 759
686 801
686 854
686 933
686 1108
686 1190
687 708
687 717
687 747
687 967
687 1192
688 757
688 819
688 827
688 918
689 831
689 841
689 874
689 1102
689 1168
690 726
690 849
690 852
691 722
691 969
691 995
691 1031
692 788
692 885
692 1006
692 1030
692 1086
692 1145
692 1218
693 812
693 845
693 863
693 1176
694 819
694 846
694 959
695 827
696 1034
696 1068
697 713
697 776
697 883
697 909
697 975
697 1089
697 1155
697 1200
698 859
698 901
698 915
698 985
698 1091
698 1177
699 823
699 923
699 1243
700 919
700 1116
700 1203
701 752
701 755
701 773
701 855
701 882
701 928
702 718
702 779
702 1104
702 1125
702 1203
703 706
703 981
703 991
703 1025
703 1038
703 1064
704 1197
704 1234
705 727
705 1106
705 1208
706 910
706 981
706 1007
706 1038
706 1172
707 1150
707 1161
707 1201
708 717
708 881
709 789
709 851
709 1034
710 828
710 954
710 979
710 1065
710 1081
710 1184
710 1225
710 1226
711 926
711 1071
711 1118
711 1170
712 880
712 1143
712 1158
713 894
713 946
713 1200
713 1209
714 766
714 957
714 1008
714 1207
715 890
715 914
715 1011
715 1110
715 1178
716 752
716 857
716 903
716 1119
717 881
717 967
717 1192
718 779
718 982
718 1053
718 1104
718 1125
719 865
719 1152
719 1241
720 1001
720 1100
720 1229
721 835
721 956
721 962
721 1082
721 1214
722 969
722 1031
722 1089
722 1155
723 740
723 836
723 1027
723 1059
723 1205
724 756
724 906
724 1079
725 868
726 1083
727 780
727 1106
727 1208
728 760
728 808
728 889
728 1065
728 1081
729 808
729 830
729 851
729 884
729 889
729 1186
730 1133
730 1188
731 825
731 937
731 999
731 1044
731 1191
732 1084
732 1160
733 800
733 822
734 873
734 932
734 973
734 1032
734 1113
734 1136
734 1202
735 802
735 806
735 867
735 931
735 1039
735 1043
735 1120
735 1164
735 1224
736 926
736 1020
736 1071
736 1131
736 1163
736 1171
737 898
737 1020
737 1071
737 1131
737 1154
737 1247
738 896
738 932
738 1139
738 1151
738 1242
739 886
739 1065
739 1180
739 1225
740 836
740 1059
740 1215
741 933
741 974
742 788
742 1047
742 1166
742 1246
743 755
743 880
743 890
743 928
743 1014
743 1158
744 930
744 992
744 1000
744 1149
744 1181
744 1212
745 916
745 945
745 1204
746 752
746 857
746 1156
747 795
748 822
748 916
748 945
749 782
749 997
749 1213
750 1016
750 1034
750 1077
750 1122
751 803
751 894
751 946
751 1170
751 1200
752 855
752 928
753 831
753 1048
753 1061
753 1127
754 787
754 953
755 773
755 928
755 998
755 1057
756 989
756 1110
756 1178
757 833
757 907
758 762
758 994
758 1076
758 1087
759 801
759 809
759 854
759 1108
759 1190
760 808
760 984
761 911
761 981
761 1025
761 1096
762 994
762 1052
762 1060
762 1087
763 794
763 929
763 961
763 1132
763 1153
764 856
764 912
764 993
764 1070
764 1230
765 784
765 891
765 1033
765 1213
766 955
766 1021
766 1207
767 774
767 775
767 811
767 988
768 798
768 1159
768 1228
769 777
769 783
769 826
769 893
769 987
769 1004
769 1045
769 1223
770 780
770 843
770 1106
771 1144
771 1193
771 1232
772 848
772 939
772 1084
773 837
773 928
773 998
773 1078
774 775
774 996
775 811
776 805
776 883
776 963
776 975
776 1089
776 1155
777 783
777 893
777 987
777 1004
777 1045
777 1223
777 1240
778 813
778 829
778 1241
779 919
779 982
779 1053
779 1104
779 1125
779 1196
779 1203
780 879
780 1106
781 1041
781 1094
782 795
783 826
783 832
783 987
783 1045
783 1134
783 1193
783 1223
784 950
784 1033
784 1091
785 832
785 934
785 964
785 1019
785 1129
785 1134
786 794
786 1148
787 876
787 1024
787 1159
788 1006
788 1030
788 1086
788 1167
788 1218
788 1244
789 851
789 1049
789 1056
789 1203
790 824
791 1017
791 1179
792 919
792 962
792 1053
792 1196
793 856
793 912
793 950
793 1070
793 1230
794 929
794 1018
794 1072
794 1132
796 849
796 879
796 971
796 1157
797 974
798 1228
799 990
799 1107
799 1210
799 1216
800 997
801 809
801 854
801 1099
801 1108
801 1190
802 931
802 998
802 1028
802 1039
802 1090
802 1095
802 1164
802 1165
802 1220
803 894
803 1200
804 837
804 1073
805 949
805 963
805 975
805 1032
805 1064
805 1155
806 853
806 867
806 1039
806 1043
806 1120
806 1224
807 830
807 884
807 1049
807 1142
807 1186
808 889
808 984
808 1093
808 1186
809 854
809 1099
809 1174
809 1190
809 1226
810 896
810 932
810 1148
810 1235
811 988
811 1036
812 845
812 863
812 864
812 1022
812 1191
812 1227
813 941
813 1175
813 1241
814 843
814 1009
814 1208
815 902
815 968
815 1075
815 1098
815 1119
815 1134
815 1201
816 921
816 937
816 999
816 1027
816 1205
816 1215
817 895
818 828
818 954
818 979
818 1002
818 1065
818 1081
818 1184
818 1225
820 874
820 898
820 1131
820 1154
821 857
821 858
821 1075
821 1119
821 1169
821 1183
821 1240
822 916
822 945
823 1151
825 892
825 1011
825 1042
825 1044
825 1189
825 1237
826 893
826 987
826 1004
826 1045
826 1222
826 1223
827 918
827 1243
828 954
828 979
828 1002
828 1065
828 1081
828 1184
828 1225
828 1226
829 871
829 897
829 948
829 1002
829 1085
829 1241
830 884
830 1142
830 1186
831 966
831 1061
831 1168
832 964
832 1129
832 1193
833 977
833 1126
834 876
834 953
834 1040
834 1235
835 1082
835 1214
836 1059
836 1211
837 1028
837 1073
837 1090
837 1095
838 892
838 906
838 918
838 940
839 980
840 882
840 947
841 965
841 1102
841 1168
842 861
842 938
842 941
842 943
842 1175
843 1208
844 872
844 1080
844 1097
844 1202
844 1221
845 864
845 1022
845 1227
846 940
846 959
846 1147
847 1069
848 939
848 952
849 852
850 866
850 980
850 1176
850 1182
851 1056
851 1093
851 1186
853 1120
853 1185
853 1224
854 900
854 1108
854 1190
856 912
856 993
856 1070
856 1230
857 858
857 1075
857 1119
857 1156
858 1169
858 1240
859 960
859 1177
860 905
860 917
860 948
860 1054
860 1066
860 1085
861 938
861 943
862 903
862 934
862 976
862 1019
863 977
863 1022
863 1141
863 1219
864 1191
864 1227
865 1002
865 1152
865 1241
866 977
866 980
866 1126
867 904
867 1220
868 966
869 920
869 927
869 1041
869 1112
869 1128
869 1249
870 894
870 946
870 1170
870 1181
871 899
871 917
871 1002
871 1085
871 1195
872 878
872 923
872 944
872 1097
872 1103
872 1221
873 973
873 1113
873 1137
873 1202
874 966
874 1131
874 1149
874 1181
874 1212
875 970
875 1022
875 1039
875 1109
875 1121
876 953
876 1040
876 1074
876 1138
876 1159
877 924
877 1136
877 1245
878 923
878 944
878 1017
879 1157
880 890
880 914
880 1158
881 967
881 1166
882 928
882 947
883 909
883 975
883 1062
883 1105
884 1142
884 1186
885 1030
885 1086
885 1128
886 1144
886 1180
886 1232
887 911
887 949
887 963
887 1096
888 900
888 922
888 974
888 978
888 1013
889 1093
889 1186
890 914
890 1109
890 1110
890 1121
891 1204
891 1213
892 906
892 1011
892 1042
892 1044
892 1147
892 1189
892 1237
893 987
893 1004
893 1240
894 946
894 1170
894 1200
895 1234
896 932
896 1235
896 1242
897 1229
897 1241
898 1020
898 1131
898 1154
898 1247
899 1058
899 1195
900 978
900 982
900 1099
900 1125
900 1190
901 915
901 988
901 1091
901 1177
902 968
902 1057
902 1075
902 1098
902 1119
902 1183
902 1201
903 1019
903 1052
903 1119
904 1028
904 1220
905 917
905 948
905 1023
905 1054
905 1066
905 1085
905 1239
906 1042
906 1044
906 1079
907 1187
907 1243
908 983
909 1062
909 1105
909 1200
910 981
910 1007
910 1025
910 1038
910 1199
911 936
912 950
912 1070
912 1091
912 1230
913 922
913 990
913 1013
913 1210
914 1110
914 1158
914 1173
915 988
916 945
916 1248
917 948
917 973
917 1023
917 1054
917 1085
917 1137
918 1243
919 1053
919 1116
919 1196
920 927
920 993
920 1112
920 1128
920 1249
921 937
921 986
921 1027
921 1205
922 978
922 1010
922 1013
923 944
924 1130
924 1245
925 1094
926 1020
926 1071
926 1163
926 1171
927 993
927 1009
927 1249
929 1072
929 1114
929 1132
930 1092
930 1163
930 1171
931 998
931 1028
931 1039
931 1164
931 1165
931 1220
932 1032
932 1113
932 1151
932 1202
932 1242
933 974
934 955
934 964
934 1019
934 1129
934 1207
935 996
935 1037
935 1194
936 1161
937 986
937 999
937 1027
937 1191
937 1205
938 1217
939 952
941 1175
944 1103
945 1248
946 1170
946 1200
948 1066
948 1085
948 1239
949 963
950 1070
950 1091
950 1177
950 1230
951 959
951 977
951 1011
951 1067
951 1126
951 1147
951 1189
953 1040
954 979
954 1065
954 1081
954 1184
954 1225
955 1207
956 962
956 1125
956 1196
956 1214
957 968
957 1008
957 1057
957 1207
958 1088
958 1115
959 1067
959 1147
959 1189
960 1112
961 1132
961 1153
962 1196
962 1214
963 1032
963 1064
964 1019
964 1129
965 1102
965 1209
966 1168
966 1212
967 1166
967 1192
967 1246
968 1098
968 1201
969 1031
969 1089
969 1235
970 1121
971 1088
971 1157
972 1061
972 1127
972 1238
973 1023
973 1137
975 1089
975 1155
976 1057
976 1078
976 1090
976 1095
977 1126
978 1013
979 1065
979 1081
979 1184
979 1225
980 1182
981 991
981 1025
981 1038
981 1064
982 1053
982 1125
982 1133
983 1026
983 1046
983 1135
986 1187
987 1045
987 1193
987 1223
989 1169
991 1064
992 1000
992 1149
993 1112
994 1076
995 1031
996 1227
998 1028
998 1057
998 1078
998 1090
998 1095
998 1165
998 1220
999 1150
999 1161
999 1205
1001 1010
1001 1100
1001 1174
1001 1229
1002 1081
1002 1184
1002 1226
1002 1241
1004 1045
1004 1222
1005 1050
1005 1051
1005 1107
1005 1162
1006 1086
1006 1167
1006 1194
1006 1218
1006 1244
1007 1038
1007 1101
1007 1172
1007 1199
1010 1099
1010 1130
1010 1174
1011 1044
1011 1110
1011 1147
1011 1178
1011 1189
1011 1237
1012 1024
1012 1206
1012 1228
1014 1121
1014 1183
1014 1201
1016 1077
1016 1122
1016 1123
1017 1179
1018 1072
1018 1148
1019 1052
1020 1071
1020 1118
1020 1131
1022 1109
1022 1141
1022 1191
1022 1219
1023 1054
1023 1085
1023 1137
1023 1239
1024 1206
1024 1228
1025 1032
1025 1064
1025 1096
1025 1136
1027 1205
1028 1090
1028 1095
1028 1164
1028 1165
1028 1220
1030 1035
1030 1086
1030 1128
1030 1167
1032 1113
1033 1091
1034 1068
1034 1122
1035 1128
1039 1120
1039 1164
1039 1165
1039 1220
1041 1128
1042 1044
1042 1079
1042 1237
1043 1120
1043 1224
1044 1189
1044 1237
1045 1193
1045 1223
1046 1135
1047 1166
1047 1246
1048 1146
1049 1142
1049 1186
1050 1051
1050 1107
1050 1162
1050 1216
1051 1162
1052 1060
1052 1087
1053 1125
1053 1133
1053 1196
1054 1085
1054 1137
1057 1078
1058 1195
1059 1205
1059 1211
1059 1215
1060 1076
1061 1127
1061 1238
1062 1105
1063 1179
1063 1198
1063 1213
1065 1081
1065 1184
1065 1225
1066 1085
1066 1239
1067 1126
1068 1122
1070 1230
1071 1118
1071 1131
1071 1163
1072 1132
1073 1090
1074 1138
1074 1159
1075 1119
1075 1183
1075 1201
1075 1240
1077 1115
1077 1122
1078 1090
1078 1095
1080 1097
1080 1111
1080 1221
1080 1248
1081 1184
1081 1225
1082 1214
1083 1088
1084 1160
1085 1239
1089 1155
1090 1095
1090 1220
1091 1177
1093 1186
1095 1165
1095 1220
1097 1103
1097 1111
1097 1221
1098 1119
1098 1134
1099 1174
1099 1190
1100 1229
1102 1168
1104 1125
1104 1203
1106 1208
1107 1162
1107 1210
1107 1216
1108 1190
1109 1121
1110 1178
1111 1221
1111 1248
1113 1202
1113 1236
1116 1203
1118 1131
1119 1134
1120 1164
1120 1224
1121 1150
1124 1146
1124 1149
1124 1154
1124 1212
1124 1247
1125 1133
1125 1196
1127 1238
1128 1249
1130 1188
1136 1245
1137 1202
1138 1159
1139 1148
1139 1242
1140 1238
1141 1219
1142 1186
1144 1180
1144 1232
1145 1194
1145 1218
1146 1149
1146 1154
1146 1212
1147 1178
1147 1189
1149 1212
1150 1161
1151 1242
1152 1241
1154 1180
1154 1247
1156 1222
1159 1160
1162 1216
1163 1171
1164 1165
1164 1220
1165 1220
1166 1192
1166 1246
1169 1173
1169 1233
1171 1181
1173 1183
1173 1233
1174 1229
1176 1182
1178 1189
1179 1198
1180 1247
1183 1201
1183 1233
1184 1225
1184 1226
1189 1237
1192 1246
1193 1223
1194 1218
1202 1242
1204 1213
1205 1215
1221 1248
1224 1244
