0 171
0 228
0 492
0 702
0 724
0 783
0 849
0 875
0 1067
0 1135
1 54
1 230
1 284
1 626
2 41
2 50
2 286
2 478
2 883
2 894
2 1145
3 36
3 318
3 542
3 1012
3 1040
3 1069
3 1109
4 245
4 385
4 505
4 799
4 977
4 1062
5 17
5 81
5 229
5 328
5 780
5 796
5 850
5 1101
5 1141
5 1204
6 166
6 295
6 638
6 675
6 750
7 27
7 128
7 163
7 209
7 479
7 722
7 750
7 940
7 1015
7 1235
8 46
8 55
8 313
8 833
8 888
8 928
8 1199
9 39
9 114
9 315
9 387
9 618
9 666
9 734
9 1188
9 1190
9 1207
9 1248
10 110
10 608
10 926
10 1090
10 1118
11 19
11 237
11 314
11 425
11 461
11 506
11 555
11 581
11 655
11 729
11 1073
12 274
12 520
12 922
13 52
13 149
13 256
13 360
13 433
13 454
13 671
13 843
13 929
13 968
13 1024
13 1131
14 42
14 296
14 307
14 553
14 604
14 767
14 905
15 33
15 84
15 125
15 191
15 370
15 463
15 531
15 580
15 623
15 868
15 890
15 1151
15 1168
15 1181
16 45
16 192
16 211
16 529
16 547
16 641
16 658
16 1102
16 1202
17 229
17 328
17 796
17 850
17 1101
17 1141
18 46
18 224
18 281
18 313
18 648
18 684
18 747
18 837
18 859
18 888
18 1033
19 57
19 335
19 425
19 461
19 506
19 555
19 568
19 617
19 652
19 729
19 871
19 1095
20 47
20 191
20 370
20 431
20 463
20 531
20 623
20 651
20 1004
20 1045
20 1168
21 131
21 236
21 351
21 739
21 742
21 814
21 822
21 907
21 995
21 1010
21 1092
21 1097
21 1103
21 1177
22 29
22 136
22 173
22 219
22 366
22 829
22 849
22 902
22 920
22 1076
22 1117
22 1134
22 1146
23 117
23 162
23 180
23 243
23 507
23 513
23 751
23 778
23 811
23 918
23 1074
23 1126
24 82
24 213
24 269
24 398
24 455
24 527
24 532
24 753
24 913
24 1224
25 106
25 362
25 420
25 1099
26 431
26 651
26 869
26 1045
27 128
27 214
27 297
27 681
27 895
27 940
27 1015
27 1235
28 86
28 179
28 293
28 355
28 389
28 621
28 879
28 904
28 935
28 989
28 1099
29 136
29 173
29 219
29 366
29 496
29 1076
30 264
30 301
30 450
30 808
30 812
30 827
30 1077
30 1119
30 1122
31 178
31 196
31 259
31 396
31 423
31 441
31 547
31 611
31 721
31 732
31 846
31 852
31 945
31 1143
31 1205
32 139
32 164
32 204
32 267
32 637
32 703
32 741
32 757
32 860
32 984
32 1053
32 1167
32 1234
33 84
33 125
33 177
33 191
33 463
33 531
33 623
33 868
33 931
33 1151
33 1168
34 49
34 188
34 299
34 483
34 497
34 644
34 839
34 1054
34 1140
35 92
35 161
35 430
35 719
35 721
35 932
35 950
35 1027
35 1048
36 318
36 484
36 542
36 1012
36 1040
36 1069
36 1109
37 94
37 256
37 360
37 562
37 759
37 1039
37 1131
37 1221
38 393
38 495
38 590
38 898
38 1036
38 1160
39 315
39 349
39 444
39 462
39 618
39 666
39 727
39 809
39 836
39 1020
39 1188
39 1207
39 1230
40 203
40 417
40 437
40 592
40 643
40 660
40 663
40 697
40 1115
40 1126
40 1203
41 222
41 230
41 277
41 325
41 476
41 478
41 883
41 894
41 960
41 1060
41 1100
42 115
42 144
42 296
42 307
42 522
42 604
42 905
42 1129
42 1238
43 146
43 180
43 227
43 252
43 337
43 369
43 437
43 438
43 640
43 803
43 811
43 1088
43 1126
43 1237
44 144
44 276
44 379
44 395
44 429
44 521
44 800
44 857
44 976
44 983
44 1064
44 1157
44 1175
44 1238
44 1240
45 79
45 96
45 108
45 292
45 391
45 529
45 630
45 647
45 687
45 824
45 1202
46 58
46 313
46 648
46 684
46 765
46 859
46 888
46 928
46 969
46 1185
47 370
47 463
47 531
47 623
47 760
47 878
47 1004
47 1196
48 99
48 123
48 462
48 524
48 666
48 749
48 809
48 825
49 188
49 207
49 299
49 418
49 483
49 497
49 571
49 943
49 1049
49 1054
49 1120
49 1140
50 233
50 286
50 363
50 629
50 1029
50 1128
50 1145
51 127
51 347
51 619
51 802
51 1172
52 149
52 258
52 280
52 433
52 454
52 671
52 929
52 968
52 1024
52 1101
53 56
53 130
53 176
53 202
53 564
53 574
53 769
53 892
53 953
53 956
53 965
53 985
53 1173
53 1180
53 1215
54 230
54 284
54 776
54 840
54 1184
55 67
55 122
55 559
55 725
55 762
55 797
55 833
55 928
55 1028
55 1051
55 1199
55 1208
56 130
56 143
56 199
56 242
56 248
56 629
56 892
56 956
56 965
56 1150
56 1158
56 1173
56 1223
57 220
57 287
57 306
57 335
57 506
57 568
57 617
57 661
57 729
57 910
57 1050
57 1095
57 1166
58 189
58 313
58 333
58 343
58 350
58 352
58 684
58 690
58 765
58 837
58 888
58 1185
59 334
59 402
59 416
59 560
59 592
59 606
59 610
59 693
59 819
59 900
59 941
60 184
60 281
60 432
60 453
60 880
60 919
60 942
60 1033
61 389
61 405
61 539
61 689
61 815
61 904
61 955
61 1070
61 1171
62 207
62 406
62 943
63 121
63 553
63 959
63 1244
64 86
64 141
64 339
64 375
64 393
64 569
64 587
64 588
64 686
64 981
65 381
65 502
65 509
65 542
65 612
65 1037
66 168
66 467
66 519
66 528
66 605
66 679
66 946
66 1008
66 1079
66 1183
67 122
67 244
67 559
67 637
67 710
67 725
67 746
67 797
67 984
67 1028
67 1051
67 1081
67 1167
67 1199
67 1208
67 1236
68 197
68 283
68 491
68 963
68 1084
68 1154
68 1179
69 89
69 228
69 394
69 436
69 448
69 586
69 819
69 864
69 979
69 1009
69 1063
70 198
70 359
70 572
70 866
70 1038
71 206
71 359
71 909
72 240
72 449
72 537
72 820
72 1161
73 138
73 146
73 227
73 438
73 640
73 761
74 101
74 118
74 316
74 502
74 509
74 810
74 997
74 1044
74 1133
75 272
75 440
75 636
75 664
75 712
75 882
75 912
75 1027
75 1065
75 1148
76 88
76 170
76 175
76 195
76 219
76 366
76 378
76 496
76 540
76 552
76 713
76 717
76 821
76 1013
76 1018
76 1105
76 1114
76 1170
77 300
77 304
77 326
77 828
77 845
77 886
78 137
78 157
78 249
78 354
78 418
78 466
78 565
78 578
78 786
78 973
78 1019
78 1085
79 96
79 108
79 216
79 292
79 333
79 352
79 391
79 529
79 547
79 630
79 647
79 824
79 1202
80 91
80 392
80 489
80 625
80 657
80 691
80 764
80 914
81 280
81 633
81 780
81 840
81 850
81 889
81 929
81 1141
81 1204
82 238
82 269
82 378
82 398
82 455
82 527
82 713
82 812
82 866
82 1038
82 1224
83 148
83 162
83 276
83 331
83 344
83 395
83 413
83 415
83 504
83 521
83 579
83 778
83 841
83 930
83 982
83 1001
83 1017
83 1034
83 1074
83 1128
83 1138
83 1189
83 1213
83 1240
84 125
84 159
84 191
84 580
84 868
84 1168
84 1181
84 1233
85 187
85 475
85 503
85 592
85 643
85 663
85 738
85 769
85 1215
86 293
86 339
86 355
86 375
86 393
86 569
86 587
86 588
86 621
86 752
86 989
87 374
87 389
87 390
87 412
87 422
87 545
87 648
87 747
87 815
87 859
87 1031
87 1111
87 1116
88 167
88 195
88 496
88 540
88 717
88 1114
88 1214
89 228
89 234
89 394
89 436
89 448
89 763
89 772
89 864
89 979
89 1009
89 1063
89 1187
90 597
90 644
90 678
90 730
90 801
90 978
90 1014
90 1096
90 1165
91 294
91 467
91 518
91 528
91 561
91 566
91 605
91 657
91 706
91 927
91 1032
91 1079
92 430
92 546
92 721
92 932
92 950
92 1048
93 268
93 494
93 1136
94 562
94 683
94 756
94 759
94 1039
94 1221
95 265
95 275
95 696
95 726
95 1193
96 108
96 216
96 279
96 292
96 391
96 427
96 529
96 630
96 642
96 771
96 945
96 1211
97 421
97 471
97 549
97 853
97 986
97 1043
97 1200
97 1229
98 321
98 371
98 810
98 854
98 855
98 902
98 1044
98 1134
98 1137
99 123
99 263
99 349
99 407
99 444
99 462
99 524
99 535
99 618
99 666
99 770
99 831
99 1188
100 102
100 206
100 297
100 442
100 681
100 934
100 949
100 962
100 964
101 118
101 321
101 464
101 502
101 530
101 810
101 854
101 997
101 1044
101 1068
101 1133
101 1156
101 1202
102 156
102 186
102 206
102 297
102 442
102 934
102 949
102 962
102 1228
103 177
103 607
103 737
103 760
103 931
103 971
103 1225
104 129
104 340
104 421
104 832
104 976
104 981
104 1053
104 1245
105 114
105 312
105 377
105 387
105 537
105 628
105 773
105 820
105 1006
105 1161
106 112
106 362
106 420
106 544
106 597
106 644
106 876
106 1224
107 121
107 132
107 147
107 201
107 421
107 471
107 549
107 556
107 632
107 959
107 986
107 1043
107 1094
108 216
108 279
108 292
108 333
108 352
108 391
108 427
108 630
108 824
108 1211
109 158
109 160
109 305
109 365
109 766
109 948
109 1002
109 1009
109 1132
110 271
110 408
110 475
110 608
110 782
110 1090
110 1118
111 165
111 286
111 626
111 705
111 1030
111 1106
111 1176
112 505
112 514
112 544
112 799
112 876
112 1014
112 1038
112 1224
113 475
113 608
113 789
113 791
113 870
113 926
113 992
114 312
114 345
114 387
114 537
114 734
114 820
114 1006
114 1161
114 1190
114 1248
115 132
115 296
115 307
115 379
115 553
115 767
115 976
115 1053
116 119
116 131
116 267
116 310
116 995
116 1155
116 1177
116 1198
116 1234
117 162
117 180
117 243
117 513
117 586
117 778
117 811
117 918
117 1074
118 321
118 502
118 530
118 810
118 997
118 1044
118 1133
118 1156
118 1202
119 131
119 139
119 267
119 340
119 358
119 632
119 861
119 995
119 1104
119 1155
119 1177
119 1198
119 1243
120 159
120 208
120 329
120 844
120 872
120 910
120 1050
120 1139
120 1231
121 132
121 201
121 471
121 549
121 553
121 767
121 959
121 986
121 1043
121 1244
122 250
122 478
122 559
122 710
122 716
122 725
122 797
122 885
122 974
122 984
122 1028
122 1051
122 1091
122 1167
122 1208
122 1227
123 524
123 535
123 618
123 666
123 749
124 145
124 155
124 257
124 612
124 834
124 1037
125 177
125 191
125 370
125 463
125 531
125 580
125 623
125 868
125 931
125 1151
125 1168
125 1181
126 154
126 312
126 465
126 480
126 537
126 628
126 665
126 754
126 820
126 831
126 838
126 970
126 1161
127 802
127 850
127 1172
128 214
128 254
128 409
128 649
128 681
128 964
128 1015
128 1058
129 340
129 358
129 517
129 832
129 981
129 1160
130 176
130 182
130 564
130 953
130 956
130 965
130 1158
130 1173
130 1180
130 1223
131 236
131 267
131 310
131 351
131 814
131 822
131 995
131 1177
131 1198
132 172
132 201
132 262
132 307
132 421
132 471
132 549
132 632
132 767
132 853
132 986
132 1043
133 185
133 217
133 315
133 346
133 516
133 600
133 635
133 727
133 779
133 809
133 874
133 1020
133 1212
133 1230
134 364
134 651
134 878
134 1196
135 145
135 257
135 316
135 332
135 371
135 443
135 460
135 500
135 646
135 654
135 662
135 723
135 805
135 911
135 1044
136 173
136 829
136 902
136 1076
136 1117
136 1232
137 249
137 251
137 273
137 354
137 428
137 434
137 466
137 565
137 578
137 786
137 1019
137 1075
138 227
138 435
138 438
138 459
138 499
138 640
138 938
138 1035
139 151
139 164
139 204
139 267
139 340
139 358
139 624
139 703
139 757
139 842
139 860
139 861
139 995
139 1053
139 1092
139 1177
139 1198
139 1226
139 1243
140 419
140 434
140 459
140 786
140 938
140 1035
140 1061
140 1169
141 336
141 420
141 587
141 588
141 627
141 686
141 839
141 899
142 266
142 723
142 1241
143 233
143 242
143 317
143 331
143 629
143 751
143 778
143 1150
143 1158
143 1223
144 395
144 522
144 800
144 917
144 983
144 1129
144 1130
144 1157
144 1175
144 1238
145 197
145 221
145 257
145 316
145 332
145 439
145 443
145 446
145 460
145 612
145 646
145 662
145 834
145 1178
146 252
146 437
146 438
146 447
146 761
146 1115
146 1237
147 285
147 424
147 482
147 549
147 556
147 589
147 632
147 923
147 951
147 1000
147 1094
147 1104
148 162
148 331
148 344
148 363
148 504
148 579
148 778
148 841
148 982
148 1001
148 1029
148 1074
148 1128
148 1138
148 1189
149 360
149 433
149 454
149 843
149 968
149 1131
150 152
150 220
150 253
150 386
150 472
150 511
150 582
150 937
150 1159
150 1246
151 380
151 399
151 525
151 591
151 594
151 614
151 624
151 677
151 683
151 703
151 709
151 739
151 842
151 877
151 995
151 1092
151 1110
151 1123
151 1226
152 210
152 253
152 279
152 427
152 511
152 526
152 582
152 1211
152 1246
153 253
153 361
153 386
153 440
153 486
153 616
153 636
153 884
153 937
153 957
153 1065
153 1153
153 1159
154 306
154 465
154 480
154 570
154 628
154 665
154 745
154 1057
154 1093
155 933
155 1037
156 297
156 301
156 442
156 450
156 934
156 949
156 962
156 1228
157 188
157 299
157 418
157 973
157 1085
157 1140
158 160
158 457
158 766
158 775
158 792
158 825
158 988
158 1149
159 329
159 580
159 868
159 872
159 1181
159 1233
160 305
160 365
160 457
160 775
160 825
160 988
160 1002
161 414
161 430
161 719
161 736
161 932
161 1027
162 180
162 243
162 317
162 331
162 344
162 513
162 579
162 629
162 751
162 778
162 841
162 918
162 982
162 1001
162 1029
162 1034
162 1074
162 1128
162 1189
163 166
163 295
163 479
163 675
163 715
163 722
163 750
163 873
163 1086
164 204
164 244
164 267
164 624
164 703
164 757
164 842
164 860
164 984
164 987
164 1042
164 1053
164 1167
164 1226
164 1234
165 626
165 705
165 956
165 1176
166 295
166 638
166 675
166 750
166 1086
167 195
167 252
167 447
167 496
167 540
167 795
167 1126
167 1214
167 1237
168 392
168 467
168 528
168 657
168 760
168 847
168 914
168 931
168 946
168 1079
168 1225
169 250
169 260
169 309
169 330
169 357
169 487
169 533
169 602
169 710
169 743
169 748
169 768
169 797
170 181
170 311
170 713
170 735
170 774
170 821
170 848
170 993
170 1013
170 1170
171 228
171 702
171 724
171 783
171 829
171 849
171 875
171 1135
172 307
172 421
172 477
172 501
172 538
172 853
172 1229
173 264
173 808
173 1076
173 1077
173 1119
173 1146
173 1232
174 261
174 353
174 401
174 593
174 606
174 704
174 784
174 900
175 195
175 378
175 540
175 552
175 708
175 713
175 717
175 821
175 1105
175 1114
176 202
176 474
176 574
176 769
176 892
176 953
176 956
176 965
176 985
176 1180
176 1215
177 531
177 623
177 737
177 760
177 847
177 931
177 1151
177 1225
178 196
178 259
178 441
178 530
178 547
178 611
178 732
178 807
178 846
178 994
178 1133
178 1205
179 389
179 752
179 898
179 904
179 935
179 989
179 1070
180 243
180 337
180 499
180 507
180 536
180 751
180 778
180 811
180 918
180 1074
181 311
181 337
181 344
181 507
181 579
181 774
181 841
181 848
181 993
181 1013
181 1074
182 346
182 516
182 564
182 635
182 874
182 1180
183 329
183 868
183 1005
183 1066
183 1080
183 1166
184 210
184 225
184 348
184 453
184 690
184 835
184 942
184 998
184 1045
185 217
185 223
185 330
185 346
185 516
185 533
185 600
185 603
185 716
185 779
185 874
185 1007
185 1187
185 1212
186 442
186 949
186 1247
187 202
187 271
187 475
187 503
187 608
187 738
187 769
187 782
187 1118
187 1215
188 299
188 418
188 497
188 973
188 1049
188 1085
188 1127
188 1140
189 194
189 309
189 357
189 456
189 464
189 684
189 711
189 765
189 1056
189 1068
189 1185
190 213
190 390
190 527
190 545
190 753
190 1031
190 1116
190 1142
190 1195
191 289
191 463
191 868
191 936
191 1168
192 641
192 658
192 1102
193 224
193 541
193 577
193 590
193 650
193 718
193 898
193 1033
193 1036
193 1046
194 309
194 357
194 456
194 487
194 543
194 584
194 668
194 711
194 908
194 1056
194 1083
194 1089
194 1174
195 219
195 337
195 366
195 496
195 540
195 717
195 821
195 1013
195 1018
195 1088
195 1114
195 1214
196 259
196 396
196 441
196 547
196 611
196 721
196 846
196 852
196 945
196 1143
196 1205
197 221
197 257
197 316
197 332
197 439
197 446
197 491
197 646
197 662
197 834
197 916
197 1084
197 1154
197 1178
198 359
198 514
198 572
198 866
198 1038
199 203
199 242
199 282
199 308
199 373
199 417
199 865
199 892
199 965
199 985
199 992
199 1150
199 1173
199 1203
199 1242
200 283
200 319
200 322
200 451
200 680
200 699
200 784
200 1052
200 1179
201 262
201 469
201 471
201 549
201 567
201 867
201 959
201 1043
202 271
202 475
202 574
202 769
202 782
202 953
202 1149
202 1180
202 1215
203 282
203 308
203 373
203 417
203 437
203 761
203 811
203 865
203 992
203 1115
203 1203
203 1242
204 244
204 267
204 614
204 637
204 703
204 757
204 984
204 987
204 1167
204 1226
204 1234
205 236
205 426
205 739
205 788
205 1104
205 1144
206 442
206 934
206 949
206 962
207 299
207 410
207 571
207 785
207 943
207 1049
207 1120
207 1186
208 302
208 844
208 872
208 937
208 1050
208 1139
208 1231
209 563
209 722
209 818
210 253
210 323
210 348
210 526
210 690
210 936
210 954
210 998
210 1045
210 1098
210 1152
211 239
211 266
211 403
211 502
211 558
211 641
211 658
211 1102
211 1202
211 1241
212 322
212 548
212 680
212 772
212 784
212 856
212 948
212 1052
212 1192
212 1209
213 398
213 455
213 527
213 753
213 1122
214 409
214 596
214 609
214 649
214 1015
214 1058
215 383
215 410
215 413
215 429
215 473
215 490
215 571
215 583
215 634
215 653
215 656
215 1011
215 1049
215 1127
216 279
216 292
216 333
216 352
216 391
216 427
216 526
216 630
216 642
216 771
216 945
216 998
216 1211
217 315
217 516
217 533
217 716
217 727
217 779
217 826
217 874
217 1020
217 1091
217 1212
217 1230
218 231
218 353
218 401
218 598
218 700
218 829
218 855
218 875
218 902
218 1117
218 1134
218 1135
218 1137
219 366
219 496
219 540
219 795
219 829
219 1018
219 1076
219 1214
220 386
220 568
220 661
220 872
220 910
220 937
220 1050
220 1159
220 1217
221 257
221 332
221 439
221 443
221 460
221 646
221 662
221 805
221 834
222 277
222 404
222 476
222 677
222 709
222 817
222 883
222 896
222 960
222 1060
222 1100
223 330
223 492
223 603
223 716
223 1007
224 281
224 389
224 405
224 718
224 898
224 1033
224 1070
225 348
225 352
225 835
225 869
225 998
225 1045
226 339
226 393
226 569
226 639
226 758
226 816
227 369
227 438
227 640
227 803
227 1088
228 394
228 448
228 513
228 586
228 783
228 875
229 328
229 796
229 850
229 1141
230 284
230 325
230 476
230 776
230 840
231 353
231 401
231 704
231 795
231 829
231 900
231 939
231 1135
232 289
232 392
232 489
232 550
232 625
232 631
232 914
232 942
232 1021
233 363
233 629
233 778
233 1029
233 1106
233 1128
233 1145
233 1158
233 1223
234 436
234 448
234 492
234 598
234 875
234 979
234 990
234 1007
234 1187
235 321
235 327
235 343
235 647
235 684
235 854
235 969
235 1156
235 1185
236 351
236 426
236 739
236 742
236 777
236 814
236 822
236 967
237 289
237 461
237 506
237 555
237 655
237 729
237 1005
237 1073
237 1080
237 1166
238 398
238 455
238 812
238 827
238 866
238 1038
238 1122
239 381
239 502
239 641
239 658
239 1102
239 1241
240 345
240 449
240 633
240 688
240 740
240 794
240 999
240 1190
240 1222
241 481
241 519
241 599
241 613
241 679
241 1183
242 282
242 308
242 317
242 373
242 629
242 804
242 1150
242 1158
242 1173
242 1223
242 1242
243 513
243 811
243 918
243 1074
243 1126
244 250
244 637
244 725
244 762
244 797
244 906
244 984
244 987
244 1051
244 1121
244 1162
244 1167
245 374
245 390
245 422
245 532
245 815
245 895
245 940
245 1015
245 1111
246 334
246 402
246 503
246 738
247 270
247 281
247 837
247 880
247 924
247 1147
247 1191
248 956
248 965
248 1150
248 1158
248 1173
249 434
249 565
250 260
250 602
250 710
250 743
250 748
250 762
250 768
250 797
250 871
250 974
250 1051
250 1162
250 1227
251 354
251 428
251 466
251 1019
251 1075
252 437
252 438
252 447
252 1126
252 1214
252 1237
253 386
253 584
253 908
253 954
253 957
253 1056
253 1159
253 1211
254 479
254 649
254 1058
254 1082
255 285
255 368
255 589
255 788
255 951
255 966
255 1125
255 1155
255 1249
256 360
256 433
256 454
256 515
256 557
256 671
256 1024
256 1039
256 1131
256 1206
257 316
257 332
257 439
257 443
257 460
257 612
257 646
257 662
257 834
258 376
258 404
258 515
258 671
258 1023
258 1024
259 464
259 530
259 543
259 547
259 668
259 711
259 846
259 994
259 997
259 1133
259 1174
260 357
260 468
260 487
260 533
260 602
260 710
260 748
260 768
260 836
260 974
261 451
261 576
261 593
261 606
261 916
261 1084
262 471
262 477
262 567
262 853
262 867
262 1043
263 349
263 524
263 831
264 301
264 450
264 808
264 827
264 1077
264 1119
264 1122
265 275
265 607
265 696
265 726
265 1193
266 403
266 558
266 638
266 1241
267 340
267 358
267 624
267 703
267 757
267 995
267 1053
267 1177
267 1198
267 1226
267 1234
268 298
268 325
268 494
268 1136
269 455
269 527
269 532
269 753
269 913
269 1078
269 1224
270 596
270 609
270 650
270 718
270 728
270 873
270 1147
270 1191
271 408
271 475
271 503
271 608
271 766
271 769
271 782
271 792
271 1118
271 1149
271 1215
272 361
272 440
272 445
272 452
272 664
272 712
272 731
272 744
272 862
272 884
272 912
272 1065
272 1148
272 1218
273 354
273 428
273 466
273 565
273 578
273 678
273 730
273 944
273 1019
273 1075
274 520
274 922
275 458
275 696
275 726
275 1193
276 395
276 413
276 415
276 429
276 521
276 800
276 930
276 1017
276 1034
276 1138
276 1213
276 1240
277 692
277 709
277 817
277 857
277 883
277 894
277 960
277 975
277 1060
277 1110
277 1238
278 470
278 486
278 601
278 893
278 925
278 1112
278 1163
279 292
279 333
279 391
279 427
279 526
279 582
279 642
279 771
279 869
279 998
279 1211
280 298
280 454
280 671
280 676
280 840
280 889
280 929
280 1204
281 313
281 880
281 919
281 1033
281 1147
282 308
282 373
282 417
282 804
282 865
282 892
282 1150
282 1173
282 1203
282 1242
283 319
283 491
283 680
283 699
283 963
283 1084
283 1154
283 1179
284 840
285 424
285 589
285 951
285 1000
285 1125
286 325
286 705
286 883
286 1130
286 1145
286 1176
287 329
287 341
287 568
287 661
287 729
287 872
287 910
287 1050
287 1080
287 1095
287 1166
288 469
288 615
289 323
289 550
289 655
289 936
289 1021
290 318
290 852
290 1040
291 498
291 672
291 1032
292 391
292 427
292 529
292 630
292 642
292 771
292 824
293 375
293 621
293 752
293 879
293 935
293 952
293 989
293 1081
293 1197
294 372
294 411
294 467
294 561
294 566
294 585
294 669
294 672
294 706
294 927
294 1032
294 1059
295 479
295 638
295 675
295 750
296 604
296 767
296 905
296 975
296 1238
297 442
297 681
297 934
297 949
297 962
297 964
298 454
298 676
298 1136
299 406
299 418
299 497
299 571
299 578
299 943
299 973
299 1049
299 1127
299 1140
300 304
300 481
300 512
300 541
300 599
300 650
300 828
300 845
300 886
300 1046
300 1055
300 1107
301 450
301 812
301 827
301 962
301 1119
301 1122
301 1195
301 1210
301 1228
302 844
302 921
302 1003
302 1139
302 1231
303 591
303 683
303 739
303 1092
303 1123
303 1144
303 1243
304 326
304 599
304 828
304 845
304 886
304 1107
305 346
305 365
305 635
305 645
305 763
305 809
305 1002
305 1009
306 312
306 335
306 377
306 568
306 570
306 617
306 628
306 745
306 1057
306 1093
306 1095
307 538
307 767
307 853
308 317
308 373
308 499
308 804
308 811
308 865
308 1150
308 1242
309 357
309 456
309 487
309 584
309 602
309 711
309 743
309 748
309 765
309 954
309 1056
309 1083
309 1098
310 575
310 707
310 777
310 814
310 906
310 1121
310 1177
310 1198
310 1234
311 337
311 507
311 536
311 735
311 774
311 803
311 848
311 993
311 1013
311 1088
311 1170
312 377
312 387
312 480
312 537
312 628
312 754
312 773
312 820
312 838
312 970
312 1161
313 350
313 648
313 684
313 765
313 888
313 919
313 928
313 1033
314 380
314 425
314 461
314 555
314 581
314 614
314 620
314 877
314 907
314 1073
314 1097
315 444
315 462
315 666
315 727
315 826
315 836
315 1020
315 1188
315 1207
315 1230
316 332
316 371
316 439
316 443
316 446
316 460
316 612
316 646
316 662
316 834
316 1044
316 1178
317 331
317 367
317 493
317 499
317 629
317 751
317 778
317 804
317 811
317 982
317 1034
318 509
318 732
318 807
318 852
318 1040
318 1113
319 322
319 451
319 680
319 772
319 784
319 1052
319 1179
320 664
320 673
320 694
320 731
320 830
320 882
320 961
321 327
321 343
321 403
321 558
321 647
321 854
321 969
321 1044
321 1156
322 451
322 659
322 680
322 784
322 1052
323 382
323 936
324 367
324 419
324 473
324 490
324 583
324 634
324 653
324 996
324 1011
324 1022
324 1061
325 494
325 883
326 512
326 649
326 828
326 886
326 887
326 1055
327 343
327 647
327 687
327 715
327 837
327 854
327 969
327 1216
328 667
328 796
328 850
328 1141
329 661
329 872
329 910
329 1005
329 1050
329 1080
329 1166
330 492
330 516
330 533
330 600
330 603
330 716
330 779
330 1007
330 1212
331 493
331 507
331 579
331 751
331 778
331 982
331 1001
331 1017
331 1034
331 1074
331 1128
331 1189
332 371
332 439
332 443
332 446
332 460
332 491
332 612
332 646
332 662
332 834
332 1178
333 352
333 391
333 427
333 456
333 1056
333 1211
334 402
334 416
334 560
334 610
334 738
334 941
335 506
335 568
335 617
335 652
335 720
335 1095
336 410
336 627
336 686
336 781
336 839
336 899
336 1120
337 369
337 540
337 803
337 848
337 1013
337 1018
337 1088
337 1126
337 1214
338 681
338 964
338 1047
339 355
339 393
339 569
339 587
339 639
339 816
340 358
340 624
340 632
340 703
340 757
340 832
340 861
340 1053
341 661
341 729
341 910
341 1050
341 1080
341 1095
341 1166
342 399
342 404
342 476
342 534
342 896
342 972
342 1016
342 1087
342 1100
343 352
343 464
343 530
343 647
343 684
343 837
343 854
343 969
343 1068
343 1156
343 1185
344 504
344 579
344 841
344 930
344 1001
344 1017
344 1074
344 1189
345 376
345 688
345 794
345 858
345 1006
345 1222
346 516
346 600
346 635
346 763
346 809
346 874
346 1020
346 1187
347 619
347 793
347 802
348 453
348 526
348 690
348 835
348 869
348 936
348 998
348 1045
349 384
349 444
349 452
349 462
349 524
349 618
349 666
349 754
349 831
349 838
349 1188
349 1207
350 432
350 690
350 743
350 765
350 888
350 919
350 928
350 1098
350 1152
351 777
351 806
351 814
351 967
352 391
352 824
352 998
352 1211
353 401
353 593
353 598
353 700
353 704
353 939
353 1134
353 1135
353 1137
354 418
354 428
354 466
354 565
354 578
354 944
354 1019
354 1075
355 621
355 816
355 904
355 1099
356 472
356 551
356 601
356 622
356 682
356 893
356 1041
356 1072
357 456
357 487
357 584
357 602
357 711
357 743
357 748
357 765
357 768
357 1083
357 1098
358 421
358 624
358 632
358 861
358 986
358 995
358 1053
358 1243
359 514
359 572
359 866
359 909
359 1038
359 1210
360 433
360 759
360 1039
360 1131
360 1206
361 386
361 570
361 616
361 862
361 884
361 908
361 937
361 957
361 970
361 1065
361 1089
361 1153
361 1159
361 1217
361 1218
362 483
362 544
362 644
362 876
362 1054
363 629
363 1029
363 1128
363 1145
363 1223
364 728
364 878
364 1191
365 856
365 948
365 1002
365 1132
366 496
366 540
366 829
366 1018
366 1076
366 1214
367 473
367 485
367 490
367 493
367 751
367 790
367 982
367 1034
368 372
368 589
368 788
368 813
368 891
368 951
368 966
368 1059
368 1125
369 438
369 640
369 717
369 803
369 1013
369 1088
370 431
370 463
370 531
370 623
370 890
370 1004
370 1168
371 400
371 443
371 460
371 646
371 654
371 805
371 855
371 911
371 1044
372 561
372 672
372 813
372 891
372 966
372 967
372 1059
372 1125
372 1155
373 417
373 804
373 865
373 1150
373 1203
373 1242
374 389
374 390
374 422
374 527
374 532
374 545
374 747
374 753
374 815
374 895
374 940
374 1015
374 1031
374 1111
375 587
375 588
375 621
375 752
375 989
376 734
376 858
376 972
376 1087
376 1248
377 387
377 617
377 628
377 745
377 773
377 820
377 1006
377 1093
377 1161
378 455
378 552
378 708
378 713
378 821
378 1105
379 538
379 757
379 857
379 860
379 976
379 1053
379 1064
379 1157
379 1238
380 388
380 399
380 525
380 534
380 594
380 614
380 822
380 842
380 877
380 896
380 987
380 1010
380 1226
381 502
381 509
381 542
381 612
381 1037
382 487
382 506
382 584
382 602
382 768
382 881
382 908
382 954
382 1083
382 1098
382 1194
382 1217
383 413
383 473
383 536
383 634
383 653
383 774
383 930
383 1085
383 1127
384 444
384 452
384 468
384 685
384 754
384 836
384 838
384 862
384 970
384 1089
384 1230
385 698
385 909
385 934
385 977
385 1062
385 1210
386 570
386 584
386 616
386 884
386 908
386 937
386 957
386 1153
386 1159
386 1217
387 537
387 734
387 754
387 820
387 838
387 1161
388 399
388 510
388 525
388 591
388 594
388 742
388 842
388 877
388 1010
388 1103
389 405
389 422
389 815
389 904
389 935
389 1031
389 1070
389 1111
390 422
390 527
390 532
390 545
390 747
390 815
390 895
390 940
390 1015
390 1031
390 1111
390 1116
390 1195
390 1235
391 427
391 529
391 630
391 824
391 1211
392 625
392 631
392 847
392 901
392 914
392 942
392 1021
393 569
393 639
393 981
393 1160
394 448
394 564
394 586
394 864
394 1009
394 1063
395 413
395 415
395 429
395 521
395 800
395 1017
395 1138
395 1213
395 1240
396 441
396 488
396 611
396 673
396 721
396 732
396 798
396 852
396 950
396 961
396 1143
396 1205
397 472
397 511
397 551
397 582
397 682
397 890
397 897
397 1072
397 1168
397 1233
397 1246
398 455
398 527
398 532
398 812
398 827
398 866
398 1122
398 1195
398 1210
399 525
399 534
399 594
399 614
399 677
399 709
399 842
399 877
399 896
399 987
399 1226
400 443
400 460
400 695
400 723
400 787
400 805
400 911
400 1232
401 593
401 700
401 704
401 900
401 939
401 1135
402 416
402 560
402 592
402 606
402 610
402 941
403 558
403 638
403 641
403 1241
404 476
404 515
404 671
404 677
404 896
404 1024
404 1060
404 1100
405 539
405 718
405 898
405 904
405 955
405 1070
405 1171
406 418
406 466
406 578
406 786
406 943
406 1019
407 452
407 524
407 685
407 744
407 770
407 830
408 475
408 608
408 782
408 1090
408 1118
408 1149
409 512
409 539
409 596
409 609
409 649
409 674
409 1055
410 429
410 497
410 571
410 656
410 733
410 781
410 1049
410 1120
410 1127
410 1186
411 561
411 566
411 669
411 813
411 891
411 927
411 1059
412 833
412 859
412 879
412 935
412 1031
412 1108
412 1111
412 1142
413 429
413 473
413 930
413 1017
413 1240
414 470
414 486
414 636
414 719
414 736
414 893
414 1027
414 1065
414 1112
415 504
415 521
415 595
415 746
415 1001
415 1017
415 1138
415 1189
415 1213
415 1240
416 560
416 576
416 606
416 610
416 693
416 915
416 941
416 980
417 663
417 865
417 892
417 992
417 1115
417 1203
417 1242
418 578
418 786
418 943
418 944
418 973
418 1019
418 1054
418 1140
419 459
419 473
419 490
419 583
419 634
419 653
419 1011
419 1035
419 1061
419 1085
419 1127
420 483
420 621
420 627
420 686
420 839
420 1099
421 471
421 549
421 632
421 853
421 986
421 1043
421 1200
421 1229
422 545
422 747
422 815
422 859
422 904
422 1031
422 1070
422 1111
423 440
423 611
423 846
423 912
423 945
423 1027
423 1143
423 1148
423 1174
424 556
424 589
424 923
424 1000
424 1094
425 461
425 555
425 568
425 581
425 617
425 652
425 720
425 729
425 1095
426 482
426 739
426 788
426 923
426 1094
426 1104
426 1144
426 1243
427 526
427 642
427 771
427 1211
428 466
428 565
428 578
428 678
428 944
428 1019
428 1075
429 656
429 781
429 983
429 1064
429 1127
429 1175
429 1240
430 470
430 546
430 719
430 721
430 932
430 950
430 1048
431 463
431 651
431 869
431 890
431 1168
432 631
432 901
432 919
432 942
432 1033
433 454
433 968
433 1039
433 1131
433 1136
434 466
434 1169
435 761
436 448
436 700
436 772
436 784
436 864
436 979
436 1009
436 1052
436 1063
437 447
437 761
437 811
437 1115
437 1126
437 1237
438 640
438 1088
439 446
439 460
439 646
439 662
439 834
439 916
439 1178
440 636
440 712
440 846
440 884
440 912
440 1027
440 1065
440 1143
440 1148
440 1153
440 1174
440 1218
441 488
441 611
441 721
441 732
441 852
441 1143
441 1205
442 714
442 934
442 949
442 962
442 964
443 460
443 500
443 646
443 654
443 662
443 723
443 787
443 805
443 911
443 1044
444 452
444 462
444 618
444 666
444 685
444 754
444 809
444 1020
444 1188
444 1207
444 1230
445 465
445 665
445 712
445 862
445 1218
446 491
446 646
446 662
446 834
446 916
446 1178
447 1126
447 1214
447 1237
448 492
448 600
448 645
448 763
448 864
448 979
448 990
448 1007
448 1009
448 1187
449 633
449 740
449 999
449 1190
449 1222
450 827
450 1077
450 1119
450 1220
450 1228
451 576
451 606
451 659
451 693
451 784
452 685
452 731
452 744
452 770
452 831
452 862
452 970
453 901
453 942
454 671
454 676
454 929
454 968
454 1024
454 1131
454 1136
455 527
455 532
455 713
455 753
455 821
455 1224
456 464
456 530
456 584
456 711
456 954
456 1056
456 1211
457 766
457 775
457 792
457 825
457 988
457 1149
458 518
458 605
459 938
459 1035
459 1169
460 500
460 646
460 654
460 662
460 723
460 787
460 805
460 834
460 911
461 506
461 555
461 568
461 581
461 729
461 1073
461 1080
461 1095
462 618
462 666
462 727
462 809
462 1020
462 1188
462 1207
462 1230
463 531
463 623
463 1004
463 1168
464 530
464 543
464 711
464 994
464 1068
464 1156
465 480
465 628
465 665
465 1218
466 565
466 578
466 786
466 1019
466 1075
467 518
467 528
467 561
467 566
467 605
467 706
467 927
467 1032
467 1079
468 487
468 533
468 602
468 685
468 748
468 836
468 1089
468 1230
469 615
470 486
470 546
470 719
470 893
470 932
470 1048
470 1112
471 549
471 567
471 615
471 853
471 867
471 959
471 986
471 1043
472 511
472 551
472 682
472 897
472 1041
472 1072
472 1139
472 1233
472 1246
473 490
473 583
473 634
473 653
473 1011
473 1022
473 1061
473 1085
473 1127
474 520
474 956
475 503
475 608
475 738
475 769
475 782
475 1118
475 1215
476 671
476 776
476 840
476 972
476 1016
476 1060
476 1087
476 1100
477 567
477 853
477 867
478 716
478 779
478 885
478 894
478 1042
478 1091
478 1212
478 1227
479 728
479 750
479 873
480 570
480 628
480 665
480 745
480 838
480 1057
481 519
481 599
481 613
481 679
481 845
481 1107
481 1183
482 556
482 670
482 923
482 959
482 1094
482 1144
483 497
483 627
483 644
483 839
483 899
483 1054
483 1120
483 1140
484 542
484 1025
485 790
486 546
486 893
486 1112
486 1163
487 584
487 602
487 748
487 768
487 836
487 881
487 908
487 1083
487 1089
487 1098
487 1194
487 1217
488 673
488 732
488 798
488 852
488 882
488 961
488 1113
488 1143
489 550
489 625
489 631
489 655
489 707
489 906
489 914
489 1021
489 1121
490 583
490 634
490 653
490 996
490 1011
490 1022
490 1035
490 1061
490 1085
490 1127
491 662
491 916
491 1084
491 1154
491 1178
491 1182
492 600
492 603
492 875
492 990
492 1007
492 1067
492 1187
493 790
493 800
493 917
493 982
493 1034
493 1106
494 1136
495 498
495 590
495 898
495 1036
496 540
496 1018
496 1076
496 1214
497 571
497 839
497 973
497 1049
497 1120
497 1127
497 1140
498 528
498 590
498 672
498 1032
498 1036
499 751
499 804
499 811
499 1242
500 654
500 723
500 805
501 733
501 785
502 509
502 658
502 1044
503 663
503 738
503 769
503 1118
503 1215
504 521
504 579
504 603
504 716
504 1001
504 1029
504 1128
504 1138
504 1189
504 1213
505 799
505 977
506 555
506 568
506 661
506 729
506 881
506 1194
507 536
507 751
507 774
507 803
507 848
507 930
507 982
507 1074
508 545
508 715
508 808
508 818
508 920
508 1164
508 1216
508 1219
509 658
509 732
509 807
509 958
509 1133
510 525
510 591
510 594
510 739
510 742
510 1010
510 1092
510 1103
510 1123
511 551
511 582
511 897
511 1246
512 523
512 596
512 609
512 649
512 650
512 886
512 887
512 1055
513 586
513 783
513 918
513 1074
514 572
514 866
514 909
514 1038
514 1062
515 557
515 671
515 677
515 1023
515 1024
515 1206
516 600
516 603
516 716
516 779
516 874
516 1007
516 1029
516 1187
516 1212
517 832
517 981
517 1200
517 1201
517 1249
518 566
518 605
518 706
518 927
518 1079
519 528
519 599
519 679
519 1183
520 922
521 595
521 746
521 1017
521 1138
521 1157
521 1213
521 1240
522 755
522 800
522 983
522 1129
522 1175
523 728
523 887
523 1191
524 535
524 618
524 666
524 831
525 591
525 594
525 614
525 624
525 677
525 683
525 709
525 739
525 742
525 842
525 877
525 896
525 1092
525 1103
525 1110
525 1123
525 1226
526 582
526 869
526 998
526 1045
526 1211
526 1246
527 532
527 753
527 812
527 1195
528 605
528 679
528 706
528 1032
528 1079
529 547
529 630
529 1202
530 547
530 630
530 711
530 994
530 1068
530 1156
530 1202
531 623
531 1004
531 1168
531 1181
532 753
532 812
532 1195
532 1224
533 600
533 710
533 748
533 836
533 1007
533 1020
533 1212
533 1230
534 614
534 842
534 877
534 885
534 896
534 987
534 1016
535 618
535 666
535 1188
535 1207
536 653
536 751
536 774
536 803
536 848
536 930
536 982
537 628
537 773
537 820
537 838
537 1161
538 733
538 755
538 976
538 983
538 1064
538 1175
539 596
539 609
539 674
539 689
539 955
539 1171
540 821
540 1013
540 1018
540 1076
540 1114
540 1214
541 577
541 650
541 718
541 1046
542 1025
542 1040
543 668
543 711
543 731
543 990
543 994
543 1174
544 597
544 876
544 1014
544 1096
545 715
545 747
545 859
545 895
545 940
545 1015
545 1031
545 1111
545 1116
545 1195
545 1235
546 642
546 721
546 771
546 945
546 950
546 1048
547 611
547 630
547 945
547 1202
547 1205
548 680
548 772
548 948
548 958
548 1052
548 1182
548 1192
548 1209
549 556
549 632
549 923
549 959
549 986
549 1000
549 1043
549 1094
549 1200
550 625
550 631
550 655
550 707
550 906
550 1021
550 1121
551 582
551 682
551 897
551 1072
551 1246
552 708
552 713
552 717
552 801
552 821
552 978
552 1105
552 1114
552 1165
552 1170
553 756
553 767
553 959
553 1244
554 563
555 581
555 655
555 729
555 871
555 1162
556 670
556 923
556 959
556 1000
556 1094
556 1104
556 1144
557 562
557 1023
557 1039
557 1206
558 638
558 647
558 687
558 1241
559 595
559 637
559 725
559 741
559 746
559 984
559 1028
559 1051
559 1081
559 1167
559 1199
559 1208
559 1236
560 576
560 606
560 610
560 693
560 915
560 941
560 980
561 566
561 585
561 669
561 672
561 706
561 927
561 1032
561 1059
562 759
562 1039
564 586
564 1180
564 1223
565 578
565 1019
565 1075
566 605
566 669
566 706
566 927
567 853
567 867
567 1043
568 617
568 661
568 729
568 910
568 1050
568 1095
568 1166
569 639
569 758
569 816
570 616
570 745
570 884
570 937
570 957
570 1057
570 1153
570 1159
570 1218
571 583
571 656
571 1049
571 1120
571 1127
571 1140
571 1186
572 866
572 1014
572 1038
572 1096
573 626
573 863
573 991
573 1176
573 1184
573 1239
574 608
574 769
574 782
574 892
574 953
574 965
574 985
574 1173
574 1215
575 614
575 620
575 777
575 814
575 822
575 851
575 906
575 907
575 1097
575 1121
575 1177
576 606
576 659
576 693
576 915
576 941
577 650
577 718
577 1008
577 1046
578 678
578 786
578 943
578 944
578 1019
579 778
579 841
579 930
579 982
579 1001
579 1017
579 1074
579 1128
579 1138
579 1189
580 868
580 890
580 1168
580 1181
580 1233
580 1246
581 620
581 729
581 907
581 1010
581 1073
581 1097
582 869
582 1246
583 634
583 653
583 996
583 1011
583 1049
583 1061
583 1085
583 1127
584 602
584 881
584 908
584 954
584 957
584 1056
584 1083
584 1089
584 1098
584 1159
584 1194
584 1217
585 669
585 891
585 1059
586 1029
587 588
587 627
587 686
587 981
588 627
588 686
588 981
589 788
589 951
589 966
589 1104
589 1125
590 898
590 1036
591 594
591 677
591 683
591 739
591 742
591 1092
591 1103
591 1123
592 610
592 643
592 660
592 663
592 697
592 738
592 819
592 900
592 939
593 606
593 704
593 900
593 916
594 677
594 683
594 709
594 842
594 896
594 1092
594 1110
594 1123
595 741
595 746
595 1064
595 1081
595 1208
595 1213
595 1236
595 1240
596 609
596 649
596 650
596 674
596 718
596 1055
596 1171
597 644
597 713
597 876
597 913
597 1014
597 1078
597 1096
597 1224
598 700
598 810
598 875
598 979
598 1134
598 1135
598 1137
598 1182
599 679
599 845
599 1046
599 1107
599 1183
600 645
600 763
600 990
600 1007
600 1187
601 622
601 682
601 893
601 925
601 1041
602 710
602 743
602 748
602 768
602 797
602 881
602 908
602 974
602 1083
602 1098
602 1194
603 716
603 1007
603 1028
603 1212
604 692
604 756
604 905
604 1221
605 706
605 1079
606 610
606 659
606 693
606 941
607 737
607 946
607 971
607 1225
608 782
608 1090
608 1118
609 649
609 650
609 1055
610 660
610 900
610 941
611 721
611 846
611 945
611 950
611 1143
611 1205
612 1037
612 1154
613 823
613 955
613 1107
614 822
614 842
614 877
614 987
614 995
614 1097
614 1177
614 1226
615 1000
616 884
616 937
616 957
616 1065
616 1089
616 1153
616 1159
616 1217
616 1218
617 652
617 720
617 1095
618 666
618 831
618 1188
618 1207
619 793
619 802
620 777
620 822
620 851
620 907
620 1073
620 1097
621 952
621 989
621 1099
621 1197
622 1041
622 1072
623 1004
623 1151
623 1168
624 703
624 709
624 757
624 842
624 860
624 861
624 995
624 1053
624 1092
624 1226
624 1243
625 631
625 691
625 764
625 914
625 1021
625 1066
626 1176
626 1239
627 686
627 839
627 899
628 745
628 773
628 820
628 838
628 1057
628 1161
629 778
629 1029
629 1106
629 1128
629 1145
629 1158
629 1223
630 647
630 824
630 1202
631 707
631 901
631 914
631 942
631 1021
632 861
632 986
632 1043
632 1104
632 1200
632 1243
633 740
633 780
633 850
633 889
633 999
633 1141
633 1172
633 1190
633 1222
633 1248
634 653
634 1011
634 1035
634 1061
634 1085
634 1127
635 727
635 809
635 874
635 1020
635 1239
636 712
636 884
636 921
636 1065
636 1148
636 1153
636 1218
637 725
637 762
637 984
637 1051
637 1167
637 1199
637 1208
637 1234
638 675
638 687
638 1086
639 758
639 816
640 1088
641 658
641 1102
642 771
642 945
642 1211
643 660
643 663
643 697
643 738
643 819
643 900
643 939
644 730
644 876
644 1054
644 1140
645 685
645 763
645 990
645 1187
646 662
646 805
646 834
646 911
647 687
647 824
647 837
647 969
648 684
648 859
648 969
648 1116
649 1055
649 1058
650 718
650 1055
650 1107
651 869
651 878
652 701
652 734
652 871
652 972
652 1016
652 1087
653 1011
653 1061
653 1085
653 1127
654 723
654 805
654 911
654 1044
654 1241
655 906
655 1021
655 1080
655 1121
656 983
656 1022
656 1127
656 1175
656 1240
657 691
657 706
657 764
657 927
657 1079
658 1102
658 1202
659 693
659 941
659 980
660 697
660 900
660 939
661 729
661 872
661 910
661 1050
661 1080
661 1093
661 1095
661 1166
662 834
662 916
662 1178
663 697
663 738
663 819
663 1203
664 694
664 712
664 882
664 912
664 1148
666 809
666 1188
666 1207
666 1230
667 794
668 711
668 731
668 912
668 994
668 1056
668 1089
668 1174
669 813
669 891
669 1059
670 923
670 1094
670 1144
671 929
671 1024
671 1060
672 1032
673 732
673 798
673 852
673 882
673 961
673 1113
674 689
674 955
674 1107
674 1171
675 687
675 715
675 750
675 1086
676 929
676 1204
677 683
677 709
677 896
677 1060
677 1110
678 730
678 944
678 1054
679 1183
680 699
680 1052
680 1179
680 1192
680 1209
681 934
681 964
681 1047
682 897
682 1072
682 1163
683 709
683 739
683 975
683 1092
683 1110
683 1123
683 1243
684 765
684 837
684 888
684 969
684 1185
685 731
685 744
685 770
685 836
686 839
686 899
687 824
687 837
687 924
688 794
688 1006
689 823
689 955
689 1171
690 765
690 954
690 998
690 1098
690 1152
691 764
691 931
691 1066
692 709
692 756
692 817
692 960
692 975
692 1060
692 1110
692 1221
693 915
693 941
693 980
694 830
694 856
694 882
694 1209
695 787
695 1077
695 1164
695 1220
696 726
696 845
696 1193
697 900
697 939
698 977
699 1012
699 1069
699 1109
699 1179
700 875
700 979
700 1134
700 1135
700 1137
700 1182
701 826
701 871
701 885
701 972
701 974
701 1016
701 1091
701 1100
701 1162
701 1227
702 724
702 849
702 875
702 1067
702 1142
703 757
703 842
703 860
703 987
703 995
703 1053
703 1177
703 1198
703 1226
703 1234
704 900
704 939
705 917
705 1030
705 1106
706 927
706 1079
707 906
707 1021
707 1121
708 713
708 1105
708 1114
709 817
709 896
709 960
709 975
709 1110
710 743
710 748
710 768
710 797
710 974
710 1028
710 1051
710 1091
710 1162
710 1227
711 994
711 1056
711 1068
711 1174
712 862
712 884
712 912
712 1065
712 1148
712 1218
713 821
713 1105
713 1170
714 949
715 747
715 750
715 1086
715 1216
716 779
716 874
716 1091
716 1212
717 803
717 821
717 1013
717 1026
717 1088
717 1114
717 1165
718 1033
718 1171
719 736
719 932
719 1112
720 858
720 1095
721 852
721 950
721 1027
721 1048
721 1143
721 1205
722 750
723 787
723 805
724 849
724 1067
724 1142
725 762
725 797
725 984
725 1028
725 1051
725 1081
725 1167
725 1199
725 1208
725 1236
726 1193
727 1020
727 1184
728 873
728 1147
728 1191
729 910
729 1073
729 1080
729 1095
729 1166
730 944
730 1054
731 744
731 830
731 862
731 912
731 1174
732 798
732 807
732 852
732 1113
732 1205
733 755
733 785
733 1186
734 972
734 1016
734 1087
734 1190
734 1248
735 774
735 803
735 848
735 913
735 993
735 1013
735 1078
735 1170
736 893
736 925
736 1112
737 760
737 946
737 971
737 1225
738 769
739 742
739 822
739 995
739 1092
739 1103
739 1123
739 1243
740 780
740 794
740 850
740 999
740 1141
740 1190
740 1222
740 1248
741 746
741 752
741 984
741 1064
741 1081
741 1208
741 1236
742 822
742 842
742 907
742 1010
742 1092
742 1103
742 1123
743 762
743 765
743 768
743 797
743 888
743 928
743 1051
743 1083
743 1098
743 1152
744 770
744 830
744 862
744 912
745 1057
745 1093
746 1138
746 1213
746 1236
746 1240
747 859
747 1031
747 1111
747 1116
748 768
748 836
748 881
748 974
748 1083
748 1194
749 825
749 863
749 988
750 873
750 1086
751 778
751 804
751 811
751 918
751 982
751 1034
752 935
752 989
752 1081
752 1160
752 1197
753 1031
753 1108
753 1111
754 838
754 970
755 983
755 1175
756 759
756 975
756 1110
756 1221
756 1244
757 857
757 860
757 976
757 1053
757 1226
758 1124
759 1039
759 1221
760 847
760 946
760 1004
760 1225
761 1115
761 1242
762 768
762 797
762 906
762 928
762 984
762 1051
762 1121
762 1167
762 1199
763 809
763 864
763 1009
763 1187
764 927
765 888
765 928
765 954
765 1098
765 1152
765 1185
766 775
766 1009
767 1244
768 797
768 871
768 881
768 974
768 1051
768 1083
768 1098
768 1162
768 1194
769 892
769 953
769 965
769 1173
769 1180
769 1215
770 830
771 1163
771 1211
772 784
772 864
772 948
772 979
772 1052
772 1063
772 1182
773 820
773 1006
773 1161
774 803
774 848
774 930
774 993
774 1013
774 1170
775 792
775 825
775 988
775 991
775 1149
776 840
776 889
776 972
776 1100
777 806
777 814
777 851
777 967
777 1097
778 918
778 982
778 1001
778 1034
778 1074
778 1128
778 1189
779 826
779 874
779 1091
779 1212
780 850
780 889
780 999
780 1101
780 1141
780 1204
780 1222
781 839
781 952
781 1064
781 1120
782 985
782 1090
782 1118
782 1215
783 829
783 875
783 1135
784 864
784 979
784 1052
784 1063
785 1186
786 943
786 1011
786 1019
787 805
787 911
787 1232
788 951
788 966
788 967
788 1104
788 1125
788 1155
789 791
789 865
789 870
789 992
791 865
791 870
791 992
792 1149
794 999
794 1222
795 829
795 939
795 1126
795 1214
796 1101
796 1141
796 1204
797 974
797 1028
797 1051
797 1167
798 852
798 882
798 961
798 1113
799 977
799 1224
800 917
800 983
800 1022
800 1129
800 1130
800 1157
800 1175
800 1240
801 978
801 1026
801 1096
801 1165
802 1172
803 848
803 1013
803 1088
803 1170
804 1150
804 1242
805 911
806 814
806 851
807 958
807 997
807 1113
807 1133
807 1192
808 920
808 1077
808 1119
808 1122
808 1146
808 1220
808 1232
809 1020
809 1230
810 854
810 855
810 997
810 1068
810 1137
810 1156
811 918
811 1242
812 827
812 866
812 1122
812 1195
812 1210
813 891
813 966
813 1059
814 822
814 967
814 1177
814 1198
815 904
815 1031
815 1111
816 1099
817 857
817 883
817 960
817 975
817 1060
817 1110
817 1221
817 1238
818 1086
818 1164
818 1216
818 1219
818 1220
819 900
819 939
819 1063
820 838
820 1006
820 1161
821 1013
821 1018
821 1105
821 1114
821 1170
822 842
822 907
822 995
822 1010
822 1097
822 1103
822 1177
823 955
823 1107
824 924
825 988
826 974
826 1016
826 1091
826 1100
826 1227
827 866
827 1119
827 1122
827 1195
827 1210
828 886
829 1018
829 1076
829 1117
829 1134
829 1135
830 856
830 1132
831 838
832 981
832 1160
833 879
833 928
833 1028
833 1081
833 1197
833 1199
833 1208
834 1178
835 869
835 998
835 1045
836 1230
837 924
837 969
838 970
839 899
839 1120
840 889
840 929
840 1248
841 848
841 930
841 1001
841 1074
841 1189
842 877
842 987
842 995
842 1092
842 1177
842 1226
843 968
844 921
844 937
844 1057
844 1093
844 1139
844 1231
845 886
845 947
845 1046
846 882
846 945
846 1027
846 1143
846 1148
846 1174
847 914
847 931
847 946
847 1079
847 1225
848 930
848 993
848 1013
848 1170
849 902
849 920
849 1117
849 1134
849 1135
849 1137
849 1146
850 999
850 1141
850 1172
850 1204
851 907
851 1097
852 961
852 1143
852 1205
853 867
853 986
853 1043
853 1229
854 969
854 1156
855 902
855 1117
855 1134
855 1137
856 948
856 1002
856 1132
856 1209
857 860
857 894
857 960
857 976
857 1053
857 1157
857 1238
859 1031
859 1111
859 1116
860 976
860 1042
860 1053
861 995
861 1104
861 1243
862 884
862 912
862 970
862 1218
863 991
863 1239
864 979
864 1009
864 1063
865 892
865 985
865 992
865 1203
866 1038
866 1210
867 1043
868 1005
868 1151
869 998
869 1045
870 926
870 992
871 974
871 1162
871 1227
872 910
872 1050
872 1166
872 1231
873 1191
874 1029
874 1212
875 1067
875 1134
875 1135
875 1137
876 1014
876 1096
877 896
877 987
877 1226
878 1004
878 1196
879 935
879 989
879 1108
879 1197
880 924
880 1033
880 1147
880 1191
881 908
881 1083
881 1098
881 1194
881 1217
882 912
882 961
882 1143
882 1148
883 894
883 960
883 1060
884 912
884 937
884 957
884 1065
884 1089
884 1153
884 1218
885 896
885 974
885 987
885 1042
885 1091
885 1162
885 1167
885 1227
886 1055
886 1107
887 1055
888 919
888 928
888 1152
889 929
889 1190
889 1222
889 1248
890 897
890 1168
890 1181
890 1246
891 1059
892 965
892 985
892 1173
892 1203
892 1215
893 925
893 1112
894 960
894 1042
894 1157
894 1238
895 940
895 1015
895 1195
895 1235
896 1016
896 1042
896 1060
896 1100
897 1072
897 1233
897 1246
898 1033
898 1036
898 1070
899 1120
900 939
901 914
901 942
901 1008
902 920
902 1076
902 1117
902 1134
902 1135
902 1137
902 1146
903 1003
904 935
904 1070
904 1111
905 1238
906 1021
906 1121
907 1010
907 1073
907 1097
908 954
908 957
908 1056
908 1083
908 1089
908 1098
908 1159
908 1194
908 1217
909 1062
910 1050
910 1080
910 1093
910 1166
911 1232
912 1148
912 1174
913 1078
913 1224
914 942
914 1021
915 941
915 980
916 1084
916 1178
917 1030
917 1106
917 1130
918 1074
919 1033
920 1146
920 1232
921 1065
921 1218
923 959
923 1000
923 1094
923 1104
923 1144
924 1147
925 1112
926 1090
927 1079
928 1051
928 1199
929 1024
930 982
930 993
930 1017
930 1240
931 1151
931 1225
932 1048
934 949
934 962
934 1210
935 989
935 1031
935 1108
935 1111
935 1197
936 954
936 998
936 1045
937 957
937 1153
937 1159
938 1035
938 1169
940 1015
940 1195
940 1235
941 980
943 1049
944 1019
944 1054
945 1211
946 1079
946 1225
947 1046
947 1196
948 1002
948 1009
948 1132
949 962
949 964
950 1027
950 1048
950 1143
951 966
951 1104
951 1125
951 1155
951 1249
952 1197
953 965
953 991
953 1180
953 1215
954 1056
954 1083
954 1098
954 1152
954 1194
955 1107
955 1171
956 965
956 1158
956 1223
957 1089
957 1153
957 1159
957 1174
957 1217
958 997
958 1133
958 1192
958 1209
959 1043
959 1094
960 975
960 1060
960 1157
960 1238
961 1113
962 1228
963 1084
963 1154
963 1179
964 1047
965 985
965 1173
965 1180
965 1215
965 1223
966 967
966 1125
966 1155
969 1185
970 1089
971 1225
972 1016
972 1087
972 1100
972 1248
973 1085
973 1140
974 1091
974 1162
974 1227
975 1110
975 1221
976 1053
976 1064
977 1062
978 1026
978 1096
978 1165
979 1009
979 1052
979 1063
981 1245
982 1017
982 1034
982 1074
982 1128
983 1022
983 1129
983 1175
984 1051
984 1081
984 1167
984 1199
984 1208
984 1236
985 1173
986 1043
986 1200
987 1162
987 1167
987 1226
989 1081
989 1197
990 1007
990 1067
990 1187
991 1239
992 1115
992 1203
993 1170
994 997
994 1068
994 1133
995 1092
995 1177
995 1198
995 1226
995 1243
996 1022
997 1133
997 1156
998 1045
998 1211
999 1141
999 1190
999 1222
999 1248
1000 1094
1001 1017
1001 1074
1001 1128
1001 1138
1001 1189
1001 1213
1002 1009
1002 1132
1004 1196
1005 1066
1005 1080
1005 1166
1006 1161
1007 1187
1008 1046
1009 1063
1010 1097
1010 1103
1011 1035
1011 1061
1011 1085
1011 1127
1012 1069
1012 1109
1012 1154
1013 1018
1013 1088
1013 1170
1014 1038
1014 1096
1014 1224
1015 1235
1016 1087
1016 1100
1017 1034
1017 1138
1017 1189
1017 1213
1017 1240
1018 1170
1018 1214
1019 1075
1020 1230
1021 1121
1022 1129
1023 1206
1026 1088
1026 1165
1027 1065
1027 1143
1027 1148
1028 1051
1028 1199
1028 1208
1029 1128
1029 1145
1029 1189
1030 1106
1030 1130
1031 1108
1031 1111
1031 1116
1034 1128
1035 1061
1035 1085
1039 1131
1039 1206
1041 1072
1041 1139
1042 1167
1042 1227
1047 1058
1049 1120
1049 1127
1049 1140
1049 1186
1050 1093
1050 1166
1050 1231
1051 1167
1051 1199
1051 1208
1052 1182
1056 1083
1056 1211
1057 1093
1058 1082
1060 1136
1064 1175
1064 1240
1065 1148
1065 1153
1065 1218
1066 1080
1067 1068
1068 1156
1068 1185
1069 1109
1069 1154
1070 1171
1072 1233
1073 1080
1073 1097
1074 1189
1076 1117
1076 1146
1077 1119
1077 1220
1077 1232
1078 1224
1079 1225
1080 1166
1081 1197
1081 1199
1081 1208
1081 1236
1083 1089
1083 1098
1083 1194
1083 1217
1084 1154
1084 1179
1085 1127
1086 1164
1086 1216
1086 1219
1087 1100
1088 1114
1089 1217
1090 1118
1091 1212
1091 1227
1092 1103
1092 1110
1092 1123
1092 1243
1094 1104
1094 1144
1098 1152
1098 1194
1101 1141
1101 1222
1103 1123
1104 1125
1104 1155
1104 1243
1105 1114
1106 1145
1106 1158
1106 1223
1107 1171
1108 1197
1110 1221
1112 1163
1113 1192
1115 1203
1115 1242
1116 1142
1117 1134
1117 1135
1117 1137
1117 1146
1119 1122
1120 1140
1120 1186
1122 1195
1124 1201
1124 1249
1125 1155
1125 1249
1126 1214
1126 1237
1127 1140
1128 1138
1128 1145
1128 1189
1129 1175
1130 1157
1131 1206
1133 1156
1134 1135
1134 1137
1135 1137
1138 1189
1138 1213
1138 1240
1139 1231
1141 1204
1141 1222
1143 1148
1145 1223
1146 1232
1147 1191
1148 1174
1148 1218
1150 1158
1150 1173
1152 1194
1153 1159
1153 1218
1154 1179
1155 1201
1155 1249
1157 1238
1158 1173
1158 1223
1159 1217
1160 1234
1162 1227
1164 1216
1164 1219
1164 1220
1167 1208
1168 1181
1168 1246
1173 1180
1173 1223
1175 1240
1177 1198
1177 1226
1177 1234
1180 1215
1180 1223
1181 1233
1188 1207
1188 1230
1189 1213
1190 1207
1190 1222
1190 1248
1192 1209
1194 1217
1195 1210
1195 1235
1197 1236
1198 1234
1199 1208
1200 1229
1201 1249
1203 1242
1208 1236
1213 1240
1214 1237
1216 1219
1221 1244
1222 1248
1229 1245
