0 114
0 129
0 143
0 153
0 181
0 215
0 216
0 679
0 947
0 976
0 1117
0 1135
0 1207
1 45
1 321
1 324
1 603
1 651
1 752
1 845
1 1005
2 24
2 214
2 499
2 556
2 713
2 887
2 1007
2 1052
3 64
3 139
3 474
3 712
3 1019
3 1149
3 1230
4 48
4 93
4 206
4 320
4 330
4 378
4 442
4 585
4 597
4 686
4 701
4 750
4 962
4 1198
5 42
5 89
5 264
5 526
5 660
5 796
5 889
5 969
5 1190
5 1202
6 706
6 737
6 848
6 988
6 1056
6 1078
6 1154
7 154
7 186
7 197
7 351
7 520
7 618
7 733
7 788
7 1018
7 1086
7 1093
7 1234
8 49
8 472
8 490
8 595
8 764
8 869
8 906
8 998
8 1050
8 1125
9 1040
10 39
10 52
10 67
10 196
10 995
10 1080
10 1153
11 28
11 37
11 74
11 142
11 474
11 605
11 608
11 614
11 712
11 725
11 798
11 913
11 1031
11 1145
11 1232
12 190
12 373
12 430
12 440
12 569
12 575
12 691
12 723
12 813
12 1060
12 1163
12 1185
13 101
13 114
13 135
13 257
13 268
13 809
13 853
13 1105
13 1117
13 1127
14 97
14 243
14 247
14 283
14 316
14 426
14 468
14 519
14 594
14 719
14 754
14 772
14 865
14 866
14 959
14 1000
14 1247
15 61
15 208
15 586
15 710
15 802
15 861
15 986
15 1043
15 1098
16 444
16 565
16 841
16 912
16 968
16 1030
16 1222
17 270
17 417
17 461
17 464
17 771
17 1059
17 1097
17 1134
17 1216
18 138
18 254
18 366
18 402
18 432
18 665
18 666
18 692
18 708
18 824
18 893
18 896
18 897
18 990
18 994
18 1025
18 1045
18 1119
18 1196
19 23
19 505
19 552
19 601
19 779
19 819
19 989
20 64
20 91
20 367
20 434
20 1065
20 1089
20 1226
21 389
21 1103
22 164
22 202
22 455
22 466
22 523
22 577
22 711
22 1055
23 242
23 560
23 601
23 650
23 776
23 779
23 785
23 819
23 1058
23 1099
23 1138
23 1147
24 214
24 499
24 556
24 713
24 887
24 1007
24 1052
25 311
25 318
25 648
25 802
25 1114
25 1217
26 60
26 380
26 404
26 592
26 945
26 991
26 1029
26 1073
27 141
27 171
27 183
27 187
27 451
27 560
27 562
27 591
27 601
27 779
27 1046
27 1109
27 1235
28 74
28 142
28 259
28 605
28 682
28 983
28 1031
28 1239
29 128
29 166
29 227
29 735
29 1003
29 1032
29 1164
30 346
30 431
30 465
30 527
30 530
30 536
31 35
31 75
31 144
31 265
31 295
31 308
31 340
31 534
31 549
31 551
31 778
31 956
31 987
31 1132
32 115
32 801
32 927
32 1054
32 1163
32 1248
33 94
33 792
34 169
34 447
34 508
34 675
35 313
35 454
35 748
35 806
35 932
35 1182
36 494
36 581
36 635
36 1040
37 74
37 123
37 142
37 211
37 474
37 614
37 724
37 725
37 745
37 780
37 798
37 826
37 913
37 997
37 1115
37 1232
38 65
38 726
38 746
38 1166
39 52
39 67
39 196
39 263
39 799
39 995
40 50
40 348
40 407
40 535
40 555
40 655
40 705
40 736
40 742
40 854
40 909
40 927
40 1014
40 1060
41 274
41 277
41 314
41 409
41 696
41 805
41 1061
41 1104
42 89
42 526
42 613
42 963
42 969
42 996
42 1193
43 149
43 459
43 483
43 507
43 870
43 971
43 988
44 345
44 505
44 715
44 871
44 970
45 532
45 603
45 651
45 752
45 845
45 937
45 1005
46 252
46 300
46 360
46 438
46 525
46 791
46 863
47 179
47 271
47 275
47 415
47 513
47 628
47 879
47 1169
47 1170
48 206
48 330
48 442
48 585
48 597
48 678
48 686
48 750
48 812
48 1108
48 1143
49 344
49 906
49 998
49 1050
50 736
50 742
50 859
50 1140
50 1185
51 410
51 538
51 582
51 621
51 732
51 811
51 816
51 829
51 833
51 857
51 882
51 910
51 935
51 963
51 1017
52 67
52 196
52 263
52 370
52 799
53 166
53 227
53 319
53 477
53 479
53 517
53 773
53 777
53 784
53 831
53 917
53 974
53 1184
53 1204
54 100
54 182
54 394
54 542
54 561
54 753
54 1096
55 235
55 302
55 451
55 470
55 662
55 818
55 830
55 992
55 1148
55 1171
56 236
56 356
56 375
56 409
56 487
56 492
56 554
56 621
56 974
56 1017
56 1063
57 273
57 312
57 350
57 721
57 867
57 873
57 888
57 890
57 1091
57 1142
57 1178
57 1242
58 330
58 403
58 442
58 597
58 620
58 678
58 703
58 770
58 899
58 962
58 1044
58 1143
59 320
59 342
59 404
59 491
59 592
59 945
59 991
59 1001
59 1002
59 1049
59 1073
59 1120
60 75
60 308
60 380
60 456
60 534
60 592
60 666
60 756
60 880
60 945
60 985
60 987
60 1029
60 1244
61 114
61 181
61 208
61 374
61 586
61 710
61 861
61 976
61 982
61 986
61 1043
62 235
62 377
62 393
62 528
62 564
62 587
62 642
62 1213
62 1237
63 103
63 198
63 232
63 249
63 261
63 469
63 486
63 540
63 905
63 911
63 1130
63 1189
64 91
64 139
64 195
64 367
64 434
64 767
64 769
64 847
64 868
64 1019
64 1226
64 1230
65 69
65 163
65 176
65 230
65 339
65 596
65 676
65 714
65 728
65 746
65 790
65 983
65 1128
65 1166
65 1240
66 126
66 204
66 253
66 334
66 498
66 579
66 793
66 933
66 940
66 1076
66 1106
66 1139
66 1228
67 207
67 370
67 445
67 583
67 995
67 1153
67 1218
68 97
68 247
68 576
68 594
68 865
68 1000
69 339
69 728
69 776
69 1128
69 1240
70 269
70 610
70 794
70 937
70 1004
70 1027
70 1123
71 223
71 288
71 331
71 352
71 464
71 504
71 511
71 692
71 698
71 739
71 806
71 832
71 900
71 1086
71 1102
72 92
72 170
72 189
72 239
72 391
72 397
72 421
72 423
72 439
72 475
72 615
72 623
72 810
72 839
72 1067
73 250
73 303
73 437
73 668
73 730
73 1026
73 1151
73 1187
74 132
74 142
74 163
74 176
74 211
74 258
74 596
74 605
74 614
74 672
74 676
74 724
74 798
74 913
74 983
74 997
74 1031
74 1232
74 1239
75 265
75 308
75 320
75 380
75 491
75 534
75 592
75 880
75 985
75 987
75 991
75 1133
76 196
76 384
76 388
76 645
76 843
76 847
76 975
76 1083
77 262
77 333
77 722
77 936
77 1004
77 1013
77 1079
77 1123
77 1150
77 1176
79 82
79 147
79 209
79 304
79 416
79 516
79 518
79 570
80 780
80 851
80 1112
80 1115
81 131
81 381
81 606
81 1014
81 1066
81 1084
82 255
82 304
82 518
82 567
82 681
82 684
82 786
82 876
82 1088
82 1121
83 310
83 331
83 351
83 698
83 708
83 893
83 922
83 1118
83 1173
83 1177
83 1234
84 121
84 299
84 405
84 512
84 624
84 653
84 864
84 1122
84 1181
85 152
85 242
85 259
85 355
85 449
85 496
85 544
85 602
85 641
85 714
85 795
85 850
85 973
85 1008
85 1099
85 1147
86 107
86 410
86 616
86 941
87 427
87 484
87 659
87 782
87 807
87 926
87 1072
87 1085
87 1094
87 1203
88 454
88 478
88 590
88 600
88 822
88 859
88 932
88 1182
88 1224
88 1236
89 200
89 264
89 526
89 660
89 814
89 889
89 969
89 1190
89 1202
90 316
90 364
90 849
90 917
90 1064
91 195
91 367
91 414
91 434
91 767
91 769
91 847
91 868
91 1065
91 1089
91 1226
91 1230
92 329
92 391
92 421
92 423
92 593
92 810
92 853
92 920
92 928
92 1006
93 106
93 193
93 265
93 320
93 330
93 442
93 585
93 620
93 678
93 686
93 701
93 703
93 750
93 770
93 962
93 1143
94 470
94 792
95 313
95 413
95 661
95 750
95 971
96 138
96 254
96 273
96 402
96 432
96 493
96 502
96 631
96 751
96 781
96 842
96 890
96 978
96 994
96 1045
96 1091
96 1129
96 1192
96 1196
96 1242
97 125
97 243
97 247
97 280
97 283
97 426
97 468
97 576
97 594
97 754
97 761
97 865
97 866
97 1000
97 1247
98 165
98 395
98 495
98 514
98 584
98 652
98 823
98 1016
98 1144
98 1209
98 1225
99 233
99 238
99 323
99 597
99 846
99 902
99 916
99 951
99 1067
100 172
100 542
100 627
100 753
101 114
101 521
101 947
101 1105
101 1107
101 1117
101 1127
102 431
102 674
102 675
102 1024
102 1087
102 1126
102 1246
103 198
103 214
103 249
103 469
103 540
103 573
103 905
103 911
103 1033
103 1189
104 273
104 312
104 461
104 566
104 571
104 598
104 775
104 834
104 835
104 873
104 1091
105 290
105 343
105 360
105 400
105 787
105 791
105 825
105 869
105 895
105 1090
105 1245
106 193
106 320
106 342
106 620
106 686
106 701
106 703
106 770
106 892
106 962
106 1002
106 1120
106 1151
107 410
107 411
107 941
108 367
108 767
108 847
108 868
108 1019
108 1065
108 1226
109 436
109 506
109 638
109 752
109 937
109 1005
109 1227
110 156
110 263
110 414
110 671
110 707
110 1089
110 1180
111 298
111 322
111 453
111 636
111 725
111 798
111 799
111 953
111 995
111 1080
111 1145
111 1153
112 180
112 185
112 219
112 484
112 613
112 815
112 1062
112 1082
112 1193
113 188
113 299
113 332
113 471
113 574
113 768
113 838
113 864
113 885
113 944
113 955
113 1074
113 1241
114 135
114 181
114 215
114 257
114 374
114 729
114 976
114 1105
114 1117
114 1207
115 348
115 440
115 707
115 854
115 927
115 1054
115 1060
115 1163
116 192
116 954
116 1168
117 357
117 558
117 697
117 787
117 837
117 903
117 1245
118 219
118 337
118 484
118 764
118 815
118 822
118 1062
119 457
119 617
119 943
119 965
119 1019
120 151
120 210
120 278
120 326
120 354
120 371
120 592
120 688
120 908
120 945
120 1208
121 405
121 477
121 512
121 624
121 1021
121 1122
121 1181
122 281
122 381
122 934
122 1207
123 132
123 211
123 258
123 724
123 765
123 780
123 826
123 913
123 925
123 997
124 358
124 372
124 390
124 422
124 524
124 749
124 1077
124 1233
125 243
125 247
125 280
125 336
125 576
125 761
125 919
125 1000
126 130
126 498
126 579
126 649
126 690
126 899
126 933
126 1081
126 1186
127 188
127 251
127 471
127 709
127 762
127 824
127 838
127 885
127 893
127 896
127 897
127 921
127 922
127 942
127 944
127 955
127 1005
127 1160
127 1227
128 227
128 231
128 266
128 531
128 549
128 735
128 1003
128 1032
128 1133
128 1164
129 143
129 153
129 181
129 216
129 306
129 629
129 747
129 918
129 1105
129 1107
129 1131
130 131
130 515
130 579
130 690
130 1186
131 381
131 606
131 960
131 1039
131 1066
131 1084
131 1186
132 163
132 176
132 211
132 258
132 596
132 672
132 676
132 724
132 997
133 141
133 428
133 444
133 488
133 560
133 578
133 637
133 641
133 795
133 803
133 837
133 968
133 1041
133 1047
133 1200
134 204
134 407
134 510
134 699
134 736
134 763
134 852
134 960
134 964
134 1081
134 1106
134 1179
135 257
135 268
135 374
135 809
135 853
135 928
135 976
135 982
135 1006
135 1117
136 145
136 172
136 229
136 301
136 398
136 424
136 509
136 512
136 624
136 627
136 663
136 860
136 874
136 957
136 966
137 222
137 270
137 284
137 287
137 327
137 347
137 406
137 417
137 452
137 503
137 625
137 643
137 711
137 755
137 765
137 774
137 817
137 981
137 1010
137 1059
137 1071
138 254
138 307
138 366
138 402
138 432
138 502
138 781
138 824
138 990
138 994
138 1025
138 1045
138 1119
138 1129
138 1196
139 195
139 632
139 712
139 769
139 868
139 1019
139 1175
139 1205
139 1226
139 1230
140 505
140 601
140 633
140 989
140 1141
141 242
141 488
141 560
141 601
141 637
141 641
141 779
141 785
141 795
141 968
141 1047
141 1058
141 1109
141 1200
142 322
142 605
142 682
142 725
142 798
142 913
142 953
142 1031
142 1145
142 1232
143 153
143 181
143 215
143 216
143 629
143 679
143 747
143 918
144 231
144 340
144 534
144 549
144 551
144 778
144 1132
144 1173
145 229
145 398
145 520
145 547
145 663
145 874
145 957
146 147
146 466
146 1114
146 1217
146 1231
147 209
147 518
147 570
147 617
147 1114
147 1231
148 161
148 289
148 397
148 429
148 475
148 839
148 920
148 984
148 1110
149 203
149 317
149 378
149 459
149 808
149 870
149 1198
150 368
150 515
150 757
151 210
151 278
151 326
151 354
151 908
151 945
151 1208
152 230
152 242
152 339
152 495
152 544
152 602
152 641
152 714
152 850
152 1008
152 1058
152 1099
152 1211
153 216
153 218
153 306
153 632
153 918
153 967
153 1107
153 1131
153 1135
153 1165
153 1175
154 186
154 197
154 256
154 654
154 733
154 788
154 900
154 907
154 1018
154 1086
154 1093
154 1174
155 201
155 363
155 428
155 444
155 446
155 448
155 449
155 467
155 539
155 578
155 595
155 898
155 1125
156 175
156 671
156 707
156 1054
156 1089
156 1180
157 224
157 240
157 253
157 403
157 433
157 572
157 649
157 878
157 1101
158 238
158 250
158 846
158 951
158 958
158 1159
158 1187
158 1243
159 392
159 399
159 721
159 888
159 891
159 901
159 924
159 929
159 950
159 1015
159 1162
160 173
160 205
160 220
160 256
160 545
160 654
160 720
160 734
160 907
160 1036
160 1224
160 1236
161 289
161 433
161 475
161 809
161 920
161 1238
162 428
162 495
162 637
162 641
162 803
162 972
162 1041
162 1047
162 1058
162 1109
162 1152
162 1200
162 1225
162 1235
163 176
163 355
163 453
163 596
163 672
163 676
163 724
163 746
163 1053
164 347
164 455
164 577
164 711
164 817
164 1055
165 248
165 321
165 514
165 652
165 823
165 830
165 1016
165 1144
165 1171
165 1209
166 227
166 319
166 479
166 628
166 831
166 917
166 1003
166 1064
166 1184
167 233
167 276
167 533
167 537
167 639
167 743
167 877
167 1048
168 277
168 296
168 314
168 836
168 1061
169 196
169 508
170 189
170 239
170 391
170 397
170 421
170 475
170 615
170 839
171 183
171 187
171 396
171 562
171 591
171 1046
171 1235
172 279
172 512
172 624
172 627
172 881
172 966
173 220
173 256
173 609
173 734
173 764
173 907
173 972
173 1036
173 1152
174 178
174 541
174 607
174 1079
174 1221
175 373
175 430
175 569
175 575
175 644
175 691
175 723
175 813
175 1163
175 1180
175 1248
176 355
176 453
176 596
176 672
176 676
176 724
176 746
176 1053
177 189
177 588
177 615
177 1172
178 607
178 1079
178 1221
179 246
179 353
179 383
179 628
179 849
179 939
179 1169
179 1170
180 185
180 531
180 673
180 815
180 886
180 1062
180 1082
180 1164
180 1193
181 208
181 215
181 586
181 710
181 729
181 949
181 976
181 986
181 1117
182 542
182 561
182 796
182 807
182 1203
183 187
183 396
183 451
183 562
183 591
183 1046
183 1148
183 1235
184 217
184 260
184 325
184 392
184 399
184 476
184 677
184 683
184 741
184 929
184 1013
184 1201
185 301
185 547
185 815
185 1082
185 1100
186 197
186 234
186 292
186 351
186 520
186 618
186 654
186 733
186 788
186 907
186 1018
186 1093
187 396
187 562
187 591
187 611
187 1046
188 332
188 471
188 574
188 838
188 845
188 944
188 955
188 1070
188 1160
188 1241
189 391
189 397
189 421
189 475
189 615
189 1172
190 205
190 373
190 387
190 545
190 589
190 647
190 720
190 898
190 1185
191 279
191 393
192 200
192 261
192 1156
192 1168
193 265
193 282
193 485
193 620
193 703
193 727
193 770
193 956
193 962
193 979
194 396
194 398
194 497
194 509
194 558
194 599
194 611
194 697
194 803
194 1046
194 1072
194 1100
194 1235
195 199
195 305
195 434
195 632
195 769
195 967
195 1165
195 1175
195 1226
195 1230
196 388
196 645
196 843
196 975
197 223
197 351
197 520
197 618
197 654
197 733
197 788
197 907
197 1018
197 1086
197 1093
198 232
198 249
198 261
198 469
198 486
198 540
198 905
198 1130
198 1189
199 212
199 226
199 555
199 655
199 679
200 408
200 526
200 660
200 695
200 814
200 969
200 1037
200 1156
200 1190
201 363
201 446
201 467
201 472
201 539
201 578
201 595
201 716
201 787
201 898
201 1125
202 225
202 460
202 511
202 523
202 669
202 872
202 904
202 1031
202 1055
202 1174
202 1239
203 317
203 459
203 808
203 870
203 1229
204 485
204 510
204 852
204 899
204 933
204 940
204 964
204 979
204 1081
204 1106
204 1179
205 387
205 545
205 720
205 734
205 804
205 859
205 967
205 1185
205 1236
206 330
206 442
206 585
206 597
206 750
206 812
206 1108
207 370
207 445
207 583
207 718
207 862
207 1195
207 1218
208 318
208 365
208 586
208 710
208 802
208 861
208 914
208 986
208 1043
208 1098
209 304
209 416
209 516
209 518
209 570
209 617
210 326
210 378
210 456
210 592
210 756
210 945
210 1198
210 1208
211 258
211 672
211 676
211 724
211 726
211 765
211 780
211 826
211 913
211 925
211 997
211 1232
212 218
212 555
212 655
212 679
212 854
212 938
212 1060
213 462
213 465
213 530
213 841
214 245
214 540
214 556
214 573
214 797
214 911
214 1052
215 226
215 679
215 729
215 949
215 976
215 1117
215 1207
216 218
216 306
216 407
216 535
216 918
216 947
216 1107
216 1131
216 1135
216 1140
216 1165
217 325
217 333
217 441
217 476
217 522
217 548
217 702
217 1013
217 1201
218 535
218 632
218 938
218 967
218 1135
218 1140
218 1165
219 337
219 484
219 490
219 613
219 764
219 996
219 1062
219 1085
220 609
220 734
220 764
220 907
220 1036
220 1152
221 328
221 458
221 630
221 999
221 1212
222 270
222 287
222 417
222 612
222 625
222 643
222 702
222 755
222 981
222 1010
222 1059
222 1215
223 288
223 331
223 340
223 352
223 665
223 692
223 698
223 806
223 1086
224 253
224 334
224 498
224 579
224 622
224 649
224 690
224 875
224 878
224 933
224 1101
224 1139
224 1228
225 511
225 669
225 739
225 904
225 983
225 1055
225 1174
225 1239
226 679
226 729
226 949
226 1065
227 477
227 479
227 517
227 735
227 1003
227 1032
228 238
228 323
228 537
228 639
228 846
228 902
228 916
228 951
228 958
228 1048
229 301
229 398
229 424
229 509
229 512
229 624
229 663
229 860
229 874
229 957
229 966
230 339
230 341
230 714
230 728
230 746
230 790
230 983
230 1128
230 1199
230 1211
230 1240
231 351
231 549
231 551
231 735
231 778
231 1132
231 1173
231 1177
231 1234
232 249
232 540
232 1130
232 1189
233 276
233 323
233 537
233 639
233 640
233 743
233 877
233 916
233 1048
233 1067
233 1108
234 337
234 547
234 580
234 609
234 733
234 788
234 821
234 907
234 972
234 1018
235 302
235 424
235 564
235 587
235 646
235 818
235 860
235 874
235 957
235 992
236 375
236 487
236 492
236 554
236 1017
236 1063
237 838
237 885
237 944
237 1095
237 1241
238 250
238 323
238 437
238 846
238 902
238 916
238 951
238 958
238 1026
238 1187
238 1243
239 323
239 421
239 439
239 475
239 615
239 846
239 856
240 403
240 433
240 572
240 668
240 878
240 1101
241 267
241 700
241 855
241 1206
242 488
242 544
242 560
242 602
242 641
242 650
242 779
242 795
242 850
242 1008
242 1058
242 1099
242 1109
242 1138
242 1147
243 247
243 280
243 283
243 316
243 576
243 594
243 754
243 761
243 772
243 919
243 1000
243 1247
244 309
244 789
244 816
244 882
244 931
244 977
245 408
245 573
245 604
245 797
245 911
245 1037
245 1052
245 1188
246 383
246 405
246 415
246 477
246 513
246 619
246 628
246 777
246 1122
246 1170
247 280
247 283
247 336
247 468
247 576
247 594
247 754
247 761
247 865
247 866
247 1000
247 1247
248 324
248 435
248 450
248 473
248 514
248 794
248 830
248 1016
248 1144
248 1171
249 261
249 469
249 486
249 540
249 905
249 1130
249 1189
250 437
250 846
250 958
250 1026
250 1159
250 1187
250 1243
251 366
251 709
251 762
251 824
251 893
251 896
251 897
251 921
251 942
251 1005
251 1119
251 1160
251 1227
252 290
252 300
252 360
252 438
252 525
252 814
253 334
253 498
253 622
253 727
253 878
253 933
253 1011
253 1101
253 1191
253 1210
253 1228
254 338
254 402
254 432
254 436
254 543
254 692
254 751
254 824
254 832
254 842
254 890
254 978
254 994
254 1045
254 1102
254 1119
254 1146
254 1192
254 1196
256 654
256 682
256 720
256 733
256 734
256 872
256 904
256 907
256 1036
256 1174
257 268
257 374
257 809
257 853
257 920
257 928
257 982
257 1006
257 1117
258 672
258 676
258 724
258 726
258 765
258 826
258 913
258 925
258 997
258 1232
259 355
259 448
259 496
259 544
259 602
259 682
259 714
259 850
259 983
259 1008
259 1075
260 325
260 476
260 683
260 741
261 408
261 469
261 486
261 573
261 905
261 1130
261 1156
261 1168
262 418
262 1004
262 1079
262 1176
262 1209
263 414
263 434
263 575
263 589
263 645
263 671
263 799
264 438
264 660
264 814
264 1190
265 282
265 308
265 491
265 534
265 956
265 987
265 1132
266 316
266 667
266 1003
266 1095
266 1133
266 1249
267 797
267 855
267 911
267 1052
267 1206
268 374
268 809
268 853
268 920
268 928
268 982
268 1006
269 541
269 610
269 936
269 1013
269 1027
270 287
270 417
270 612
270 625
270 643
270 755
270 981
270 1010
270 1059
270 1134
270 1216
271 275
271 297
271 314
271 415
271 463
271 513
271 628
271 696
271 760
271 777
272 483
272 566
272 775
272 834
272 835
273 312
273 543
273 842
273 873
273 890
273 924
273 978
273 1091
273 1242
274 277
274 297
274 314
274 335
274 409
274 463
274 696
274 760
274 777
274 805
274 1061
274 1103
274 1104
275 415
275 513
275 777
275 784
275 879
275 1169
276 419
276 640
276 743
276 759
276 877
276 1108
277 297
277 314
277 389
277 1061
277 1104
278 326
278 336
278 354
278 371
278 581
278 594
278 865
278 908
278 1208
279 296
279 393
279 420
279 512
279 627
279 800
279 881
279 1158
279 1183
280 364
280 761
280 919
280 1000
281 381
281 407
281 535
281 736
281 934
281 947
281 1039
281 1066
281 1207
282 482
282 485
282 501
282 531
282 956
282 1164
282 1249
283 426
283 468
283 594
283 719
283 754
283 761
283 865
283 866
283 959
283 1000
283 1029
283 1247
284 327
284 625
284 702
284 726
284 765
284 1023
285 401
285 529
285 694
285 731
285 828
285 840
285 1009
285 1028
285 1116
285 1219
286 387
286 448
286 467
286 589
286 647
286 799
286 898
287 406
287 417
287 612
287 643
287 755
287 981
287 1010
287 1059
287 1215
288 331
288 464
288 504
288 511
288 692
288 698
288 739
288 832
288 900
288 1086
288 1102
289 368
289 429
289 920
289 984
289 1110
290 343
290 360
290 400
290 438
290 472
290 525
290 791
290 825
290 869
290 889
290 895
290 1090
290 1202
290 1214
291 362
291 430
291 744
291 758
292 618
292 733
292 900
292 972
292 1018
292 1093
292 1174
292 1199
293 413
293 419
293 443
293 640
293 747
293 812
293 993
293 1108
294 315
294 359
294 386
294 740
294 758
294 766
294 827
294 863
294 1116
295 531
295 551
295 673
295 886
295 956
295 1164
295 1182
296 800
296 836
296 881
296 1155
296 1158
297 314
297 389
297 463
297 760
297 1061
298 636
298 798
298 961
298 995
298 1080
298 1153
299 332
299 574
299 619
299 653
299 768
299 864
299 944
299 1241
300 360
300 525
300 791
300 863
301 497
301 561
301 1100
302 564
302 587
302 818
302 992
302 1213
303 688
303 730
303 1151
304 416
304 518
304 1088
305 322
305 387
305 632
305 769
305 804
305 967
305 1145
305 1165
305 1230
306 413
306 590
306 661
306 747
306 918
306 1107
306 1131
306 1175
307 502
307 631
307 634
307 781
307 994
307 1025
307 1129
308 320
308 340
308 380
308 456
308 491
308 534
308 551
308 592
308 666
308 778
308 880
308 985
308 987
308 990
308 1244
309 369
309 501
309 789
309 931
309 977
309 1022
309 1161
309 1191
310 331
310 338
310 432
310 436
310 506
310 532
310 692
310 708
310 709
310 752
310 824
310 893
310 978
310 1102
310 1119
310 1146
310 1196
310 1227
311 318
311 570
311 617
311 802
311 1114
311 1231
312 350
312 559
312 571
312 834
312 873
312 901
312 950
312 1091
313 748
313 750
313 806
313 1244
314 389
314 760
314 1061
315 386
315 553
315 687
315 744
315 758
316 364
316 519
316 772
316 849
316 959
316 1247
317 808
317 870
318 365
318 648
318 783
318 802
318 1217
319 479
319 773
319 784
319 831
319 917
319 1064
319 1184
319 1204
320 342
320 378
320 456
320 491
320 585
320 592
320 686
320 701
320 962
320 985
320 987
320 1120
320 1198
321 324
321 435
321 603
321 651
321 818
321 823
321 830
321 1171
322 453
322 605
322 647
322 725
322 799
322 953
322 995
322 1145
323 639
323 846
323 902
323 916
323 951
323 958
323 1048
324 435
324 450
324 603
324 651
324 818
324 830
324 1171
325 441
325 476
325 683
325 702
325 741
325 1201
326 354
326 371
326 494
326 581
326 635
326 908
326 1208
327 347
327 361
327 452
327 755
327 765
327 774
327 817
327 981
327 1010
327 1023
327 1071
327 1215
328 458
328 630
328 1124
328 1212
329 593
329 810
329 853
329 920
329 928
329 1006
330 442
330 597
330 678
330 686
330 703
330 750
330 812
330 962
330 1143
331 338
331 504
331 532
331 692
331 698
331 708
331 1093
331 1102
331 1118
332 471
332 574
332 646
332 653
332 689
332 768
332 864
332 884
332 944
332 955
332 1241
333 522
333 541
333 548
333 936
333 1004
333 1013
333 1079
333 1176
333 1221
334 425
334 498
334 500
334 622
334 793
334 875
334 933
334 1136
334 1139
334 1191
334 1228
335 375
335 463
335 696
335 760
335 777
335 1103
336 371
336 761
336 908
336 919
337 484
337 490
337 764
337 821
337 822
337 1062
337 1085
338 402
338 432
338 436
338 464
338 504
338 543
338 692
338 751
338 824
338 832
338 978
338 1045
338 1102
338 1119
338 1146
338 1196
339 341
339 714
339 728
339 746
339 790
339 1128
339 1166
339 1211
339 1240
340 352
340 380
340 534
340 551
340 665
340 666
340 778
340 880
340 987
340 990
340 1132
340 1244
341 790
341 904
341 983
341 1199
341 1211
341 1239
342 404
342 491
342 701
342 892
342 991
342 1001
342 1002
342 1049
342 1120
343 385
343 400
343 446
343 472
343 787
343 791
343 825
343 869
343 895
343 1090
343 1245
344 362
344 906
344 998
344 1009
344 1050
344 1116
345 715
345 871
345 970
346 527
347 406
347 452
347 503
347 577
347 643
347 711
347 755
347 765
347 774
347 817
347 948
347 981
347 1010
347 1071
348 705
348 801
348 854
348 909
348 927
348 1009
348 1014
348 1060
349 1215
350 559
350 873
350 888
350 950
351 520
351 618
351 922
351 1018
351 1093
351 1118
351 1173
351 1177
351 1234
352 665
352 692
352 698
352 751
352 806
352 952
352 990
352 1086
352 1102
352 1244
353 383
353 849
353 939
354 371
354 458
354 494
354 581
354 635
354 908
354 1208
355 453
355 496
355 550
355 714
355 973
355 1053
355 1075
356 409
356 487
356 492
356 517
356 621
356 811
356 974
356 1021
356 1063
356 1096
357 558
357 611
357 697
357 803
357 837
357 968
358 372
358 422
358 749
358 1051
358 1077
358 1233
359 386
359 731
359 740
359 758
359 766
359 827
359 1009
359 1116
360 438
360 525
360 791
360 825
360 863
360 1090
361 765
361 774
361 786
361 876
361 1068
361 1071
362 430
362 569
362 801
362 906
362 998
362 1009
362 1050
363 446
363 462
363 467
363 539
363 578
363 595
363 716
363 787
363 923
363 980
364 772
364 849
365 412
365 419
365 710
365 783
365 914
365 1098
366 402
366 432
366 502
366 626
366 634
366 762
366 824
366 896
366 897
366 921
366 942
366 1025
366 1069
366 1119
366 1160
366 1196
367 434
367 767
367 847
367 868
367 1019
367 1065
367 1226
368 515
368 920
368 928
369 425
369 500
369 789
369 793
369 882
369 977
369 1136
369 1161
369 1191
370 445
370 583
370 862
370 1195
370 1218
371 581
371 908
372 416
372 422
372 516
372 524
372 749
372 1051
372 1077
372 1112
372 1233
373 430
373 440
373 569
373 575
373 691
373 723
373 813
373 938
373 1060
373 1163
373 1185
374 729
374 976
374 982
374 1117
375 492
375 554
375 1063
375 1103
376 504
376 625
376 670
376 722
376 771
376 844
376 1012
376 1150
376 1216
377 528
377 564
377 587
377 1148
377 1213
377 1237
378 456
378 585
378 756
378 870
378 1035
378 1198
379 501
379 727
379 892
379 1001
379 1002
379 1011
379 1022
379 1161
379 1210
380 534
380 592
380 666
380 880
380 985
380 987
380 990
380 1029
380 1095
381 407
381 535
381 736
381 934
381 960
381 1039
381 1066
381 1084
382 421
382 423
382 439
382 623
382 759
382 856
382 1067
383 628
383 849
383 939
383 1169
383 1170
384 843
384 975
384 1083
385 400
385 658
385 744
385 787
385 791
385 825
385 863
385 869
385 1090
386 553
386 758
386 827
386 863
387 545
387 589
387 647
387 720
387 898
388 414
388 489
388 645
388 843
388 847
388 975
388 1083
389 1061
390 749
390 851
391 397
391 421
391 423
391 439
391 475
391 615
391 623
391 810
392 399
392 677
392 722
392 741
392 924
392 929
392 1150
392 1162
392 1201
392 1216
393 528
393 1213
393 1237
394 409
394 542
394 561
394 805
394 1096
394 1104
395 495
395 552
395 584
395 650
395 776
395 779
395 1058
395 1099
395 1109
395 1225
396 480
396 509
396 562
396 591
396 599
396 611
396 642
396 1046
397 475
397 615
397 839
398 424
398 509
398 663
398 860
398 874
398 957
398 966
399 677
399 721
399 741
399 888
399 924
399 929
399 1150
399 1162
400 472
400 787
400 791
400 825
400 869
400 895
400 1090
400 1245
401 529
401 694
401 700
401 731
401 840
401 1014
401 1028
401 1092
401 1219
402 432
402 502
402 631
402 751
402 824
402 842
402 978
402 990
402 994
402 1025
402 1045
402 1119
402 1129
402 1196
403 433
403 572
403 649
403 690
403 878
403 899
403 1044
403 1238
404 991
404 1001
404 1049
404 1073
405 477
405 628
405 1021
405 1122
405 1158
405 1181
406 452
406 503
406 643
406 755
406 774
406 817
406 948
406 981
406 1010
406 1038
407 535
407 736
407 934
407 947
407 1039
407 1135
407 1140
408 469
408 573
408 616
408 660
408 695
408 797
408 905
408 1033
408 1037
408 1156
408 1168
408 1188
409 492
409 696
409 805
409 1063
409 1104
410 487
410 538
410 582
410 621
410 811
410 829
410 833
410 1017
411 563
411 616
411 664
411 941
411 1033
411 1034
412 419
412 423
412 914
412 1098
413 661
413 747
413 918
413 993
413 1131
414 434
414 645
414 671
414 799
414 843
414 847
415 463
415 513
415 628
415 696
415 760
415 777
415 784
415 879
415 1169
415 1170
416 422
416 516
416 518
416 524
416 1077
416 1112
417 612
417 625
417 643
417 755
417 981
417 1010
417 1059
417 1134
418 532
418 1176
418 1199
418 1209
419 640
419 743
419 783
419 914
419 993
420 512
420 624
420 653
420 800
420 881
420 966
420 1158
420 1183
421 423
421 439
421 475
421 615
421 623
421 810
421 856
421 1067
422 516
422 1051
422 1077
422 1233
423 439
423 623
423 759
423 810
423 1067
424 564
424 663
424 860
424 874
424 884
424 957
424 966
424 1183
425 500
425 693
425 793
425 1076
425 1136
425 1139
426 468
426 519
426 626
426 717
426 719
426 754
426 866
426 959
426 1029
426 1069
426 1095
426 1247
427 438
427 568
427 889
427 895
427 926
427 996
427 1202
427 1214
428 544
428 578
428 602
428 609
428 637
428 641
428 972
428 1041
428 1047
428 1125
428 1152
428 1200
429 984
429 1020
429 1110
430 467
430 569
430 575
430 589
430 644
430 813
430 1163
431 527
431 530
431 674
431 675
431 1024
431 1087
431 1246
432 502
432 751
432 824
432 842
432 978
432 994
432 1045
432 1102
432 1119
432 1196
433 572
433 649
433 690
433 984
433 1238
434 645
434 671
434 769
434 1089
434 1226
434 1230
435 450
435 651
435 818
435 830
435 1171
436 506
436 543
436 557
436 638
436 824
436 890
436 978
436 1119
436 1146
436 1196
437 846
437 951
437 958
437 1026
437 1151
437 1187
438 525
438 568
438 889
438 895
438 1202
438 1214
439 615
439 623
439 759
439 810
439 856
439 1067
440 569
440 575
440 691
440 723
440 813
440 927
440 938
440 1054
440 1060
440 1163
441 476
441 522
441 548
441 702
441 1201
442 585
442 597
442 678
442 686
442 701
442 703
442 750
442 812
442 962
442 1143
443 648
443 706
443 737
443 783
443 993
443 1078
443 1217
444 449
444 488
444 578
444 795
444 1222
445 496
445 550
445 583
445 1075
445 1218
446 467
446 472
446 539
446 578
446 595
446 716
446 787
446 869
446 923
446 1125
447 508
447 675
448 467
448 496
448 647
448 682
448 898
449 496
449 550
449 578
449 602
449 718
449 795
449 850
449 973
449 1194
450 473
450 651
450 818
450 830
450 1171
451 562
451 591
451 662
451 830
451 1148
452 681
452 711
452 755
452 774
452 786
452 817
452 948
452 981
452 1010
452 1038
452 1071
453 605
453 798
453 953
453 995
453 1053
453 1075
453 1080
453 1145
454 590
454 748
454 932
454 1224
455 466
455 523
455 567
455 577
455 608
455 711
455 817
455 894
455 1055
455 1157
455 1223
456 585
456 592
456 756
456 880
456 945
456 952
456 985
456 987
456 1035
456 1198
456 1244
457 868
457 949
457 1019
458 494
458 630
458 635
458 1057
458 1124
458 1208
459 507
459 775
459 808
459 835
459 870
459 1035
459 1229
460 511
460 523
460 739
460 872
460 904
460 1055
461 598
461 834
461 924
461 1091
461 1097
461 1134
462 530
462 539
462 656
462 716
462 862
462 915
462 923
462 980
462 1195
463 513
463 696
463 760
463 777
463 784
463 879
463 1103
464 504
464 557
464 751
464 771
464 832
464 844
464 1012
464 1097
464 1102
464 1134
464 1146
465 527
465 530
465 536
466 523
466 608
466 894
466 1157
466 1205
466 1223
467 539
467 595
467 647
467 898
467 980
468 594
468 626
468 719
468 754
468 865
468 866
468 1069
468 1247
469 486
469 540
469 573
469 905
469 911
469 1033
469 1130
469 1168
469 1189
470 662
470 792
470 1148
471 574
471 768
471 838
471 864
471 885
471 944
471 955
471 1074
471 1241
472 490
472 782
472 787
472 869
472 895
472 1125
472 1245
473 1167
474 608
474 712
474 725
474 745
474 1113
474 1115
474 1232
475 615
475 839
476 683
476 702
476 738
476 741
476 1201
477 479
477 517
477 628
477 696
477 760
477 777
477 1021
477 1122
477 1181
478 600
478 822
478 852
478 886
478 964
478 1062
478 1182
479 517
479 773
479 777
479 831
479 974
479 1021
479 1184
479 1204
480 599
480 642
480 1237
481 1042
481 1137
482 501
482 531
482 667
482 680
482 883
482 956
482 1022
482 1164
482 1249
483 598
484 490
484 659
484 764
484 782
484 889
484 996
484 1085
484 1094
484 1202
484 1214
485 620
485 727
485 770
485 852
485 940
485 956
485 979
485 1106
486 905
486 1130
486 1168
487 492
487 554
487 621
487 811
487 910
487 974
487 1017
487 1063
488 560
488 578
488 637
488 641
488 785
488 795
488 837
488 968
488 1047
488 1200
488 1222
489 636
489 645
489 745
489 847
489 851
489 1083
489 1115
490 764
490 782
490 889
490 996
490 1085
490 1202
490 1214
491 534
491 592
491 686
491 701
491 985
491 987
491 991
491 1002
491 1049
491 1120
492 517
492 554
492 621
492 773
492 811
492 974
492 1017
492 1063
493 502
493 631
493 781
493 842
493 873
493 999
493 1057
493 1212
493 1242
494 581
494 630
494 635
494 1124
494 1208
495 514
495 584
495 650
495 652
495 790
495 1058
495 1099
495 1109
495 1144
495 1211
495 1225
496 550
496 602
496 850
496 973
496 1075
496 1218
497 561
497 1072
497 1094
497 1100
497 1203
498 579
498 622
498 690
498 793
498 875
498 878
498 933
498 1101
498 1136
498 1139
498 1228
499 556
499 713
499 887
499 1007
499 1052
500 732
500 789
500 793
500 882
500 977
500 1136
500 1161
500 1191
501 680
501 727
501 883
501 956
501 1022
501 1161
501 1249
502 631
502 634
502 781
502 842
502 994
502 1025
502 1045
502 1129
502 1242
503 643
503 711
503 755
503 817
503 948
503 1010
503 1220
504 557
504 698
504 739
504 751
504 771
504 832
504 844
504 1012
504 1102
504 1146
505 552
505 601
505 779
505 792
505 819
505 871
505 989
505 1141
506 638
506 709
506 752
506 937
506 978
506 1005
506 1196
506 1227
507 870
507 952
507 1035
508 675
509 599
509 642
509 860
509 874
509 957
510 699
510 763
510 960
510 1081
510 1106
510 1179
511 669
511 739
511 844
511 900
511 904
511 1174
512 624
512 627
512 653
512 860
512 881
512 966
512 1183
513 628
513 696
513 760
513 777
513 784
513 879
513 1169
513 1170
514 584
514 652
514 823
514 1016
514 1144
514 1209
515 757
515 1186
516 518
516 570
516 617
516 943
516 1051
517 696
517 773
517 974
517 1021
518 570
518 684
519 717
519 754
519 772
519 849
519 959
519 1247
520 618
520 663
520 1018
520 1093
520 1118
520 1177
520 1234
521 678
521 899
521 947
521 1107
521 1127
521 1143
522 548
522 1013
523 577
523 608
523 1031
523 1055
523 1205
524 749
524 1077
524 1112
525 791
526 616
526 660
526 695
526 963
526 969
526 1190
527 530
527 536
527 915
528 564
528 587
528 1213
528 1237
529 694
529 828
529 1028
529 1092
529 1116
529 1219
530 674
530 862
530 915
530 1024
530 1087
530 1195
530 1246
531 673
531 680
531 735
531 883
531 935
531 956
531 1032
531 1164
531 1249
532 752
532 1118
533 737
533 743
533 877
533 988
534 551
534 592
534 666
534 778
534 880
534 985
534 987
534 990
534 1132
534 1244
535 655
535 736
535 934
535 947
535 1039
535 1135
535 1140
536 553
536 658
536 744
537 639
537 877
537 902
537 1048
538 582
538 621
538 789
538 811
538 816
538 829
538 833
538 857
538 882
538 910
538 1017
539 578
539 595
539 716
539 923
539 980
540 573
540 905
540 911
540 1189
541 610
541 936
541 1013
541 1079
542 561
542 753
542 807
542 1203
543 557
543 721
543 771
543 842
543 890
543 978
543 1091
543 1146
543 1196
544 602
544 641
544 714
544 850
544 1008
544 1047
544 1058
544 1099
544 1147
544 1211
545 720
545 734
545 898
545 1185
546 565
546 704
546 820
546 912
546 968
546 1197
547 663
547 815
547 1082
548 702
548 1201
549 551
549 735
549 778
549 1132
549 1133
549 1164
549 1173
550 583
550 718
550 973
550 1075
550 1194
550 1218
551 665
551 778
551 1132
551 1173
552 584
552 601
552 779
552 792
552 819
552 871
552 989
553 658
553 687
553 744
554 1063
555 655
555 679
555 854
555 1060
556 713
556 887
556 1007
557 638
557 677
557 771
557 890
557 978
557 1123
557 1146
557 1150
558 611
558 659
558 697
558 1072
559 571
559 873
559 950
560 601
560 637
560 641
560 779
560 785
560 795
560 968
560 1047
560 1058
560 1109
560 1200
561 1096
561 1100
562 591
562 803
562 1046
562 1109
562 1200
562 1235
563 616
563 829
563 833
563 941
563 1034
564 587
564 646
564 689
564 860
564 992
564 1183
564 1213
564 1237
565 704
565 785
565 795
565 820
565 912
565 968
565 1197
565 1222
566 571
566 775
566 834
566 835
566 999
566 1212
567 681
567 684
567 711
567 817
567 948
567 1071
567 1113
567 1121
567 1157
568 807
568 926
568 1202
568 1203
569 575
569 691
569 723
569 801
569 813
569 1054
569 1060
569 1163
569 1248
570 617
570 943
571 834
571 873
571 901
571 1091
572 878
572 1101
573 604
573 797
573 905
573 911
573 1037
573 1156
573 1188
574 646
574 653
574 689
574 768
574 845
574 864
574 884
574 944
574 955
574 1070
574 1241
575 589
575 644
575 671
575 691
575 723
575 813
575 1163
576 594
576 1000
577 711
577 817
577 1055
577 1220
578 637
578 837
578 1041
578 1047
578 1125
579 649
579 690
579 933
579 1186
579 1228
580 609
580 764
580 803
580 821
580 972
580 1041
581 635
581 908
581 1040
581 1208
582 621
582 732
582 811
582 816
582 829
582 833
582 857
582 882
582 910
582 935
582 963
583 718
583 862
583 1194
583 1195
583 1218
584 650
584 776
584 1016
584 1225
585 686
585 701
585 750
585 962
585 1198
586 710
586 986
586 1043
587 646
587 689
587 818
587 992
587 1183
587 1213
587 1237
588 1172
589 644
589 647
589 723
589 799
589 813
589 898
590 932
590 1107
590 1131
590 1135
590 1140
590 1224
590 1236
591 601
591 1046
592 756
592 945
592 985
592 987
592 991
592 1029
592 1049
592 1073
593 810
593 1172
594 754
594 761
594 865
594 866
594 908
594 1000
594 1247
595 898
595 1125
596 672
596 676
596 724
596 746
596 1053
597 678
597 703
597 1108
597 1143
598 834
599 611
599 642
599 1072
600 822
600 859
600 1062
600 1182
600 1224
600 1236
601 779
601 785
601 989
602 641
602 714
602 850
602 1008
602 1099
602 1211
603 646
603 651
603 818
603 845
603 1070
603 1171
604 797
604 946
604 1037
604 1052
604 1076
604 1156
604 1188
604 1206
605 672
605 682
605 798
605 953
605 983
605 1031
605 1053
605 1145
606 1066
606 1084
608 712
608 1113
608 1157
608 1205
608 1232
609 764
609 821
609 972
609 1036
609 1041
609 1125
609 1152
610 1027
611 697
611 1046
611 1072
612 643
612 657
613 673
613 886
613 964
613 1062
613 1193
614 636
614 725
614 745
614 780
614 798
614 826
614 961
614 997
614 1115
614 1232
615 839
616 695
616 941
616 963
616 1033
616 1034
617 943
617 965
618 788
618 1018
618 1093
618 1118
618 1177
618 1234
619 1074
619 1170
620 686
620 703
620 727
620 770
620 892
620 962
621 811
621 816
621 857
621 910
621 974
621 1017
621 1063
622 727
622 793
622 878
622 1011
622 1101
622 1191
622 1210
622 1228
623 759
623 810
623 856
623 1067
624 627
624 653
624 881
624 966
624 1183
625 670
625 702
625 722
625 981
625 1010
625 1012
625 1023
625 1059
625 1134
625 1201
625 1216
626 717
626 719
626 866
626 897
626 921
626 942
626 1025
626 1069
627 881
627 966
628 777
628 784
628 1122
628 1169
628 1170
629 747
629 993
629 1217
629 1231
630 1124
631 634
631 781
631 842
631 994
631 1057
631 1129
631 1242
632 769
632 804
632 967
632 1165
632 1175
632 1205
633 989
633 1141
634 942
634 1025
634 1057
634 1129
634 1242
635 1208
636 725
636 745
636 851
636 961
636 1083
636 1115
637 641
637 795
637 803
637 837
637 968
637 1041
637 1047
637 1109
637 1200
638 677
638 721
638 937
639 846
639 902
639 916
639 951
639 958
639 1048
640 743
640 877
640 914
640 993
640 1108
641 650
641 795
641 850
641 1008
641 1041
641 1047
641 1058
641 1099
641 1109
641 1200
641 1225
642 1237
643 755
643 981
643 1010
643 1059
644 813
644 862
644 980
644 1195
645 671
645 843
645 847
645 975
645 1083
646 689
646 845
646 884
646 1070
646 1183
647 799
647 898
647 953
648 737
648 783
648 993
648 1078
648 1114
648 1217
649 690
649 1238
650 776
650 779
650 1058
650 1099
650 1109
650 1138
650 1147
650 1225
651 818
651 1171
652 823
652 1016
652 1144
652 1209
652 1225
653 689
653 768
653 884
653 966
653 1183
654 733
654 734
654 788
654 872
654 907
654 1086
654 1174
654 1224
655 679
655 854
655 1060
656 716
656 903
656 923
657 891
657 901
658 744
659 697
659 782
659 1072
659 1085
659 1094
660 814
660 969
660 1190
661 1131
662 871
662 970
662 1148
663 874
663 957
664 941
664 1033
664 1034
665 692
665 778
665 806
665 880
665 952
665 990
665 1244
666 990
666 1025
666 1029
666 1069
666 1095
667 1003
667 1064
667 1133
667 1249
668 1026
668 1151
668 1187
669 670
669 739
669 844
669 900
669 904
669 1174
669 1239
670 722
670 844
670 1012
670 1216
671 707
671 723
671 799
671 1089
671 1180
672 676
672 724
672 798
672 913
672 997
672 1053
673 886
673 935
673 1062
673 1164
673 1182
673 1193
674 675
674 862
674 1024
674 1087
674 1126
674 1195
674 1246
675 1024
675 1087
675 1126
675 1195
675 1246
676 724
676 746
676 997
676 1053
676 1166
677 929
677 936
677 1004
677 1013
677 1123
677 1150
677 1162
678 703
678 812
678 962
678 1044
678 1143
679 729
679 949
680 732
680 816
680 883
680 931
680 935
680 1032
680 1164
680 1249
681 684
681 711
681 786
681 817
681 948
681 1038
681 1088
681 1121
681 1157
682 872
682 983
682 1031
682 1174
683 738
683 741
684 826
684 876
684 1088
684 1113
684 1121
684 1157
685 699
685 763
685 946
685 1028
685 1092
686 701
686 703
686 750
686 770
686 962
686 987
687 740
687 758
688 730
688 858
688 930
688 1042
689 845
689 884
689 1070
689 1183
690 1186
690 1238
691 707
691 723
691 813
691 938
691 1054
691 1060
691 1089
691 1163
692 698
692 708
692 751
692 824
692 832
692 1086
692 1102
693 695
693 963
693 1076
693 1136
693 1188
694 700
694 705
694 840
694 909
694 946
694 1014
694 1028
694 1092
694 1219
695 963
695 969
695 1037
695 1076
695 1188
696 760
696 777
696 805
696 1021
696 1104
696 1122
697 782
697 803
697 837
697 1072
698 900
698 1086
698 1093
698 1102
699 705
699 763
699 909
699 946
699 960
699 1092
700 705
700 855
700 909
700 1014
700 1028
700 1084
700 1092
700 1206
700 1219
701 703
701 750
701 962
701 985
701 987
701 1120
701 1198
702 1023
702 1059
702 1201
702 1215
702 1216
703 770
703 962
703 1143
704 785
704 820
704 968
704 1197
705 763
705 909
705 960
705 1014
705 1028
705 1084
705 1092
705 1219
706 737
706 848
706 894
706 1056
706 1078
706 1114
706 1217
706 1223
707 1054
707 1089
707 1163
707 1180
708 824
708 893
708 896
708 897
708 922
708 990
708 1118
708 1119
708 1173
708 1234
709 752
709 762
709 845
709 893
709 1005
709 1160
709 1227
710 802
710 861
710 914
710 982
710 986
710 1043
710 1098
711 817
711 925
711 948
711 1071
711 1121
711 1157
712 725
712 745
712 1205
712 1230
712 1232
713 887
713 1007
714 728
714 850
714 1008
714 1099
714 1128
714 1211
715 871
716 744
716 915
716 923
716 980
717 838
717 885
717 959
717 1069
717 1074
718 973
718 1194
718 1218
719 754
719 865
719 866
719 1025
719 1029
719 1069
719 1247
720 734
720 804
720 872
720 1036
720 1224
720 1236
721 867
721 888
721 890
721 1162
721 1178
722 771
722 844
722 936
722 1004
722 1012
722 1150
722 1176
722 1201
722 1216
723 813
723 938
723 1060
723 1089
723 1163
724 913
724 997
725 745
725 798
725 953
725 1115
725 1145
725 1230
725 1232
726 765
726 913
726 925
726 1023
726 1239
727 770
727 878
727 892
727 1011
727 1022
727 1161
727 1210
728 746
728 790
728 1128
728 1166
728 1240
729 976
729 1207
731 766
731 801
731 1009
731 1028
731 1116
731 1219
732 857
732 883
732 935
732 963
733 788
733 907
733 1018
733 1093
733 1174
734 907
734 1036
734 1236
735 1003
735 1032
735 1164
735 1181
736 742
736 934
736 960
736 1039
736 1135
736 1140
737 1078
737 1217
739 844
739 900
739 904
739 1220
740 758
740 766
740 801
740 1248
741 929
741 1162
741 1201
742 859
742 1140
742 1185
743 877
744 915
745 1115
746 1128
746 1166
746 1240
747 918
747 993
747 1105
747 1107
747 1131
748 806
748 932
749 1077
749 1112
750 812
750 962
750 1143
751 832
751 978
751 1045
751 1102
751 1146
751 1192
752 937
752 1005
752 1123
752 1227
754 772
754 865
754 866
754 959
754 1000
754 1247
755 774
755 817
755 981
755 1010
755 1038
755 1059
755 1215
756 781
756 880
756 945
756 952
756 985
756 1035
756 1198
756 1244
757 984
757 1020
758 766
759 856
759 877
759 1067
760 777
760 805
760 1021
760 1104
760 1122
761 865
761 919
761 1000
761 1247
762 896
762 897
762 921
762 942
762 1160
763 946
763 1092
764 821
764 1085
764 1125
765 774
765 817
765 826
765 925
765 1023
765 1068
765 1071
766 801
766 1009
766 1116
767 868
767 1019
767 1065
767 1226
768 864
768 944
768 955
768 1241
769 967
769 1165
769 1175
769 1226
769 1230
770 892
770 962
770 1002
771 832
771 844
771 1012
771 1097
771 1102
771 1134
771 1146
771 1150
771 1216
772 849
772 959
773 816
773 831
773 974
773 1184
773 1204
774 786
774 817
774 981
774 1068
774 1071
774 1215
775 834
775 835
775 999
775 1212
775 1229
776 1138
777 784
777 879
777 1169
777 1170
778 990
778 1132
778 1173
779 785
779 819
779 989
779 1058
779 1109
779 1138
779 1147
780 826
780 925
780 997
781 842
781 994
781 999
781 1035
781 1045
781 1129
781 1229
782 895
782 1085
782 1094
782 1214
783 914
783 993
783 1217
784 879
784 1169
785 795
785 820
785 968
785 989
785 1197
786 876
786 1071
786 1088
786 1121
787 825
787 869
787 903
787 1090
787 1245
788 907
788 1018
788 1086
788 1093
789 816
789 829
789 833
789 882
789 910
789 931
789 977
790 1128
790 1199
790 1211
790 1240
791 825
791 863
791 1090
792 819
792 871
793 875
793 933
793 1076
793 1136
793 1139
793 1191
793 1228
794 1027
795 850
795 1147
795 1222
796 807
797 905
797 911
797 1037
797 1052
797 1156
797 1188
797 1206
798 953
798 961
798 995
798 1053
798 1080
798 1145
799 953
799 995
799 1145
800 836
800 881
800 1104
800 1155
800 1158
801 927
801 1009
801 1163
802 986
802 1043
803 821
803 1041
803 1046
803 1200
803 1235
804 872
804 1205
805 1021
805 1096
805 1104
806 1086
807 926
807 1094
807 1203
808 870
809 853
809 920
809 928
809 1006
809 1127
809 1238
810 1172
811 816
811 829
811 857
811 910
811 974
811 1017
812 1108
812 1143
813 1163
814 1190
815 1062
815 1082
815 1100
816 857
816 883
816 910
816 931
816 935
816 974
816 1032
817 948
817 981
817 1010
817 1038
817 1071
817 1157
818 830
818 992
818 1171
819 989
820 912
820 1222
821 972
822 907
822 1062
822 1182
823 1016
823 1144
823 1171
823 1209
824 893
824 897
824 978
824 994
824 1045
824 1102
824 1119
824 1160
824 1196
824 1227
825 869
825 895
825 1090
825 1245
826 913
826 925
826 997
826 1071
826 1121
827 828
827 1116
828 954
828 1116
829 833
829 882
829 910
829 977
830 992
830 1016
830 1171
831 917
831 1064
831 1184
831 1204
832 978
832 1102
832 1146
832 1192
833 882
833 910
833 977
834 835
834 873
834 1091
835 870
835 999
835 1229
836 1155
836 1158
837 968
837 1047
837 1200
838 864
838 885
838 896
838 944
838 955
838 1074
838 1241
840 954
840 1219
841 912
841 1030
841 1111
842 890
842 978
842 994
842 1045
842 1091
842 1192
842 1196
842 1242
843 847
843 975
843 1083
844 1012
844 1216
845 1005
845 1070
846 902
846 916
846 951
846 958
846 1048
846 1187
846 1243
847 975
847 1083
847 1226
848 894
848 948
848 1056
848 1154
848 1223
849 917
849 939
849 1064
849 1170
850 973
850 1008
850 1058
850 1099
850 1138
850 1147
851 1083
851 1115
852 886
852 940
852 964
852 979
852 1106
852 1179
852 1182
853 920
853 928
853 982
853 1006
854 927
854 1060
854 1084
855 1206
857 883
857 910
857 935
857 1032
858 930
858 1042
858 1159
859 1140
859 1224
859 1236
860 874
860 884
860 957
860 966
860 1183
861 982
861 986
861 1098
862 915
862 980
862 1087
862 1126
862 1195
862 1246
864 884
864 885
864 944
864 955
864 1177
864 1241
865 866
865 908
865 1000
865 1247
866 1069
866 1247
867 890
867 1142
867 1178
867 1242
868 949
868 1019
868 1065
868 1226
869 1090
869 1245
870 1035
870 1229
871 989
872 904
872 1031
872 1055
872 1174
873 901
873 1091
873 1242
874 957
875 887
875 1136
875 1139
875 1228
876 1068
876 1088
876 1121
878 933
878 1101
878 1210
879 1169
880 952
880 985
880 987
880 990
880 1035
880 1244
881 966
881 1155
881 1158
882 910
882 977
883 935
883 1032
884 1070
884 1183
885 896
885 897
885 922
885 944
885 955
885 1074
885 1095
885 1241
886 940
886 964
886 1062
886 1106
886 1182
886 1193
887 1007
888 950
888 1015
888 1162
889 996
889 1085
889 1202
889 1214
890 924
890 978
890 1091
890 1146
891 901
891 924
891 950
891 1015
892 1001
892 1002
892 1011
892 1022
892 1210
893 896
893 897
893 922
893 1118
893 1160
893 1227
893 1234
894 1078
894 1223
895 1090
895 1245
896 897
896 921
896 922
896 942
896 944
896 955
896 1069
896 1160
897 921
897 922
897 942
897 1025
897 1069
897 1119
897 1160
899 979
899 1044
899 1081
899 1179
900 904
900 1086
900 1093
900 1174
900 1199
901 924
901 950
901 1091
902 916
902 951
902 958
902 1048
902 1243
903 1245
904 1174
904 1239
905 911
905 1033
905 1168
906 998
906 1050
907 1036
908 1208
909 960
909 1014
909 1028
909 1066
909 1084
909 1092
909 1219
910 974
910 1017
911 1052
912 1030
912 1111
912 1222
913 925
913 997
913 1031
913 1232
913 1239
914 993
914 1098
915 923
915 980
915 1195
916 951
916 958
916 1048
917 1064
917 1184
917 1204
918 1107
918 1131
918 1175
919 1073
920 928
920 1006
921 942
921 1069
921 1160
922 944
922 1118
922 1173
922 1177
922 1234
923 980
924 929
924 1091
924 1097
924 1134
925 997
925 1068
925 1071
925 1121
926 1094
926 1202
926 1203
927 1009
927 1060
927 1163
928 1006
929 1150
929 1162
930 1042
930 1137
930 1159
932 1224
932 1236
933 979
933 1106
933 1139
933 1228
934 947
934 1039
934 1066
934 1207
935 1032
935 1193
936 1004
936 1013
936 1027
936 1123
936 1150
936 1176
937 1123
938 967
938 1060
938 1165
939 1169
940 964
940 979
940 1106
940 1179
941 1033
941 1034
942 1025
942 1069
942 1119
942 1160
943 965
943 1149
944 955
944 1074
944 1241
945 985
945 991
945 1029
945 1073
946 1028
946 1037
946 1092
947 1039
947 1107
947 1135
947 1207
948 1038
948 1154
948 1157
949 1065
950 1015
951 958
951 1048
951 1187
951 1243
952 1035
952 1244
953 995
953 1145
955 1074
955 1160
955 1241
956 1164
956 1249
958 1048
958 1159
958 1187
958 1243
959 1069
959 1074
959 1247
960 1039
960 1066
960 1081
960 1186
961 995
961 1080
961 1153
962 1143
963 969
964 1106
964 1179
966 1183
967 1135
967 1140
967 1165
967 1175
968 1197
969 1190
971 988
972 1036
972 1041
972 1152
973 1194
974 1017
974 1063
975 1083
976 1105
976 1117
976 1207
977 1191
978 1045
978 1102
978 1119
978 1146
978 1196
979 1106
979 1179
980 1195
981 1010
981 1059
981 1215
983 1031
983 1239
984 1020
985 987
985 991
985 1244
986 1043
987 1244
989 1141
990 994
990 1045
990 1244
991 1002
991 1049
991 1073
991 1120
991 1133
992 1171
993 1217
994 1025
994 1045
994 1119
994 1129
994 1192
994 1196
995 1053
995 1080
995 1145
995 1153
996 1085
996 1202
996 1214
997 1232
998 1050
999 1212
999 1229
1000 1247
1001 1002
1001 1022
1001 1049
1001 1120
1002 1022
1002 1049
1002 1120
1003 1064
1003 1133
1003 1249
1004 1013
1004 1027
1004 1079
1004 1123
1004 1150
1004 1176
1005 1160
1005 1227
1008 1047
1008 1058
1008 1099
1008 1147
1008 1211
1009 1116
1009 1219
1010 1059
1011 1022
1011 1101
1011 1210
1012 1134
1012 1150
1012 1176
1012 1216
1014 1028
1014 1066
1014 1084
1014 1092
1014 1219
1016 1144
1016 1171
1016 1209
1017 1063
1018 1093
1019 1065
1019 1149
1019 1226
1021 1096
1021 1122
1021 1181
1022 1161
1022 1210
1022 1249
1024 1087
1024 1126
1024 1246
1025 1045
1025 1069
1025 1129
1026 1151
1026 1187
1027 1123
1028 1092
1028 1219
1029 1069
1029 1247
1030 1111
1031 1055
1031 1232
1031 1239
1032 1164
1033 1034
1035 1198
1035 1244
1036 1152
1037 1156
1037 1188
1037 1206
1039 1066
1039 1081
1041 1047
1041 1152
1041 1200
1041 1235
1042 1137
1044 1127
1044 1238
1045 1119
1045 1129
1045 1192
1045 1196
1046 1235
1047 1058
1047 1109
1047 1152
1047 1200
1049 1073
1049 1120
1050 1185
1051 1233
1052 1206
1053 1075
1053 1080
1054 1060
1054 1089
1054 1163
1054 1180
1056 1078
1056 1154
1058 1099
1058 1109
1058 1138
1058 1147
1058 1225
1059 1134
1059 1216
1060 1163
1064 1184
1064 1204
1065 1226
1066 1084
1071 1121
1072 1094
1072 1100
1074 1241
1075 1218
1076 1106
1076 1136
1076 1139
1076 1188
1077 1112
1077 1233
1078 1114
1078 1217
1079 1176
1079 1221
1080 1153
1081 1179
1081 1186
1085 1202
1085 1214
1086 1093
1087 1126
1087 1195
1087 1246
1088 1121
1089 1180
1090 1245
1091 1242
1092 1219
1094 1100
1094 1203
1095 1133
1097 1134
1099 1109
1099 1138
1099 1147
1099 1211
1099 1225
1101 1210
1101 1228
1102 1146
1104 1155
1104 1158
1105 1107
1105 1117
1105 1127
1106 1179
1107 1131
1107 1135
1109 1200
1109 1225
1113 1121
1113 1157
1114 1217
1114 1231
1115 1149
1117 1207
1118 1177
1118 1234
1119 1196
1119 1227
1120 1151
1121 1157
1122 1158
1122 1181
1123 1176
1126 1195
1126 1246
1127 1238
1128 1166
1128 1240
1131 1175
1132 1133
1132 1173
1133 1249
1134 1216
1135 1140
1135 1165
1136 1139
1136 1228
1138 1147
1139 1228
1140 1165
1140 1236
1142 1178
1142 1242
1144 1209
1148 1237
1150 1176
1150 1216
1151 1187
1156 1206
1159 1243
1160 1227
1161 1191
1161 1210
1163 1248
1164 1249
1165 1175
1166 1240
1169 1170
1173 1177
1173 1234
1175 1205
1177 1234
1184 1204
1187 1243
1194 1218
1195 1246
1199 1209
1199 1211
1200 1235
1201 1216
1202 1214
1212 1229
1213 1237
1224 1236
1226 1230
