0 13
0 475
0 600
0 687
0 797
0 843
0 982
0 1049
1 296
1 350
1 443
1 508
1 555
1 675
1 740
1 869
1 931
1 966
1 1029
1 1194
2 36
2 85
2 108
2 375
2 551
2 808
2 975
2 1078
2 1227
3 193
3 224
3 381
3 810
3 862
4 216
4 276
4 380
4 389
4 478
4 541
4 1224
4 1241
5 93
5 107
5 178
5 183
5 222
5 277
5 302
5 398
5 418
5 525
5 609
5 639
5 811
6 104
6 207
6 216
6 287
6 296
6 389
6 824
6 948
7 331
7 681
7 706
7 756
7 941
8 523
8 528
8 705
8 822
8 883
8 889
8 1177
9 215
9 220
9 303
9 325
9 457
9 496
9 681
9 689
9 706
9 755
9 808
9 828
9 840
9 864
9 878
9 1197
10 69
10 232
10 289
10 379
10 1188
10 1193
11 43
11 191
11 346
11 531
11 757
11 810
11 875
11 943
11 945
11 1243
12 46
12 56
12 130
12 174
12 274
12 311
12 462
12 536
12 630
12 632
12 703
12 717
12 1050
12 1146
12 1226
13 238
13 361
13 474
14 240
14 465
14 580
14 768
14 959
14 1009
14 1221
15 22
15 30
15 182
15 356
15 382
15 517
15 532
15 636
15 1147
16 392
16 580
16 663
16 959
16 1009
16 1095
17 348
17 372
17 500
17 521
17 548
17 856
17 899
17 1125
17 1214
18 49
18 364
18 455
18 471
18 552
18 564
19 349
19 442
19 448
19 503
19 757
19 810
19 1021
19 1136
20 33
20 178
20 452
20 522
20 609
20 727
20 870
20 873
20 1032
20 1114
20 1123
20 1145
20 1231
21 59
21 235
21 327
21 420
21 553
21 597
21 634
21 648
21 813
21 863
21 947
21 1115
21 1157
22 30
22 117
22 160
22 356
22 517
22 532
22 747
22 852
22 910
22 960
22 1110
23 81
23 90
23 203
23 447
23 722
23 838
23 1061
23 1160
23 1217
24 322
24 679
24 682
24 691
24 799
24 957
24 1143
24 1158
24 1244
25 41
25 274
25 616
25 1004
25 1011
25 1059
26 143
26 193
26 231
26 335
26 381
26 404
26 426
26 484
26 690
26 819
26 862
26 936
26 1127
27 202
27 207
27 272
27 423
27 438
27 535
27 541
27 692
27 1024
28 361
28 434
28 888
28 1233
29 32
29 267
29 443
29 495
29 563
29 574
29 724
29 968
29 1029
29 1218
30 88
30 182
30 247
30 347
30 356
30 517
30 532
30 638
30 815
30 852
30 1147
31 35
31 37
31 52
31 55
31 145
31 260
31 310
31 611
31 1028
31 1176
32 119
32 149
32 192
32 267
32 411
32 582
32 743
32 846
32 968
32 1161
33 178
33 338
33 606
33 609
33 651
33 727
33 738
33 1032
33 1114
33 1123
33 1187
34 126
34 707
34 771
34 868
34 895
34 1046
35 52
35 55
35 145
35 260
35 310
35 327
35 611
35 685
35 1028
35 1076
35 1176
36 85
36 108
36 236
36 258
36 780
36 843
36 941
36 975
36 1027
36 1033
36 1079
36 1111
36 1180
37 52
37 55
37 310
37 396
37 611
38 103
38 142
38 183
38 222
38 525
38 618
38 811
38 1058
39 92
39 494
39 554
39 595
39 667
39 708
39 858
39 1090
39 1091
40 83
40 186
40 206
40 874
40 1130
41 297
41 476
41 616
41 1059
42 129
42 454
42 665
42 913
42 973
43 70
43 97
43 118
43 224
43 346
43 432
43 861
43 875
43 889
44 306
44 349
44 401
44 431
44 503
44 510
44 560
44 810
44 908
44 963
44 1119
45 73
45 116
45 180
45 196
45 257
45 380
45 446
45 567
45 608
45 775
45 832
45 928
45 1021
45 1068
45 1088
45 1098
45 1128
45 1155
45 1234
46 56
46 130
46 209
46 274
46 311
46 462
46 536
46 753
46 1048
46 1084
46 1113
46 1173
47 68
47 214
47 288
47 298
47 342
47 344
47 480
47 515
47 733
47 750
47 812
47 882
47 909
47 953
47 989
47 1077
47 1219
47 1230
48 95
48 100
48 429
48 671
48 747
48 796
48 852
48 1016
48 1110
48 1178
48 1236
48 1242
49 243
49 251
49 364
49 552
49 701
49 842
49 867
49 1094
50 821
50 952
50 1086
50 1124
51 147
51 714
51 827
51 947
51 966
51 1108
52 55
52 310
52 327
52 396
52 611
52 685
52 1028
52 1076
52 1176
52 1246
53 63
53 171
53 352
53 555
53 714
53 966
53 1026
54 79
54 123
54 372
54 653
54 680
54 728
54 729
54 774
54 961
54 1126
54 1196
55 145
55 310
55 396
55 611
56 130
56 209
56 274
56 311
56 462
56 536
56 630
56 753
56 912
56 1054
56 1084
56 1113
56 1146
56 1173
57 262
57 273
57 512
57 534
57 604
57 687
57 698
57 746
57 797
57 984
57 1007
57 1032
57 1184
58 141
58 291
58 348
58 500
58 536
58 637
58 777
58 816
58 881
58 912
58 1054
58 1108
58 1113
58 1174
59 114
59 173
59 488
59 553
59 621
59 648
59 672
59 911
59 991
59 1087
59 1115
59 1157
60 257
60 261
60 615
60 1088
60 1136
60 1155
61 147
61 242
61 539
61 597
61 634
61 653
61 827
61 947
62 71
62 325
62 828
62 840
62 864
63 341
63 598
63 809
63 903
63 938
63 962
63 976
63 1003
63 1030
63 1051
64 99
64 253
64 480
64 598
64 635
64 903
64 1003
64 1159
64 1171
64 1189
65 153
65 284
65 452
65 485
65 501
65 522
65 562
65 625
65 772
65 781
65 805
65 873
65 874
65 1130
65 1145
65 1222
65 1225
65 1231
66 92
66 210
66 316
66 422
66 494
66 923
67 399
67 644
67 672
67 1062
67 1211
68 344
68 352
68 480
68 555
68 1159
68 1212
68 1219
69 232
69 377
69 489
69 914
69 983
69 1066
69 1099
69 1188
69 1193
70 97
70 118
70 175
70 228
70 425
70 432
70 523
70 704
70 861
70 875
70 883
70 889
70 917
70 995
70 1000
70 1077
70 1105
71 220
71 490
71 496
71 689
71 828
71 864
71 920
72 162
72 323
72 469
72 527
72 535
72 590
72 787
72 974
72 1063
72 1137
72 1206
73 257
73 608
73 721
73 729
73 767
73 1015
73 1155
74 626
74 681
74 756
74 1180
75 87
75 124
75 332
75 436
75 565
75 570
75 658
75 773
75 1202
76 204
76 467
76 594
76 629
76 776
76 779
76 826
76 867
76 907
76 967
76 1094
77 328
77 458
77 550
77 617
77 656
77 711
77 1006
77 1042
77 1082
77 1164
78 79
78 84
78 217
78 221
78 255
78 322
78 409
78 641
78 990
78 1126
78 1196
79 218
79 372
79 643
79 680
79 728
79 774
79 899
79 990
79 1126
79 1196
80 362
80 461
80 486
80 551
80 561
80 586
80 675
80 676
80 869
80 1079
80 1118
81 90
81 481
81 722
81 817
81 818
81 1061
81 1217
82 315
82 354
82 371
82 447
82 520
82 554
82 572
82 614
82 695
82 696
82 731
82 837
82 922
82 1018
82 1210
83 206
84 217
84 221
84 322
84 409
84 641
84 881
84 1126
84 1215
85 236
85 258
85 780
85 1027
85 1033
85 1079
85 1111
85 1118
86 98
86 122
86 134
86 278
86 336
86 419
86 575
86 693
86 933
86 935
86 1052
86 1133
87 103
87 124
87 239
87 570
87 591
87 618
87 751
87 773
87 1163
87 1202
88 182
88 445
88 638
88 694
88 700
88 720
88 735
88 784
88 815
88 897
88 1147
88 1218
89 184
89 226
89 280
89 355
89 463
89 574
89 588
89 619
89 684
89 741
89 807
89 1026
89 1039
90 203
90 722
90 838
90 1061
90 1086
90 1134
90 1160
90 1217
91 158
91 260
91 286
91 369
91 424
91 558
91 633
91 666
91 767
91 1040
92 340
92 494
92 667
92 708
92 859
92 1091
92 1121
92 1175
93 106
93 107
93 277
93 302
93 418
93 609
93 639
93 924
93 1172
94 314
94 322
94 516
94 887
94 898
94 932
94 1215
94 1244
95 100
95 300
95 505
95 538
95 796
95 885
95 986
95 1016
95 1045
95 1081
95 1110
95 1178
95 1186
95 1236
96 417
96 461
96 675
96 742
97 118
97 175
97 346
97 432
97 523
97 704
97 861
97 875
97 889
97 917
97 1000
97 1077
97 1105
97 1149
98 122
98 134
98 151
98 278
98 358
98 402
98 415
98 419
98 421
98 451
98 506
98 530
98 668
98 798
98 933
98 951
98 1133
99 253
99 598
99 612
99 635
99 903
99 926
99 1003
99 1171
99 1189
100 300
100 517
100 538
100 796
100 852
100 885
100 1016
100 1045
100 1081
100 1110
100 1178
100 1186
100 1236
101 134
101 151
101 402
101 506
101 627
101 668
101 719
101 876
101 950
101 1133
101 1141
101 1165
101 1240
102 170
102 285
102 1238
102 1240
103 142
103 150
103 239
103 591
103 618
103 652
103 748
103 751
103 773
103 834
103 847
103 955
103 1163
103 1202
103 1216
104 144
104 207
104 216
104 287
104 296
104 389
104 664
104 824
104 948
104 1107
105 800
105 971
105 1149
106 107
106 924
106 1172
106 1187
107 302
107 321
107 418
107 529
107 639
107 924
107 993
107 1172
107 1249
108 245
108 941
108 1027
108 1078
108 1201
109 252
109 317
109 410
109 439
109 929
109 985
109 1085
109 1100
109 1213
110 305
110 789
110 830
110 1129
111 233
111 256
111 284
111 412
111 512
111 581
111 687
111 884
111 964
111 979
111 1184
112 243
112 334
112 599
112 636
112 679
112 691
112 701
112 921
112 1143
112 1151
112 1158
113 127
113 700
113 897
114 173
114 188
114 420
114 488
114 553
114 648
114 672
114 911
114 1076
114 1087
114 1115
114 1157
115 610
115 625
115 792
116 180
116 190
116 196
116 276
116 349
116 380
116 431
116 442
116 446
116 448
116 567
116 757
116 832
116 963
116 1021
116 1098
116 1136
116 1209
116 1241
117 356
117 517
117 532
117 538
117 636
117 656
117 759
117 852
117 885
117 921
117 1082
117 1178
117 1192
117 1236
118 143
118 175
118 404
118 432
118 523
118 528
118 704
118 861
118 889
118 936
118 1000
118 1149
118 1177
119 149
119 395
119 763
119 846
119 860
119 1161
119 1229
120 198
120 301
120 319
120 449
120 697
121 137
121 146
121 393
121 456
121 509
121 519
121 760
121 794
121 812
121 909
121 989
121 1106
121 1190
122 134
122 278
122 419
122 506
122 575
122 668
122 933
122 1133
123 147
123 235
123 327
123 333
123 372
123 387
123 553
123 728
123 729
123 774
123 961
124 200
124 230
124 239
124 263
124 436
124 533
124 565
124 570
124 773
124 1038
124 1163
124 1195
124 1202
125 299
125 365
125 629
125 769
125 844
125 907
125 1001
125 1057
125 1064
125 1074
126 281
126 771
126 868
126 895
126 1046
126 1223
127 638
127 694
127 700
127 815
127 897
128 159
128 269
128 395
128 497
128 544
128 583
128 737
128 823
128 850
128 905
128 1036
128 1101
129 454
129 559
129 913
129 925
129 1071
130 174
130 274
130 311
130 462
130 476
130 536
130 630
130 632
130 703
130 717
130 753
130 871
130 893
130 1050
130 1054
130 1084
130 1113
130 1146
130 1173
131 185
131 211
131 318
131 707
131 771
131 783
131 826
131 855
131 859
131 1037
131 1046
131 1175
131 1179
132 382
132 437
132 568
132 628
132 786
132 788
132 829
132 898
133 153
133 186
133 501
133 781
133 873
133 934
133 1083
133 1225
134 278
134 402
134 419
134 506
134 575
134 668
134 719
134 933
134 1133
134 1165
135 264
135 415
135 435
135 530
135 742
135 798
135 879
135 890
135 902
136 165
136 166
136 187
136 246
136 271
136 401
136 423
136 438
136 493
136 535
136 560
136 578
136 787
136 802
136 939
136 1047
136 1112
137 138
137 330
137 416
137 456
137 557
137 622
137 655
137 705
137 794
137 814
137 822
137 1005
137 1093
137 1106
137 1152
138 330
138 551
138 561
138 622
138 650
138 794
138 814
138 1005
138 1093
138 1106
138 1227
139 152
139 184
139 212
139 213
139 250
139 280
139 466
139 566
139 785
139 987
139 1025
139 1062
139 1142
139 1198
140 228
140 264
140 312
140 402
140 441
140 451
140 492
140 537
140 627
140 668
140 798
140 876
140 940
140 997
140 1097
140 1133
141 291
141 632
141 637
141 703
141 717
141 777
141 1050
141 1108
141 1113
142 150
142 183
142 407
142 525
142 577
142 591
142 652
142 751
142 811
142 847
142 955
142 1216
143 231
143 335
143 404
143 426
143 482
143 528
143 556
143 690
143 936
143 1000
143 1177
144 207
144 217
144 221
144 641
144 664
144 682
144 824
144 946
144 948
145 158
145 260
145 368
145 369
145 633
145 767
145 1040
145 1104
146 393
146 456
146 760
146 794
146 812
146 909
146 1106
146 1190
147 333
147 637
147 881
147 900
147 947
147 1174
148 416
148 456
148 655
149 395
149 846
149 1229
150 183
150 398
150 407
150 525
150 577
150 591
150 592
150 652
150 751
150 811
150 847
150 955
150 1216
151 402
151 506
151 607
151 627
151 668
151 719
151 876
151 950
151 1133
151 1141
152 171
152 341
152 399
152 605
152 785
152 938
152 1062
152 1103
152 1142
152 1203
152 1211
153 186
153 501
153 562
153 772
153 781
153 805
153 873
153 874
153 934
153 1083
153 1130
153 1222
153 1225
154 337
155 204
155 629
155 1064
156 177
156 241
156 386
156 1198
157 225
157 266
157 377
157 460
157 473
157 540
157 678
157 996
157 1056
157 1099
157 1144
158 260
158 261
158 369
158 633
158 767
158 1104
158 1176
159 544
159 823
159 891
159 1101
160 198
160 356
160 747
160 788
160 910
160 960
160 1117
160 1242
161 227
161 365
161 518
161 601
161 710
161 894
161 1057
162 187
162 389
162 469
162 535
162 974
163 373
163 710
163 972
163 1080
164 383
164 464
164 569
164 709
164 844
164 969
164 1001
165 166
165 249
165 336
165 646
165 939
165 1047
166 249
166 336
166 646
166 939
166 1047
167 304
167 368
167 770
167 1040
168 374
168 710
168 866
168 929
168 1002
168 1080
169 279
169 329
169 378
169 434
169 665
169 718
169 782
169 913
169 965
169 973
169 1010
169 1148
170 283
170 360
170 430
170 758
171 226
171 403
171 605
171 938
171 1026
171 1103
171 1142
172 502
172 513
172 586
172 603
172 1182
173 188
173 327
173 420
173 553
173 648
173 911
173 1076
173 1087
173 1115
173 1157
174 274
174 476
174 630
174 632
174 703
174 717
174 871
174 1050
174 1146
174 1226
175 425
175 432
175 523
175 704
175 861
175 875
175 883
175 889
175 917
175 995
175 1077
175 1105
175 1149
175 1199
176 293
176 545
176 587
176 650
176 1078
176 1150
176 1227
177 212
177 241
177 386
177 463
177 487
177 544
177 566
177 593
177 737
177 836
177 851
177 987
177 1025
177 1055
177 1198
178 398
178 522
178 609
178 727
178 738
178 1032
178 1114
178 1123
179 210
179 234
179 308
179 316
179 422
179 707
179 771
179 821
179 859
179 892
179 1037
179 1160
180 190
180 196
180 242
180 380
180 446
180 515
180 539
180 567
180 623
180 775
180 795
180 832
180 928
180 945
180 1021
180 1068
180 1098
180 1241
181 240
181 364
181 455
181 465
181 564
181 768
181 1012
182 445
182 694
182 720
182 735
182 761
182 784
182 815
182 1147
182 1218
183 277
183 398
183 407
183 525
183 549
183 640
183 652
183 738
183 811
183 847
183 955
184 280
184 355
184 588
184 619
184 684
184 741
184 807
184 1026
184 1039
185 211
185 229
185 251
185 467
185 783
185 826
185 855
185 867
185 915
185 967
185 1046
185 1179
186 206
186 501
186 1225
187 401
187 438
187 469
187 535
187 787
187 974
188 420
188 553
188 648
188 911
188 1076
188 1087
188 1115
188 1157
189 343
189 662
189 943
189 945
190 196
190 214
190 242
190 446
190 515
190 539
190 567
190 623
190 739
190 775
190 795
190 832
190 1068
190 1171
190 1241
191 346
191 531
191 757
191 943
191 1243
192 267
192 363
192 376
192 498
192 582
192 835
192 968
192 1041
192 1071
192 1161
193 224
193 381
193 862
194 300
194 433
194 479
194 505
194 674
195 357
195 424
195 579
195 790
195 804
195 806
195 1060
196 242
196 446
196 515
196 539
196 567
196 623
196 662
196 775
196 795
196 832
196 928
196 945
196 1021
196 1068
196 1098
196 1189
196 1241
197 273
197 282
197 600
197 687
197 713
197 841
197 919
197 1049
197 1166
198 616
198 720
198 960
198 1117
199 205
199 324
199 415
199 435
199 640
199 651
199 877
199 935
199 951
199 1120
199 1185
199 1232
200 263
200 283
200 570
200 715
200 1038
200 1195
201 320
201 388
201 552
201 596
201 749
201 778
201 842
201 1012
201 1014
201 1065
201 1073
201 1109
201 1139
202 423
202 438
202 526
202 578
202 657
202 692
202 736
202 1154
203 722
203 786
203 838
203 1018
203 1086
203 1134
203 1160
203 1217
204 408
204 594
204 629
204 776
204 1064
204 1074
205 435
205 640
205 651
205 877
205 902
205 1232
206 874
207 216
207 389
207 824
207 946
207 948
207 1107
207 1206
208 366
208 556
208 627
208 683
208 876
209 315
209 351
209 354
209 371
209 536
209 614
209 753
209 816
209 912
209 1048
209 1054
209 1084
209 1173
210 234
210 308
210 316
210 422
210 821
210 859
210 892
210 923
210 1160
211 318
211 783
211 855
211 1037
211 1046
211 1170
211 1179
211 1200
212 213
212 250
212 386
212 399
212 466
212 566
212 785
212 987
212 1025
212 1055
212 1198
213 250
213 399
213 466
213 566
213 785
213 987
213 1062
213 1198
213 1211
214 288
214 295
214 342
214 515
214 739
214 750
214 795
214 953
214 997
214 999
214 1069
214 1209
214 1219
215 325
215 457
215 496
215 706
215 828
215 864
216 287
216 389
216 948
216 1241
217 221
217 322
217 409
217 641
217 664
217 682
217 1215
218 313
218 317
218 573
218 589
218 643
218 680
218 744
218 848
218 990
218 1196
219 257
219 276
219 380
219 478
219 615
219 1053
219 1088
219 1136
219 1155
219 1224
220 457
220 490
220 496
220 689
220 755
220 828
220 840
220 864
220 878
220 920
220 1197
221 322
221 409
221 641
221 664
221 682
221 1215
221 1244
222 277
222 302
222 418
222 525
222 639
222 811
223 340
223 353
223 391
223 440
223 504
223 571
223 859
223 937
223 1008
223 1121
223 1175
223 1223
223 1235
224 381
224 810
224 861
225 266
225 294
225 339
225 473
225 540
225 678
225 996
225 1056
225 1144
226 269
226 403
226 463
226 588
226 605
226 741
226 987
226 1026
226 1055
226 1103
226 1142
227 270
227 374
227 526
227 601
227 894
228 312
228 426
228 432
228 441
228 492
228 537
228 876
228 889
228 917
228 940
228 1097
229 679
229 691
229 692
229 736
229 826
229 855
229 867
229 915
229 1109
229 1179
230 384
230 436
230 533
230 565
230 872
230 1038
230 1195
231 335
231 404
231 426
231 482
231 484
231 690
231 819
231 936
232 817
232 1193
233 256
233 284
233 412
233 452
233 468
233 485
233 725
233 870
233 884
233 964
233 979
233 1184
234 308
234 316
234 422
234 821
234 838
234 923
234 1135
234 1160
235 327
235 553
235 597
235 729
235 813
235 1028
235 1115
235 1157
236 238
236 258
236 262
236 385
236 474
236 843
236 1033
236 1079
236 1111
236 1118
236 1180
237 297
237 355
237 476
237 495
237 547
237 563
237 724
237 871
237 893
237 956
237 1191
237 1229
238 361
238 385
238 474
238 600
238 843
238 1180
239 570
239 618
239 686
239 715
239 748
239 1163
239 1202
240 465
240 768
240 959
240 1009
240 1221
240 1237
241 487
241 544
241 566
241 593
241 836
241 851
241 901
241 1025
241 1198
242 446
242 478
242 539
242 623
242 653
242 775
242 795
242 832
242 1068
242 1171
242 1241
243 334
243 552
243 679
243 701
243 1082
244 427
244 527
244 590
244 599
244 631
244 691
244 749
244 1014
244 1023
244 1063
244 1109
244 1206
245 916
245 941
245 977
245 1150
245 1201
246 271
246 401
246 423
246 438
246 493
246 560
246 578
246 802
246 830
246 833
246 939
246 994
246 1047
246 1112
247 414
247 445
247 532
247 645
247 677
247 746
247 841
247 906
247 984
247 1007
247 1147
247 1208
248 269
248 497
248 583
248 905
248 1167
249 336
249 360
249 686
249 748
250 399
250 466
250 785
250 1062
250 1203
250 1211
251 259
251 467
251 552
251 661
251 701
251 779
251 826
251 842
251 855
251 867
251 967
251 1046
251 1094
252 317
252 410
252 439
252 507
252 985
252 1070
252 1085
252 1100
252 1213
253 598
253 612
253 635
253 863
253 903
253 926
253 1003
253 1189
254 403
254 649
255 409
255 990
255 1170
255 1200
256 284
256 412
256 468
256 725
256 884
256 964
256 979
257 276
257 380
257 478
257 608
257 615
257 1053
257 1088
257 1136
257 1155
257 1224
258 303
258 385
258 474
258 551
258 626
258 808
258 975
258 1079
258 1111
258 1118
258 1180
259 320
259 467
259 552
259 594
259 779
259 842
259 844
259 867
259 967
259 1065
259 1094
259 1109
260 304
260 368
260 369
260 633
260 767
260 1028
260 1040
260 1104
260 1176
261 608
261 615
261 1015
261 1104
261 1122
261 1128
261 1234
262 414
262 600
262 604
262 645
262 698
262 746
262 841
262 843
262 906
263 292
263 436
263 565
263 1038
263 1195
264 278
264 419
264 441
264 469
264 997
265 270
265 272
265 397
265 541
265 702
265 754
265 766
265 802
265 833
265 992
265 994
265 1013
265 1154
265 1205
266 339
266 359
266 453
266 473
266 477
266 678
266 732
266 839
266 996
266 1056
266 1099
266 1117
266 1144
267 495
267 574
267 649
267 741
267 968
267 1161
268 712
268 904
268 970
268 1162
268 1228
269 463
269 497
269 583
269 905
269 1167
270 272
270 397
270 702
270 754
270 833
270 992
270 994
270 1013
270 1154
270 1205
271 423
271 438
271 493
271 535
271 560
271 578
271 754
271 802
271 830
271 833
271 939
271 994
271 1047
271 1112
271 1154
272 397
272 423
272 541
272 578
272 702
272 766
272 802
272 833
272 992
272 994
272 1013
272 1154
273 687
273 698
273 841
273 884
273 979
273 982
273 984
273 1007
273 1049
273 1184
274 311
274 462
274 1059
274 1226
275 429
275 674
275 716
275 726
275 944
276 349
276 380
276 431
276 442
276 448
276 503
276 567
276 963
276 1021
276 1088
276 1136
276 1209
276 1224
276 1241
277 302
277 418
277 525
277 609
277 639
277 811
278 402
278 419
278 421
278 530
278 693
278 798
278 933
278 1133
279 329
279 665
279 718
279 913
279 973
279 1010
279 1148
280 355
280 588
280 619
280 684
280 717
280 807
280 1025
280 1039
280 1050
281 353
281 776
281 868
281 1223
282 363
282 411
282 445
282 673
282 743
282 919
282 949
282 1041
282 1166
283 309
283 360
283 430
283 758
283 831
283 980
284 412
284 452
284 468
284 485
284 522
284 562
284 663
284 725
284 870
284 884
284 979
284 1095
284 1183
284 1231
285 381
285 719
285 854
285 862
285 1165
285 1238
285 1240
286 304
286 369
286 424
286 558
286 579
286 666
286 765
286 767
286 961
286 1040
287 296
287 389
287 931
287 948
287 999
287 1194
288 342
288 515
288 739
288 953
288 989
288 999
288 1194
288 1219
289 1066
290 299
290 305
290 546
290 769
290 789
290 930
290 942
290 1017
290 1074
290 1102
290 1129
291 536
291 619
291 637
291 703
291 717
291 1054
291 1108
291 1113
291 1146
291 1174
292 602
292 1038
292 1168
293 545
293 587
293 650
293 1078
293 1150
293 1227
294 339
294 449
294 473
294 697
294 996
294 1011
294 1144
295 306
295 312
295 441
295 908
295 940
295 997
295 999
295 1069
295 1209
296 443
296 508
296 740
296 931
296 966
296 1194
297 476
297 547
297 871
297 893
297 1191
297 1229
298 344
298 393
298 394
298 509
298 760
298 812
298 909
298 989
298 1159
298 1212
298 1219
299 365
299 769
299 907
299 1001
299 1057
299 1064
299 1074
300 406
300 433
300 458
300 538
300 986
300 1186
301 319
301 449
301 697
301 752
301 1004
301 1011
302 321
302 418
302 639
302 1172
303 511
303 542
303 551
303 808
303 840
303 975
303 1197
304 368
304 424
304 558
304 633
304 767
304 770
304 961
304 1040
305 384
305 546
305 930
305 942
305 1089
305 1102
305 1129
305 1207
306 312
306 349
306 401
306 431
306 908
306 963
306 997
306 1069
306 1209
307 475
307 576
307 797
307 843
307 977
307 1019
307 1027
308 316
308 422
308 771
308 821
308 859
308 892
309 384
309 430
309 758
309 831
309 1038
309 1089
310 585
310 611
310 642
310 685
310 1028
310 1169
310 1176
310 1246
311 462
311 536
311 630
311 703
311 1084
311 1113
311 1146
311 1173
312 441
312 492
312 908
312 940
312 963
312 997
312 1069
312 1209
313 317
313 573
313 579
313 702
313 744
313 765
313 766
313 848
313 865
313 1205
314 563
314 887
314 893
314 898
314 932
314 956
314 1215
315 351
315 354
315 371
315 572
315 731
315 816
315 837
315 912
315 1048
315 1173
316 422
316 923
317 410
317 439
317 507
317 573
317 589
317 848
317 853
317 865
317 985
317 1100
317 1213
318 707
318 783
318 838
318 855
318 1018
318 1037
318 1200
319 337
319 449
319 697
319 752
319 1011
320 657
320 842
320 844
320 1014
320 1063
320 1065
320 1109
321 428
321 529
321 639
321 904
322 409
322 516
322 641
322 664
322 682
322 1215
322 1244
323 469
323 527
323 590
323 787
323 890
323 974
323 1063
323 1116
323 1137
324 415
324 651
324 877
324 951
324 1185
324 1232
325 375
325 457
325 706
325 828
325 840
325 864
326 585
326 642
326 1122
326 1128
326 1169
327 553
327 648
327 729
327 1028
327 1076
327 1087
327 1115
327 1176
328 406
328 458
328 471
328 550
328 656
328 986
328 1042
329 378
329 390
329 511
329 542
329 718
329 755
329 782
329 965
329 973
329 1010
329 1148
329 1197
330 561
330 622
330 650
330 794
330 814
330 1005
330 1093
331 756
332 658
332 773
332 1162
332 1228
333 348
333 372
333 387
333 420
333 521
333 728
333 881
333 900
333 1174
334 617
334 701
334 855
334 1042
334 1082
334 1134
335 404
335 482
335 484
335 690
335 819
335 936
335 1127
336 360
336 470
336 575
336 646
336 686
336 980
336 1165
336 1240
337 1229
338 370
338 549
338 596
338 738
338 803
338 1075
338 1114
338 1123
338 1139
339 473
339 732
339 839
339 996
339 1056
339 1099
339 1144
340 410
340 440
340 667
340 708
340 853
340 1008
340 1121
340 1175
341 809
341 938
341 962
341 976
341 991
341 1030
341 1051
341 1103
342 491
342 509
342 515
342 519
342 733
342 739
342 953
342 989
342 1219
344 352
344 394
344 480
344 1159
344 1212
344 1219
344 1247
345 414
345 604
345 624
345 645
345 654
345 677
345 906
345 954
345 1208
346 531
346 861
346 875
346 943
347 356
347 638
347 700
347 796
347 815
347 1178
347 1245
348 387
348 500
348 521
348 548
348 637
348 777
348 856
348 881
348 900
348 1174
349 431
349 442
349 448
349 503
349 567
349 757
349 810
349 908
349 963
349 1119
349 1136
349 1209
350 362
350 443
350 461
350 486
350 508
350 675
350 676
350 740
350 869
350 931
350 954
350 1029
351 354
351 447
351 472
351 520
351 614
351 628
351 731
351 753
351 818
351 1048
352 555
352 1194
352 1212
353 440
353 929
353 1002
353 1008
353 1080
353 1223
353 1235
354 371
354 447
354 472
354 520
354 572
354 614
354 696
354 731
354 818
354 837
354 922
354 1048
355 547
355 588
355 619
355 684
355 807
355 871
355 1101
356 517
356 532
356 747
356 796
356 852
356 910
356 960
356 1016
356 1110
356 1178
356 1236
357 507
357 613
357 790
357 804
357 806
357 985
357 1060
357 1100
358 402
358 415
358 421
358 451
358 530
358 607
358 670
358 798
358 951
358 1031
359 453
359 477
359 481
359 732
359 764
359 983
359 1099
360 430
360 470
360 715
360 980
361 713
361 888
362 461
362 486
362 561
362 586
362 675
362 676
362 869
362 1118
363 367
363 411
363 498
363 582
363 673
363 699
363 743
363 919
363 949
363 1041
363 1161
364 455
364 471
364 552
364 564
365 518
365 601
365 710
365 894
365 907
365 972
365 988
365 1057
365 1064
366 556
366 683
366 1152
367 582
367 763
367 860
367 949
367 1071
367 1233
368 633
368 770
368 1040
369 424
369 558
369 633
369 767
369 1040
369 1104
370 388
370 427
370 549
370 596
370 631
370 738
370 749
370 778
370 803
370 1014
370 1139
371 520
371 572
371 731
371 816
371 837
371 1048
371 1210
371 1214
372 387
372 521
372 728
372 770
372 774
372 856
372 961
372 1125
372 1196
373 1080
374 601
374 865
375 557
375 622
375 655
375 794
375 840
375 1106
375 1227
376 498
376 582
376 835
376 968
376 1041
376 1071
376 1161
377 460
377 489
377 669
377 678
377 764
377 914
377 983
377 1066
377 1188
378 385
378 390
378 782
378 888
378 965
380 446
380 478
380 567
380 832
380 1021
380 1088
380 1136
380 1155
380 1224
380 1241
381 690
381 862
382 437
382 568
382 628
382 788
382 829
382 898
383 444
383 464
383 524
383 569
383 709
383 969
383 1220
384 436
384 831
384 872
384 1038
384 1089
384 1195
384 1207
385 390
385 474
385 782
385 880
385 965
385 1118
386 1055
386 1198
387 521
387 777
387 856
387 900
387 1125
388 549
388 577
388 592
388 749
388 803
388 847
388 1014
388 1063
388 1073
388 1096
388 1137
389 824
389 948
390 514
390 542
390 782
390 880
390 965
390 1010
391 504
391 571
391 647
391 937
391 978
391 1131
391 1132
391 1235
392 1095
392 1231
393 394
393 509
393 519
393 586
393 603
393 760
393 812
393 909
393 989
393 1190
394 760
394 812
394 909
394 1159
394 1212
394 1247
395 559
395 583
395 763
395 823
395 835
395 860
395 1167
395 1181
396 611
396 1246
397 541
397 702
397 766
397 802
397 833
397 992
397 994
397 1013
397 1154
398 418
398 525
398 592
398 738
398 955
399 466
399 644
399 672
399 785
399 1062
399 1211
400 428
400 483
400 970
401 560
401 646
401 908
401 1119
402 419
402 421
402 451
402 492
402 506
402 530
402 627
402 668
402 798
402 876
402 933
402 1133
403 605
403 649
404 426
404 482
404 528
404 556
404 690
404 936
404 1000
404 1177
405 755
405 1067
405 1072
405 1148
406 458
406 550
407 525
407 549
407 640
407 651
407 652
407 738
407 803
407 811
407 847
407 935
407 955
407 1120
407 1216
408 464
408 594
408 629
408 660
408 969
408 1074
409 516
409 641
409 664
409 682
409 1215
409 1244
410 439
410 440
410 459
410 667
410 853
410 929
410 985
410 1008
410 1085
410 1100
410 1213
411 445
411 498
411 582
411 699
411 743
411 846
411 919
411 968
411 1041
411 1161
412 468
412 485
412 562
412 625
412 725
412 792
412 870
412 884
412 979
412 1183
412 1231
413 825
413 1044
413 1102
413 1207
414 445
414 604
414 645
414 677
414 746
414 841
414 906
414 1007
414 1147
414 1208
415 421
415 435
415 530
415 798
415 879
415 902
415 951
415 1031
415 1185
416 456
416 557
416 655
416 791
416 794
417 519
417 742
417 814
417 940
417 1093
418 525
418 639
418 811
418 1172
419 421
419 530
419 668
419 693
419 933
419 935
419 1052
419 1133
420 553
420 648
420 900
420 1115
420 1157
420 1203
421 530
421 670
421 693
421 798
421 933
421 935
421 951
421 1031
421 1185
422 923
423 438
423 493
423 526
423 535
423 578
423 802
423 830
423 833
423 939
423 994
423 1013
423 1154
424 558
424 666
424 790
424 804
425 432
425 491
425 733
425 822
425 883
425 909
425 917
425 989
425 995
425 1077
425 1105
426 537
426 556
426 627
426 690
426 876
426 1000
426 1177
427 590
427 596
427 599
427 631
427 749
427 778
427 921
427 1014
427 1023
427 1075
427 1139
427 1151
428 483
428 904
428 970
429 669
429 671
429 716
429 1034
429 1204
429 1242
430 758
430 831
431 442
431 448
431 503
431 567
431 757
431 810
431 908
431 963
431 1069
431 1119
431 1209
432 491
432 523
432 733
432 750
432 861
432 875
432 889
432 917
432 953
432 995
432 1077
432 1105
432 1230
433 479
433 505
433 674
434 888
434 1233
435 651
435 742
435 879
435 890
435 902
435 951
435 1116
435 1120
436 533
436 565
436 825
436 872
436 1038
436 1195
437 568
437 616
437 628
437 788
437 829
437 898
437 1117
438 493
438 535
438 578
438 787
438 802
438 830
438 939
438 994
438 1047
438 1154
439 507
439 589
439 853
439 858
439 985
439 1100
439 1213
440 459
440 504
440 896
440 929
440 937
440 1008
440 1080
440 1085
440 1132
440 1213
440 1235
441 492
441 940
441 997
441 1069
441 1097
442 448
442 503
442 567
442 757
442 963
442 1021
442 1088
442 1098
442 1136
443 508
443 563
443 740
443 931
443 1029
444 524
444 569
444 709
444 1220
445 694
445 735
445 743
445 815
445 897
445 906
445 919
445 1147
445 1218
446 539
446 567
446 623
446 775
446 795
446 832
446 928
446 945
446 1021
446 1068
446 1098
446 1155
446 1241
447 472
447 520
447 572
447 614
447 696
447 731
447 818
447 837
447 838
447 922
447 1018
448 503
448 567
448 757
448 963
448 1021
448 1088
448 1098
448 1136
449 697
449 752
449 1004
449 1011
450 544
450 836
451 492
451 506
451 530
451 627
451 668
451 798
451 876
451 1097
451 1133
452 485
452 512
452 522
452 562
452 727
452 870
452 873
452 884
452 1019
452 1032
452 1145
452 1184
452 1231
453 477
453 481
453 732
453 983
453 1099
454 559
454 913
454 925
454 1071
455 552
455 564
455 660
455 768
455 842
455 849
455 981
455 1012
455 1065
456 655
456 794
456 822
457 496
457 681
457 689
457 706
457 755
457 828
457 840
457 864
457 878
457 1197
458 550
458 671
458 1034
459 504
459 647
459 896
459 929
459 937
459 1022
459 1085
459 1131
459 1132
459 1235
460 473
460 540
460 678
460 1056
460 1144
461 486
461 675
461 676
461 740
461 869
461 954
461 1118
462 476
462 536
462 753
462 893
462 932
462 1084
462 1113
462 1146
463 544
463 566
463 583
463 851
463 905
463 987
463 1025
463 1055
463 1101
463 1142
463 1198
464 569
464 709
464 844
464 849
464 969
464 1001
464 1074
465 564
465 768
465 959
465 986
465 1009
465 1012
465 1221
466 785
466 1062
466 1211
467 594
467 661
467 776
467 779
467 826
467 867
467 895
467 967
467 1046
467 1094
468 485
468 505
468 663
468 725
468 792
468 870
468 1095
468 1183
468 1231
469 787
469 974
469 1137
470 715
470 950
470 980
470 1165
470 1240
471 564
472 520
472 568
472 628
472 753
472 818
472 1048
473 540
473 678
473 996
473 1056
473 1099
473 1117
473 1144
474 626
474 843
474 1180
475 576
475 730
475 793
475 797
475 801
475 843
475 977
475 1019
475 1180
476 547
476 619
476 724
476 871
476 893
476 932
476 956
476 1146
477 481
477 568
477 628
477 1099
478 653
478 1155
478 1224
478 1241
479 674
479 1183
480 1159
480 1212
480 1219
481 722
481 764
481 983
481 1061
481 1099
481 1188
482 528
482 936
482 1000
482 1177
483 620
483 970
483 1221
484 690
484 819
484 1127
485 522
485 562
485 625
485 725
485 870
485 873
485 884
485 1145
485 1222
485 1231
486 676
486 734
486 954
486 1079
486 1111
486 1118
487 544
487 593
487 737
487 836
487 851
487 891
487 901
487 905
487 1036
488 672
488 911
489 669
489 914
489 983
489 1066
489 1188
489 1193
490 496
490 689
490 878
490 920
490 958
491 519
491 812
491 814
491 909
491 917
491 989
491 995
491 1077
491 1093
491 1105
492 537
492 627
492 668
492 719
492 798
492 876
492 940
492 1097
492 1133
493 560
493 578
493 754
493 802
493 830
493 833
493 939
493 994
493 1047
493 1112
493 1154
494 504
494 667
494 708
494 978
494 1091
495 563
495 574
495 684
495 724
495 741
495 887
495 956
495 1029
495 1039
496 689
496 828
496 840
496 864
496 878
497 583
497 593
497 737
497 905
498 582
498 743
498 880
498 949
498 968
498 1041
498 1161
499 1112
500 548
500 637
500 777
500 816
500 881
500 912
500 1054
500 1113
500 1174
500 1214
501 562
501 625
501 781
501 805
501 873
501 874
501 934
501 1130
501 1222
501 1225
502 513
502 514
502 586
502 603
502 1182
502 1190
503 963
503 1119
503 1136
504 647
504 667
504 937
504 978
504 1132
504 1235
505 538
505 663
505 674
505 725
505 885
505 1045
505 1081
505 1095
505 1186
506 575
506 607
506 627
506 668
506 670
506 719
506 876
506 933
506 950
506 1133
506 1141
507 579
507 589
507 613
507 643
507 806
507 858
507 985
507 1060
507 1070
507 1100
508 676
508 740
508 869
508 931
508 1029
509 519
509 586
509 603
509 812
509 909
509 989
510 1119
511 542
511 828
511 840
511 864
511 920
511 1043
511 1197
512 581
512 797
512 873
512 884
512 979
512 982
512 1019
512 1032
512 1145
512 1184
513 603
513 1182
514 542
514 1010
514 1182
515 623
515 733
515 739
515 750
515 795
515 945
515 953
515 1219
515 1230
516 614
516 799
516 1244
517 532
517 636
517 796
517 852
517 1016
517 1110
517 1178
517 1192
517 1236
518 601
518 710
518 789
518 1057
519 586
519 603
519 814
519 989
519 1093
520 572
520 614
520 696
520 731
520 818
520 837
520 838
520 922
520 1018
521 777
521 856
521 900
521 1125
521 1174
522 534
522 663
522 727
522 870
522 873
522 1032
522 1123
522 1145
522 1231
523 528
523 704
523 861
523 883
523 889
523 917
523 995
523 1000
523 1105
523 1177
524 577
524 591
524 620
524 688
524 709
524 751
524 773
524 1035
524 1220
525 639
525 738
525 811
525 955
526 601
526 833
526 894
526 994
526 1154
527 590
527 692
527 787
527 824
527 974
527 1023
527 1063
527 1107
527 1137
527 1206
528 556
528 889
528 936
528 1000
528 1177
529 772
529 993
529 1248
529 1249
530 798
530 933
530 951
530 1031
530 1133
532 636
532 852
532 921
532 1151
532 1192
533 565
533 825
533 872
533 1102
533 1195
534 698
534 727
534 746
534 870
534 984
534 1007
534 1123
535 541
535 578
535 787
536 630
536 703
536 753
536 816
536 912
536 1054
536 1084
536 1113
536 1146
536 1173
537 627
537 668
537 719
537 876
538 759
538 885
538 986
538 1016
538 1045
538 1081
538 1178
538 1186
538 1192
538 1236
538 1239
539 597
539 623
539 634
539 635
539 775
539 795
539 832
539 1003
539 1068
539 1171
539 1189
540 678
540 996
540 1056
540 1144
541 1013
541 1053
542 755
542 840
542 965
542 1043
542 1197
543 638
543 700
543 820
543 960
543 1245
544 566
544 593
544 737
544 836
544 851
544 891
544 901
544 905
544 1025
544 1036
544 1101
544 1198
545 587
545 650
545 1005
545 1078
545 1227
546 930
546 942
546 1017
546 1044
546 1102
546 1207
547 724
547 807
547 871
547 893
547 956
547 1191
547 1229
548 856
548 899
548 918
548 1092
548 1125
548 1210
548 1214
549 640
549 652
549 738
549 749
549 803
549 847
549 1120
549 1139
550 671
550 711
550 1034
550 1164
551 561
551 622
551 808
551 975
551 1106
551 1227
552 701
552 842
552 867
552 1065
552 1094
552 1109
553 648
553 911
553 1076
553 1087
553 1115
553 1157
554 572
554 595
554 695
554 696
554 922
554 923
554 1091
554 1092
555 603
555 740
555 869
555 966
555 1194
556 1000
556 1177
557 622
557 655
557 791
557 794
557 1005
557 1106
558 633
558 666
558 767
558 770
558 774
558 961
558 1040
559 763
559 835
559 860
559 925
559 1071
559 1167
559 1181
560 578
560 754
560 802
560 833
560 994
560 1112
560 1119
561 586
561 622
561 814
561 1079
562 625
562 805
562 873
562 874
562 1130
562 1145
562 1222
562 1225
563 724
563 887
563 932
563 956
563 1029
563 1039
563 1218
564 656
564 759
564 768
564 986
564 1012
565 658
565 825
565 872
565 1195
566 851
566 987
566 1025
566 1055
566 1142
566 1198
567 757
567 945
567 1021
567 1098
567 1209
567 1241
568 616
568 628
568 788
568 898
568 1117
569 709
569 849
569 981
569 1220
570 618
570 686
570 715
570 1163
570 1195
570 1202
571 859
571 937
571 978
571 1121
571 1223
572 695
572 696
572 731
572 837
572 922
573 589
573 643
573 659
573 744
573 848
573 853
573 865
574 588
574 649
574 684
574 741
574 1026
574 1039
575 686
575 933
575 950
575 1058
576 730
576 793
576 797
576 801
576 977
576 1019
577 591
577 592
577 709
577 751
577 834
577 847
577 955
577 998
577 1073
577 1096
577 1216
578 802
578 830
578 833
578 939
578 994
578 1013
578 1047
578 1112
578 1154
579 589
579 643
579 666
579 765
580 663
580 759
580 870
580 959
580 1009
580 1095
580 1231
580 1239
581 687
581 979
581 982
582 699
582 743
582 846
582 949
582 968
582 1041
582 1161
583 905
583 1167
584 817
584 821
584 1061
584 1086
584 1135
584 1153
585 642
585 685
585 721
585 1122
585 1169
586 603
586 675
586 676
586 869
586 1182
587 1078
587 1150
587 1227
588 649
588 684
588 741
588 807
588 1026
588 1039
589 643
589 853
589 1100
590 599
590 631
590 749
590 824
590 1023
590 1063
590 1107
590 1137
590 1206
591 688
591 751
591 773
591 955
591 1202
592 709
592 803
592 955
592 1073
592 1237
593 737
593 836
593 851
593 901
593 905
593 1036
593 1055
594 629
594 660
594 776
594 779
594 967
594 1094
595 667
595 708
595 858
595 918
595 1090
595 1091
595 1092
596 631
596 749
596 778
596 803
596 1014
596 1075
596 1139
597 612
597 634
597 635
597 813
597 863
597 1003
597 1189
598 612
598 635
598 863
598 903
598 976
598 1003
598 1051
598 1171
599 631
599 778
599 921
599 1014
599 1023
599 1075
599 1151
600 713
600 843
600 1049
600 1166
601 894
602 1168
603 675
603 869
603 1182
604 645
604 698
604 746
605 938
605 987
605 1026
605 1103
605 1142
606 609
606 877
606 1032
606 1114
606 1187
606 1232
607 670
607 1031
607 1185
608 615
608 721
608 928
608 1015
608 1088
608 1122
608 1128
608 1155
608 1234
609 924
609 1032
609 1114
609 1172
609 1187
610 625
610 792
610 1183
611 1246
612 635
612 813
612 863
612 926
612 1003
612 1189
613 790
613 804
613 806
613 985
613 1060
613 1100
614 922
614 1018
614 1200
614 1210
615 1088
615 1136
615 1155
615 1234
616 1004
616 1011
616 1117
617 1006
617 1042
617 1082
617 1086
617 1134
617 1164
618 686
618 1163
618 1202
619 684
619 717
619 807
619 871
619 887
619 893
619 956
619 1039
619 1050
619 1108
619 1146
620 688
620 1035
620 1237
621 648
621 863
621 976
621 991
621 1246
622 655
622 794
622 814
622 1005
622 1106
622 1227
623 739
623 775
623 795
623 832
623 945
623 1068
623 1171
623 1189
623 1241
624 677
624 761
624 857
624 886
624 1151
624 1208
625 792
625 805
625 874
625 1130
625 1183
625 1222
626 808
626 975
626 1180
627 668
627 719
627 876
627 1097
627 1141
628 786
628 788
628 829
629 769
629 776
629 907
629 967
629 972
629 988
629 1057
629 1064
629 1074
630 632
630 703
630 717
630 893
630 1050
630 1113
630 1146
631 749
631 778
631 921
631 1014
631 1023
631 1075
631 1139
631 1151
632 703
632 717
632 1050
632 1113
632 1146
633 767
633 961
633 1028
633 1040
633 1104
633 1176
634 813
634 827
634 947
634 1003
635 775
635 813
635 863
635 903
635 926
635 1003
635 1068
635 1171
635 1189
636 759
636 921
636 1075
636 1151
636 1192
637 777
637 881
637 900
637 1054
637 1108
637 1113
637 1174
638 694
638 700
638 720
638 815
638 897
638 1147
639 811
640 651
640 652
640 847
640 935
640 1120
641 664
641 682
641 946
641 1126
641 1215
642 1104
642 1122
642 1169
643 680
643 899
643 990
644 672
644 911
644 1062
645 677
645 698
645 746
645 906
645 1208
646 854
646 1047
646 1165
647 937
647 978
647 1022
647 1131
647 1132
647 1235
648 911
648 1087
648 1115
648 1157
649 741
650 1005
650 1227
651 877
651 1232
652 693
652 751
652 811
652 834
652 847
652 935
652 955
652 1120
652 1138
652 1216
653 729
654 890
654 954
654 1116
655 791
655 794
655 1005
655 1106
655 1152
656 759
656 986
656 1042
656 1082
656 1186
657 844
657 998
657 1063
657 1096
657 1137
659 736
659 744
659 853
659 915
659 1170
659 1179
660 779
660 849
660 981
661 707
661 771
661 779
661 895
661 1046
661 1094
662 928
662 943
662 945
662 1098
663 870
663 1081
663 1095
663 1231
663 1239
664 682
664 946
664 957
664 1107
664 1158
664 1215
664 1244
665 718
665 913
665 973
665 1067
665 1148
666 723
666 765
667 708
667 858
667 1091
667 1121
667 1175
668 719
668 876
668 933
668 1133
668 1165
669 671
669 1034
669 1066
670 933
670 951
670 1031
670 1058
670 1185
671 716
671 747
671 1016
671 1034
671 1110
671 1236
671 1242
672 911
673 699
673 949
674 944
675 676
675 740
675 869
675 1194
676 740
676 869
676 1118
677 761
677 886
677 906
677 1151
677 1208
677 1218
678 996
678 1056
678 1144
679 691
679 701
679 799
679 855
679 957
679 1143
679 1158
680 728
680 774
680 990
680 1126
680 1196
681 706
681 756
681 878
681 1072
681 1140
682 691
682 946
682 957
682 1107
682 1158
682 1244
683 1005
684 741
684 807
684 1026
684 1039
685 721
685 813
685 863
685 1028
685 1169
685 1176
685 1246
686 715
686 748
686 980
686 1163
687 841
687 979
687 982
687 1049
687 1166
687 1184
688 955
688 1035
688 1220
688 1228
689 755
689 828
689 840
689 864
689 878
689 920
689 958
689 1197
690 819
690 936
690 1000
690 1127
691 701
691 799
691 957
691 1143
691 1158
691 1244
692 736
692 1024
692 1063
692 1206
693 834
693 847
693 933
693 935
693 951
693 1052
693 1058
693 1120
693 1138
693 1185
693 1216
694 700
694 720
694 735
694 815
694 897
694 1147
695 696
695 837
695 918
695 922
695 1092
695 1210
696 731
696 837
696 922
696 923
696 1018
698 746
698 841
698 984
698 1007
698 1184
699 743
699 846
699 949
699 1161
700 720
700 815
700 897
700 1147
701 842
701 855
701 867
702 723
702 766
702 848
702 992
702 1013
702 1205
703 717
703 1050
703 1054
703 1113
703 1146
704 883
704 889
704 1149
704 1199
705 822
705 1152
707 771
707 783
707 892
707 895
707 952
707 1037
707 1046
708 858
708 1091
708 1121
708 1175
709 849
709 1035
709 1073
709 1220
709 1237
710 1057
711 914
711 1006
711 1086
711 1164
712 904
712 970
712 1162
712 1228
713 1166
714 827
714 966
714 1026
714 1039
715 980
715 1163
716 726
716 944
716 1204
717 1050
717 1113
717 1146
718 913
718 973
718 1067
718 1148
719 854
719 876
719 1133
719 1165
720 735
720 784
720 815
720 897
720 960
720 1147
720 1191
721 813
721 1015
721 1028
721 1122
721 1169
721 1176
722 764
722 786
722 983
722 1006
722 1061
722 1217
723 765
723 766
723 992
723 1205
724 887
724 893
724 932
724 956
724 1039
724 1218
725 792
725 884
725 1183
726 745
726 944
727 870
727 1032
727 1114
727 1123
727 1145
727 1184
727 1231
728 774
728 961
728 1125
728 1126
728 1196
729 767
729 774
729 961
729 1015
729 1028
729 1040
729 1176
730 793
730 801
730 1156
731 818
731 837
731 922
731 1048
732 839
732 996
732 1099
733 750
733 882
733 953
733 995
733 1077
733 1105
733 1219
733 1230
734 880
734 906
734 1118
734 1208
735 784
735 815
735 897
735 1147
735 1191
735 1218
736 744
736 915
736 1024
737 836
737 850
737 851
737 905
737 1036
738 803
738 1114
738 1123
739 795
739 953
739 999
739 1241
740 869
740 931
740 1029
740 1194
741 1026
741 1039
742 879
742 890
742 902
743 846
743 919
743 968
743 1161
744 766
744 848
744 865
744 1024
745 944
745 1245
746 841
746 984
746 1007
746 1208
747 796
747 852
747 910
747 1016
747 1110
747 1178
747 1236
747 1242
748 751
748 834
748 998
748 1052
748 1138
748 1202
748 1216
749 778
749 803
749 1014
749 1023
749 1063
749 1137
749 1139
750 875
750 882
750 943
750 945
750 953
750 1077
750 1105
750 1219
750 1230
751 773
751 834
751 847
751 955
751 1202
751 1216
753 1048
753 1084
754 802
754 833
754 994
754 1013
754 1112
755 782
755 840
755 878
755 920
755 965
755 1072
755 1197
756 1140
757 810
757 943
757 1021
757 1098
757 1243
758 831
759 778
759 885
759 986
759 1186
759 1192
759 1239
760 812
760 909
760 1190
761 857
761 886
761 1208
761 1218
762 845
762 937
762 1022
762 1080
762 1131
762 1132
762 1235
763 835
763 860
763 1161
764 786
764 983
764 1006
764 1164
764 1188
765 766
765 848
765 1205
766 848
766 865
766 992
766 1053
766 1205
767 961
767 1015
767 1028
767 1040
767 1104
767 1176
768 981
768 1012
768 1237
769 844
769 907
769 969
769 1001
769 1057
769 1064
769 1074
770 774
770 961
770 1040
770 1125
771 783
771 859
771 892
771 895
771 1037
771 1046
772 873
772 874
772 993
772 1130
772 1248
772 1249
773 1202
774 961
774 1125
774 1126
774 1196
775 795
775 832
775 928
775 1068
775 1098
775 1171
775 1189
776 826
776 868
776 967
776 972
776 988
777 881
777 900
777 1174
778 921
778 1014
778 1075
778 1139
778 1192
779 842
779 867
779 967
779 1094
780 902
780 1027
780 1033
780 1079
780 1111
781 873
781 924
781 934
781 1019
781 1083
781 1145
781 1225
782 888
782 965
783 826
783 855
783 1037
783 1046
784 897
784 898
784 1191
785 987
785 1062
785 1103
785 1142
785 1203
785 1211
786 788
786 829
786 1006
786 1134
786 1164
787 974
787 1137
788 829
788 910
788 1117
790 804
790 806
790 1060
792 1183
793 797
793 801
793 934
793 1019
793 1156
794 1043
794 1106
795 832
795 945
795 953
795 1068
795 1171
795 1241
796 852
796 1016
796 1045
796 1081
796 1110
796 1178
796 1236
796 1242
797 1019
797 1032
797 1184
798 940
798 1133
799 957
799 1143
799 1158
799 1200
799 1244
800 971
801 1156
802 830
802 833
802 994
802 1013
802 1112
802 1154
803 847
803 1073
803 1139
804 806
804 1060
805 874
805 1130
805 1222
805 1225
806 1060
806 1100
807 871
807 1101
808 975
808 1197
809 938
809 962
809 976
809 991
809 1030
809 1051
811 955
812 909
812 989
813 863
813 1003
813 1189
814 1093
815 897
815 960
815 1147
816 912
816 1054
816 1084
816 1113
816 1173
816 1210
816 1214
817 1061
817 1153
817 1217
818 1048
818 1217
819 1127
819 1238
820 1245
821 892
821 952
821 1086
821 1124
821 1135
821 1160
822 1152
823 850
823 1181
824 857
824 948
824 1107
824 1206
825 872
826 855
826 867
826 967
826 1046
826 1094
826 1179
827 947
827 966
828 840
828 864
828 920
828 1197
829 1006
829 1134
830 833
830 939
830 994
830 1047
830 1112
830 1129
830 1154
831 1038
831 1089
832 928
832 1068
832 1171
832 1189
832 1241
833 992
833 994
833 1013
833 1112
833 1154
834 847
834 935
834 998
834 1052
834 1096
834 1138
834 1216
835 860
835 1071
835 1161
835 1167
836 851
836 891
836 901
836 1036
836 1101
836 1198
837 922
837 1048
837 1210
838 892
838 1018
838 1037
838 1160
839 996
840 864
840 920
840 1197
841 919
841 984
841 1007
841 1049
841 1166
842 867
842 1065
842 1094
842 1109
843 1027
843 1033
843 1180
844 969
844 1001
844 1074
845 937
845 1022
845 1131
845 1132
845 1235
846 1161
846 1229
847 935
847 1052
847 1096
847 1120
847 1138
847 1216
848 865
848 1053
848 1205
849 981
849 1065
849 1237
850 1036
850 1181
851 905
851 987
851 1025
851 1055
851 1101
851 1198
852 910
852 1016
852 1110
852 1178
852 1236
853 1008
853 1170
854 1165
854 1240
855 867
855 915
855 1037
855 1046
856 899
856 1125
857 886
857 1023
857 1107
857 1151
858 1090
859 892
859 1037
859 1121
859 1175
860 925
860 1071
860 1161
861 875
861 889
861 1000
861 1105
862 1127
863 976
863 1246
864 920
864 1197
866 929
866 1002
866 1008
866 1080
867 967
867 1094
867 1109
868 895
868 1223
869 1194
870 884
870 1095
870 1123
870 1231
871 893
871 956
871 1050
871 1146
872 1102
872 1195
872 1207
873 1145
873 1222
873 1225
874 1130
874 1222
874 1225
875 882
875 889
875 927
875 943
875 1077
875 1105
875 1199
875 1230
876 1097
877 1027
877 1187
877 1232
878 1072
878 1140
878 1197
879 890
879 902
879 1116
879 1120
880 1041
880 1118
881 900
881 1174
882 927
882 1077
882 1199
882 1219
882 1230
883 889
883 917
883 995
884 979
884 1145
884 1184
884 1231
885 986
885 1016
885 1045
885 1081
885 1178
885 1186
885 1192
885 1239
886 1218
887 893
887 932
887 956
887 1039
887 1108
888 1233
889 917
889 995
889 1000
889 1077
889 1105
889 1177
890 902
890 1116
891 901
891 1036
892 952
892 1037
892 1046
892 1160
893 932
893 956
893 1146
894 907
894 988
894 1057
895 1046
896 1022
896 1085
896 1131
896 1132
896 1235
897 1147
897 1191
898 932
899 918
899 990
899 1090
899 1092
899 1125
899 1214
900 1174
901 1036
903 976
903 1003
903 1051
903 1171
904 970
904 1228
905 1036
905 1101
906 919
906 1208
907 972
907 988
907 1057
907 1064
908 963
908 997
908 1069
908 1209
909 989
910 960
910 1117
910 1242
911 1087
911 1115
911 1157
912 1054
912 1084
912 1113
912 1173
913 973
913 1010
914 983
914 1066
914 1188
914 1193
915 1170
915 1179
916 941
916 977
916 1201
917 995
917 1077
917 1105
918 1090
918 1092
918 1214
919 1166
920 1197
921 1023
921 1075
921 1151
921 1192
922 923
922 1018
924 1172
924 1187
925 1071
925 1181
926 1189
927 1199
927 1230
928 1021
928 1068
928 1098
928 1128
928 1155
928 1234
929 1002
929 1008
929 1080
929 1085
929 1213
929 1235
930 942
930 1017
930 1044
930 1102
930 1207
931 954
931 1029
932 956
933 935
933 951
933 1058
933 1133
933 1185
934 1083
934 1225
935 951
935 1058
935 1120
935 1185
936 1000
937 1022
937 1131
937 1132
937 1235
938 962
938 1051
938 1103
938 1142
939 1047
939 1112
939 1129
940 997
940 1097
941 977
941 1201
942 1017
942 1044
942 1207
943 945
943 1230
943 1243
945 1068
945 1098
945 1230
946 957
946 1024
946 1206
948 1107
949 1041
949 1233
950 1141
950 1165
950 1240
951 1031
951 1058
951 1120
951 1185
952 1086
952 1124
953 1069
953 1077
953 1105
953 1219
953 1230
955 1216
956 1039
957 1107
957 1143
957 1158
957 1206
957 1244
959 1009
959 1221
960 1117
961 1040
962 976
962 1051
962 1103
963 1069
963 1119
963 1209
964 979
967 1094
968 1161
969 1001
969 1044
969 1074
969 1102
971 1149
972 988
972 1002
972 1057
972 1064
973 1067
973 1148
974 1137
975 1227
976 991
976 1003
976 1030
976 1051
977 1201
979 1184
980 1163
981 1012
981 1065
981 1237
982 1019
982 1049
983 1066
983 1099
983 1188
983 1193
984 1007
984 1081
985 1070
985 1100
985 1213
986 1186
987 1025
987 1055
987 1142
987 1198
988 1002
988 1057
989 1219
991 1030
992 1013
992 1205
993 1248
993 1249
994 1013
994 1112
994 1154
995 1077
995 1105
996 1056
996 1099
996 1144
997 999
997 1069
997 1209
998 1052
998 1096
998 1138
998 1216
999 1069
999 1194
1000 1177
1001 1064
1001 1074
1002 1008
1002 1057
1002 1080
1003 1051
1003 1171
1003 1189
1004 1011
1004 1059
1005 1152
1006 1134
1006 1164
1008 1213
1008 1235
1009 1095
1009 1221
1011 1059
1012 1065
1012 1237
1013 1154
1014 1023
1014 1063
1014 1109
1014 1139
1015 1028
1015 1104
1015 1155
1015 1176
1016 1045
1016 1081
1016 1110
1016 1178
1016 1186
1016 1236
1016 1242
1018 1200
1019 1032
1019 1145
1019 1184
1020 1168
1021 1088
1021 1098
1021 1136
1021 1155
1021 1234
1021 1243
1022 1131
1022 1132
1022 1235
1023 1063
1023 1107
1023 1151
1025 1101
1025 1198
1026 1039
1027 1033
1027 1201
1027 1232
1028 1040
1028 1176
1030 1051
1030 1157
1030 1211
1031 1185
1032 1114
1032 1123
1032 1145
1032 1184
1032 1187
1033 1079
1033 1111
1035 1220
1035 1237
1037 1046
1038 1195
1041 1071
1041 1161
1042 1082
1042 1164
1043 1106
1043 1190
1044 1102
1044 1207
1045 1081
1045 1178
1045 1186
1045 1239
1047 1112
1047 1129
1048 1173
1049 1166
1050 1146
1052 1138
1052 1216
1053 1224
1054 1084
1054 1113
1054 1173
1055 1142
1055 1198
1056 1144
1057 1064
1058 1185
1059 1226
1060 1100
1061 1086
1061 1135
1061 1153
1061 1217
1062 1203
1062 1211
1063 1109
1063 1137
1063 1206
1064 1074
1065 1109
1066 1188
1066 1193
1067 1148
1068 1098
1068 1171
1068 1189
1069 1209
1070 1100
1071 1233
1072 1140
1073 1096
1073 1237
1075 1139
1075 1151
1075 1192
1075 1239
1076 1087
1077 1105
1077 1219
1077 1230
1078 1150
1078 1227
1079 1111
1079 1118
1080 1235
1081 1178
1081 1186
1081 1239
1082 1134
1082 1164
1084 1113
1084 1173
1085 1213
1085 1235
1086 1124
1086 1135
1087 1115
1087 1157
1088 1136
1088 1155
1088 1224
1089 1207
1090 1092
1092 1210
1092 1214
1093 1097
1094 1109
1095 1231
1096 1137
1096 1138
1096 1216
1098 1155
1098 1234
1098 1243
1099 1188
1100 1213
1102 1207
1103 1142
1103 1211
1104 1122
1104 1176
1105 1230
1107 1206
1110 1178
1110 1236
1110 1242
1111 1118
1113 1146
1113 1173
1114 1123
1114 1187
1115 1157
1121 1175
1122 1128
1122 1169
1122 1234
1123 1231
1126 1196
1127 1238
1128 1155
1128 1169
1128 1234
1130 1222
1130 1225
1131 1132
1131 1235
1132 1235
1134 1164
1135 1153
1136 1155
1137 1138
1138 1216
1143 1158
1143 1244
1145 1184
1145 1231
1149 1199
1150 1201
1151 1192
1155 1234
1158 1244
1159 1212
1159 1247
1160 1217
1162 1228
1163 1202
1165 1240
1169 1176
1170 1175
1170 1179
1170 1200
1171 1189
1172 1187
1178 1186
1178 1236
1182 1190
1186 1239
1188 1193
1191 1229
1192 1239
1195 1202
1199 1230
1201 1232
1203 1211
1208 1218
1209 1241
1210 1214
1212 1247
1215 1244
1219 1230
1222 1225
1224 1241
1236 1242
1242 1245
1248 1249
