0 71
0 77
0 285
0 362
0 489
0 559
0 657
0 666
0 724
0 733
0 1137
0 1138
0 1216
1 55
1 234
1 468
1 671
1 700
1 1073
1 1167
1 1175
2 96
2 204
2 243
2 329
2 477
2 795
2 1211
3 11
3 19
3 93
3 104
3 189
3 200
3 351
3 820
3 829
3 850
3 863
3 867
3 1107
3 1204
3 1233
4 143
4 159
4 207
4 292
4 415
4 501
4 567
4 588
4 675
4 780
4 801
4 866
4 936
5 51
5 97
5 196
5 215
5 281
5 503
5 507
5 598
5 693
5 887
5 918
5 1117
5 1205
5 1234
6 371
6 410
6 426
6 435
6 543
6 705
6 980
6 1049
7 14
7 78
7 83
7 449
7 578
7 586
7 748
7 855
7 870
7 929
7 952
7 1184
7 1246
8 59
8 78
8 840
8 1222
8 1246
9 34
9 146
9 283
9 382
9 529
9 828
9 1056
9 1110
10 43
10 110
10 201
10 223
10 289
10 298
10 547
10 565
10 707
10 773
10 1128
10 1176
11 99
11 104
11 173
11 381
11 659
11 771
11 829
11 850
11 867
11 1025
11 1139
11 1160
11 1233
12 383
12 590
12 761
12 767
12 787
12 1027
13 284
13 317
13 432
13 515
13 741
13 1082
13 1200
13 1206
14 287
14 502
14 578
14 586
14 748
14 749
14 855
14 952
14 1184
15 19
15 93
15 120
15 189
15 351
15 427
15 519
15 820
15 953
15 969
15 995
15 1204
16 116
16 265
16 296
16 1103
16 1115
16 1201
17 182
17 219
17 512
17 648
18 31
18 121
18 126
18 142
18 144
18 248
18 259
18 484
18 592
18 629
18 796
18 1055
19 93
19 104
19 120
19 189
19 272
19 351
19 519
19 820
19 850
19 953
19 1107
19 1204
20 67
20 102
20 168
20 192
20 218
20 228
20 262
20 270
20 333
20 427
20 969
20 987
21 62
21 212
21 344
21 433
21 550
21 692
21 1099
21 1122
21 1177
22 68
22 124
22 147
22 291
22 539
22 676
22 986
22 1013
22 1046
23 82
23 112
23 301
23 303
23 1080
24 64
24 67
24 340
24 560
24 614
24 726
24 753
24 1097
25 73
25 386
25 402
25 464
25 584
25 723
25 883
25 939
25 1017
25 1096
26 46
26 103
26 309
26 440
26 465
26 531
26 655
26 881
26 920
26 923
26 1038
26 1129
27 75
27 174
27 313
27 592
27 603
27 637
27 759
27 836
27 1018
27 1047
28 285
28 395
28 536
28 724
28 1021
28 1053
28 1134
29 92
29 106
29 113
29 169
29 340
29 399
29 419
29 471
29 593
29 696
29 728
29 762
29 937
30 79
30 107
30 404
30 454
30 888
30 1062
30 1116
31 121
31 126
31 144
31 259
31 484
31 592
31 629
31 796
31 1055
32 264
32 331
32 618
32 625
32 626
32 864
32 1022
33 164
33 306
33 422
33 443
33 602
33 716
33 794
34 151
34 180
34 205
34 233
34 283
34 529
34 789
34 828
34 875
34 1056
35 90
35 136
35 269
35 805
35 1048
35 1067
35 1108
36 156
36 231
36 254
36 346
36 649
36 665
36 858
36 979
36 998
36 1123
37 119
37 716
38 327
38 555
38 803
38 859
38 961
38 996
38 1241
39 89
39 152
39 316
39 473
39 564
39 813
39 839
39 1006
39 1058
39 1153
39 1155
40 68
40 72
40 112
40 242
40 305
40 378
40 442
40 475
40 756
40 812
40 906
40 985
40 1046
40 1080
40 1121
40 1173
41 102
41 192
41 208
41 218
41 228
41 299
41 333
41 709
41 957
41 987
41 1009
41 1106
42 285
42 354
42 363
42 378
42 495
42 525
42 559
42 666
42 721
42 724
42 751
42 812
42 963
42 985
42 1053
43 110
43 141
43 143
43 160
43 167
43 201
43 204
43 268
43 547
43 708
43 773
43 806
43 848
43 853
43 954
43 999
43 1176
43 1215
43 1217
44 88
44 153
44 280
44 297
44 304
44 335
44 451
44 609
44 681
44 750
44 835
44 1036
44 1111
44 1196
45 53
45 211
45 765
45 931
45 1003
46 103
46 309
46 440
46 465
46 846
46 872
46 881
46 912
46 1129
46 1155
46 1178
47 232
47 613
47 790
47 801
47 844
47 866
47 994
47 1002
47 1095
48 90
48 136
48 403
48 445
48 569
48 631
48 644
48 678
48 745
48 779
48 945
49 86
49 122
49 295
49 544
49 569
49 745
49 1069
50 264
50 331
50 1022
50 1107
51 215
51 693
51 887
51 918
51 1117
51 1234
52 66
52 70
52 111
52 125
52 137
52 345
52 371
52 476
52 575
52 734
52 824
52 913
52 1124
52 1142
52 1144
53 80
53 87
53 446
53 613
53 765
53 844
53 915
53 931
53 1003
54 165
54 594
54 818
54 1084
54 1099
54 1179
54 1235
55 195
55 409
55 468
55 499
55 608
55 700
55 910
55 1015
55 1245
56 90
56 127
56 758
56 771
56 867
56 965
56 1160
57 330
57 369
57 458
57 472
57 997
57 1011
57 1198
58 155
58 310
58 320
58 322
58 421
58 517
58 596
58 685
58 725
58 1024
58 1104
58 1136
58 1219
59 78
59 98
59 287
59 449
59 586
59 840
59 1087
59 1222
59 1246
60 101
60 216
60 229
60 393
60 500
60 559
60 666
60 742
60 1216
61 478
61 942
61 1159
62 344
62 433
62 550
62 869
62 1066
62 1122
63 76
63 328
63 368
63 640
63 668
63 729
63 926
64 92
64 238
64 340
64 579
64 753
64 1045
64 1221
65 290
65 313
65 545
65 592
65 603
65 629
65 637
65 686
65 712
65 788
65 793
65 909
65 973
65 1018
65 1023
65 1047
65 1091
65 1152
65 1157
65 1195
66 70
66 111
66 137
66 342
66 345
66 360
66 384
66 476
66 541
66 575
66 632
66 711
66 734
66 772
66 913
66 1065
66 1124
66 1212
67 260
67 262
67 270
67 560
67 1097
67 1162
68 72
68 147
68 242
68 378
68 434
68 475
68 539
68 562
68 676
68 756
68 985
68 986
68 1013
68 1046
69 147
69 291
69 434
69 475
69 506
69 562
69 630
69 676
69 1013
70 111
70 125
70 137
70 345
70 384
70 476
70 530
70 541
70 622
70 679
70 704
70 711
70 734
70 772
70 913
70 1061
70 1065
70 1124
70 1144
70 1212
70 1228
71 285
71 349
71 395
71 621
71 657
71 695
71 733
71 744
71 811
71 843
71 950
71 992
71 1134
72 242
72 305
72 442
72 548
72 635
72 718
72 756
72 906
72 1046
72 1080
72 1121
73 464
73 584
73 883
73 1017
73 1096
74 162
74 224
74 270
74 324
74 484
74 648
74 653
74 987
75 144
75 256
75 313
75 592
75 629
75 637
75 651
75 705
75 836
75 973
75 1018
75 1047
76 253
76 277
76 348
76 352
76 368
76 640
76 668
76 729
76 739
76 1028
76 1033
77 362
77 479
77 493
77 536
77 724
77 752
77 928
77 951
77 1041
77 1137
77 1207
78 83
78 325
78 449
78 533
78 578
78 586
78 840
78 929
78 1184
78 1222
78 1246
79 107
79 1116
80 154
80 232
80 264
80 331
80 446
80 463
80 626
80 714
80 844
80 915
80 967
80 1011
81 195
81 462
81 538
81 608
81 688
81 910
81 1072
81 1167
82 117
82 303
83 98
83 332
83 358
83 449
83 470
83 510
83 578
83 766
83 870
83 929
83 1147
83 1148
83 1184
83 1246
84 236
84 320
84 444
84 453
84 517
84 643
84 800
85 285
85 363
85 395
85 495
85 683
85 776
85 811
85 963
85 1021
85 1053
85 1134
86 122
86 569
86 583
86 817
86 1069
87 175
87 232
87 323
87 367
87 675
87 714
87 765
87 790
87 866
87 1014
88 153
88 280
88 297
88 408
88 609
88 750
88 835
88 933
88 1036
88 1141
89 152
89 473
89 672
89 699
89 813
89 839
89 854
89 880
89 905
89 1050
89 1058
89 1153
89 1249
90 644
90 659
90 678
90 771
90 1025
90 1160
91 177
91 207
91 292
91 414
91 528
91 567
91 691
91 975
92 129
92 169
92 238
92 340
92 696
92 1045
92 1164
93 104
93 120
93 351
93 519
93 850
93 864
93 1022
93 1107
93 1204
94 154
94 446
94 614
94 625
94 726
94 730
94 915
95 244
95 402
95 460
95 486
95 494
95 723
95 857
95 939
95 1090
95 1231
96 141
96 143
96 204
96 243
96 329
96 415
96 477
96 708
96 773
96 795
96 999
97 196
97 197
97 281
97 503
97 1223
98 134
98 185
98 287
98 449
98 470
98 553
98 572
98 586
98 840
98 1087
98 1209
98 1222
98 1246
99 381
99 867
99 1025
99 1139
99 1160
99 1233
100 305
100 413
100 442
100 548
100 635
100 718
100 906
100 1121
101 216
101 393
101 500
102 192
102 208
102 218
102 228
102 299
102 333
102 427
102 709
102 969
102 987
102 1009
103 214
103 309
103 424
103 440
103 465
103 785
103 827
103 920
103 1006
103 1038
103 1129
103 1155
104 351
104 519
104 850
104 867
104 1107
104 1160
104 1204
104 1233
105 107
105 587
105 669
105 722
105 1075
106 129
106 154
106 169
106 340
106 419
106 730
106 844
106 876
106 915
106 967
106 994
106 1214
107 148
107 404
107 454
107 587
107 669
107 941
107 1075
108 268
108 298
108 482
108 551
108 585
108 654
108 853
108 1128
108 1194
108 1211
109 261
109 520
109 1189
110 160
110 167
110 223
110 268
110 298
110 408
110 547
110 565
110 707
110 1128
110 1217
111 137
111 342
111 345
111 360
111 384
111 476
111 541
111 575
111 632
111 711
111 734
111 913
111 1065
111 1124
111 1212
112 301
112 442
112 635
112 756
112 1080
112 1121
113 163
113 399
113 407
113 593
113 696
113 728
113 762
113 841
113 860
113 932
113 937
113 946
113 1192
114 115
114 278
114 537
114 628
114 682
114 743
114 792
114 983
114 990
114 1010
114 1031
114 1238
115 297
115 537
115 609
115 743
115 792
115 962
115 990
115 1010
116 235
116 265
116 296
116 416
116 966
116 1008
116 1115
116 1214
117 303
117 363
117 391
117 751
117 925
117 1138
118 172
118 274
118 389
118 417
118 474
118 520
118 523
118 717
118 908
118 1132
118 1197
119 131
119 164
119 461
119 602
119 716
119 903
119 959
119 1154
120 200
120 351
120 427
120 519
120 753
120 863
120 1107
120 1221
121 126
121 144
121 259
121 796
121 1055
122 569
122 745
122 817
122 1069
122 1140
123 148
123 161
123 251
123 311
123 343
123 406
123 488
123 1004
123 1042
123 1079
123 1146
123 1187
124 242
124 539
124 747
124 958
124 986
124 1046
124 1112
125 135
125 150
125 190
125 345
125 364
125 384
125 633
125 734
125 824
125 900
125 913
125 1065
125 1068
125 1124
125 1126
125 1142
125 1144
126 144
126 259
126 484
126 629
126 796
126 1055
127 758
127 867
127 1160
128 166
128 226
128 258
128 266
128 318
128 417
128 437
128 522
128 646
128 717
128 782
128 884
128 907
128 1132
128 1178
129 238
129 340
129 388
129 419
129 472
129 579
129 696
129 753
129 967
129 1164
130 307
130 347
130 425
130 856
130 988
130 1131
131 164
131 172
131 389
131 461
131 520
131 716
131 846
131 872
131 903
131 908
131 1154
131 1189
132 156
132 218
132 299
132 722
132 979
132 998
132 1009
133 219
133 459
133 471
133 823
133 834
133 932
134 203
134 425
134 553
134 572
134 763
134 835
134 840
134 1036
134 1087
134 1196
134 1222
135 150
135 364
135 467
135 599
135 621
135 689
135 950
135 1063
135 1068
135 1142
135 1144
136 507
136 631
136 644
136 746
136 764
136 805
136 890
136 956
136 1048
136 1067
137 342
137 345
137 476
137 541
137 575
137 622
137 632
137 711
137 734
137 772
137 786
137 913
137 1061
137 1212
138 227
138 361
138 466
138 489
138 493
138 530
138 540
138 711
138 738
138 754
138 772
138 1228
139 633
139 781
139 900
139 1126
140 282
140 542
140 606
140 795
140 814
140 948
140 977
140 1092
141 143
141 204
141 329
141 369
141 415
141 708
141 773
141 886
141 954
141 999
141 1176
141 1198
141 1215
142 248
142 484
142 592
142 836
142 932
142 946
142 1055
143 204
143 243
143 415
143 773
143 886
143 999
143 1176
144 629
144 1049
144 1055
145 188
145 220
145 273
145 400
145 502
145 546
145 574
145 581
145 703
145 713
145 720
145 749
145 868
146 180
146 231
146 346
146 382
146 529
146 617
146 649
146 828
146 891
146 940
146 1029
146 1110
146 1123
147 291
147 434
147 539
147 549
147 562
147 676
147 986
147 1013
148 161
148 343
148 454
148 669
148 671
148 941
148 1004
148 1146
149 203
149 289
149 307
149 347
149 423
149 425
149 479
149 763
149 856
149 962
149 988
149 1010
150 364
150 467
150 599
150 621
150 657
150 689
150 695
150 733
150 950
150 1063
150 1068
150 1142
150 1144
151 173
151 230
151 233
151 294
151 529
151 591
151 659
151 784
151 789
151 875
151 1085
151 1102
151 1140
152 206
152 339
152 451
152 681
152 822
152 1058
152 1153
153 280
153 297
153 335
153 347
153 408
153 425
153 609
153 750
153 835
153 1036
154 340
154 419
154 446
154 626
154 726
154 730
154 844
154 915
154 967
155 310
155 322
155 421
155 596
155 902
155 917
155 974
155 1104
155 1136
155 1174
155 1219
156 299
156 722
156 979
156 991
156 998
157 304
157 451
157 822
157 882
157 919
157 1186
157 1226
158 214
158 339
158 424
158 480
158 725
158 768
158 873
158 902
158 920
158 1000
158 1038
158 1074
158 1104
158 1129
158 1136
158 1219
158 1225
159 175
159 211
159 501
159 588
159 675
159 866
159 895
159 926
159 1071
159 1133
160 167
160 223
160 268
160 408
160 547
160 577
160 708
160 773
160 848
160 1030
160 1165
160 1217
161 251
161 311
161 673
161 808
161 914
161 1004
161 1034
161 1072
161 1167
162 168
162 192
162 224
162 538
162 987
162 1073
162 1161
162 1232
163 250
163 263
163 399
163 407
163 593
163 728
163 762
163 860
163 937
164 271
164 312
164 443
164 450
164 461
164 602
164 716
164 959
164 1159
164 1189
165 488
165 594
165 818
165 1084
165 1099
165 1177
165 1235
166 258
166 266
166 297
166 420
166 437
166 522
166 609
166 782
166 884
166 907
166 912
166 1087
166 1141
166 1178
166 1209
167 369
167 408
167 610
167 615
167 708
167 773
167 848
167 949
167 1030
167 1165
167 1217
168 218
168 427
168 538
168 673
168 1161
168 1232
169 399
169 419
169 593
169 696
169 728
169 730
169 762
169 937
169 994
169 1095
170 207
170 292
170 315
170 414
170 528
170 780
170 862
170 886
170 936
170 1016
170 1100
170 1237
171 370
171 377
171 398
171 429
171 455
171 490
171 647
171 667
172 266
172 389
172 417
172 447
172 461
172 520
172 903
172 908
172 1078
173 180
173 230
173 233
173 294
173 381
173 591
173 617
173 659
173 789
173 829
173 1025
173 1085
173 1102
173 1140
174 759
174 836
174 976
174 1045
175 211
175 323
175 329
175 367
175 588
175 675
175 765
175 795
175 1014
175 1133
176 183
176 300
176 356
176 627
176 938
177 370
177 398
177 528
177 691
177 710
177 769
177 955
177 975
178 252
178 282
178 758
178 871
178 948
178 965
178 1077
179 263
179 277
179 334
179 352
179 416
179 469
179 568
179 729
179 1028
179 1095
180 230
180 233
180 529
180 617
180 639
180 789
180 828
180 1029
180 1102
180 1110
181 246
181 396
181 842
181 960
181 1101
181 1203
182 208
182 321
182 512
182 648
183 273
183 300
183 326
183 356
183 397
183 405
183 441
183 627
183 868
184 237
184 338
184 540
184 554
184 761
184 826
184 838
184 1051
184 1057
184 1114
185 287
185 316
185 439
185 553
185 586
185 706
185 799
185 839
185 1087
185 1209
185 1246
185 1248
186 276
186 607
186 780
186 801
186 943
186 1105
186 1188
187 194
187 278
187 336
187 537
187 563
187 628
187 682
187 990
187 1238
188 220
188 271
188 372
188 400
188 447
188 546
188 574
188 703
188 713
188 847
188 942
189 272
189 617
189 820
189 850
189 940
189 953
189 995
189 1204
190 384
190 457
190 633
190 656
190 781
190 892
190 900
190 927
190 1068
190 1126
191 261
191 271
191 447
191 450
191 847
191 942
191 1159
191 1189
192 208
192 218
192 224
192 228
192 333
192 709
192 987
192 1009
192 1161
193 250
193 819
193 834
193 845
193 885
193 1086
193 1130
193 1169
194 298
194 336
194 563
194 585
194 707
194 1031
194 1128
195 462
195 468
195 499
195 686
195 688
195 910
195 1167
195 1227
195 1245
196 197
196 281
196 503
196 770
196 1223
197 281
197 526
197 582
197 770
197 1223
198 589
198 601
198 740
198 1064
199 483
199 554
199 946
199 1192
199 1244
200 504
200 650
200 829
200 863
200 1186
201 289
201 307
201 315
201 347
201 408
201 547
201 773
201 802
201 954
201 962
201 1176
201 1215
202 310
202 322
202 485
202 514
202 596
202 631
202 652
202 697
202 731
202 746
202 783
202 890
202 894
202 917
202 956
202 1136
202 1143
202 1156
202 1174
203 225
203 470
203 479
203 570
203 572
203 763
203 816
203 840
203 856
203 971
203 988
203 1207
203 1222
204 243
204 329
204 415
204 708
204 773
204 853
204 999
205 233
205 283
205 617
205 820
205 914
205 1034
205 1056
206 339
206 612
206 822
206 1111
207 292
207 328
207 348
207 414
207 567
207 801
207 862
207 936
207 1016
207 1033
207 1100
208 228
208 270
208 321
208 333
208 709
208 957
208 987
208 1009
208 1106
209 262
209 560
209 614
209 889
209 969
209 1097
209 1125
210 341
210 760
210 916
210 1001
210 1007
210 1168
211 367
211 623
211 765
211 931
211 1133
211 1218
212 337
212 344
212 550
212 664
212 692
212 737
212 865
212 1122
213 278
213 394
213 549
213 589
213 658
213 1238
214 424
214 480
214 785
214 873
214 902
214 920
214 1000
214 1038
214 1074
214 1129
214 1219
214 1225
215 598
215 693
215 918
215 1117
215 1234
216 393
216 500
216 559
216 666
216 1138
216 1216
217 265
217 823
217 1103
217 1115
217 1130
218 228
218 262
218 299
218 333
218 427
218 889
218 969
218 995
218 998
218 1009
219 471
219 512
219 823
219 1059
219 1094
220 400
220 478
220 574
220 581
220 703
220 713
220 720
220 942
221 428
221 432
221 456
221 515
221 595
221 741
221 1082
221 1173
221 1230
222 226
222 605
222 646
222 809
222 815
223 268
223 298
223 408
223 547
223 552
223 565
223 707
223 1128
223 1163
223 1217
224 324
224 709
224 987
224 1161
225 358
225 412
225 438
225 449
225 470
225 487
225 498
225 570
225 706
225 816
225 833
225 971
225 1037
225 1131
225 1150
226 318
226 437
226 605
226 646
226 809
226 815
226 1132
227 361
227 383
227 489
227 493
227 530
227 690
227 738
227 754
227 787
227 951
227 1216
228 262
228 299
228 333
228 709
228 736
228 889
228 957
228 969
228 987
228 1009
228 1106
229 286
229 500
229 666
229 742
229 1216
230 233
230 294
230 529
230 591
230 639
230 659
230 789
230 828
230 875
230 1085
230 1102
230 1140
231 254
231 346
231 649
231 665
231 858
231 940
231 979
231 998
231 1123
232 323
232 330
232 714
232 790
232 844
232 967
232 1011
232 1198
233 294
233 529
233 591
233 617
233 784
233 789
233 875
233 1056
233 1085
233 1102
234 671
234 700
234 941
234 1073
234 1167
234 1175
235 876
235 966
235 1008
235 1214
236 239
236 319
236 444
236 573
236 645
236 935
237 540
237 607
237 636
237 761
237 838
237 862
237 943
237 1041
237 1057
237 1114
238 388
238 579
238 696
238 753
238 1045
238 1164
238 1221
239 319
239 531
239 573
239 797
239 831
239 923
239 935
239 1240
240 255
240 387
240 431
240 518
240 604
240 698
240 749
240 904
240 970
240 1044
241 481
241 505
241 620
241 821
242 539
242 747
242 756
242 986
242 1046
242 1112
243 477
243 662
243 853
243 984
243 999
243 1088
243 1089
243 1211
244 402
244 486
244 494
244 509
244 543
244 857
244 1149
244 1231
245 300
245 326
245 356
245 431
245 494
245 532
245 627
245 938
245 1032
246 327
246 396
246 859
246 960
246 961
247 453
247 552
247 642
247 643
247 800
247 933
247 1135
247 1163
247 1229
248 459
248 484
248 648
248 653
248 796
248 836
248 932
248 976
249 371
249 575
249 641
249 980
250 263
250 407
250 860
250 885
250 937
251 311
251 672
251 673
251 808
251 914
251 1004
251 1034
251 1072
252 269
252 758
252 804
252 805
252 871
252 965
252 1224
253 314
253 348
253 352
253 368
253 636
253 640
253 1033
254 382
254 649
254 665
254 891
254 1070
255 300
255 326
255 356
255 387
255 431
255 518
255 558
255 698
255 868
255 938
255 947
255 970
255 1044
256 313
256 332
256 510
256 603
256 637
256 660
256 727
256 757
256 973
256 1018
256 1020
256 1047
256 1148
257 286
257 432
257 515
257 563
257 595
257 630
257 741
257 896
257 1118
257 1182
258 318
258 522
258 646
258 717
258 907
258 1012
258 1132
258 1178
259 324
259 462
259 484
259 592
259 629
259 796
260 270
260 321
260 355
260 452
260 560
260 674
260 1059
260 1162
261 271
261 450
261 520
261 1189
262 333
262 560
262 736
262 889
262 969
262 1097
262 1125
263 314
263 399
263 469
264 331
264 463
264 618
264 626
264 864
264 1022
265 350
265 823
265 1103
265 1115
265 1130
266 389
266 417
266 437
266 522
266 717
266 782
266 846
266 912
266 1078
266 1154
266 1178
267 364
267 401
267 466
267 599
267 660
267 757
267 766
267 843
267 928
267 950
267 1063
267 1137
267 1148
268 298
268 448
268 547
268 577
268 654
268 707
268 848
268 853
268 1128
268 1194
268 1217
269 511
269 600
269 610
269 615
269 804
269 805
269 949
269 965
269 1077
269 1108
270 560
270 987
270 1162
271 447
271 450
271 713
271 847
271 942
271 959
271 1159
271 1189
272 381
272 850
272 953
272 1204
272 1233
273 356
273 397
273 405
273 441
273 574
273 581
273 703
273 720
273 868
273 898
274 474
274 717
274 872
274 908
274 1035
274 1132
275 467
275 509
275 852
275 883
275 944
275 1142
276 307
276 315
276 780
276 802
276 862
276 954
276 1016
276 1105
276 1188
277 352
277 368
277 568
277 640
277 668
277 729
277 739
277 1028
278 537
278 549
278 628
278 658
278 682
278 1238
279 392
279 439
279 706
279 919
279 1042
279 1113
279 1185
279 1187
279 1236
279 1248
280 297
280 304
280 335
280 451
280 609
280 681
280 750
280 835
280 1036
280 1087
280 1111
280 1141
280 1196
281 503
281 770
281 1048
281 1223
282 463
282 606
282 948
282 1077
282 1083
282 1092
283 288
283 617
283 914
283 1034
283 1056
283 1123
284 317
284 353
284 377
284 398
284 647
284 741
284 964
284 1005
284 1082
284 1118
284 1151
284 1200
285 363
285 395
285 559
285 666
285 724
285 963
285 1053
285 1134
285 1138
286 423
286 432
286 492
286 741
286 896
286 983
286 1118
286 1182
286 1190
287 586
287 782
287 952
287 1078
287 1246
288 858
288 914
288 1034
288 1056
288 1123
289 307
289 315
289 347
289 423
289 802
289 896
289 954
289 962
289 1010
290 545
290 592
290 603
290 629
290 637
290 686
290 712
290 788
290 793
290 973
290 1018
290 1023
290 1047
291 549
291 562
291 676
291 986
291 1013
292 328
292 414
292 567
292 926
292 936
292 1033
292 1100
293 357
293 448
293 577
293 684
293 732
293 848
293 982
293 1030
293 1194
293 1217
294 591
294 659
294 789
294 875
294 1085
294 1102
294 1140
295 544
295 779
296 1103
296 1115
297 572
297 609
297 750
297 835
297 884
297 1036
297 1087
297 1141
298 336
298 547
298 565
298 585
298 707
298 1031
298 1128
299 333
299 889
299 957
299 991
299 998
299 1009
299 1208
300 326
300 356
300 627
300 938
300 989
300 1032
301 303
301 751
301 1080
302 422
302 677
302 807
302 1213
303 363
303 495
303 751
304 335
304 451
304 615
304 822
304 835
304 1036
304 1111
305 413
305 442
305 548
305 635
305 718
305 756
305 906
305 1080
305 1121
306 312
306 443
306 602
307 315
307 347
307 425
307 802
307 856
307 954
307 962
307 988
308 542
308 582
308 606
308 760
308 814
308 977
308 1007
309 564
309 827
309 912
309 1006
309 1154
309 1155
309 1166
309 1179
310 322
310 421
310 514
310 596
310 652
310 783
310 902
310 917
310 1104
310 1136
310 1174
310 1219
310 1225
311 343
311 808
311 914
311 1004
311 1042
311 1072
311 1079
311 1146
311 1185
311 1187
312 443
312 602
312 716
312 959
312 1159
313 332
313 510
313 545
313 592
313 603
313 637
313 660
313 727
313 973
313 1018
313 1023
313 1047
313 1148
314 352
314 407
314 636
314 838
315 773
315 780
315 802
315 886
315 954
315 1016
315 1176
315 1215
316 564
316 681
316 782
316 813
316 839
316 912
316 1087
316 1155
316 1166
316 1209
317 377
317 647
317 964
317 1151
317 1170
318 605
318 646
318 717
318 907
318 1012
318 1132
319 320
319 444
319 573
319 1240
320 444
320 517
321 355
321 560
321 1106
321 1125
321 1162
322 421
322 514
322 596
322 783
322 902
322 917
322 974
322 1104
322 1136
322 1156
322 1174
322 1219
323 329
323 330
323 367
323 369
323 714
323 790
323 948
323 997
323 1011
323 1014
323 1092
324 648
324 653
324 796
325 533
325 578
325 1098
326 356
326 387
326 397
326 431
326 518
326 532
326 558
326 627
326 868
326 938
326 947
326 1032
326 1044
327 523
327 555
327 803
327 859
327 972
327 996
327 1052
327 1241
328 368
328 567
328 668
328 926
328 1071
329 367
329 369
329 415
329 477
329 795
329 997
329 1014
329 1092
330 369
330 415
330 714
330 790
330 997
330 1011
330 1198
331 463
331 618
331 626
331 864
331 1022
332 358
332 487
332 510
332 545
332 603
332 637
332 660
332 870
332 1018
332 1047
332 1091
332 1147
332 1148
332 1150
332 1227
333 709
333 889
333 957
333 969
333 987
333 1009
333 1106
334 416
334 491
334 568
334 613
334 739
334 832
334 876
334 966
334 994
334 1028
334 1095
335 610
335 612
335 615
335 750
335 822
335 835
335 1036
335 1111
335 1165
336 537
336 563
336 565
336 585
336 707
336 1031
336 1128
337 344
337 594
337 664
337 737
337 818
337 865
337 1060
337 1076
337 1181
337 1235
338 554
338 561
338 791
338 838
338 1051
338 1114
339 480
339 611
339 681
339 725
339 768
339 777
339 1000
339 1006
340 419
340 730
340 753
340 967
341 619
341 755
341 760
341 774
341 878
341 895
341 1001
341 1043
341 1089
341 1120
341 1168
342 345
342 360
342 476
342 541
342 575
342 632
342 641
342 734
343 406
343 488
343 692
343 888
343 1004
343 1062
343 1079
343 1146
343 1177
344 433
344 550
344 737
344 869
344 1122
345 360
345 371
345 384
345 476
345 541
345 575
345 711
345 734
345 824
345 913
345 1065
345 1124
346 649
346 891
346 940
346 1110
347 408
347 425
347 750
347 954
347 962
347 1215
348 352
348 368
348 636
348 640
348 668
348 1033
349 395
349 695
349 744
349 811
349 843
349 950
349 992
349 1134
350 524
350 674
350 1059
350 1214
351 519
351 850
351 1022
351 1107
351 1204
352 368
352 640
352 729
352 1028
352 1033
352 1095
353 377
353 398
353 585
353 806
353 964
353 1005
353 1082
353 1118
353 1151
353 1170
354 378
354 434
354 495
354 525
354 721
354 812
354 985
355 452
355 512
355 560
355 674
355 1059
355 1162
356 397
356 405
356 627
356 868
356 938
356 1044
357 448
357 497
357 527
357 577
357 732
357 982
357 1199
358 412
358 449
358 470
358 487
358 498
358 510
358 637
358 660
358 816
358 971
358 1037
358 1047
358 1147
358 1148
358 1150
359 374
359 496
359 677
359 687
359 719
359 797
359 807
359 861
360 384
360 476
360 541
360 734
360 781
360 1065
360 1124
360 1126
361 383
361 489
361 493
361 530
361 540
361 690
361 738
361 754
361 767
361 787
361 951
361 1228
362 466
362 489
362 493
362 733
362 752
362 928
362 951
362 1137
362 1207
363 495
363 751
363 963
363 1053
363 1138
364 466
364 599
364 913
364 1063
364 1142
364 1144
365 370
365 455
365 481
365 576
365 620
365 667
365 769
365 821
365 955
365 975
365 981
365 1043
366 735
366 911
366 1094
366 1202
366 1220
367 765
367 795
367 1014
367 1218
368 640
368 668
368 729
368 1033
369 415
369 708
369 997
369 1077
369 1092
369 1198
370 398
370 429
370 455
370 490
370 667
370 710
370 955
370 975
370 1088
371 426
371 435
371 509
371 824
371 913
371 980
371 1142
371 1193
372 400
372 447
372 502
372 749
372 1060
373 480
373 514
373 611
373 652
373 777
373 1000
373 1039
373 1239
373 1247
374 496
374 687
374 861
375 819
375 830
375 834
375 845
375 921
375 1040
375 1086
376 492
376 528
376 556
376 590
376 663
376 741
376 1082
376 1118
376 1190
376 1200
376 1237
377 398
377 429
377 490
377 551
377 647
377 964
377 1151
377 1170
378 434
378 525
378 562
378 670
378 721
378 810
378 812
378 985
378 986
378 1046
379 661
379 869
379 968
379 1066
379 1171
380 491
380 624
380 739
381 639
381 1139
381 1160
381 1233
382 529
382 828
382 891
382 1110
383 493
383 540
383 690
383 738
383 754
383 761
383 767
383 787
383 951
384 476
384 541
384 656
384 679
384 734
384 781
384 913
384 927
384 1065
384 1124
384 1126
385 570
385 798
385 833
385 899
385 971
385 988
385 1131
386 402
386 532
386 723
386 939
386 1096
386 1231
387 431
387 518
387 604
387 698
387 749
387 947
387 970
387 1044
388 458
388 472
388 579
388 893
388 1164
389 417
389 461
389 520
389 846
389 903
389 908
389 1078
389 1154
390 514
390 596
390 725
390 777
390 890
390 956
390 1024
390 1067
390 1093
390 1136
390 1219
391 457
391 925
391 978
391 1138
391 1210
392 604
392 608
392 748
392 775
392 855
392 877
392 904
392 910
392 1042
392 1113
392 1187
392 1248
393 500
393 742
393 1230
394 589
394 658
394 961
395 683
395 776
395 811
395 963
395 1021
395 1053
395 1134
396 523
396 960
397 405
397 441
397 546
397 558
397 703
397 868
397 874
397 1044
398 429
398 490
398 528
398 647
398 691
398 710
398 1005
398 1151
398 1200
399 469
399 593
399 728
399 762
399 937
399 994
399 1095
400 502
400 546
400 581
400 713
400 720
400 749
400 942
400 1060
401 510
401 535
401 584
401 757
401 766
401 852
401 870
401 929
401 1017
401 1020
401 1148
401 1172
402 486
402 494
402 509
402 532
402 723
402 857
402 939
402 1096
402 1149
402 1231
403 445
403 598
403 758
403 871
403 945
403 1019
404 454
404 888
404 1062
405 441
405 581
405 720
405 868
405 898
405 1191
406 580
406 880
406 888
406 1079
407 593
407 607
407 838
407 860
407 937
407 1114
408 547
408 750
408 1165
409 499
409 604
409 698
409 778
409 879
409 904
409 1015
409 1109
409 1245
410 435
410 509
410 543
410 757
410 852
410 1020
410 1149
411 632
411 680
411 701
411 786
411 851
411 993
411 1040
412 438
412 470
412 487
412 498
412 688
412 706
412 759
412 816
412 833
412 971
412 1037
412 1150
413 442
413 548
413 906
414 528
414 567
414 590
414 862
414 936
414 1016
414 1033
414 1100
415 501
415 675
415 780
415 790
415 866
415 936
415 1188
415 1198
415 1215
416 491
416 568
416 832
416 876
416 966
416 1028
416 1214
417 437
417 520
417 717
417 815
417 846
417 908
417 1132
418 924
418 1243
419 730
419 844
419 876
419 967
419 994
419 1095
420 522
420 681
420 768
420 782
420 884
420 912
420 1006
420 1141
420 1155
420 1178
420 1209
421 596
421 917
421 974
421 1104
421 1174
421 1219
422 443
422 677
422 794
422 807
423 479
423 536
423 802
423 896
423 962
423 983
423 1010
423 1182
424 480
424 611
424 785
424 873
424 902
424 920
424 1000
424 1038
424 1074
424 1129
424 1225
424 1239
425 572
425 750
425 763
425 856
425 988
425 1196
426 435
426 509
426 980
426 1193
427 969
427 1097
427 1221
428 456
428 475
428 515
428 595
428 1173
428 1230
429 455
429 490
429 647
429 662
429 710
429 964
429 1088
429 1151
429 1170
430 968
431 518
431 532
431 698
431 947
431 970
431 1032
431 1044
431 1157
431 1195
432 515
432 595
432 630
432 741
432 1005
432 1082
432 1118
433 550
433 692
433 1062
433 1066
433 1116
434 475
434 525
434 562
434 985
434 986
434 1013
434 1046
435 509
435 543
435 705
435 824
435 980
435 1142
435 1193
436 597
436 605
436 1197
437 522
437 646
437 782
437 840
437 884
437 1087
438 458
438 498
438 706
438 759
438 833
438 893
438 901
438 1037
439 706
439 799
439 919
439 1042
439 1113
439 1185
439 1187
439 1236
439 1248
440 465
440 531
440 655
440 881
440 920
440 923
440 1129
440 1213
441 558
441 574
441 703
441 868
441 874
442 475
442 548
442 635
442 718
442 756
442 906
442 1080
442 1121
442 1173
443 602
444 517
444 573
444 645
444 935
445 569
445 598
445 644
445 678
445 745
445 779
445 945
446 626
446 730
446 844
446 915
446 967
447 450
447 461
447 520
447 847
447 903
447 1078
447 1189
448 577
448 654
448 1194
448 1217
449 470
449 487
449 578
449 816
449 971
449 1147
449 1150
449 1184
449 1222
449 1246
450 602
450 942
450 959
450 1159
450 1189
451 553
451 681
451 706
451 822
451 835
451 1036
451 1196
452 674
452 1162
453 552
453 642
453 643
453 800
453 1135
453 1163
454 888
454 1062
455 490
455 667
455 981
456 515
456 595
456 1230
457 925
457 927
457 978
457 1068
457 1210
458 472
458 579
458 893
458 901
458 1164
459 471
459 932
459 1192
460 486
460 509
460 944
460 1090
461 520
461 716
461 846
461 903
461 908
461 1154
461 1189
462 538
462 688
463 626
463 714
463 948
463 1077
463 1083
464 566
464 584
464 874
464 883
464 1017
464 1096
464 1172
465 531
465 655
465 881
465 920
465 923
465 1129
465 1213
466 489
466 599
466 727
466 928
466 1063
466 1137
466 1144
467 534
467 689
467 695
467 852
467 883
467 1142
468 499
468 686
468 700
468 909
468 1245
469 1103
470 487
470 498
470 570
470 706
470 763
470 816
470 971
470 1037
470 1147
470 1150
470 1246
471 728
471 823
471 932
472 579
472 893
472 1164
473 488
473 672
473 699
473 813
473 854
473 880
473 905
473 1050
473 1058
473 1079
473 1084
473 1153
474 523
474 1035
474 1052
474 1197
475 506
475 515
475 595
475 630
475 906
475 985
475 1013
475 1173
476 541
476 575
476 632
476 711
476 734
476 913
476 1065
476 1124
476 1212
477 542
477 760
477 795
477 1001
477 1007
478 942
478 1159
479 536
479 752
479 856
479 988
479 1010
479 1207
480 514
480 611
480 652
480 725
480 777
480 873
480 902
480 1000
480 1038
480 1074
480 1136
480 1219
480 1225
480 1239
481 505
481 557
481 576
481 619
481 620
481 755
481 774
481 821
481 878
481 981
481 1043
481 1120
481 1180
482 551
482 585
482 654
482 662
482 806
482 853
482 1088
482 1170
482 1211
483 554
483 826
483 946
483 1192
483 1244
484 648
484 653
484 796
484 836
484 932
484 976
485 514
485 652
485 697
485 745
485 777
485 783
485 890
485 1039
485 1069
485 1143
485 1156
485 1247
486 494
486 723
486 857
486 939
486 1090
486 1231
487 498
487 510
487 570
487 637
487 660
487 759
487 816
487 833
487 971
487 1037
487 1047
487 1147
487 1148
487 1150
488 594
488 699
488 818
488 854
488 1079
488 1084
488 1099
488 1187
489 493
489 657
489 690
489 733
489 738
489 928
489 1137
489 1216
490 551
490 647
490 662
490 710
490 964
490 1088
490 1151
490 1170
491 613
491 624
491 739
491 832
491 966
492 556
492 663
492 741
492 802
492 896
492 1118
492 1190
492 1237
493 690
493 738
493 928
493 951
493 1137
494 532
494 723
494 857
494 939
494 1032
494 1231
495 670
495 721
495 751
495 812
495 958
495 963
495 1053
496 687
496 719
496 861
497 527
497 642
497 732
497 800
497 897
497 1135
497 1163
497 1199
498 688
498 706
498 759
498 816
498 833
498 971
498 1037
498 1150
499 604
499 608
499 910
499 1015
499 1245
500 666
500 742
500 1216
501 567
501 588
501 675
501 801
501 866
501 926
501 936
501 1002
501 1071
502 748
502 749
502 855
502 877
502 952
502 1060
503 507
503 693
503 887
503 918
503 934
503 1205
503 1223
503 1234
504 538
504 650
504 863
504 901
504 1221
505 516
505 620
505 755
505 821
505 878
505 916
506 515
506 595
506 630
506 1173
506 1206
507 631
507 693
507 746
507 764
507 887
507 934
507 956
507 1048
507 1205
507 1234
508 731
508 917
508 934
508 1174
509 852
509 944
509 1090
509 1149
509 1193
510 545
510 603
510 637
510 660
510 870
510 1018
510 1047
510 1091
510 1147
510 1148
510 1150
511 615
511 805
511 882
511 965
511 1077
511 1108
512 648
512 823
512 1059
513 634
513 819
513 834
513 845
513 921
513 1127
514 596
514 652
514 697
514 777
514 783
514 890
514 902
514 1093
514 1136
514 1156
514 1174
514 1219
514 1247
515 595
515 630
515 741
515 1082
515 1173
515 1206
515 1230
516 557
516 620
516 755
516 774
516 821
516 878
516 916
516 1180
517 642
517 685
517 800
518 558
518 698
518 947
518 970
518 1044
518 1157
518 1172
518 1195
519 850
519 1022
519 1107
519 1204
520 903
520 908
520 1189
521 661
521 825
521 1081
522 717
522 782
522 884
522 907
522 912
522 1006
522 1087
522 1141
522 1178
522 1209
523 555
523 960
523 1197
524 674
524 1059
524 1214
525 562
525 670
525 721
525 810
525 812
525 985
526 582
526 770
526 1019
527 732
527 849
527 897
527 1024
527 1199
528 886
528 1016
528 1237
529 617
529 789
529 828
529 875
529 1029
529 1056
529 1102
529 1110
530 679
530 690
530 704
530 711
530 738
530 754
530 927
530 1228
531 573
531 797
531 831
531 923
531 1129
532 627
532 723
532 857
532 939
532 1032
532 1096
532 1231
533 578
533 929
534 584
534 689
534 695
534 843
534 883
534 950
534 992
534 1017
534 1063
535 584
535 870
535 929
535 947
535 1017
535 1020
535 1091
535 1149
535 1172
536 724
536 983
536 1010
536 1207
537 565
537 628
537 682
537 743
537 792
537 990
537 1031
537 1238
538 1072
538 1161
538 1232
539 986
539 1013
539 1046
540 554
540 761
540 826
540 1041
540 1114
541 734
541 913
541 1065
541 1124
542 582
542 606
542 760
542 795
542 814
542 977
542 1007
543 788
543 857
543 1152
544 569
544 779
544 945
545 603
545 686
545 712
545 793
545 870
545 973
545 1018
545 1020
545 1023
545 1047
545 1091
545 1148
545 1157
545 1195
546 558
546 574
546 581
546 703
546 713
546 749
546 847
546 868
546 874
547 565
547 707
547 1128
547 1217
548 635
548 718
548 756
548 906
548 1080
548 1121
549 842
549 1238
550 661
550 737
550 869
550 1122
551 585
551 654
551 662
551 964
551 1151
551 1170
552 565
552 743
552 933
552 1135
552 1163
552 1229
553 572
553 706
553 763
553 835
553 1036
553 1087
553 1196
553 1209
554 826
554 860
554 1114
554 1244
555 740
555 803
555 859
555 972
555 996
555 1035
555 1052
555 1241
556 663
556 741
556 742
556 1027
556 1230
557 620
557 769
557 821
557 1119
557 1180
558 566
558 868
558 874
558 1044
558 1096
559 666
559 724
559 1053
559 1138
559 1216
560 614
560 674
560 1097
560 1125
560 1162
561 622
561 791
561 1051
561 1061
562 628
562 810
562 986
562 1013
563 682
563 990
563 1238
564 813
564 839
564 854
564 912
564 1006
564 1058
564 1155
564 1166
564 1179
565 707
565 743
565 1031
565 1128
566 868
566 874
566 930
566 1096
567 588
567 675
567 801
567 866
567 926
567 936
567 1002
567 1071
568 729
568 966
568 1028
569 644
569 678
569 745
569 779
569 817
569 945
569 1069
570 660
570 752
570 798
570 816
570 833
570 856
570 899
570 971
570 988
570 1131
570 1147
570 1207
571 858
571 1070
571 1075
572 609
572 750
572 763
572 835
572 840
572 884
572 1036
572 1087
572 1196
572 1222
573 645
573 831
573 923
573 935
574 703
574 713
574 847
574 868
574 942
575 632
575 680
575 734
575 786
575 913
575 1212
576 619
576 620
576 821
576 878
576 981
576 1043
576 1120
577 684
577 708
577 848
577 982
577 1030
577 1194
577 1217
578 586
578 870
578 929
578 1184
578 1246
579 753
579 901
579 1164
579 1221
581 703
581 720
581 749
581 825
581 868
581 898
582 606
582 702
582 770
582 814
582 977
583 639
583 1102
584 852
584 883
584 929
584 1017
584 1020
584 1149
584 1172
585 654
585 806
585 964
585 1128
585 1170
586 840
586 952
586 1078
586 1184
586 1246
587 669
587 722
587 858
587 1075
588 675
588 866
588 895
588 926
588 936
588 1071
589 601
589 658
590 663
590 862
590 1027
590 1100
590 1237
591 616
591 659
591 784
591 789
591 829
591 1025
591 1085
591 1140
591 1158
591 1249
592 603
592 629
592 637
592 836
592 973
592 1018
592 1023
592 1047
593 696
593 728
593 762
593 841
593 860
593 932
593 937
593 1192
594 664
594 818
594 865
594 1076
594 1084
594 1099
594 1235
595 630
595 741
595 1082
595 1173
596 697
596 746
596 783
596 890
596 917
596 956
596 1024
596 1093
596 1104
596 1136
596 1156
596 1174
596 1219
597 605
597 638
597 683
597 1021
597 1026
597 1242
598 1019
598 1117
599 727
599 757
599 928
599 1063
599 1137
599 1144
600 610
600 684
600 804
600 848
600 949
600 982
600 1030
600 1224
601 643
601 645
601 1064
601 1145
602 716
602 959
602 1159
603 629
603 637
603 686
603 973
603 1018
603 1023
603 1047
603 1227
604 698
604 748
604 855
604 904
604 970
604 1195
604 1227
605 638
605 809
605 815
606 814
606 977
607 636
607 841
607 860
607 943
607 1105
607 1114
608 910
608 1004
608 1015
608 1042
608 1167
609 750
609 835
609 884
609 1036
609 1087
610 612
610 615
610 804
610 949
610 1030
610 1111
610 1165
611 652
611 777
611 1000
611 1153
611 1239
612 615
612 1067
612 1111
612 1165
613 739
613 832
613 844
613 876
613 994
613 1003
613 1028
613 1095
614 625
614 674
614 726
614 1097
615 1111
615 1165
616 829
616 882
616 1158
616 1186
616 1226
616 1249
617 820
617 1056
618 626
618 864
618 1022
619 620
619 755
619 774
619 821
619 878
619 895
619 916
619 981
619 1043
619 1120
619 1168
620 755
620 774
620 821
620 878
620 981
620 1043
620 1180
621 657
621 689
621 695
621 733
621 744
621 950
621 992
621 1063
621 1068
622 632
622 711
622 772
622 786
622 1061
622 1212
622 1228
623 916
623 1133
623 1218
624 729
624 739
625 726
625 864
625 1097
626 864
626 915
626 1083
627 938
627 1032
628 682
628 792
628 810
628 983
628 990
628 1238
629 637
629 686
629 788
629 793
629 973
629 1023
630 741
630 1082
630 1173
630 1206
631 745
631 746
631 764
631 779
631 783
631 887
631 890
631 956
631 1048
631 1143
631 1205
632 680
632 772
632 786
632 993
632 1061
632 1212
633 656
633 781
633 892
633 900
633 927
633 1068
633 1126
634 819
634 834
634 845
634 921
634 1127
635 756
635 906
635 1080
635 1121
636 838
636 862
636 943
636 1033
636 1057
636 1114
637 688
637 836
637 973
637 1018
637 1023
637 1047
637 1150
637 1227
638 815
638 1098
639 1029
639 1102
639 1139
639 1140
640 668
640 729
640 1033
641 924
641 1243
642 685
642 732
642 800
642 849
642 897
642 1135
642 1163
642 1183
642 1229
643 1064
644 678
644 745
644 771
644 945
644 1025
644 1069
645 935
645 1064
645 1145
646 884
646 907
646 1012
646 1132
647 964
647 1151
647 1170
647 1200
648 653
648 796
649 891
649 940
649 1110
650 829
650 863
650 1186
650 1226
651 705
651 993
651 1049
651 1244
652 697
652 777
652 783
652 890
652 902
652 1000
652 1136
652 1219
652 1225
652 1239
652 1247
653 976
654 853
654 1194
654 1211
655 827
655 881
655 1213
656 679
656 781
656 892
656 900
656 927
657 733
657 744
657 950
657 1137
657 1138
658 1238
659 771
659 789
659 1025
659 1039
659 1085
659 1140
659 1160
660 727
660 928
660 971
660 1147
660 1148
661 869
661 922
661 968
661 1122
661 1171
662 710
662 984
662 1088
662 1089
662 1170
662 1211
663 1027
663 1200
663 1237
664 818
664 865
664 1076
664 1181
664 1235
666 721
666 724
666 812
666 1138
666 1216
667 981
668 729
668 739
668 926
668 1002
669 671
669 941
669 1075
670 747
670 776
670 810
670 958
670 963
670 1053
670 1112
671 941
671 1073
671 1167
671 1175
671 1232
672 699
672 784
672 808
672 880
672 905
672 914
672 1050
672 1158
672 1186
672 1249
673 820
673 914
673 1034
673 1072
673 1232
674 726
674 1162
675 790
675 866
675 926
675 936
675 1002
676 986
676 1013
677 794
677 807
678 745
678 771
678 945
678 1025
679 704
679 734
679 927
679 1065
680 701
680 715
680 786
680 851
680 993
680 1040
680 1049
681 768
681 835
681 1006
681 1036
681 1087
681 1141
681 1209
682 792
682 990
682 1031
682 1182
682 1238
683 776
683 811
683 1021
683 1134
684 708
684 848
684 949
684 982
684 1030
684 1217
685 800
685 849
685 897
685 1183
685 1229
686 712
686 788
686 793
686 909
686 973
686 1023
686 1152
686 1157
686 1195
686 1245
687 719
687 861
688 1037
688 1150
688 1227
689 695
689 744
689 843
689 950
689 992
690 738
690 754
690 787
690 951
690 1210
690 1216
691 1200
692 1099
692 1177
693 887
693 918
693 934
693 1117
693 1205
693 1234
694 1098
695 744
695 843
695 950
695 992
696 728
696 762
696 841
696 1045
696 1164
697 777
697 783
697 890
697 956
697 1136
697 1143
697 1156
697 1247
698 938
698 947
698 970
698 1109
698 1157
698 1195
698 1245
699 784
699 854
699 880
699 905
699 1050
699 1058
699 1079
700 1073
700 1175
701 851
702 1007
703 713
703 847
703 868
704 754
704 1228
705 715
705 980
705 993
705 1049
706 919
706 1037
706 1196
706 1236
707 1031
707 1128
708 773
708 848
708 853
708 949
708 982
708 1030
708 1165
708 1217
709 987
709 1009
710 975
710 1088
711 734
711 772
711 786
711 913
711 1061
711 1144
711 1212
711 1228
712 788
712 793
712 909
712 973
712 1023
712 1152
712 1157
712 1195
713 847
713 942
714 790
714 997
714 1011
714 1014
715 851
715 980
715 1049
716 903
716 959
717 846
717 872
717 1132
717 1178
718 756
718 906
719 797
719 831
719 861
720 825
720 898
720 1191
721 812
721 985
722 858
722 979
722 1075
723 857
723 939
723 1096
723 1231
724 1053
725 902
725 1000
725 1024
725 1093
725 1136
725 1183
725 1219
726 730
727 1018
728 762
728 937
729 739
729 1028
730 844
730 876
730 915
730 967
730 994
730 1214
731 783
731 894
731 917
731 1143
731 1156
731 1174
732 849
732 897
732 982
732 1030
732 1135
732 1163
732 1183
732 1199
732 1229
733 744
733 950
733 1137
733 1138
734 913
734 1065
734 1124
734 1212
735 911
735 1054
735 1201
735 1202
735 1220
736 889
736 957
736 1106
736 1125
737 865
737 922
737 1122
738 754
738 767
738 787
738 951
738 1228
739 1002
739 1028
740 972
740 996
740 1145
740 1241
741 1005
741 1082
741 1118
741 1190
741 1230
742 1027
742 1230
743 792
743 1012
743 1031
744 811
744 843
744 950
744 992
745 779
745 817
745 894
745 945
745 1069
745 1143
746 764
746 779
746 783
746 887
746 890
746 917
746 934
746 956
746 1143
746 1156
746 1174
746 1205
747 958
747 1046
747 1112
748 799
748 855
748 877
748 904
748 952
748 970
748 1184
748 1248
750 835
750 1036
750 1196
751 812
751 963
752 798
752 928
752 1041
752 1137
752 1207
753 864
754 767
754 787
754 1228
755 774
755 821
755 878
755 916
755 1120
756 906
756 1046
756 1080
756 1121
757 852
757 1020
757 1063
757 1148
757 1149
758 871
758 965
759 833
759 1037
760 1001
760 1007
760 1168
760 1218
761 767
761 951
761 1041
761 1057
761 1114
762 841
762 860
762 932
762 937
763 816
763 840
763 856
763 988
763 1196
763 1222
764 779
764 887
764 890
764 956
764 1048
764 1143
764 1205
765 931
765 1003
765 1133
766 843
766 929
766 1147
766 1148
767 787
767 1051
767 1057
768 933
768 1000
768 1006
768 1141
768 1178
769 955
769 975
769 981
769 1071
770 1223
770 1224
771 867
771 1025
771 1160
772 786
772 913
772 1061
772 1212
772 1228
773 853
773 886
773 954
773 999
773 1176
773 1215
774 821
774 878
774 895
774 916
774 1043
774 1120
774 1168
775 855
775 877
775 904
775 1042
776 958
776 963
776 1021
776 1026
776 1053
776 1101
776 1242
777 890
777 1000
777 1093
777 1136
777 1239
777 1247
778 879
778 989
778 1109
779 887
779 945
779 1143
780 801
780 862
780 936
780 954
780 1016
780 1105
780 1188
780 1198
780 1215
781 892
781 900
781 1065
781 1126
782 884
782 912
782 1087
782 1166
782 1209
783 890
783 894
783 917
783 956
783 1136
783 1143
783 1156
783 1174
784 880
784 905
784 1050
784 1158
784 1249
785 873
785 920
785 1038
785 1074
785 1129
785 1225
786 993
786 1061
786 1212
786 1244
787 951
788 793
788 909
788 973
788 1023
788 1152
788 1157
789 875
789 1085
789 1102
789 1140
790 844
790 866
790 1002
790 1011
790 1198
791 1051
792 990
792 1010
792 1031
792 1238
793 973
793 1018
793 1023
793 1091
793 1152
793 1157
794 807
795 1007
795 1014
795 1092
796 1055
797 831
797 923
797 935
797 1145
798 856
798 899
798 988
798 1041
798 1131
798 1207
799 855
799 877
799 952
799 1113
799 1248
800 849
800 897
800 1135
800 1163
800 1229
801 866
801 936
801 1002
801 1033
801 1105
801 1188
802 896
802 954
802 1190
803 859
803 972
803 996
803 1035
803 1052
803 1241
804 805
804 948
804 949
804 965
804 1077
804 1092
804 1224
805 965
805 1048
805 1108
805 1224
806 853
806 886
806 999
806 1005
806 1088
806 1151
806 1170
806 1176
807 872
807 881
807 1213
808 919
808 1072
808 1185
808 1186
809 1026
809 1101
810 1026
810 1101
811 992
811 1134
812 985
813 839
813 854
813 1058
813 1084
813 1153
813 1155
813 1166
813 1179
814 977
814 1007
816 833
816 856
816 971
816 1037
816 1131
816 1147
816 1150
817 1069
818 865
818 1060
818 1076
818 1084
818 1099
818 1235
819 830
819 834
819 845
819 885
819 921
819 1086
819 1127
819 1130
819 1169
820 863
820 940
820 1204
821 878
821 981
821 1043
821 1180
822 882
822 1111
822 1186
822 1226
823 1059
823 1094
824 913
824 1124
824 1126
824 1142
824 1193
825 898
825 1181
825 1191
826 1114
827 1179
828 875
828 891
828 1029
828 1102
828 1110
829 850
829 867
830 845
830 921
830 1086
831 923
831 935
832 876
832 966
833 893
833 899
833 971
833 1037
833 1131
834 845
834 885
834 921
834 1040
834 1127
835 1036
835 1087
835 1196
836 946
836 976
837 972
837 996
838 1057
838 1114
839 854
839 1058
839 1084
839 1166
839 1179
840 1087
840 1222
840 1246
841 860
841 899
841 937
841 943
842 1101
842 1203
843 950
843 992
843 1063
844 915
844 967
844 994
845 885
845 921
845 1040
845 1086
845 1127
845 1169
846 872
846 881
846 903
846 912
846 1154
847 930
848 853
848 949
848 982
848 1030
848 1165
848 1217
849 897
849 933
849 1163
849 1183
849 1229
850 867
850 1107
850 1204
850 1233
851 993
851 1040
852 1020
852 1142
852 1149
853 999
853 1194
853 1211
853 1217
854 1050
854 1058
854 1079
854 1084
854 1113
854 1185
854 1187
855 877
855 904
855 952
855 1184
855 1248
856 988
856 1131
856 1207
857 939
857 947
857 1096
857 1149
857 1231
858 979
858 1070
858 1075
858 1123
859 961
859 1241
860 937
860 1114
860 1192
862 1016
862 1100
862 1105
862 1188
862 1237
863 1221
864 1022
865 1060
865 1076
865 1099
865 1235
866 926
866 936
866 1002
867 1025
867 1160
867 1233
868 874
868 1044
869 1122
870 929
870 970
870 1020
870 1091
870 1148
870 1172
870 1184
871 965
871 1019
871 1048
871 1224
872 881
872 1154
872 1213
873 902
873 920
873 1038
873 1074
873 1104
873 1129
873 1219
873 1225
874 930
874 1044
874 1096
875 1085
875 1102
876 966
876 994
876 1095
876 1214
877 904
877 952
877 1060
877 1076
877 1235
877 1248
878 895
878 916
878 1043
878 1120
878 1168
879 922
879 938
879 989
879 1109
879 1171
880 905
880 1050
880 1079
880 1249
881 1213
882 1108
882 1111
882 1186
882 1226
883 1017
884 907
884 1087
884 1209
885 1192
886 999
886 1016
886 1176
887 918
887 934
887 1205
887 1234
888 1062
889 969
889 995
889 1125
889 1208
890 956
890 1093
890 1136
890 1143
890 1156
890 1247
891 1029
891 1110
892 900
892 927
892 1068
893 901
894 1143
894 1156
895 1043
895 1071
895 1133
895 1168
896 983
896 1010
896 1118
896 1182
896 1190
897 1135
897 1163
897 1183
897 1199
897 1229
898 1191
899 943
899 988
899 1041
899 1131
900 1068
900 1124
900 1126
901 919
902 1000
902 1038
902 1074
902 1104
902 1136
902 1219
902 1225
903 1078
903 1154
905 1050
905 1158
905 1249
906 1080
906 1121
906 1173
907 1012
907 1132
907 1178
908 1197
909 1023
909 1152
909 1157
909 1195
909 1245
910 1004
910 1015
910 1042
910 1167
911 1054
911 1201
911 1202
911 1220
912 1006
912 1155
912 1166
912 1178
912 1209
913 1124
913 1142
913 1144
913 1212
914 1004
914 1034
914 1056
914 1072
915 967
917 934
917 956
917 1024
917 1143
917 1156
917 1174
917 1205
918 1117
918 1205
918 1234
919 1185
919 1236
920 923
920 1038
920 1074
920 1129
920 1225
921 1086
921 1127
921 1169
922 1171
923 1129
924 1243
925 978
925 1138
926 1002
926 1071
926 1119
927 1068
927 1210
928 1063
928 1137
928 1207
929 1017
929 1172
929 1184
931 1003
932 946
932 976
932 1192
933 1141
933 1183
933 1229
934 1174
934 1205
935 1064
935 1145
936 1016
937 1192
938 989
938 1032
938 1109
939 1096
939 1231
940 953
940 979
940 995
940 998
940 1123
941 1004
941 1146
941 1167
941 1175
942 1159
943 1105
943 1114
943 1188
944 1090
944 1193
946 1192
946 1244
947 970
947 1044
947 1091
947 1157
947 1172
947 1195
948 997
948 1014
948 1077
948 1092
949 982
949 1030
949 1165
950 992
950 1063
950 1137
951 1216
952 1184
952 1248
953 995
953 1204
954 1176
954 1215
955 975
955 1071
956 1024
956 1067
956 1093
956 1136
956 1174
957 1009
957 1106
957 1208
958 963
958 1101
958 1112
958 1242
959 1159
960 1197
962 1010
963 1053
964 1151
964 1170
965 1077
968 1171
969 995
969 998
970 1044
970 1091
970 1157
970 1195
971 988
971 1037
971 1131
971 1147
971 1150
972 996
972 1035
972 1052
972 1145
972 1241
973 1018
973 1023
973 1047
973 1091
973 1152
974 1104
975 1071
976 1045
977 1007
978 1068
979 998
979 1123
980 1049
981 1043
981 1120
982 1030
982 1165
982 1217
983 990
983 1010
983 1182
984 1001
984 1089
984 1120
984 1168
984 1211
985 1173
986 1013
986 1046
987 1009
988 1041
988 1131
988 1207
989 1109
990 1010
990 1182
990 1238
991 998
991 1208
993 1040
993 1049
993 1212
993 1244
994 1095
994 1214
995 998
996 1035
996 1052
996 1145
996 1241
997 1011
997 1014
997 1077
997 1092
997 1198
999 1088
999 1176
1000 1006
1000 1038
1000 1136
1000 1225
1001 1089
1001 1120
1001 1168
1004 1072
1004 1079
1004 1146
1004 1167
1005 1082
1005 1118
1005 1151
1006 1141
1006 1155
1006 1178
1010 1182
1011 1198
1013 1046
1014 1092
1015 1109
1015 1245
1016 1100
1016 1105
1016 1188
1016 1237
1017 1172
1018 1023
1018 1047
1018 1148
1020 1091
1020 1148
1020 1149
1021 1026
1021 1134
1022 1107
1023 1047
1023 1091
1023 1195
1023 1227
1024 1067
1024 1093
1024 1136
1024 1174
1025 1085
1025 1139
1025 1140
1025 1160
1026 1101
1026 1242
1028 1095
1029 1110
1030 1165
1030 1217
1031 1128
1034 1056
1035 1052
1036 1087
1036 1196
1036 1209
1037 1150
1037 1236
1038 1074
1038 1129
1038 1225
1039 1158
1039 1239
1039 1247
1041 1207
1042 1113
1042 1185
1042 1187
1042 1248
1043 1089
1043 1120
1043 1168
1044 1096
1044 1172
1045 1164
1046 1112
1047 1148
1048 1224
1050 1058
1050 1079
1050 1153
1050 1249
1052 1241
1054 1115
1054 1201
1054 1202
1054 1220
1056 1123
1057 1114
1058 1153
1059 1094
1059 1162
1060 1076
1060 1235
1061 1212
1061 1228
1062 1116
1063 1137
1063 1144
1064 1145
1065 1124
1065 1126
1067 1093
1068 1126
1070 1075
1071 1119
1072 1167
1072 1232
1073 1161
1073 1167
1073 1175
1073 1232
1074 1104
1074 1129
1074 1219
1074 1225
1076 1084
1076 1235
1077 1092
1078 1154
1079 1084
1079 1187
1080 1121
1081 1191
1082 1118
1082 1200
1084 1187
1084 1235
1085 1102
1085 1140
1086 1127
1086 1169
1087 1196
1087 1209
1088 1211
1089 1120
1089 1168
1089 1211
1091 1157
1091 1195
1093 1136
1093 1219
1094 1202
1094 1220
1096 1172
1099 1177
1100 1237
1101 1242
1102 1140
1103 1115
1103 1130
1104 1136
1104 1174
1104 1219
1104 1225
1105 1188
1107 1204
1111 1165
1113 1185
1113 1187
1113 1248
1115 1130
1115 1201
1115 1202
1117 1234
1118 1190
1119 1180
1120 1168
1124 1126
1124 1142
1124 1144
1126 1142
1127 1130
1127 1169
1128 1194
1129 1225
1130 1169
1133 1218
1135 1163
1136 1174
1136 1219
1136 1225
1138 1216
1139 1140
1139 1160
1141 1178
1142 1144
1142 1193
1143 1156
1143 1174
1147 1148
1150 1227
1151 1170
1152 1157
1152 1195
1153 1239
1154 1166
1155 1166
1155 1179
1156 1174
1157 1195
1158 1226
1158 1249
1159 1189
1160 1233
1161 1232
1163 1183
1163 1229
1166 1179
1166 1209
1167 1232
1174 1219
1176 1215
1183 1229
1184 1246
1184 1248
1185 1187
1185 1236
1186 1226
1186 1249
1188 1198
1190 1237
1194 1217
1195 1245
1198 1215
1201 1202
1201 1220
1202 1220
1204 1233
1205 1234
1219 1225
1222 1246
1226 1249
