0 147
0 242
0 542
0 571
0 638
0 700
0 746
0 752
0 858
0 907
1 188
1 282
1 518
1 605
1 755
1 902
1 1109
1 1248
2 57
2 168
2 319
2 660
2 681
2 932
2 976
3 23
3 687
3 861
3 1063
3 1221
4 118
4 127
4 139
4 192
4 370
4 511
4 927
5 286
5 309
5 386
5 464
5 539
5 598
5 606
5 645
5 686
5 725
5 1189
6 169
6 194
6 251
6 366
6 368
6 436
6 679
6 970
6 1079
7 223
7 328
7 354
7 367
7 423
7 543
7 572
7 614
7 623
7 899
7 1142
7 1161
7 1184
8 103
8 135
8 286
8 304
8 321
8 453
8 686
8 775
8 867
8 998
8 1213
9 59
9 307
9 357
9 565
9 626
9 668
9 1039
9 1206
10 65
10 69
10 523
10 648
10 735
10 846
10 908
10 1002
10 1055
11 139
11 204
11 324
11 812
11 927
11 976
11 1005
11 1205
12 118
12 189
12 418
12 422
12 582
12 625
12 644
12 665
12 808
12 826
12 840
12 1171
12 1180
13 95
13 171
13 200
13 310
13 363
13 387
13 446
13 509
13 1058
13 1094
13 1096
13 1185
13 1207
14 95
14 363
14 700
14 746
14 752
14 982
14 1037
14 1096
15 303
15 367
15 497
15 589
15 699
15 1034
15 1041
15 1197
16 178
16 188
16 205
16 336
16 890
16 904
16 956
16 1054
16 1086
16 1105
16 1126
17 143
17 167
17 236
17 295
17 747
17 876
17 901
17 1085
18 99
18 101
18 248
18 293
18 345
18 383
18 481
18 692
18 782
18 957
18 979
18 1110
18 1135
18 1152
19 229
19 378
19 499
19 675
19 873
19 1120
20 142
20 305
20 637
20 791
21 128
21 178
21 205
21 316
21 566
21 633
21 877
21 887
21 890
21 904
21 956
21 995
21 1105
22 401
22 688
22 749
22 830
22 889
22 1231
23 508
23 538
23 672
23 766
23 861
23 892
23 906
23 1063
24 274
24 382
24 578
24 683
24 690
24 711
24 942
24 1123
25 96
25 161
25 189
25 277
25 317
25 425
25 442
25 644
25 658
25 693
25 837
25 840
25 985
25 1001
25 1180
25 1225
26 76
26 483
26 512
26 556
26 676
26 745
26 813
26 825
26 991
26 1014
26 1220
26 1243
27 152
27 180
27 218
27 226
27 266
27 271
27 390
27 405
28 39
28 233
28 575
28 659
28 679
28 900
29 35
29 93
29 104
29 156
29 218
29 374
29 421
29 528
29 610
29 631
29 632
29 647
29 656
29 765
29 828
29 928
30 70
30 107
30 113
30 243
30 272
30 466
30 710
30 793
30 935
30 1019
31 137
31 185
31 317
31 323
31 395
31 406
31 483
31 559
31 745
31 844
31 921
31 1125
32 48
32 230
32 414
32 428
32 674
32 742
32 798
32 800
32 801
32 865
32 1190
33 81
33 141
33 261
33 670
33 941
33 986
33 1016
34 46
34 253
34 474
34 516
34 653
34 778
34 796
34 854
34 886
34 1050
34 1073
34 1127
35 93
35 273
35 312
35 374
35 528
35 610
35 647
35 656
35 663
35 756
35 828
35 993
35 1214
36 263
36 388
36 452
36 492
36 611
36 694
36 714
36 905
36 1099
37 41
37 57
37 364
37 369
37 1091
38 160
38 275
38 747
38 786
38 901
38 1155
38 1220
39 269
39 575
39 659
39 761
39 1202
39 1237
40 58
40 465
40 1113
40 1173
41 57
41 139
41 526
41 691
41 702
41 715
41 820
41 1091
42 217
42 337
42 344
42 549
42 797
42 944
42 975
43 74
43 85
43 120
43 262
43 268
43 479
43 892
43 1121
43 1129
44 51
44 146
44 485
44 887
44 995
44 1125
44 1157
44 1240
45 232
45 356
45 593
45 678
45 753
45 812
45 1011
45 1032
45 1045
45 1200
46 253
46 474
46 516
46 653
46 778
46 854
46 886
46 989
46 1009
46 1050
46 1073
47 73
47 211
47 402
47 519
47 697
47 838
47 941
47 948
48 199
48 413
48 597
48 682
48 742
48 773
48 798
48 856
48 865
48 903
48 1051
48 1177
49 50
49 254
49 265
49 289
49 602
50 253
50 254
50 265
50 602
50 854
50 972
50 1009
50 1050
51 485
51 890
51 897
51 995
51 1157
51 1240
52 87
52 203
52 755
52 1054
52 1170
52 1188
53 210
53 476
53 712
53 1060
53 1115
53 1166
54 59
54 171
54 232
54 343
54 446
54 484
54 1037
54 1096
54 1150
54 1226
55 67
55 163
55 191
55 363
55 458
55 509
55 591
55 700
55 734
55 931
55 980
55 1038
55 1058
55 1134
55 1167
55 1210
56 63
56 126
56 132
56 246
56 301
56 403
56 557
56 839
56 1068
56 1092
56 1211
57 139
57 319
57 364
57 660
57 1091
58 694
58 1113
58 1173
59 307
59 357
59 484
59 626
59 1150
59 1206
59 1236
60 133
60 276
60 294
60 337
60 355
60 448
60 681
60 736
60 1052
61 145
61 213
61 223
61 298
61 340
61 354
61 423
61 444
61 614
61 732
61 743
61 899
61 930
61 1142
62 106
62 465
62 600
62 835
63 246
63 247
63 301
63 759
63 788
63 817
63 1080
63 1230
64 133
64 201
64 276
64 294
64 532
64 849
64 871
64 1052
64 1140
65 523
65 717
65 735
65 846
65 873
65 908
66 112
66 182
66 264
66 459
66 661
66 669
66 789
66 832
66 977
66 1117
67 163
67 191
67 260
67 591
67 734
67 740
67 974
67 980
67 1010
67 1134
67 1210
68 299
68 440
68 481
68 563
68 711
68 924
68 1000
68 1043
68 1123
69 415
69 594
69 648
69 678
69 932
69 943
69 945
69 1002
69 1008
69 1055
69 1145
69 1164
70 107
70 113
70 116
70 150
70 243
70 272
70 365
70 410
70 466
70 630
70 909
70 1029
71 454
71 458
71 527
71 638
71 677
71 733
71 931
71 949
71 950
71 958
71 978
71 1038
71 1196
72 135
72 249
72 285
72 358
72 493
72 596
72 615
72 643
72 775
72 1039
72 1206
73 211
73 519
73 670
73 807
73 838
73 941
74 85
74 262
74 268
74 480
74 898
74 1148
74 1183
74 1203
75 224
75 462
75 821
75 1023
75 1092
76 160
76 654
76 676
76 786
76 813
76 825
76 1155
76 1220
77 306
77 338
77 588
77 642
77 652
77 689
77 708
77 738
77 819
77 1208
77 1249
78 128
78 179
78 540
78 566
78 580
78 1017
78 1110
78 1122
78 1135
78 1156
79 394
79 400
79 535
79 624
79 1006
79 1204
79 1234
80 174
80 209
80 281
80 399
80 430
80 513
80 1049
81 141
81 261
81 519
81 670
81 807
81 941
81 986
81 1121
81 1129
82 391
82 400
82 457
82 461
82 505
82 517
82 571
82 624
82 806
82 885
82 934
82 952
82 1141
83 124
83 136
83 142
83 305
83 649
83 667
83 788
83 791
83 973
84 202
84 388
84 533
84 607
84 611
84 613
84 714
84 816
85 262
85 268
85 480
85 898
85 1104
85 1148
85 1183
85 1203
86 186
86 199
86 413
86 585
86 752
86 764
86 912
86 1175
87 518
87 755
87 810
87 902
87 1170
87 1188
88 105
88 300
88 396
88 424
88 605
88 915
88 940
88 1082
88 1248
89 145
89 322
89 528
89 884
89 918
89 959
89 1136
89 1202
89 1237
90 368
90 398
90 608
90 703
90 775
90 850
91 315
91 341
91 359
91 412
91 1087
91 1131
92 151
92 306
92 551
92 561
92 792
92 860
92 919
92 965
93 104
93 156
93 218
93 421
93 587
93 610
93 632
93 647
93 656
93 765
93 828
93 928
93 1077
94 574
94 676
94 813
94 1243
95 171
95 191
95 363
95 591
95 980
95 1037
95 1058
95 1095
95 1096
95 1207
96 277
96 328
96 339
96 425
96 572
96 601
96 749
96 830
96 837
96 889
96 985
96 1001
96 1161
96 1225
97 251
97 285
97 347
97 366
97 436
97 493
97 596
97 615
97 671
97 695
97 802
97 970
97 998
97 1133
97 1218
98 352
98 382
98 690
98 796
98 1127
98 1147
99 293
99 540
99 782
99 833
99 957
99 994
99 1057
99 1110
99 1158
99 1190
100 153
100 490
100 578
100 806
100 934
100 942
100 967
100 1106
101 248
101 293
101 358
101 383
101 440
101 481
101 596
101 770
101 847
101 979
101 1039
101 1152
101 1217
102 147
102 245
102 259
102 457
102 542
102 552
102 571
102 618
102 763
102 824
102 858
102 1084
102 1097
102 1107
102 1242
103 135
103 286
103 304
103 321
103 453
103 686
103 867
103 888
103 998
103 1213
104 138
104 218
104 421
104 610
104 631
104 632
104 647
104 765
104 785
104 928
104 1077
104 1149
104 1189
104 1216
105 300
105 396
105 424
105 605
105 718
105 915
105 925
105 940
105 1082
105 1144
106 607
106 714
106 835
106 1029
107 113
107 116
107 150
107 243
107 272
107 327
107 365
107 410
107 466
107 630
107 909
108 640
108 696
108 823
108 1022
108 1050
108 1078
108 1127
108 1247
109 195
109 320
109 570
109 636
109 701
109 754
109 1098
109 1233
109 1246
110 152
110 237
110 266
110 271
110 372
110 405
110 486
110 553
110 604
110 716
110 814
110 867
110 888
110 1026
110 1213
111 202
111 356
111 415
111 422
111 593
111 753
111 816
111 1011
111 1020
112 182
112 661
112 669
112 832
113 116
113 150
113 214
113 243
113 272
113 365
113 380
113 466
113 531
113 630
113 909
113 1015
114 425
114 514
114 554
114 568
114 601
114 654
114 704
114 981
115 454
115 455
115 534
115 685
115 857
115 961
115 1210
115 1239
116 131
116 150
116 272
116 327
116 365
116 466
116 607
116 767
116 910
116 1029
117 460
117 726
117 783
117 986
118 192
118 216
118 292
118 370
118 521
118 582
118 750
118 840
118 1180
119 220
119 409
119 563
119 799
119 853
119 1053
119 1070
119 1165
120 479
120 491
120 622
120 875
120 898
120 963
121 196
121 378
121 385
121 1223
122 159
122 489
122 627
122 878
122 894
122 947
122 1174
123 284
123 331
123 409
123 473
123 728
123 799
123 811
123 1053
123 1076
123 1165
124 136
124 142
124 245
124 553
124 581
124 649
124 960
124 973
124 1196
125 203
125 290
125 429
125 555
125 684
125 897
125 1054
125 1178
125 1219
126 132
126 792
126 839
126 919
126 938
126 1153
127 216
127 249
127 292
127 370
127 511
127 521
127 537
127 668
128 178
128 179
128 205
128 316
128 566
128 580
128 633
128 768
128 877
128 904
128 956
128 1105
128 1110
128 1126
128 1135
128 1156
129 200
129 310
129 386
129 464
129 491
129 562
129 620
129 622
129 645
129 875
129 963
129 1185
130 166
130 296
130 371
130 471
130 613
130 722
130 767
130 807
130 910
130 1083
131 166
131 202
131 296
131 327
131 365
131 471
131 533
131 607
131 767
131 807
131 829
131 838
131 910
131 1029
132 148
132 416
132 525
132 583
132 839
132 874
132 938
132 1068
132 1132
132 1211
133 201
133 294
133 355
133 389
133 532
133 681
133 736
133 849
133 882
133 999
133 1052
133 1139
134 157
134 210
134 427
134 699
134 805
134 893
134 983
134 992
134 1074
134 1075
134 1197
135 249
135 286
135 292
135 321
135 775
135 1039
135 1206
136 348
136 595
136 649
136 788
136 855
136 1012
137 323
137 395
137 483
137 559
137 567
137 745
137 844
137 921
137 991
137 1025
137 1125
137 1181
138 339
138 354
138 539
138 625
138 785
138 826
138 1142
138 1149
138 1184
138 1186
138 1189
138 1216
139 511
139 927
139 976
139 1005
139 1091
139 1205
140 281
140 377
140 430
140 496
140 641
141 261
141 670
141 726
142 305
142 637
142 649
142 791
142 973
143 167
143 236
143 524
143 876
143 1085
143 1173
144 161
144 214
144 222
144 380
144 425
144 438
144 442
144 531
144 630
144 644
144 658
144 693
144 1003
144 1015
144 1067
144 1225
145 213
145 298
145 303
145 322
145 374
145 444
145 528
145 732
145 805
145 884
145 930
145 959
145 992
145 1114
146 395
146 485
146 512
146 628
146 921
146 1125
146 1182
146 1240
147 242
147 245
147 348
147 426
147 457
147 571
147 746
147 824
147 858
147 907
147 952
147 1097
147 1198
148 301
148 557
148 583
148 874
148 1068
148 1092
148 1132
148 1211
149 185
149 324
149 675
149 753
149 987
149 1005
149 1120
149 1172
149 1205
150 214
150 272
150 365
150 380
150 466
150 607
150 909
150 1029
151 306
151 338
151 498
151 507
151 642
151 792
151 819
151 965
152 226
152 266
152 271
152 390
152 405
152 553
152 604
152 738
152 1026
153 447
153 490
153 806
153 870
153 942
153 1106
153 1187
154 433
154 635
154 790
154 794
154 1027
155 288
155 346
155 448
155 650
155 936
155 997
156 218
156 312
156 374
156 421
156 610
156 632
156 647
156 663
156 765
156 828
156 916
157 210
157 427
157 884
157 895
157 983
157 1074
157 1075
157 1114
158 187
158 258
158 334
158 489
158 627
158 780
158 868
159 187
159 489
159 627
159 758
159 780
159 868
159 954
159 1062
159 1154
159 1174
160 654
160 786
160 1155
160 1220
161 189
161 208
161 214
161 222
161 339
161 425
161 438
161 442
161 644
161 658
161 693
161 1067
161 1171
161 1225
162 246
162 301
162 403
162 445
162 453
162 468
162 486
162 502
162 595
162 695
162 802
162 855
162 888
162 1012
162 1137
162 1168
162 1218
162 1228
163 174
163 209
163 330
163 513
163 680
163 734
163 974
163 1010
163 1134
163 1210
164 177
164 360
164 412
164 547
164 662
164 911
164 955
164 996
164 1087
164 1119
164 1138
165 173
165 652
165 708
165 862
165 1118
165 1249
166 202
166 296
166 327
166 371
166 471
166 480
166 533
166 560
166 607
166 613
166 722
166 767
166 816
166 829
166 946
166 1020
167 236
167 295
167 747
167 876
167 901
167 1085
168 198
168 319
168 532
168 681
168 736
168 777
168 849
168 1111
168 1139
168 1193
169 269
169 368
169 453
169 659
169 679
169 743
169 804
169 970
169 1100
169 1136
169 1237
170 299
170 366
170 481
170 529
170 651
170 718
170 847
170 859
170 962
170 1042
170 1079
170 1124
171 200
171 310
171 363
171 387
171 446
171 484
171 509
171 645
171 1096
171 1116
171 1185
171 1207
172 264
172 275
172 295
172 459
172 567
172 619
172 661
172 789
172 876
172 881
172 977
172 1036
172 1117
172 1209
173 652
173 708
173 862
173 1118
173 1249
174 209
174 399
174 496
174 513
174 707
174 787
174 1049
175 291
175 579
175 664
175 801
175 822
175 842
175 848
175 917
176 257
176 454
176 455
176 458
176 527
176 569
176 757
176 958
176 978
176 1007
177 431
177 547
177 555
177 911
177 913
177 996
177 1031
177 1040
177 1048
177 1087
177 1138
178 205
178 336
178 566
178 580
178 904
178 956
178 1105
178 1126
179 540
179 566
179 580
179 633
179 768
179 1017
179 1110
179 1122
179 1156
180 218
180 226
180 237
180 271
180 353
180 372
180 390
180 405
180 562
180 686
180 814
180 1213
181 195
181 233
181 256
181 407
181 437
181 449
181 586
181 636
181 754
181 955
181 968
182 264
182 283
182 661
182 669
182 905
182 977
182 1117
183 193
183 329
183 617
183 678
183 891
183 896
183 943
183 964
183 988
183 1008
183 1024
183 1104
183 1145
183 1160
183 1164
184 313
184 318
184 609
184 717
184 871
184 880
184 1004
184 1140
185 208
185 323
185 406
185 422
185 559
185 844
185 922
185 987
185 1171
186 230
186 384
186 391
186 414
186 419
186 461
186 517
186 585
186 721
186 742
186 885
186 912
186 1175
186 1212
186 1217
186 1241
187 489
187 522
187 627
187 758
187 780
187 1062
187 1066
187 1154
188 203
188 336
188 1054
188 1109
189 339
189 418
189 442
189 625
189 644
189 658
189 693
189 837
189 840
189 1001
189 1171
189 1186
189 1225
190 478
190 542
190 552
190 635
190 706
190 757
190 781
190 845
190 858
190 1007
191 363
191 500
191 509
191 591
191 680
191 734
191 980
191 1010
191 1038
191 1058
191 1167
191 1207
192 292
192 370
192 598
192 750
192 1206
193 330
193 496
193 641
193 864
193 896
193 936
193 964
193 1191
194 398
194 439
194 564
194 634
194 651
194 911
194 1031
194 1176
195 233
195 256
195 449
195 636
195 701
195 754
195 968
195 1081
195 1098
196 313
196 385
196 1004
196 1223
197 242
197 348
197 472
197 716
197 746
197 907
197 1089
197 1094
197 1198
197 1236
198 319
198 364
198 603
198 660
198 777
198 1111
198 1193
199 344
199 413
199 585
199 597
199 682
199 742
199 764
199 773
199 798
199 856
199 903
199 1175
200 250
200 310
200 386
200 387
200 446
200 562
200 645
200 1116
200 1185
200 1207
201 318
201 389
201 532
201 609
201 849
201 871
201 882
201 1052
201 1069
201 1140
201 1224
202 296
202 327
202 533
202 607
202 613
202 767
202 816
202 829
202 1020
203 1054
203 1178
204 232
204 343
204 812
204 976
204 1005
204 1045
204 1150
204 1205
204 1226
205 580
205 633
205 877
205 890
205 904
205 956
205 1086
205 1105
205 1126
205 1156
206 344
206 549
206 790
206 797
206 944
206 982
207 260
207 673
207 790
207 974
207 997
207 1027
208 222
208 323
208 422
208 644
208 693
208 844
208 922
208 1171
209 399
209 496
209 513
209 573
209 687
209 707
209 787
209 1049
210 427
210 884
210 895
210 983
210 1060
210 1074
210 1075
210 1114
211 296
211 402
211 464
211 487
211 519
211 697
211 807
211 829
211 838
212 769
212 1046
212 1090
213 223
213 298
213 354
213 528
213 610
213 732
213 743
213 899
213 930
213 1136
213 1142
214 222
214 380
214 531
214 630
214 658
214 1015
215 270
215 428
215 475
215 599
215 698
215 801
215 803
216 317
216 370
216 501
216 521
216 537
216 840
216 1157
216 1180
217 337
217 344
217 448
217 797
217 903
217 944
217 975
217 1150
217 1177
217 1226
218 226
218 405
218 408
218 421
218 587
218 632
218 765
218 785
218 928
218 948
218 1077
219 584
219 719
219 1018
220 481
220 510
220 692
220 799
220 853
220 1028
220 1053
220 1070
220 1076
220 1144
220 1165
221 308
221 1047
221 1059
222 418
222 438
222 442
222 630
222 644
222 658
222 693
222 1171
222 1225
223 298
223 354
223 367
223 543
223 589
223 614
223 623
223 732
223 899
223 930
223 1142
223 1184
224 301
224 462
224 817
224 821
224 1023
224 1068
224 1092
224 1211
225 297
225 315
225 401
225 412
225 423
225 612
225 614
225 657
225 1138
226 390
226 408
226 587
226 663
226 948
227 447
227 827
227 866
227 870
227 1065
227 1187
228 326
228 345
228 494
228 510
228 692
228 778
228 809
228 957
228 989
228 1017
228 1028
228 1064
228 1122
228 1190
229 263
229 283
229 499
229 669
229 675
229 905
229 922
230 384
230 414
230 419
230 696
230 721
230 742
230 1022
230 1175
230 1212
230 1217
230 1241
231 244
231 550
231 680
231 1090
232 343
232 446
232 484
232 545
232 812
232 1045
232 1095
232 1150
232 1226
233 449
233 575
233 636
233 701
233 968
233 1081
233 1199
234 350
234 541
234 972
234 1009
235 919
235 938
235 1035
235 1132
235 1222
236 275
236 295
236 524
236 876
236 1085
236 1209
237 250
237 271
237 353
237 372
237 686
237 716
237 1185
237 1213
238 535
239 279
239 691
239 768
239 820
239 994
239 1158
240 278
240 450
240 515
240 525
240 575
240 577
240 592
240 727
240 761
240 818
240 968
240 1081
240 1128
240 1201
241 256
241 300
241 360
241 586
241 940
241 1233
241 1246
242 348
242 376
242 426
242 571
242 700
242 716
242 746
242 907
242 1094
243 272
243 365
243 410
243 466
243 630
243 909
243 1186
243 1235
244 500
244 677
244 680
244 787
244 950
244 1038
244 1112
245 348
245 376
245 426
245 552
245 571
245 763
245 858
245 907
245 1097
246 301
246 403
246 445
246 468
246 486
246 855
246 1137
246 1168
246 1228
246 1230
247 435
247 488
247 536
247 546
247 759
247 817
247 1023
247 1068
247 1092
248 249
248 383
248 651
248 847
248 979
248 1152
249 292
249 608
249 750
249 775
249 1039
249 1206
250 271
250 372
250 645
250 686
250 716
250 867
250 1185
250 1213
251 285
251 347
251 366
251 436
251 493
251 615
251 679
251 802
251 900
251 970
251 1079
251 1218
252 333
252 463
252 667
252 984
252 1013
252 1023
252 1159
253 265
253 474
253 516
253 602
253 653
253 778
253 854
253 886
253 972
253 1050
253 1073
253 1127
254 265
254 289
254 602
254 1073
255 637
255 760
256 437
256 449
256 586
256 636
256 940
256 955
256 1233
257 454
257 455
257 458
257 527
257 569
257 757
257 931
257 958
257 978
257 1007
257 1134
258 334
258 460
258 780
258 868
258 986
258 1016
259 394
259 432
259 618
259 706
259 824
259 1030
259 1033
259 1097
259 1107
259 1141
259 1204
259 1229
259 1234
259 1242
260 591
260 974
260 1027
261 807
261 1016
261 1083
261 1129
262 268
262 371
262 480
262 1121
262 1129
262 1203
263 283
263 388
263 492
263 520
263 611
263 905
263 1099
264 283
264 459
264 520
264 567
264 619
264 661
264 789
264 977
264 1036
264 1117
264 1181
264 1209
265 289
265 602
265 854
265 972
265 1073
266 271
266 353
266 390
266 469
266 553
266 581
266 960
266 973
266 1101
267 612
267 705
267 737
267 1163
267 1199
268 371
268 480
268 1121
268 1129
268 1203
269 368
269 445
269 453
269 468
269 528
269 659
269 756
269 804
269 1100
269 1136
269 1202
269 1228
269 1230
269 1237
270 475
270 599
270 698
270 803
271 353
271 372
271 390
271 405
271 553
271 604
271 686
271 814
271 867
271 1213
272 327
272 365
272 466
272 909
272 1029
273 302
273 342
273 656
273 756
273 918
273 993
273 1202
273 1214
273 1230
274 382
274 474
274 653
274 690
274 696
274 796
274 1022
274 1212
275 524
275 567
275 619
275 876
275 881
275 901
275 991
275 1036
275 1155
275 1209
275 1220
276 294
276 355
276 1008
277 290
277 317
277 837
277 897
277 985
277 1001
277 1014
278 450
278 515
278 577
278 592
278 666
278 727
278 761
278 818
278 1128
278 1201
279 291
279 660
279 702
279 1151
279 1158
280 464
280 560
280 593
280 730
280 808
280 829
280 990
280 1020
280 1032
281 377
281 430
281 496
281 573
281 779
282 518
282 605
282 902
282 915
282 1082
282 1109
282 1248
283 520
283 567
283 669
283 905
283 922
283 1099
283 1117
284 331
284 409
284 728
284 799
284 811
284 1053
284 1076
284 1165
285 347
285 358
285 366
285 436
285 493
285 596
285 615
285 671
285 695
285 970
285 998
285 1133
286 309
286 321
286 606
286 631
286 686
286 725
286 775
286 867
286 1213
287 832
287 922
287 987
288 346
288 451
288 650
288 673
288 936
288 997
289 602
289 729
289 1073
290 314
290 429
290 574
290 897
290 1014
290 1178
291 579
291 803
291 842
291 1151
292 370
292 668
292 750
292 775
292 1039
292 1206
293 383
293 384
293 419
293 565
293 626
293 668
293 770
293 782
293 979
293 1039
293 1057
293 1152
293 1217
294 355
294 882
294 1052
295 876
295 977
295 1117
295 1209
296 327
296 371
296 471
296 480
296 533
296 722
296 767
296 807
296 829
296 838
296 910
296 946
297 298
297 315
297 340
297 401
297 423
297 612
297 614
297 657
297 930
298 303
298 340
298 423
298 444
298 614
298 732
298 930
299 481
299 529
299 651
299 718
299 847
299 851
299 859
299 925
299 962
299 1042
299 1043
299 1124
300 396
300 424
300 586
300 718
300 915
300 925
300 940
300 1082
301 403
301 445
301 557
301 839
301 855
301 1068
301 1092
301 1137
301 1168
301 1211
301 1228
302 322
302 342
302 712
302 792
302 895
302 918
302 959
302 1153
303 497
303 1041
303 1114
303 1197
304 321
304 368
304 453
304 468
304 804
304 867
304 888
304 970
304 998
305 649
305 667
305 788
305 791
305 929
305 1103
305 1179
306 819
306 841
306 860
306 929
306 965
306 1208
307 511
307 626
307 668
307 702
307 872
308 892
308 1059
308 1121
309 539
309 598
309 606
309 645
309 665
309 725
309 1189
310 387
310 446
310 645
310 1116
310 1185
310 1207
311 373
311 506
311 641
311 771
311 864
312 652
312 663
312 708
312 738
312 828
312 1118
312 1214
312 1249
313 318
313 717
313 869
313 880
313 1004
314 574
314 813
314 897
314 1178
314 1243
315 412
315 612
315 657
315 662
315 1138
315 1199
316 441
316 566
316 633
316 877
316 887
316 904
316 995
317 406
317 559
317 644
317 693
317 837
317 840
317 844
317 985
317 1157
317 1180
318 389
318 609
318 717
318 869
318 871
318 880
318 1069
318 1224
319 364
319 603
319 660
319 777
319 1091
320 570
320 629
320 662
320 754
320 1098
321 368
321 453
321 608
321 775
321 970
321 998
322 444
322 666
322 884
322 895
322 918
322 959
322 1074
322 1114
323 395
323 438
323 520
323 559
323 693
323 844
323 922
323 1025
324 753
324 945
324 976
324 1005
324 1120
324 1205
325 570
325 590
325 629
325 1246
326 331
326 494
326 510
326 809
326 811
326 933
326 989
326 1017
326 1028
326 1064
326 1122
327 365
327 471
327 487
327 533
327 607
327 767
327 807
327 829
327 838
327 910
327 1029
328 339
328 425
328 572
328 601
328 749
328 830
328 1001
328 1142
328 1161
328 1184
328 1225
328 1235
329 545
329 678
329 891
329 896
329 1024
329 1095
329 1191
329 1200
330 496
330 500
330 673
330 707
330 891
330 1010
330 1191
331 409
331 728
331 811
331 1122
332 375
332 723
332 762
332 815
332 1033
332 1107
332 1194
333 463
333 467
333 667
333 821
333 971
333 984
333 1023
334 460
334 780
335 443
335 447
335 467
335 505
335 616
335 971
335 1141
336 605
336 956
336 1105
336 1126
337 448
337 736
337 797
337 944
337 975
337 1193
338 588
338 642
338 652
338 1208
339 425
339 442
339 601
339 625
339 630
339 658
339 1015
339 1161
339 1186
339 1225
339 1235
340 423
340 444
340 612
340 614
340 743
340 930
341 810
341 1087
341 1119
341 1130
342 792
342 895
342 918
342 959
342 993
342 1153
342 1202
343 484
343 545
343 812
343 982
343 1037
343 1095
343 1096
343 1150
343 1226
344 413
344 549
344 797
344 856
344 903
344 944
344 975
344 982
345 383
345 481
345 510
345 692
345 809
345 957
345 989
345 1028
346 451
346 650
346 673
346 936
346 997
347 366
347 404
347 436
347 493
347 596
347 615
347 651
347 695
347 859
347 970
347 1000
347 1079
347 1133
347 1218
348 426
348 457
348 571
348 716
348 907
348 952
348 1198
349 398
349 429
349 521
349 634
349 837
349 850
349 1176
350 428
350 541
350 674
350 800
350 823
350 865
350 969
351 450
351 577
351 1166
351 1215
352 690
352 967
352 1078
352 1147
352 1247
353 372
353 620
353 733
353 960
354 623
354 732
354 899
354 928
354 1142
354 1149
354 1184
354 1216
356 415
356 593
356 594
356 753
356 1011
356 1045
356 1164
357 472
357 565
357 585
357 626
357 643
357 1039
357 1089
357 1094
357 1206
357 1236
358 384
358 440
358 493
358 596
358 615
358 643
358 671
358 770
358 885
358 1039
358 1133
358 1217
359 401
359 470
359 684
359 688
359 713
359 1061
359 1131
359 1138
359 1219
359 1231
360 629
360 662
360 955
360 1087
360 1119
360 1233
360 1246
361 362
361 420
361 427
361 434
361 588
361 719
361 893
361 1072
361 1075
362 420
362 498
362 507
362 1072
363 509
363 591
363 700
363 980
363 1058
363 1096
363 1167
363 1207
364 603
364 777
364 1091
365 466
365 607
365 767
365 909
365 910
365 1029
366 436
366 437
366 493
366 615
366 651
366 679
366 859
366 970
366 1042
366 1079
366 1124
366 1218
367 497
367 543
367 589
367 614
367 623
367 732
367 1041
367 1184
368 453
368 608
368 659
368 679
368 743
368 804
368 970
368 1100
368 1237
369 441
369 501
369 526
369 691
369 715
369 831
369 987
369 1172
369 1182
369 1192
370 511
370 521
370 750
370 927
371 480
371 722
371 920
371 946
371 1129
371 1203
372 405
372 562
372 620
372 686
372 716
372 867
372 1185
372 1213
373 617
373 864
373 1008
373 1145
374 528
374 610
374 647
374 656
374 805
374 828
374 893
374 992
374 993
374 1214
375 456
375 723
375 762
375 815
375 914
375 1013
375 1033
376 426
376 509
376 638
376 716
376 733
376 746
376 907
376 949
376 960
376 1196
377 430
377 496
377 641
378 385
378 499
378 675
378 873
378 1120
379 404
379 407
379 437
379 449
379 720
379 731
379 802
379 859
379 900
379 926
379 1079
380 531
380 694
380 1003
380 1245
381 476
381 507
381 712
381 744
381 1115
381 1166
382 516
382 653
382 690
382 796
383 481
383 692
383 770
383 782
383 847
383 957
383 979
383 1135
383 1152
384 414
384 419
384 565
384 626
384 643
384 742
384 770
384 885
384 1039
384 1175
384 1217
385 873
385 1223
386 402
386 464
386 562
386 622
386 645
386 725
386 1185
387 446
387 598
387 645
387 1032
387 1116
388 492
388 611
388 714
389 532
389 849
389 869
389 871
389 882
389 937
389 999
389 1052
389 1069
389 1139
389 1224
390 553
390 738
391 461
391 472
391 517
391 571
391 585
391 752
391 885
391 912
391 952
391 1089
391 1094
391 1175
391 1198
391 1236
392 411
392 709
392 776
392 836
392 1221
393 522
393 758
393 772
393 784
393 1062
393 1066
393 1154
394 400
394 505
394 535
394 618
394 624
394 1006
394 1030
394 1141
394 1204
394 1229
394 1234
395 406
395 485
395 559
395 628
395 745
395 844
395 921
395 1125
395 1182
396 424
396 473
396 605
396 915
396 925
396 940
396 1082
397 477
397 495
397 576
397 699
397 774
397 878
397 894
397 916
397 923
397 947
397 1034
397 1197
398 564
398 608
398 634
398 1031
398 1176
399 687
399 787
399 1049
400 447
400 457
400 505
400 618
400 624
400 824
400 827
400 971
400 1141
400 1187
400 1204
400 1229
401 612
401 657
401 713
401 1131
401 1231
402 464
402 487
402 519
402 622
402 697
402 838
402 948
403 445
403 468
403 486
403 502
403 595
403 695
403 855
403 1012
403 1092
403 1137
403 1168
403 1228
404 407
404 731
404 802
404 859
404 900
404 1000
404 1079
404 1218
405 604
405 631
405 686
405 814
405 867
405 1026
405 1213
406 501
406 526
406 559
406 831
406 1125
406 1157
406 1172
406 1180
406 1192
407 437
407 449
407 731
407 802
407 859
407 900
407 926
407 1079
408 530
408 587
408 739
408 948
409 728
409 799
409 811
409 1028
409 1053
409 1076
409 1165
410 466
410 630
410 883
410 909
410 1186
411 573
411 779
411 861
411 906
411 1063
412 657
412 662
412 955
412 1087
412 1199
413 585
413 597
413 682
413 742
413 764
413 798
413 856
413 903
413 1175
414 419
414 721
414 742
414 1175
414 1212
414 1217
414 1241
415 594
415 753
415 945
415 1011
415 1164
416 525
416 938
417 705
417 1098
417 1163
417 1215
418 442
418 539
418 625
418 630
418 658
418 665
418 808
418 816
418 826
418 909
418 1171
418 1186
419 565
419 626
419 643
419 742
419 782
419 1039
419 1175
419 1217
420 498
420 507
420 588
420 1072
420 1115
421 610
421 632
421 647
421 765
421 785
421 883
421 928
421 1077
421 1149
421 1216
422 582
422 593
422 808
422 1171
423 614
423 743
423 930
424 473
424 853
424 1076
424 1082
424 1144
425 442
425 554
425 572
425 601
425 658
425 749
425 1015
425 1161
425 1225
425 1235
426 571
426 716
426 907
427 434
427 893
427 983
427 1074
427 1075
428 541
428 674
428 682
428 798
428 800
428 823
428 865
428 969
429 431
429 555
429 890
429 897
429 913
429 1048
429 1054
429 1176
429 1178
430 496
430 641
431 547
431 555
431 564
431 911
431 913
431 996
431 1031
431 1040
431 1048
431 1054
431 1138
431 1176
432 618
432 706
432 824
432 1030
432 1033
432 1107
432 1229
432 1234
432 1238
433 752
433 764
433 794
433 1027
434 719
434 1072
435 463
435 536
435 546
435 1222
436 493
436 596
436 615
436 651
436 679
436 970
436 1079
436 1218
437 439
437 449
437 529
437 586
437 859
437 926
437 1042
437 1079
437 1124
438 483
438 520
438 567
438 619
438 693
438 844
438 991
438 1003
438 1025
438 1036
438 1067
438 1245
439 529
439 586
439 911
439 1042
439 1079
440 596
440 770
440 924
440 1000
440 1133
441 526
441 691
441 715
441 820
441 831
441 887
441 995
441 1182
441 1192
442 625
442 630
442 644
442 658
442 693
442 1015
442 1171
442 1186
442 1225
443 447
443 467
443 505
443 616
443 971
443 1141
444 614
444 737
444 884
444 930
444 1114
445 453
445 468
445 486
445 756
445 804
445 1137
445 1168
445 1202
445 1228
445 1230
446 484
446 598
446 645
446 1032
446 1116
447 467
447 505
447 616
447 827
447 870
447 971
447 1141
447 1187
447 1229
448 681
448 736
448 797
448 944
449 586
449 636
449 926
449 1079
450 515
450 577
450 666
450 712
450 761
450 818
450 959
450 1166
450 1201
451 506
451 650
451 771
451 864
451 936
451 997
452 492
452 524
452 694
452 1085
452 1099
453 468
453 486
453 804
453 888
453 970
453 998
453 1100
453 1228
454 455
454 458
454 527
454 685
454 734
454 931
454 950
454 958
454 978
454 1134
454 1210
455 458
455 534
455 685
455 857
455 958
455 961
455 978
455 1239
456 723
456 914
456 1102
456 1143
457 505
457 571
457 624
457 824
457 952
457 1097
457 1141
457 1198
457 1204
458 527
458 734
458 740
458 757
458 931
458 949
458 950
458 958
458 978
458 1007
458 1038
458 1134
458 1210
459 548
459 567
459 661
459 789
459 881
459 977
459 1117
459 1181
459 1209
460 780
460 783
460 795
460 868
460 986
461 517
461 624
461 721
461 912
461 1088
461 1241
462 467
462 616
462 639
462 821
463 536
463 546
463 667
463 817
463 821
463 1023
464 487
464 562
464 622
464 645
464 697
464 725
464 829
465 600
465 793
465 835
465 1113
466 630
466 909
466 1029
467 616
467 639
467 821
467 971
468 486
468 502
468 595
468 695
468 855
468 888
468 970
468 998
468 1012
468 1137
468 1168
468 1228
469 550
469 553
469 581
469 939
469 960
469 973
469 1101
469 1196
470 547
470 555
470 713
470 996
470 1031
470 1048
470 1061
470 1138
470 1176
471 533
471 607
471 613
471 722
471 767
471 807
471 910
471 1083
472 643
472 885
472 952
472 1089
472 1094
472 1198
472 1236
473 728
473 853
473 1076
474 516
474 653
474 696
474 778
474 796
474 886
474 1022
474 1050
474 1127
475 599
475 698
475 803
476 712
476 1115
476 1166
477 495
477 584
477 699
477 774
477 878
477 947
477 1034
477 1197
478 635
478 706
478 781
478 1088
478 1204
478 1234
479 491
479 558
479 875
479 892
479 963
479 1121
480 560
480 722
480 920
480 946
480 990
480 1129
480 1203
481 510
481 692
481 847
481 957
481 979
481 1043
481 1152
482 490
482 671
482 683
482 806
482 934
482 942
482 1106
482 1123
482 1133
483 520
483 567
483 619
483 745
483 825
483 991
483 1025
483 1036
483 1067
483 1220
483 1245
484 1037
484 1095
484 1096
484 1150
485 831
485 995
485 1125
485 1157
485 1240
486 502
486 595
486 604
486 756
486 788
486 855
486 888
486 1012
486 1026
486 1137
486 1168
486 1228
486 1230
487 539
487 665
487 697
487 826
487 829
487 838
487 1189
488 546
488 551
488 759
488 817
488 860
488 953
488 1103
488 1179
489 627
489 868
489 1174
490 683
490 806
490 942
490 1106
490 1123
491 562
491 620
491 622
491 875
491 963
492 611
492 694
492 714
492 1099
493 596
493 615
493 695
493 970
493 998
493 1133
493 1218
494 540
494 664
494 822
494 833
494 848
494 917
494 933
494 989
494 1017
494 1064
494 1122
494 1190
495 699
495 774
495 923
495 947
495 1034
495 1075
495 1197
496 621
496 641
496 707
496 964
496 1108
496 1191
497 732
497 1041
497 1197
498 507
498 965
498 1072
499 675
499 873
499 1120
500 508
500 680
500 787
500 834
500 891
500 1010
500 1112
500 1191
501 526
501 537
501 691
501 715
501 820
501 831
501 995
501 1157
501 1192
502 595
502 695
502 855
502 888
502 1012
502 1137
502 1168
502 1228
503 621
503 863
503 964
503 1104
503 1148
503 1160
504 751
504 783
504 795
504 868
504 954
505 616
505 624
505 806
505 1141
505 1204
506 650
506 771
506 864
506 936
507 744
507 792
507 965
507 1115
508 538
508 707
508 766
508 787
508 834
508 861
508 863
508 898
508 1063
508 1108
508 1112
509 733
509 980
509 1038
509 1058
509 1167
509 1207
510 692
510 799
510 809
510 957
510 1028
510 1053
510 1070
511 668
511 702
511 872
511 927
512 548
512 556
512 745
512 921
512 1181
512 1240
512 1243
513 1210
514 544
514 554
514 568
514 572
514 601
514 704
514 749
514 830
514 1161
515 577
515 666
515 727
515 761
515 818
515 1128
515 1201
516 602
516 653
516 729
516 796
516 854
516 1073
516 1146
517 624
517 721
517 885
517 912
517 1241
518 755
518 810
518 902
518 1109
518 1130
518 1170
518 1188
519 670
519 807
519 838
519 941
520 567
520 619
520 745
520 991
520 1025
520 1036
520 1067
521 537
521 634
521 840
521 850
521 1157
521 1180
522 772
522 780
522 784
522 1066
522 1154
523 648
523 735
523 846
523 908
523 1002
524 619
524 694
524 1003
524 1085
524 1155
524 1209
524 1245
525 583
525 727
525 818
525 839
526 691
526 715
526 820
526 831
526 1091
526 1172
526 1192
527 542
527 552
527 569
527 638
527 757
527 858
527 931
527 949
527 950
527 958
527 978
527 1007
528 610
528 647
528 656
528 756
528 804
528 993
528 1136
528 1202
528 1237
529 651
529 718
529 847
529 851
529 859
529 925
529 962
529 1042
529 1079
529 1124
530 587
530 663
530 739
530 862
530 948
530 1249
531 630
531 981
531 1003
531 1015
532 681
532 736
532 777
532 849
532 871
532 882
532 999
532 1052
532 1139
532 1224
533 607
533 613
533 767
533 816
533 829
533 946
533 1020
534 857
534 961
534 1239
535 1006
536 546
536 1222
537 633
537 691
537 715
537 768
537 820
537 831
537 877
537 995
538 766
538 834
538 861
538 892
538 898
538 906
538 1063
538 1108
538 1112
539 606
539 625
539 665
539 697
539 725
539 808
539 826
539 1189
539 1216
540 833
540 842
540 848
540 933
540 994
540 1017
540 1064
540 1110
540 1122
540 1158
540 1190
541 664
541 800
541 801
541 848
541 886
541 917
542 552
542 706
542 757
542 781
542 824
542 845
542 858
542 949
542 1007
542 1084
542 1097
542 1107
543 589
543 623
544 554
544 568
544 601
544 704
544 935
545 678
545 891
545 896
545 1024
545 1095
545 1200
546 817
546 953
546 1222
547 555
547 564
547 911
547 913
547 996
547 1031
547 1040
547 1048
547 1061
547 1087
547 1138
547 1176
548 628
548 745
548 789
548 881
548 921
548 1181
549 790
549 797
549 944
549 975
549 982
550 677
550 769
550 950
550 1090
551 561
551 759
551 841
551 860
551 919
551 965
552 638
552 757
552 763
552 858
552 949
552 1007
552 1084
552 1097
553 581
553 604
553 649
553 960
553 973
553 1101
554 568
554 601
554 704
554 981
554 1015
554 1161
554 1235
555 913
555 996
555 1040
555 1048
555 1054
555 1061
555 1138
555 1176
555 1178
555 1219
556 676
556 881
556 1220
556 1243
557 583
557 874
557 1068
557 1092
557 1211
558 670
558 892
558 1071
558 1121
558 1195
559 745
559 844
559 921
559 1125
560 593
560 730
560 829
560 946
560 990
560 1020
560 1021
561 741
561 919
561 965
562 620
562 622
562 645
562 963
562 1185
563 711
563 1043
563 1070
564 634
564 911
564 996
564 1031
564 1176
565 626
565 643
565 668
565 770
565 782
565 1039
565 1217
566 580
566 633
566 904
566 1110
566 1156
567 619
567 745
567 881
567 991
567 1025
567 1036
567 1067
567 1181
567 1209
568 601
568 704
568 935
568 1015
568 1161
568 1235
569 748
569 757
569 760
569 958
569 978
569 1007
569 1084
569 1194
570 629
570 1246
571 624
571 907
571 952
571 1141
571 1198
571 1204
572 601
572 749
572 830
572 889
572 1001
572 1161
572 1231
572 1235
573 779
573 1049
574 813
574 1243
575 761
575 818
575 900
575 968
575 1081
575 1128
576 710
576 879
576 894
576 923
576 1019
577 666
577 761
577 818
577 1060
577 1128
577 1201
578 683
578 690
578 711
578 942
578 1123
579 664
579 800
579 801
579 822
579 833
579 842
579 848
579 917
580 904
580 956
580 1105
580 1110
580 1135
580 1156
581 960
581 973
581 1101
582 808
582 1171
583 874
583 1211
584 774
584 878
584 1018
585 752
585 764
585 912
585 1089
585 1175
585 1236
586 925
586 940
586 1233
587 632
587 739
587 765
587 948
588 642
588 708
588 893
588 1072
589 623
589 935
589 1041
589 1184
590 1130
591 734
591 980
591 1058
591 1167
592 727
592 761
592 818
592 968
592 1081
592 1128
592 1201
593 808
593 990
593 1011
593 1020
593 1032
593 1045
594 1011
594 1164
595 788
595 855
595 888
595 1012
595 1137
595 1168
595 1228
596 615
596 643
596 770
596 1039
596 1133
596 1152
597 742
597 773
597 798
597 856
597 872
597 903
597 1051
597 1177
598 645
598 1032
598 1116
598 1206
599 698
600 793
600 835
600 1113
601 704
601 749
601 830
601 1015
601 1161
601 1225
601 1235
602 854
602 1073
604 814
604 888
604 1026
604 1213
605 915
605 1082
605 1248
606 631
606 703
606 725
606 1189
606 1216
607 613
607 767
607 816
607 1029
608 703
608 750
608 775
609 871
609 880
609 1069
609 1224
610 632
610 647
610 656
610 765
610 785
610 928
610 1077
610 1149
611 714
612 614
612 657
612 737
613 767
613 816
613 1020
614 623
614 657
614 930
615 651
615 970
615 1133
616 639
616 870
616 971
616 1106
616 1187
617 864
617 943
617 964
617 988
617 1008
617 1145
617 1160
618 824
618 827
618 1030
618 1107
618 1141
618 1204
618 1229
618 1234
618 1242
619 745
619 825
619 881
619 991
619 1003
619 1025
619 1036
619 1067
619 1155
619 1209
619 1220
619 1245
620 622
620 963
620 1185
621 641
621 707
621 863
621 964
621 1104
621 1108
621 1148
622 730
622 875
622 963
623 732
623 899
623 930
623 1142
623 1184
624 824
624 1088
624 1141
624 1204
624 1234
625 658
625 665
625 808
625 826
625 1171
625 1186
625 1189
625 1225
626 643
626 668
626 1039
626 1206
626 1217
627 751
627 780
627 868
627 954
627 1062
627 1154
628 921
628 1125
628 1182
628 1192
628 1240
629 662
629 1246
630 658
630 909
630 1015
630 1186
630 1225
630 1235
631 686
631 814
631 867
631 928
631 1213
632 647
632 765
632 785
632 883
632 928
632 1077
632 1149
633 768
633 877
633 904
633 994
633 1110
633 1156
634 850
634 1176
635 781
635 845
635 1027
635 1088
636 701
636 754
636 955
636 968
636 1081
636 1098
636 1233
637 760
637 791
638 700
638 733
638 757
638 858
638 907
638 931
638 949
638 950
638 978
638 1038
638 1167
638 1196
639 1106
640 674
640 696
640 721
640 823
640 1022
640 1212
640 1241
640 1247
641 864
641 964
642 652
642 708
642 828
642 1208
642 1214
643 770
643 885
643 1039
643 1089
643 1133
643 1217
644 658
644 693
644 837
644 840
644 844
644 1171
644 1180
644 1225
645 725
645 1116
645 1185
646 1232
647 656
647 828
647 928
647 993
647 1136
648 735
648 846
648 1002
648 1055
648 1145
649 788
649 791
649 973
650 936
650 997
651 847
651 859
651 962
651 1042
651 1079
651 1124
652 663
652 708
652 738
652 828
652 1118
652 1208
652 1214
652 1249
653 696
653 778
653 796
653 854
653 886
653 1022
653 1050
653 1073
653 1127
654 786
654 981
655 751
655 868
655 916
655 923
655 947
656 756
656 828
656 993
656 1136
656 1202
656 1214
658 693
658 1015
658 1171
658 1186
658 1225
659 679
659 743
659 804
659 1100
659 1136
659 1237
660 1051
660 1151
660 1177
661 669
661 789
661 832
661 977
661 1117
661 1181
662 955
662 1087
662 1119
662 1199
663 708
663 738
663 828
663 1214
663 1249
664 800
664 801
664 822
664 833
664 842
664 848
664 886
664 917
664 933
664 1064
664 1190
665 697
665 808
665 826
665 1186
665 1189
666 737
666 761
666 818
666 959
666 1060
666 1201
667 791
667 817
667 984
667 1023
667 1179
668 782
668 872
668 1057
669 905
669 977
669 1117
670 807
670 941
670 986
671 695
671 1133
672 861
672 892
672 906
673 936
673 997
674 682
674 696
674 798
674 800
674 823
674 865
674 969
675 753
675 873
675 1120
676 786
676 813
676 825
676 1220
676 1243
677 733
677 950
677 960
677 978
677 1038
677 1196
678 896
678 943
678 1021
678 1024
678 1045
678 1055
678 1160
678 1164
678 1200
679 743
679 802
679 900
679 970
679 1100
680 787
680 834
680 1010
680 1112
681 736
681 849
681 932
681 1052
682 798
682 856
682 865
682 969
683 806
683 942
683 1106
683 1123
684 688
684 713
684 889
684 1131
684 1178
684 1219
684 1231
685 950
685 961
685 1210
685 1239
686 814
686 867
686 1213
687 787
687 861
687 1049
687 1063
687 1221
688 713
688 749
688 830
688 889
688 1219
688 1231
689 738
689 1208
689 1249
690 796
690 1147
691 702
691 715
691 820
691 831
691 995
692 809
692 957
692 1028
693 837
693 844
693 1171
693 1180
693 1225
694 1003
694 1099
694 1245
695 802
695 970
695 1137
695 1168
695 1218
696 823
696 865
696 1022
696 1241
697 765
697 785
697 829
697 838
697 1077
697 1189
698 803
699 774
699 805
699 923
699 1034
699 1075
699 1197
700 746
700 931
700 949
700 1167
701 705
701 727
701 754
701 818
701 968
701 1081
701 1098
701 1128
701 1163
701 1199
702 820
702 872
702 994
702 1051
702 1057
702 1151
702 1158
703 750
703 775
703 1216
704 830
704 1161
705 737
705 1163
705 1199
706 781
706 824
706 845
706 858
706 1084
706 1088
706 1097
706 1107
706 1204
706 1234
707 766
707 834
707 863
707 1010
707 1063
707 1108
707 1112
707 1191
708 828
708 1093
708 1118
708 1214
708 1249
709 776
709 836
709 1049
710 879
710 894
710 1019
710 1174
711 924
711 1043
711 1123
712 895
712 959
712 1115
712 1166
713 889
713 1061
713 1131
713 1219
713 1231
715 820
715 831
715 995
715 1192
716 907
716 1213
717 777
717 908
717 1004
718 853
718 925
718 962
718 1042
718 1124
718 1144
720 851
720 859
720 926
721 885
721 912
721 934
721 1022
721 1212
721 1241
722 767
722 807
722 946
722 1083
722 1129
723 724
723 815
723 914
723 1013
723 1033
723 1102
723 1143
724 966
724 1102
724 1143
725 1189
725 1216
726 1059
727 761
727 818
727 968
727 1081
727 1128
727 1201
728 1076
729 1073
729 1146
730 829
730 875
730 990
730 1021
730 1200
731 802
731 900
732 805
732 899
732 930
732 1041
732 1142
732 1184
733 950
733 960
733 1038
733 1167
733 1196
734 740
734 931
734 950
734 958
734 978
734 1038
734 1134
734 1167
734 1210
735 846
735 873
735 908
736 777
736 849
736 882
736 999
736 1052
736 1139
736 1193
737 1163
738 1208
738 1249
739 948
739 1071
740 931
740 958
740 974
740 1134
740 1210
741 744
741 843
741 919
741 938
741 951
741 1035
742 798
742 865
742 1175
742 1241
743 804
743 1100
743 1136
743 1237
744 792
744 843
744 1153
744 1166
745 789
745 825
745 881
745 921
745 991
745 1025
745 1036
745 1067
745 1181
746 752
746 907
746 1094
747 876
747 901
748 760
749 830
749 889
749 1001
749 1161
749 1231
750 775
751 868
751 954
753 1011
753 1045
753 1120
753 1205
754 1081
754 1098
754 1233
755 902
755 1109
755 1170
755 1188
756 804
756 993
756 1026
756 1136
756 1202
756 1230
757 845
757 858
757 931
757 949
757 958
757 978
757 1007
757 1084
757 1097
758 1062
758 1154
759 817
759 860
759 1080
761 818
761 1128
761 1201
762 815
762 1033
762 1084
762 1194
763 858
763 1084
763 1097
763 1242
765 785
765 883
765 928
765 1077
765 1149
765 1216
766 834
766 863
766 898
766 906
766 1063
766 1108
767 807
767 816
767 829
767 910
767 946
768 877
768 994
768 1057
768 1110
768 1158
769 1046
769 1090
769 1101
770 979
770 1039
770 1133
770 1152
770 1217
771 864
772 780
772 784
772 1062
772 1066
772 1154
773 798
773 856
773 872
773 903
773 1051
773 1177
774 947
774 983
774 1034
774 1075
774 1093
776 836
776 1049
777 849
777 869
777 1111
777 1139
777 1193
777 1224
778 809
778 854
778 886
778 989
778 1190
780 868
780 1062
780 1154
781 845
781 1088
781 1234
782 979
782 994
782 1057
782 1152
782 1158
783 795
784 1066
784 1154
785 883
785 928
785 1077
785 1149
785 1189
785 1216
786 1155
786 1220
787 834
787 1063
787 1112
788 817
788 855
788 1012
789 881
789 921
789 977
789 1181
790 794
790 982
790 1027
790 1037
791 973
791 1179
792 839
792 918
792 965
792 1153
794 1027
795 954
796 1073
796 1127
797 856
797 903
797 944
797 975
797 982
798 856
798 865
798 903
798 1051
799 811
799 1028
799 1053
799 1070
799 1076
799 1146
799 1165
800 801
800 822
800 848
800 886
800 917
800 1190
801 822
801 833
801 842
801 848
801 917
801 1064
801 1190
802 900
802 970
802 1218
804 1100
804 1136
804 1202
804 1228
804 1237
805 893
805 983
805 992
805 1075
805 1197
806 934
806 942
806 1106
807 838
807 910
807 1016
807 1083
807 1129
808 816
808 826
808 1020
808 1032
808 1171
809 957
809 989
809 1017
809 1028
809 1122
810 902
810 1119
810 1130
810 1170
810 1188
811 1028
811 1053
811 1165
812 932
812 945
812 976
812 1045
812 1205
812 1226
813 825
813 1014
813 1243
814 867
814 1026
814 1213
815 1033
815 1084
815 1107
815 1194
816 1020
817 821
817 1023
818 968
818 1081
818 1128
818 1201
819 841
819 860
819 929
819 1080
819 1208
820 831
821 971
821 1023
822 833
822 842
822 848
822 917
822 933
822 1064
823 865
823 969
823 1022
823 1241
824 1097
824 1107
824 1141
824 1204
824 1229
824 1234
824 1242
825 991
825 1014
825 1036
825 1220
826 909
826 1186
826 1189
827 866
827 870
827 971
827 1006
827 1030
827 1065
827 1187
827 1227
827 1229
828 893
828 993
828 1093
828 1214
829 838
830 889
830 1161
830 1231
831 887
831 995
831 1125
831 1157
831 1182
831 1192
833 842
833 848
833 933
833 989
833 1017
833 1064
833 1158
833 1190
834 863
834 891
834 898
834 1010
834 1063
834 1108
834 1112
834 1191
836 1049
837 840
837 850
837 985
837 1001
837 1180
839 1132
839 1153
839 1211
840 850
840 1180
841 860
841 929
841 1080
841 1103
842 848
842 1064
843 938
843 951
843 1035
844 922
844 1171
845 1007
845 1084
845 1107
845 1194
846 873
846 908
847 962
847 979
847 1042
847 1124
847 1152
848 886
848 917
848 933
848 989
848 1064
848 1190
849 871
849 882
849 999
849 1052
849 1139
849 1224
850 1001
850 1176
851 859
851 926
851 962
851 1042
851 1124
852 1013
852 1143
852 1159
853 925
853 962
853 1070
853 1076
853 1144
854 886
854 972
854 1009
854 1050
854 1073
855 888
855 1012
855 1137
855 1168
855 1228
856 903
856 975
856 1051
856 1177
857 961
857 1239
858 949
858 1007
858 1084
858 1097
859 924
859 926
859 962
859 1000
859 1042
859 1079
859 1124
860 929
860 1080
860 1103
861 906
861 1063
861 1221
863 898
863 964
863 1104
863 1108
863 1148
864 936
864 1008
865 969
866 870
866 1030
866 1065
866 1169
866 1187
866 1227
867 1213
868 954
868 1062
869 871
869 880
869 1111
869 1224
870 971
870 1187
871 880
871 882
871 1069
871 1140
871 1224
872 1051
872 1057
872 1158
872 1177
873 908
874 1068
874 1132
874 1211
875 963
876 1085
876 1209
877 904
877 1086
877 1105
877 1126
878 894
878 916
878 947
878 1018
879 935
879 1019
880 1004
880 1069
880 1224
881 991
881 1036
881 1181
881 1209
881 1220
882 937
882 999
882 1052
882 1139
882 1224
883 923
883 1149
884 895
884 959
884 992
884 1060
884 1074
884 1114
885 912
885 934
885 1175
885 1212
885 1217
886 917
886 933
886 989
886 1009
887 995
887 1192
888 998
888 1012
888 1026
888 1137
888 1168
888 1228
889 1231
890 904
890 956
890 1086
890 1105
890 1126
891 896
891 1010
891 1024
891 1104
891 1112
891 1191
892 906
892 1121
893 983
893 992
893 1074
893 1075
893 1093
893 1214
894 947
894 1174
895 918
895 959
895 992
895 1074
895 1114
895 1115
896 943
896 1021
896 1024
896 1104
896 1160
896 1191
896 1200
897 1014
897 1178
898 1104
898 1108
898 1148
899 1142
899 1184
900 970
900 1218
902 913
902 1040
902 1119
902 1130
902 1170
902 1188
903 975
903 1051
903 1177
904 956
904 1086
904 1105
904 1126
905 1099
905 1117
906 1063
909 1186
910 1029
910 1083
911 913
911 996
911 1031
911 1040
911 1048
911 1087
911 1138
911 1176
912 1175
912 1212
912 1241
913 996
913 1031
913 1040
913 1048
913 1054
913 1087
913 1119
913 1138
913 1176
914 1102
914 1143
915 940
915 1082
915 1248
916 923
916 947
916 1034
917 933
917 1064
918 959
918 1153
918 1202
919 938
919 1035
920 946
921 1125
921 1181
921 1182
922 987
923 947
923 1034
923 1197
924 1000
924 1043
924 1123
925 940
925 962
925 1042
925 1124
925 1144
926 1079
927 1005
927 1205
928 1077
928 1149
928 1216
929 1080
929 1103
929 1179
931 949
931 950
931 958
931 978
931 1038
931 1134
931 1167
931 1210
932 945
933 989
933 1017
933 1064
933 1122
933 1190
934 1212
935 1019
935 1235
936 997
937 999
937 1139
937 1224
938 951
938 1035
938 1132
939 973
939 1101
941 986
942 1106
942 1123
943 988
943 1008
943 1021
943 1055
943 1145
943 1160
943 1164
943 1183
944 975
944 982
944 1150
944 1226
945 1045
945 1055
946 1203
947 1034
949 950
949 958
949 978
949 1007
949 1038
949 1167
950 958
950 978
950 1038
950 1196
951 1035
952 1198
953 1103
953 1179
954 1062
954 1154
955 1087
955 1233
956 1105
956 1126
956 1156
957 979
957 989
957 1017
957 1110
957 1152
958 978
958 1007
958 1134
959 1060
959 1074
959 1114
960 973
960 1101
960 1196
961 1239
962 1042
962 1124
962 1144
964 1104
964 1148
966 1102
966 1143
967 1078
967 1147
967 1247
968 1081
968 1128
970 998
970 1218
971 1187
972 1009
972 1050
973 1196
974 1134
976 1005
976 1205
976 1226
977 1117
977 1209
978 1007
978 1038
978 1134
979 1135
979 1152
980 1058
980 1095
980 1096
980 1167
980 1207
981 1003
981 1245
982 1037
982 1150
983 992
983 1074
983 1075
983 1093
984 1013
984 1023
984 1159
985 1001
985 1014
987 1120
987 1172
988 1002
988 1008
988 1055
988 1145
988 1160
988 1164
989 1017
989 1064
989 1122
989 1190
990 1011
990 1021
990 1024
990 1200
991 1003
991 1025
991 1036
991 1067
991 1220
991 1245
992 1074
992 1075
993 1136
993 1202
993 1214
993 1230
994 1057
994 1110
994 1158
995 1157
996 1031
996 1040
996 1048
996 1061
996 1087
996 1138
996 1176
999 1052
999 1139
999 1193
1000 1123
1001 1225
1002 1008
1002 1055
1002 1145
1003 1025
1003 1067
1003 1245
1004 1223
1005 1205
1006 1030
1006 1065
1006 1169
1006 1227
1007 1084
1007 1194
1008 1055
1008 1145
1010 1112
1010 1191
1011 1020
1011 1045
1011 1164
1012 1137
1012 1168
1012 1228
1013 1159
1015 1161
1015 1186
1015 1225
1015 1235
1016 1083
1017 1064
1017 1110
1017 1122
1017 1156
1021 1024
1021 1160
1021 1164
1021 1183
1021 1200
1022 1212
1022 1241
1024 1104
1024 1160
1024 1200
1025 1036
1025 1067
1025 1245
1026 1213
1026 1230
1028 1053
1028 1146
1028 1165
1030 1065
1030 1227
1030 1229
1030 1234
1030 1238
1031 1048
1031 1138
1031 1176
1032 1045
1032 1116
1033 1084
1033 1107
1033 1194
1033 1242
1034 1197
1036 1067
1036 1181
1036 1209
1036 1220
1037 1096
1037 1150
1038 1167
1038 1196
1039 1152
1039 1206
1039 1217
1040 1048
1040 1061
1040 1087
1040 1119
1040 1138
1041 1197
1042 1079
1042 1124
1043 1070
1044 1046
1044 1047
1044 1090
1045 1205
1046 1047
1046 1090
1046 1195
1047 1195
1048 1054
1048 1061
1048 1138
1048 1176
1049 1221
1050 1073
1050 1127
1051 1151
1051 1177
1052 1139
1053 1070
1053 1076
1053 1146
1053 1165
1055 1145
1055 1164
1056 1162
1056 1244
1057 1158
1058 1096
1058 1167
1058 1207
1060 1074
1060 1114
1061 1138
1061 1176
1062 1154
1063 1108
1064 1122
1064 1190
1065 1169
1065 1227
1065 1238
1066 1154
1067 1245
1068 1092
1068 1132
1068 1211
1069 1224
1070 1165
1071 1195
1074 1075
1074 1114
1075 1093
1076 1144
1076 1165
1077 1149
1077 1189
1077 1216
1078 1127
1078 1147
1078 1247
1079 1124
1081 1098
1081 1128
1082 1248
1084 1097
1084 1107
1084 1194
1085 1173
1086 1105
1086 1126
1087 1119
1087 1138
1088 1204
1088 1234
1089 1094
1089 1236
1091 1172
1092 1211
1093 1118
1094 1236
1095 1096
1095 1150
1096 1207
1097 1107
1097 1242
1098 1199
1099 1117
1100 1136
1100 1237
1102 1143
1103 1179
1104 1108
1104 1148
1104 1160
1104 1183
1104 1191
1105 1126
1106 1123
1107 1194
1107 1229
1107 1234
1107 1242
1108 1148
1109 1248
1110 1122
1110 1135
1110 1156
1111 1224
1112 1191
1113 1173
1115 1166
1116 1200
1117 1209
1119 1130
1120 1172
1121 1129
1122 1156
1125 1157
1125 1182
1125 1192
1125 1240
1128 1201
1130 1170
1130 1188
1131 1219
1132 1211
1134 1210
1135 1144
1135 1156
1136 1202
1136 1237
1137 1168
1137 1228
1138 1176
1139 1193
1139 1224
1141 1204
1141 1229
1141 1234
1142 1184
1145 1164
1146 1165
1147 1247
1148 1160
1149 1189
1149 1216
1150 1226
1155 1220
1160 1164
1160 1183
1161 1184
1161 1235
1162 1244
1163 1215
1164 1183
1164 1200
1167 1207
1168 1228
1169 1227
1170 1188
1175 1217
1175 1241
1178 1219
1182 1192
1183 1203
1184 1235
1185 1207
1186 1225
1186 1235
1187 1227
1189 1216
1201 1215
1202 1230
1202 1237
1204 1229
1204 1234
1208 1249
1212 1217
1212 1241
1225 1235
1228 1230
1229 1234
1229 1238
1229 1242
1233 1246
