0 6
0 20
0 93
0 101
0 105
0 133
0 189
0 285
0 468
0 479
0 516
0 621
0 770
0 785
0 923
0 1029
0 1124
1 335
1 672
1 787
1 845
1 1208
1 1229
2 149
2 227
2 233
2 372
2 530
2 675
2 740
2 1090
2 1107
2 1120
2 1190
2 1211
3 602
3 736
3 809
3 1014
4 23
4 303
4 311
4 369
4 400
4 515
4 564
4 795
4 850
4 962
4 1062
4 1183
4 1213
4 1215
5 19
5 76
5 138
5 208
5 413
5 643
5 697
5 732
5 966
5 968
5 1055
5 1073
5 1148
6 20
6 70
6 101
6 126
6 382
6 452
6 479
6 523
6 770
6 923
6 985
6 1029
6 1161
6 1192
7 145
7 168
7 171
7 198
7 240
7 392
7 787
8 87
8 168
8 171
8 240
8 300
8 337
8 339
8 632
8 787
8 950
8 1019
9 60
9 281
9 323
9 904
9 948
9 1205
10 410
10 438
10 542
10 737
10 949
10 1060
10 1189
10 1212
11 259
11 275
11 313
11 417
11 691
11 844
11 959
12 200
12 491
12 616
12 665
12 695
12 811
12 945
12 1212
12 1225
13 45
13 137
13 377
13 482
13 708
13 911
13 1039
13 1046
14 247
14 289
14 298
14 380
14 566
14 1094
15 109
15 228
15 235
15 314
15 584
15 670
15 739
15 837
15 935
15 1127
16 17
16 955
16 1058
17 58
17 66
17 702
17 769
17 837
17 875
17 941
17 955
17 1242
18 89
18 90
18 366
18 498
18 633
18 658
18 873
18 931
18 1071
18 1113
18 1199
19 138
19 208
19 293
19 792
19 966
19 968
20 126
20 189
20 428
20 452
20 547
20 621
20 726
20 746
20 770
20 785
20 838
20 923
20 952
20 985
20 1029
20 1124
20 1241
21 74
21 157
21 288
21 311
21 640
21 872
21 1160
22 117
22 166
22 232
22 258
22 453
22 480
22 504
22 508
22 806
22 1065
23 303
23 369
23 457
23 515
23 795
23 801
23 962
23 1062
23 1213
24 250
24 449
24 451
24 557
24 679
24 796
24 922
24 958
24 1026
24 1085
25 129
25 266
25 306
25 342
25 343
25 423
25 496
25 626
25 717
25 799
25 827
25 830
25 890
25 1041
25 1044
25 1056
25 1152
25 1200
25 1247
26 128
26 199
26 205
26 277
26 555
26 563
26 683
26 692
26 903
27 951
27 1050
28 122
28 154
28 182
28 267
28 280
28 325
28 405
28 448
28 543
28 619
28 779
28 833
28 918
28 1138
29 33
29 116
29 187
29 231
29 295
29 297
29 373
29 471
29 517
29 597
29 720
29 790
29 1061
29 1209
30 140
30 186
30 364
30 535
30 801
30 821
30 939
30 1122
30 1180
30 1207
31 64
31 150
31 275
31 484
31 691
31 706
31 747
31 844
31 925
31 1201
32 77
32 327
32 361
32 430
32 634
32 1009
32 1216
33 231
33 297
33 443
33 710
33 720
33 991
33 998
33 1061
33 1101
33 1209
33 1244
34 65
34 84
34 86
34 244
34 316
34 583
34 600
34 686
34 808
34 895
34 910
34 913
34 1171
34 1206
34 1222
35 318
35 580
35 608
35 657
35 743
35 771
35 1155
35 1198
36 253
36 262
36 271
36 541
36 584
36 628
36 857
36 931
36 956
36 994
36 1175
36 1239
36 1243
37 296
37 524
37 742
37 773
37 823
37 843
37 1012
38 39
38 50
38 188
38 540
38 567
38 1077
38 1217
39 50
39 177
39 188
39 445
39 540
39 606
39 1013
39 1077
39 1116
39 1217
39 1219
40 57
40 139
40 234
40 305
40 317
40 396
40 444
40 545
40 593
40 699
40 749
40 754
40 816
40 896
40 932
40 970
40 1042
40 1080
40 1084
40 1106
41 84
41 316
41 518
41 851
41 1002
41 1024
42 99
42 100
42 108
42 142
42 274
42 320
42 384
42 485
42 764
42 966
42 1073
42 1112
42 1149
43 97
43 154
43 645
43 839
43 849
43 1040
43 1150
44 464
44 530
44 711
44 934
44 1079
44 1097
44 1145
44 1157
45 443
45 998
45 1039
45 1046
46 110
46 431
46 482
46 529
46 762
46 845
46 1000
46 1154
47 60
47 276
47 281
47 414
47 611
47 612
47 724
47 738
47 786
47 853
47 904
47 917
47 1032
47 1147
47 1164
48 57
48 424
48 885
48 954
48 986
48 1015
49 111
49 135
49 275
49 324
49 336
49 631
49 713
49 757
49 844
49 884
49 919
49 943
50 188
50 567
50 1077
50 1217
51 104
51 463
51 596
51 646
51 1066
51 1102
52 220
52 234
52 253
52 262
52 315
52 365
52 470
52 553
52 761
52 956
52 1025
52 1027
52 1179
53 72
53 79
53 96
53 269
53 399
53 465
53 606
53 625
53 973
53 1013
53 1123
53 1169
54 212
54 229
54 282
54 918
54 997
55 178
55 204
55 817
55 906
56 79
56 96
56 435
56 507
56 677
56 883
56 908
56 1123
56 1135
56 1177
56 1232
56 1236
57 158
57 448
57 761
57 1084
58 216
58 334
58 366
58 592
58 670
58 892
58 1071
58 1228
58 1242
59 153
59 172
59 504
59 653
59 715
59 1010
59 1035
59 1043
59 1195
60 281
60 323
60 612
60 724
60 781
60 904
60 948
61 287
61 288
61 427
61 489
61 640
61 665
61 835
61 872
61 949
61 1047
62 297
62 573
62 585
62 599
62 690
62 710
62 718
62 720
62 829
62 940
62 991
62 1021
62 1057
62 1101
62 1244
63 119
63 184
63 194
63 310
63 492
63 569
63 635
63 693
63 822
63 871
63 1190
64 417
64 598
64 691
64 706
64 747
64 844
64 959
65 86
65 162
65 583
65 600
65 895
65 910
65 1171
66 670
66 702
66 837
66 941
66 982
66 1007
66 1093
67 653
67 1010
67 1035
68 199
68 201
68 284
68 334
68 534
68 563
68 592
68 683
68 714
68 892
68 903
68 947
68 1228
69 117
69 148
69 246
69 258
69 333
69 508
69 561
69 648
69 764
69 783
69 846
69 891
69 995
69 1023
69 1083
69 1121
69 1162
70 279
70 452
70 523
70 767
70 1221
71 357
71 560
71 731
71 774
71 905
71 934
72 465
72 477
72 497
72 606
72 625
72 973
72 978
72 1013
72 1169
73 307
73 375
73 503
73 558
73 840
73 1096
73 1144
73 1183
74 217
74 288
74 350
74 617
74 687
74 727
74 782
74 1028
74 1119
74 1133
74 1160
75 141
75 299
75 579
75 614
75 733
75 1058
75 1059
76 413
76 507
76 555
76 643
76 677
76 697
76 877
76 1055
76 1148
76 1168
76 1232
77 327
77 367
77 430
77 441
77 634
77 759
77 1009
77 1104
78 355
78 359
78 362
78 476
78 550
78 686
78 893
78 1030
78 1037
78 1114
78 1132
78 1249
79 96
79 138
79 269
79 399
79 435
79 677
79 883
79 908
79 973
79 1123
79 1169
80 131
80 654
80 668
80 671
80 847
80 870
80 961
80 1068
80 1095
80 1215
81 148
81 175
81 223
81 233
81 412
81 453
81 675
81 703
81 740
81 1107
82 344
82 506
82 513
82 550
82 772
82 894
82 910
82 1126
82 1171
82 1222
82 1240
83 125
83 326
83 470
83 541
83 694
83 725
83 854
83 1034
83 1113
83 1194
84 230
84 316
84 347
84 518
84 600
84 626
84 704
84 851
84 895
84 913
84 1002
84 1024
84 1206
85 195
85 439
85 784
85 851
85 1131
85 1163
85 1231
86 162
86 244
86 583
86 676
86 772
86 808
86 895
86 910
86 1171
87 102
87 168
87 171
87 240
87 337
87 339
87 493
87 632
87 777
88 206
88 694
88 706
88 854
89 262
89 366
89 498
89 584
89 628
89 658
89 873
89 931
89 1070
89 1071
89 1239
90 95
90 568
90 627
90 633
90 658
90 1003
90 1199
91 225
91 294
91 397
91 567
91 721
91 792
92 407
92 501
92 582
92 722
92 734
92 748
92 1064
92 1109
93 133
93 285
93 425
93 621
93 641
93 770
93 887
93 899
93 923
93 967
93 1029
94 210
94 441
94 446
94 559
94 590
94 615
94 652
94 841
94 987
94 1011
94 1018
95 210
95 568
95 842
95 1003
95 1113
95 1153
95 1199
96 138
96 269
96 399
96 435
96 507
96 509
96 677
96 883
96 908
96 973
96 1123
96 1169
96 1236
97 122
97 154
97 325
97 798
97 839
97 890
98 422
98 499
98 526
98 610
98 855
98 867
98 980
98 1087
99 100
99 108
99 142
99 183
99 274
99 320
99 333
99 485
99 526
99 764
99 846
99 966
99 1136
99 1227
100 108
100 142
100 183
100 246
100 274
100 293
100 320
100 333
100 474
100 485
100 764
100 846
100 966
100 1227
101 124
101 252
101 285
101 479
101 516
101 647
101 770
101 776
101 812
101 923
102 168
102 171
102 268
102 339
102 374
102 493
102 777
102 1036
102 1050
103 236
103 358
103 375
103 509
103 522
103 625
103 760
103 1075
103 1079
104 112
104 510
104 596
104 879
104 1066
104 1202
105 305
105 317
105 331
105 468
105 516
105 538
105 593
105 667
106 209
106 462
106 741
106 907
107 148
107 159
107 175
107 257
107 412
107 458
107 495
107 651
107 675
107 740
107 876
107 953
107 1120
107 1121
107 1187
108 142
108 183
108 246
108 274
108 320
108 333
108 474
108 485
108 561
108 764
108 1023
108 1078
108 1112
108 1149
108 1196
109 228
109 235
109 637
109 739
109 837
109 982
109 983
109 1093
110 300
110 431
110 529
110 564
110 762
110 845
110 1000
110 1017
110 1154
110 1229
111 135
111 143
111 336
111 483
111 631
111 750
111 757
111 884
111 943
112 151
112 318
112 510
112 733
112 743
112 848
112 879
112 901
112 1059
112 1066
112 1143
112 1202
113 161
113 221
113 386
113 473
113 620
114 145
114 198
114 240
114 256
114 265
114 292
114 349
114 404
114 549
114 787
114 864
114 937
114 999
115 544
115 589
115 624
115 639
115 664
115 823
115 1012
115 1153
115 1237
116 255
116 373
116 443
116 517
116 597
116 778
116 1061
116 1209
117 166
117 232
117 258
117 504
117 508
117 806
117 1065
117 1083
117 1195
118 237
118 544
118 590
118 624
118 638
118 745
118 963
118 1237
119 147
119 184
119 194
119 492
119 569
119 630
119 964
119 1145
119 1190
120 227
120 462
120 675
120 753
120 765
120 887
120 1038
120 1072
121 505
121 662
121 1073
121 1112
121 1149
121 1172
122 154
122 325
122 551
122 619
122 674
122 798
122 833
122 890
123 137
123 190
123 431
123 482
123 529
123 708
123 762
123 788
123 1081
124 129
124 252
124 309
124 342
124 343
124 423
124 479
124 496
124 647
124 812
124 827
124 958
124 1152
125 144
125 197
125 243
125 326
125 470
125 541
125 694
125 725
125 797
125 820
125 859
125 933
125 1006
125 1025
125 1034
125 1156
125 1194
126 452
126 547
126 726
126 746
126 785
126 838
126 952
126 985
126 1124
126 1161
126 1241
127 155
127 354
127 542
127 546
127 556
127 586
127 784
127 946
127 1088
127 1176
127 1226
128 205
128 277
128 555
128 563
128 692
128 951
129 306
129 342
129 343
129 423
129 479
129 496
129 666
129 780
129 789
129 812
129 827
129 1056
129 1152
129 1200
129 1247
130 644
130 804
130 944
130 976
130 1022
130 1069
130 1142
131 303
131 375
131 503
131 558
131 654
131 671
131 825
131 826
131 840
131 847
131 961
131 1052
131 1062
131 1068
131 1075
131 1096
131 1144
131 1215
132 170
132 283
132 390
132 487
132 595
132 716
132 888
132 944
132 1022
132 1069
132 1105
132 1142
133 189
133 285
133 425
133 432
133 447
133 621
133 887
133 899
133 923
133 1029
134 304
134 401
134 455
134 467
134 478
134 865
134 1235
134 1248
135 429
135 598
135 691
135 750
135 757
135 818
135 884
135 972
136 170
136 206
136 854
136 857
136 979
136 990
136 994
136 1100
136 1243
137 190
137 431
137 482
137 529
137 708
137 762
137 788
137 911
137 950
137 1081
138 435
138 677
138 968
138 1232
139 234
139 305
139 317
139 396
139 444
139 516
139 545
139 593
139 641
139 699
139 749
139 754
139 896
139 899
139 970
139 1042
139 1080
139 1106
139 1130
140 364
140 385
140 409
140 535
140 620
140 821
140 900
140 939
140 1082
140 1099
140 1180
140 1207
141 579
141 614
141 733
141 1058
141 1059
142 183
142 274
142 320
142 485
142 526
142 764
142 980
142 1136
143 242
143 336
143 376
143 483
143 645
143 750
143 757
143 849
143 943
143 1114
143 1150
144 179
144 185
144 197
144 315
144 326
144 470
144 541
144 725
144 859
144 881
144 933
144 1025
144 1034
144 1051
145 198
145 202
145 240
145 265
145 335
145 392
145 404
145 549
145 601
145 698
145 937
146 409
146 766
146 821
146 882
146 902
146 939
146 1082
146 1180
147 194
147 569
147 630
147 678
147 878
147 945
147 964
147 1033
147 1079
147 1145
148 175
148 258
148 412
148 453
148 508
148 648
148 740
148 846
148 891
148 953
148 1121
148 1162
149 227
149 492
149 495
149 651
149 675
149 1120
149 1129
150 263
150 383
150 404
150 484
150 525
150 930
150 971
150 1053
150 1201
151 510
151 1143
151 1202
152 169
152 346
152 395
152 436
152 439
152 491
152 586
152 737
152 926
152 1088
152 1176
152 1225
152 1226
153 499
153 508
153 715
153 867
153 1136
153 1195
154 325
154 345
154 543
154 619
154 674
154 798
154 833
154 890
154 1040
154 1044
154 1150
155 224
155 346
155 354
155 381
155 469
155 546
155 737
155 946
155 1048
155 1131
155 1163
155 1226
156 369
156 457
156 661
156 668
156 669
156 735
156 1095
157 288
157 311
157 489
157 640
157 665
157 872
157 1208
158 181
158 684
158 749
158 816
158 983
158 1084
159 203
159 257
159 398
159 486
159 495
159 622
159 651
159 751
159 855
159 876
159 1074
159 1245
160 329
160 475
160 531
160 723
160 767
160 989
160 1159
160 1165
161 221
161 386
161 473
161 729
161 1001
162 244
162 583
162 676
162 808
162 910
162 936
162 1171
163 179
163 185
163 197
163 403
163 440
163 859
163 909
163 929
163 1211
164 275
164 276
164 324
164 338
164 414
164 611
164 844
164 853
164 869
164 917
164 1032
164 1108
164 1164
165 379
165 450
165 539
165 608
165 624
165 664
165 1111
165 1170
165 1193
165 1237
166 232
166 806
166 1065
167 279
167 301
167 321
167 1085
168 171
168 268
168 339
168 374
168 493
168 1019
169 200
169 355
169 359
169 395
169 436
169 491
169 616
169 893
169 1047
169 1225
169 1233
170 206
170 219
170 390
170 595
170 800
170 857
170 866
170 990
170 994
170 1100
170 1243
171 268
171 339
171 374
171 493
171 777
172 433
172 466
172 688
172 805
172 887
172 1010
172 1038
172 1043
172 1238
173 227
173 245
173 387
173 416
173 650
173 679
173 693
173 796
173 871
173 1125
173 1188
174 217
174 371
174 434
174 455
174 467
174 478
174 1146
174 1235
175 233
175 412
175 426
175 458
175 655
175 703
175 740
175 1054
175 1121
175 1187
176 207
176 299
176 563
176 576
176 683
176 863
176 1045
177 188
177 606
177 978
177 1013
177 1217
177 1219
178 204
178 906
178 1182
179 185
179 197
179 326
179 403
179 859
179 1034
179 1051
180 200
180 264
180 415
180 419
180 472
180 696
180 811
180 832
180 852
180 945
180 964
180 1030
180 1233
181 220
181 278
181 283
181 365
181 684
181 761
181 983
181 1230
182 212
182 226
182 282
182 448
182 543
182 571
182 629
182 685
182 981
182 1158
183 246
183 274
183 320
183 333
183 485
183 561
183 764
183 1083
183 1136
183 1196
184 194
184 372
184 419
184 569
184 693
184 822
184 852
184 871
184 964
184 1167
184 1190
185 197
185 394
185 403
185 859
185 909
185 929
186 729
186 795
186 835
186 1122
186 1186
187 295
187 471
187 517
187 554
187 597
187 790
187 1118
187 1209
188 567
188 606
188 1013
188 1077
188 1217
189 428
189 432
189 447
189 621
189 785
189 920
189 923
189 952
189 975
189 1029
189 1124
190 431
190 529
190 762
190 788
190 1081
191 270
191 599
191 706
191 843
191 925
191 960
192 273
192 362
192 472
192 562
192 649
192 700
192 799
192 832
192 929
192 1030
192 1037
192 1076
192 1091
192 1132
192 1249
193 217
193 371
193 383
193 525
193 605
193 673
193 709
193 930
193 1021
193 1053
193 1057
193 1173
194 492
194 569
194 630
194 878
194 964
194 1079
194 1145
194 1190
195 439
195 586
195 784
195 851
195 1088
195 1131
195 1163
195 1176
195 1231
196 421
196 490
196 581
196 701
196 834
196 974
196 1203
196 1223
197 326
197 351
197 470
197 705
197 859
197 881
197 933
197 1034
197 1051
197 1211
198 240
198 292
198 392
198 787
198 937
199 201
199 205
199 284
199 534
199 563
199 683
199 692
199 714
199 892
199 903
200 359
200 415
200 472
200 570
200 616
200 811
200 893
200 1030
200 1225
200 1233
201 207
201 334
201 563
201 592
201 683
201 714
201 892
201 903
201 947
201 1228
202 335
202 570
202 601
202 672
202 698
202 861
202 1089
202 1097
202 1174
203 214
203 257
203 398
203 486
203 622
203 651
203 689
203 751
203 768
203 1074
203 1245
204 906
204 1182
205 507
205 555
205 692
205 877
205 903
205 1177
206 854
206 979
206 990
206 994
206 1100
206 1243
207 216
207 299
207 536
207 563
207 575
207 576
207 683
207 814
207 863
207 892
207 977
207 1058
207 1228
208 474
208 643
208 697
208 732
208 783
208 966
208 968
208 1055
208 1148
209 214
209 462
209 486
209 495
209 622
209 751
209 768
209 855
209 867
209 907
209 1072
209 1129
210 292
210 332
210 568
210 590
210 627
210 841
210 1003
210 1153
211 481
211 578
211 752
212 280
212 282
212 571
212 728
212 918
212 997
213 294
213 389
213 397
213 519
213 526
213 792
214 398
214 477
214 486
214 520
214 651
214 689
214 751
214 768
214 793
214 1129
214 1214
215 338
215 607
215 611
215 853
215 1185
216 299
216 334
216 366
216 592
216 892
216 1070
216 1071
216 1228
216 1242
217 350
217 371
217 687
217 727
217 782
217 1119
217 1133
217 1146
217 1173
218 511
218 568
218 627
218 963
218 1045
218 1198
219 390
219 663
219 682
219 756
219 866
220 253
220 260
220 365
220 553
220 716
220 761
220 956
220 1027
220 1179
221 385
221 386
221 473
221 490
221 535
221 620
221 623
221 821
221 900
221 1005
221 1203
221 1207
222 254
222 381
222 411
222 660
222 1131
222 1163
223 233
223 500
223 641
223 707
223 909
223 1107
223 1211
224 381
224 469
224 546
224 946
224 957
224 992
224 1048
224 1204
225 294
225 397
225 567
225 721
225 792
226 238
226 242
226 261
226 345
226 376
226 402
226 429
226 543
226 619
226 810
226 849
226 981
226 1150
227 251
227 871
227 1008
227 1190
228 235
228 739
229 587
229 613
229 858
230 518
230 1002
230 1024
231 297
231 471
231 710
231 720
231 991
231 998
231 1098
231 1101
231 1209
231 1244
232 480
232 488
232 504
232 508
232 806
232 1065
233 426
233 500
233 636
233 703
233 740
233 909
233 1054
233 1090
233 1107
233 1211
234 396
234 444
234 545
234 593
234 699
234 754
234 970
234 1042
234 1080
234 1084
234 1106
234 1130
235 314
235 670
235 739
235 837
235 935
235 941
235 1093
235 1127
236 358
236 375
236 625
236 681
236 831
236 882
236 916
236 1075
236 1082
236 1099
236 1115
236 1117
237 441
237 544
237 590
237 638
237 745
237 759
237 841
238 261
238 376
238 402
238 429
238 543
238 728
238 839
238 849
238 942
238 981
238 1150
238 1205
239 574
239 758
239 988
239 1015
239 1020
239 1224
240 335
240 349
240 392
240 787
240 937
241 288
241 570
241 616
241 665
241 672
241 861
241 1028
241 1133
241 1208
242 308
242 345
242 376
242 429
242 483
242 548
242 645
242 803
242 849
242 1040
242 1114
242 1150
243 326
243 601
243 725
243 797
243 971
243 1006
243 1194
244 676
244 808
244 910
244 936
244 1171
244 1222
245 387
245 609
245 635
245 679
245 796
245 807
245 1125
245 1188
246 320
246 333
246 474
246 485
246 561
246 764
246 846
246 891
246 1023
246 1083
246 1112
246 1136
246 1162
246 1196
247 298
247 380
247 566
247 1094
248 401
248 612
248 724
248 738
248 786
248 1147
248 1248
249 395
249 436
249 501
249 582
249 618
249 782
249 926
249 1047
249 1103
250 279
250 557
250 958
250 1026
250 1152
250 1221
251 309
251 356
251 791
251 927
251 967
251 1008
252 285
252 423
252 479
252 647
252 770
252 812
252 927
252 967
252 1152
253 262
253 315
253 365
253 470
253 541
253 584
253 873
253 881
253 933
253 956
253 1027
253 1179
254 354
254 381
254 411
254 546
254 660
254 784
254 1131
254 1163
255 361
255 373
255 778
255 1216
256 292
256 296
256 524
256 615
256 742
256 773
256 829
256 864
256 937
256 940
256 999
257 398
257 486
257 495
257 651
257 751
257 876
257 1074
257 1120
257 1129
257 1187
257 1245
258 453
258 508
258 648
258 806
258 1083
258 1121
258 1162
258 1195
259 417
259 460
259 598
259 663
259 682
259 691
259 756
259 959
260 448
260 532
260 553
260 629
260 685
260 716
260 761
260 818
260 972
260 1025
261 376
261 402
261 429
261 728
261 750
261 781
261 810
261 849
261 942
261 981
261 1205
262 315
262 365
262 470
262 498
262 541
262 584
262 873
262 881
262 931
262 956
262 1027
262 1239
263 265
263 383
263 404
263 549
263 573
263 680
263 690
263 829
263 930
263 1004
263 1021
263 1053
263 1057
263 1119
264 362
264 472
264 502
264 696
264 704
264 832
264 1030
264 1063
264 1091
264 1231
264 1233
265 404
265 549
265 864
265 937
265 999
266 394
266 700
266 717
266 799
266 1044
266 1067
267 348
267 405
267 779
267 858
267 918
267 1138
268 339
268 374
268 493
268 719
268 777
268 1036
268 1135
268 1218
269 399
269 465
269 606
269 973
269 1077
269 1123
269 1141
269 1169
270 597
270 599
270 960
271 314
271 584
271 628
271 800
271 857
271 862
271 935
271 1069
271 1127
271 1175
271 1239
272 319
272 381
272 411
272 521
272 533
272 565
272 603
272 660
272 889
272 928
272 938
273 309
273 343
273 454
273 496
273 700
273 704
273 799
273 1041
273 1063
273 1076
273 1091
273 1132
274 320
274 333
274 485
274 526
274 764
274 1136
275 313
275 691
275 713
275 844
275 1197
276 338
276 611
276 738
276 853
276 917
276 1032
276 1147
276 1164
276 1185
277 555
277 563
277 863
277 951
277 1178
278 283
278 365
278 461
278 684
278 944
278 983
278 1022
278 1105
278 1230
279 557
279 958
279 1221
280 282
280 728
280 839
280 942
280 981
280 997
281 323
281 781
281 904
281 948
281 1164
282 571
282 728
282 918
282 997
283 594
283 716
283 761
283 944
283 1022
283 1069
283 1105
283 1142
284 534
284 560
284 627
284 683
284 903
285 425
285 479
285 516
285 621
285 647
285 770
285 899
285 923
285 967
285 1029
286 639
286 823
286 979
286 1012
287 489
287 640
287 665
287 835
287 1122
287 1186
288 350
288 427
288 617
288 640
288 665
288 727
288 872
288 1028
288 1133
288 1160
289 303
289 330
289 380
289 409
289 591
289 882
289 1052
289 1062
289 1082
289 1115
289 1210
290 564
290 577
290 870
290 961
290 1095
290 1151
290 1215
291 309
291 419
291 420
291 454
291 693
291 852
291 912
291 922
291 1063
291 1167
292 332
292 937
292 1003
293 792
293 966
293 968
293 1074
293 1227
293 1245
294 397
294 519
294 567
294 721
294 792
295 471
295 554
295 597
295 790
295 828
295 1118
296 524
296 742
296 773
296 823
296 864
296 1003
296 1012
296 1153
297 471
297 554
297 709
297 710
297 720
297 960
297 1057
297 1098
297 1101
297 1118
297 1209
297 1244
298 380
298 445
298 1094
298 1116
298 1117
299 536
299 563
299 575
299 814
299 863
299 1058
300 337
300 360
300 431
300 529
300 632
300 787
300 845
300 950
300 1154
300 1229
301 321
301 451
301 1085
302 340
302 341
302 368
302 494
302 536
302 575
302 588
302 814
302 874
302 977
302 1172
302 1178
302 1181
302 1228
303 591
303 654
303 840
303 962
303 1052
303 1062
303 1115
303 1215
304 370
304 401
304 408
304 478
304 607
304 865
304 1086
305 317
305 396
305 468
305 516
305 545
305 593
305 699
305 896
305 1084
306 342
306 343
306 423
306 496
306 551
306 666
306 674
306 780
306 789
306 812
306 827
306 890
306 1041
306 1056
306 1152
306 1200
306 1247
307 522
307 678
307 1079
307 1157
308 345
308 394
308 429
308 548
308 619
308 803
308 1040
308 1044
308 1150
309 356
309 562
309 791
309 799
309 929
309 1008
309 1076
310 391
310 581
310 635
310 689
310 793
310 794
310 807
310 1166
310 1214
311 400
311 564
311 850
311 1000
311 1183
311 1213
312 426
312 659
312 670
312 941
312 1242
313 417
313 844
314 353
314 365
314 584
314 935
314 1127
314 1175
314 1239
315 470
315 498
315 541
315 636
315 873
315 881
315 933
315 1027
315 1034
315 1051
315 1179
316 347
316 518
316 600
316 626
316 704
316 851
316 895
316 913
316 1002
316 1024
316 1206
317 396
317 468
317 516
317 545
317 593
317 699
317 896
317 1084
318 580
318 608
318 657
318 743
318 848
318 879
318 901
318 1155
318 1202
319 411
319 533
319 602
319 603
319 660
319 969
320 333
320 474
320 485
320 662
320 764
320 846
320 966
320 1023
320 1073
320 1112
320 1149
320 1196
320 1227
321 329
322 407
322 572
322 656
322 1248
323 868
323 904
323 948
323 1205
324 414
324 605
324 713
324 869
324 919
324 943
324 1108
325 405
325 619
325 833
325 1138
326 470
326 725
326 797
326 859
326 933
326 1006
326 1034
326 1051
326 1194
327 430
327 552
327 634
327 1009
327 1104
328 671
328 825
328 826
328 847
328 1068
328 1075
329 767
329 1182
330 409
330 1210
331 352
331 468
331 538
331 547
331 776
331 838
331 1031
331 1092
331 1124
331 1241
332 627
332 777
333 474
333 485
333 561
333 764
333 846
333 891
333 1023
333 1083
333 1136
333 1162
333 1196
334 366
334 592
334 892
334 1070
334 1071
334 1228
334 1242
335 672
335 680
335 787
335 845
335 1229
336 483
336 631
336 757
336 884
336 919
336 943
336 1114
337 339
337 528
337 632
337 755
337 950
338 611
338 853
338 917
338 1185
339 493
340 368
340 456
340 474
340 588
340 662
340 1023
340 1078
340 1112
340 1172
341 368
341 494
341 536
341 575
341 588
341 814
341 874
341 875
341 977
341 1128
341 1181
342 343
342 423
342 496
342 789
342 827
342 1041
342 1056
342 1152
342 1200
342 1247
343 423
343 496
343 626
343 717
343 799
343 827
343 830
343 1041
343 1056
343 1152
343 1200
343 1247
344 583
344 772
344 1126
344 1171
344 1222
344 1240
345 376
345 394
345 429
345 543
345 548
345 619
345 803
345 849
345 1040
345 1044
345 1150
346 439
346 469
346 491
346 737
346 802
346 946
346 1049
346 1060
346 1088
346 1176
346 1212
346 1226
347 518
347 600
347 626
347 830
347 913
347 1002
347 1024
347 1041
347 1247
348 405
348 779
348 833
348 858
348 918
348 1138
349 549
349 615
349 632
349 755
349 787
349 824
349 937
349 940
349 999
350 617
350 687
350 727
350 782
350 1028
350 1119
350 1133
350 1160
351 440
351 530
351 705
351 774
351 1051
351 1054
351 1090
351 1211
352 428
352 468
352 537
352 785
352 815
352 920
352 952
352 965
352 975
352 1031
352 1092
352 1124
352 1241
353 461
353 463
353 935
353 1102
353 1127
353 1175
353 1230
354 381
354 388
354 546
354 556
354 784
354 1131
354 1163
354 1191
355 359
355 476
355 550
355 686
355 893
355 1030
355 1037
355 1249
356 403
356 562
356 647
356 791
356 929
356 967
356 1008
356 1076
357 534
357 560
357 633
357 731
357 774
357 905
357 934
358 375
358 509
358 522
358 625
358 760
358 1075
358 1141
359 395
359 476
359 893
359 1030
360 528
360 632
360 755
360 824
360 950
361 443
361 517
361 718
361 778
361 991
361 1216
362 476
362 502
362 649
362 686
362 700
362 704
362 832
362 1030
362 1037
362 1091
362 1132
362 1233
362 1249
363 406
363 585
363 763
363 1004
363 1110
363 1154
364 385
364 591
364 821
364 1099
364 1115
364 1207
365 584
365 637
365 983
365 1027
365 1179
366 498
366 592
366 892
366 1070
366 1071
366 1242
367 430
367 441
367 759
368 494
368 536
368 744
368 814
368 874
368 977
368 1128
368 1172
368 1178
368 1181
369 457
369 515
369 577
369 735
369 962
369 1062
369 1095
370 408
370 607
370 738
370 853
370 1086
371 383
371 434
371 437
371 455
371 525
371 605
371 687
371 709
371 1173
371 1235
372 440
372 562
372 569
372 852
372 964
372 1008
372 1190
373 517
373 597
373 778
373 790
373 1061
374 493
374 719
374 908
374 1036
374 1135
374 1177
374 1218
374 1236
375 503
375 558
375 760
375 825
375 840
375 1052
375 1075
375 1096
375 1115
375 1144
376 402
376 429
376 543
376 619
376 849
376 981
376 1150
377 482
377 708
377 911
377 1039
378 578
378 613
379 628
379 775
379 842
379 857
379 994
379 1193
380 1052
380 1094
380 1210
381 546
381 660
381 889
381 1131
381 1163
381 1226
382 433
382 475
382 523
382 688
382 746
382 770
382 985
382 1029
382 1161
382 1165
382 1192
383 525
383 690
383 925
383 930
383 1021
383 1053
383 1057
383 1173
384 389
384 459
384 505
384 514
384 996
384 1149
384 1220
384 1234
385 620
385 623
385 695
385 802
385 821
385 900
385 1005
385 1122
385 1207
386 473
386 1001
387 416
387 531
387 609
387 650
387 723
387 753
387 796
387 1026
387 1125
387 1159
387 1188
388 546
388 736
388 784
388 1014
388 1163
388 1191
389 459
389 514
389 1220
389 1234
390 487
390 595
390 866
390 888
390 1142
390 1243
391 520
391 793
391 1166
391 1214
391 1246
392 787
393 445
393 540
393 1077
393 1116
394 548
394 717
394 803
394 1044
395 436
395 491
395 618
395 926
395 1047
395 1103
396 444
396 516
396 545
396 593
396 699
396 749
396 754
396 816
396 896
396 932
396 970
396 1042
396 1080
396 1084
396 1106
396 1130
397 519
397 567
397 721
397 792
398 486
398 651
398 689
398 751
398 768
398 793
398 1074
398 1129
399 465
399 509
399 606
399 883
399 908
399 973
399 1123
399 1141
399 1169
400 564
400 850
400 870
400 962
400 1017
400 1144
400 1183
400 1213
400 1215
401 414
401 738
401 865
401 1086
401 1108
401 1126
401 1248
402 543
402 728
402 750
402 810
402 849
402 942
402 981
402 1205
403 440
403 562
403 791
403 909
403 929
403 1211
404 549
404 864
404 971
404 999
405 448
405 532
405 833
405 1138
406 585
406 680
406 690
406 763
406 1004
406 1110
406 1119
406 1154
407 572
407 656
407 676
407 722
407 734
407 748
407 936
408 607
408 1086
408 1248
409 766
409 821
409 882
409 902
409 939
409 1082
409 1099
409 1115
409 1180
409 1210
410 469
410 737
410 802
410 1060
410 1189
410 1204
410 1212
411 533
411 602
411 603
411 660
411 736
411 809
411 889
411 969
411 1014
412 458
412 675
412 703
412 740
412 876
412 953
412 1054
412 1120
412 1121
412 1187
413 507
413 555
413 643
413 692
413 697
413 714
413 732
413 877
413 903
413 914
413 1055
413 1148
413 1168
413 1232
414 607
414 611
414 738
414 786
414 853
414 869
414 1032
414 1108
414 1126
414 1248
415 472
415 696
415 811
415 832
415 945
415 964
415 1225
415 1233
416 531
416 650
416 723
416 753
416 794
416 796
416 989
416 1125
416 1159
416 1188
417 598
417 682
417 691
417 844
417 959
418 752
419 420
419 472
419 569
419 693
419 696
419 822
419 852
419 871
419 912
419 964
419 1167
419 1190
420 521
420 696
420 701
420 822
420 898
420 912
420 924
420 928
420 1167
421 490
421 581
421 623
421 974
421 1005
421 1033
421 1203
422 499
422 610
422 622
422 855
422 867
422 980
422 1087
423 479
423 496
423 647
423 717
423 789
423 812
423 827
423 1041
423 1056
423 1152
423 1200
424 587
424 594
424 629
424 885
424 986
424 1015
425 433
425 770
425 887
425 923
425 927
425 1029
426 636
426 703
426 836
426 1054
426 1107
427 489
427 617
427 640
427 835
427 872
427 949
427 1047
428 537
428 726
428 746
428 785
428 952
428 975
428 1124
428 1241
429 543
429 548
429 619
429 849
429 972
429 981
429 1150
430 634
430 1009
430 1104
430 1216
431 482
431 529
431 708
431 762
431 788
431 845
431 911
431 1000
431 1154
432 447
432 488
432 621
432 920
432 965
432 975
432 993
433 688
433 770
433 805
433 923
433 985
433 1029
433 1139
433 1165
433 1192
433 1238
434 455
434 467
434 478
434 605
434 1146
434 1235
435 677
435 883
435 908
435 1232
436 439
436 491
436 501
436 582
436 586
436 618
436 926
436 1088
436 1109
436 1176
437 455
437 709
437 828
437 984
437 1173
437 1184
437 1197
437 1235
438 542
438 737
438 949
438 1060
438 1189
438 1212
439 491
439 502
439 586
439 924
439 1088
439 1131
439 1176
439 1226
440 464
440 530
440 964
441 446
441 552
441 759
441 841
441 1011
441 1104
442 507
442 509
442 731
442 760
442 934
442 1135
442 1236
443 778
443 991
443 998
443 1061
444 500
444 636
444 637
444 699
444 707
444 749
444 754
444 816
444 896
444 932
444 970
444 1042
444 1080
444 1106
444 1130
444 1179
445 540
445 1077
445 1116
445 1217
446 552
446 559
446 652
446 759
446 987
446 1011
446 1018
447 488
447 621
447 975
447 1029
447 1139
448 532
448 571
448 629
448 685
448 833
448 1138
449 451
449 603
449 915
449 922
449 1085
450 511
450 539
450 596
450 608
450 646
450 743
450 862
450 879
450 1111
450 1193
451 922
451 1085
452 547
452 666
452 776
452 812
452 838
453 480
453 504
453 508
453 648
453 715
453 806
453 1038
453 1195
454 915
454 922
454 1063
455 478
455 984
455 1235
456 474
456 662
456 1023
456 1078
456 1112
456 1172
456 1196
457 661
457 669
457 735
457 962
458 530
458 703
458 730
458 740
458 836
458 876
458 905
458 1054
458 1090
458 1187
459 514
459 1220
459 1234
460 598
460 663
460 682
460 691
460 756
460 959
461 1022
461 1230
462 486
462 495
462 651
462 741
462 765
462 768
462 855
462 867
462 907
462 953
462 1072
462 1129
463 646
463 976
463 1102
464 601
464 711
464 1097
464 1174
465 477
465 497
465 606
465 625
465 973
465 978
465 1013
465 1141
465 1169
466 688
466 805
466 819
466 860
466 880
466 1010
466 1043
466 1134
466 1165
466 1238
467 478
467 865
467 894
467 1235
468 516
468 537
468 547
468 621
468 785
468 815
468 920
468 965
468 1031
468 1124
469 737
469 946
469 957
469 992
469 1048
469 1060
469 1204
469 1226
470 541
470 725
470 859
470 873
470 881
470 933
470 1034
470 1051
471 554
471 709
471 720
471 828
471 960
471 1057
471 1098
471 1118
471 1209
472 649
472 696
472 811
472 832
472 852
472 964
472 1233
473 535
473 620
473 1001
473 1180
474 485
474 643
474 662
474 764
474 846
474 891
474 966
474 1023
474 1073
474 1078
474 1112
474 1149
474 1172
475 531
475 723
475 860
475 989
475 1159
475 1165
475 1192
476 550
476 686
476 893
476 1030
476 1037
476 1114
476 1132
476 1249
477 497
477 520
477 625
477 681
477 978
477 1219
478 865
478 1235
479 516
479 647
479 770
479 812
479 1152
480 488
480 504
480 806
480 887
480 1038
480 1065
481 578
481 885
481 897
482 708
482 911
482 1039
482 1154
483 631
483 750
483 757
483 919
483 943
483 1114
484 747
484 884
484 971
484 1156
484 1201
485 561
485 764
485 1023
485 1083
485 1112
485 1136
485 1196
486 495
486 622
486 651
486 751
486 768
486 855
486 1074
486 1129
486 1245
487 512
487 888
487 1137
488 1065
489 640
489 835
489 872
489 1122
489 1186
490 620
490 623
490 900
490 1005
490 1033
490 1203
491 737
491 926
491 1088
491 1176
491 1212
491 1225
492 520
492 569
492 651
492 689
492 793
492 1120
492 1129
492 1145
492 1190
493 719
493 777
493 1036
493 1135
493 1218
494 536
494 575
494 814
494 874
494 875
494 977
494 1058
494 1128
494 1181
495 651
495 675
495 765
495 768
495 855
495 907
495 953
495 1072
495 1120
495 1129
496 626
496 717
496 799
496 827
496 830
496 1041
496 1056
496 1152
496 1200
496 1247
497 520
497 522
497 625
497 681
497 978
498 584
498 873
498 931
498 1027
498 1070
498 1071
498 1239
499 1087
499 1136
500 636
500 641
500 707
500 754
500 899
500 909
500 1042
500 1107
500 1130
501 582
501 586
501 618
501 722
501 748
501 926
501 1103
501 1109
502 686
502 704
502 1030
502 1091
502 1206
502 1231
503 558
503 654
503 825
503 826
503 840
503 847
503 961
503 1052
503 1062
503 1068
503 1075
503 1096
503 1115
503 1144
503 1215
504 508
504 715
504 806
504 1195
505 1078
505 1149
506 513
506 550
506 894
506 1126
506 1222
506 1240
507 877
507 908
507 914
507 1055
507 1135
507 1148
507 1177
507 1236
508 648
508 715
508 806
508 1121
508 1195
509 760
509 908
509 1123
509 1169
509 1218
509 1236
510 1066
510 1202
511 568
511 608
511 658
511 1045
511 1193
511 1198
512 888
512 1137
513 550
513 894
513 919
513 1126
513 1222
513 1240
514 996
514 1220
514 1234
515 795
515 962
515 1213
516 545
516 593
516 647
516 667
516 699
516 1067
517 597
517 718
517 720
517 778
517 790
517 1061
517 1209
518 600
518 626
518 830
518 913
518 1002
518 1024
518 1041
519 526
519 792
520 681
520 689
520 793
520 978
520 1166
520 1214
521 565
521 603
521 660
521 898
521 915
521 924
521 928
522 760
522 1079
522 1145
522 1157
523 767
523 1161
523 1192
524 742
524 773
524 823
524 841
524 843
524 1012
525 605
525 673
525 930
525 1053
525 1089
525 1173
526 980
527 657
527 771
527 813
527 901
527 1140
527 1155
528 552
528 615
528 632
528 652
528 755
528 824
528 950
528 987
528 1018
528 1104
529 762
529 788
529 845
529 950
529 1000
529 1154
530 1054
530 1090
530 1187
531 650
531 723
531 989
531 1125
531 1159
532 548
532 629
532 685
532 761
533 602
533 603
533 660
533 969
534 560
534 633
534 683
534 903
535 620
535 821
535 900
535 939
535 1001
535 1180
535 1207
536 575
536 814
536 874
536 875
536 977
536 1058
536 1128
536 1181
536 1228
537 785
537 815
537 920
537 952
537 965
537 975
537 1031
537 1124
537 1241
538 547
538 667
538 776
538 1092
539 596
539 646
539 862
539 879
539 1111
539 1193
540 1077
540 1116
540 1217
541 694
541 725
541 854
541 881
541 933
541 956
541 1034
541 1113
542 737
542 926
542 949
542 1060
542 1189
542 1226
543 619
543 849
543 981
543 1150
544 590
544 638
544 745
544 841
544 1237
545 593
545 699
545 970
545 1067
545 1080
545 1084
546 784
546 946
546 1014
546 1131
546 1163
546 1226
547 666
547 667
547 776
547 785
547 812
547 838
547 1031
547 1124
547 1241
548 619
548 972
548 1025
549 864
549 937
549 999
550 686
550 893
550 894
550 919
550 1114
550 1222
551 666
551 667
551 674
551 780
551 798
551 890
551 1056
551 1200
551 1247
552 615
552 634
552 652
552 755
552 824
552 987
552 1018
552 1104
553 595
553 820
553 956
553 1025
553 1243
554 828
554 1118
555 692
555 877
555 1168
556 712
556 748
556 784
556 1064
557 827
557 958
557 1026
557 1085
557 1221
558 564
558 840
558 870
558 961
558 1019
558 1096
558 1144
558 1215
559 590
559 1011
560 633
560 731
560 905
561 1023
561 1083
561 1136
561 1162
561 1196
562 700
562 791
562 799
562 832
562 852
562 929
562 1008
562 1076
563 576
563 683
563 863
563 892
563 1178
564 762
564 850
564 870
564 1000
564 1017
564 1144
564 1183
564 1213
564 1215
565 603
565 660
565 701
565 834
565 889
565 921
565 928
565 938
565 1223
566 826
566 1068
566 1094
568 627
568 963
568 1045
568 1198
568 1199
568 1237
569 630
569 693
569 852
569 871
569 964
569 1145
569 1190
570 616
570 861
570 1089
570 1097
570 1174
571 629
571 997
572 656
572 676
572 734
573 585
573 599
573 680
573 690
573 718
573 829
573 864
573 940
573 991
573 999
573 1021
573 1057
573 1101
573 1244
574 758
574 1020
574 1224
575 814
575 863
575 874
575 977
575 1058
575 1128
575 1178
575 1181
576 683
576 863
576 951
576 1045
577 870
577 1095
577 1151
578 613
579 614
579 733
579 813
579 901
579 1058
579 1059
579 1140
580 657
580 743
580 848
580 1155
581 807
581 822
581 974
581 1166
582 618
582 722
582 926
582 1103
582 1109
583 772
583 808
583 895
583 910
583 1171
584 628
584 873
584 931
584 935
584 956
584 1027
584 1127
584 1175
584 1239
585 680
585 690
585 763
585 845
585 1004
585 1101
585 1110
585 1154
585 1244
586 926
586 1088
586 1109
586 1176
586 1226
587 613
587 779
587 858
587 918
588 659
588 662
588 702
588 769
588 875
588 995
588 1007
588 1023
588 1172
589 624
589 639
589 664
589 775
589 823
589 1237
590 638
590 745
590 841
590 963
590 1011
591 840
591 850
591 1052
591 1062
591 1082
591 1096
591 1099
591 1115
591 1183
592 659
592 714
592 892
592 947
592 1228
592 1242
593 699
593 896
593 970
593 1067
593 1084
594 629
594 716
594 761
594 885
594 1105
595 716
595 761
595 866
595 1243
596 646
596 862
596 879
596 1066
596 1111
596 1202
597 599
597 718
597 720
597 790
597 1061
597 1209
598 663
598 682
598 691
598 747
598 756
598 818
598 884
598 959
599 718
599 829
599 843
599 960
600 626
600 830
600 895
600 913
600 1002
600 1024
600 1206
601 698
601 711
601 774
601 1006
601 1097
601 1174
602 736
602 969
602 1014
603 660
603 928
604 886
605 673
605 713
605 1173
605 1235
606 625
606 973
606 978
606 1013
606 1077
606 1141
606 1217
606 1219
607 611
607 738
607 786
607 853
607 1086
607 1108
608 624
608 657
608 743
608 879
608 1193
608 1198
609 679
609 796
609 1125
609 1188
610 622
610 855
610 867
610 953
610 980
610 1072
610 1121
610 1245
611 738
611 786
611 853
611 917
611 1032
611 1108
611 1147
612 724
612 738
612 786
612 886
612 1147
614 733
614 813
614 901
614 1059
614 1143
615 632
615 652
615 755
615 773
615 824
615 987
615 1018
616 665
616 861
616 1225
617 687
617 727
617 872
617 1160
618 926
618 1047
618 1103
618 1109
619 833
619 1150
620 623
620 821
620 900
620 939
620 1005
620 1180
620 1207
621 785
621 899
621 920
621 923
621 975
621 1029
621 1124
622 751
622 855
622 1074
622 1245
623 630
623 695
623 878
623 900
623 1005
623 1033
624 664
624 1170
624 1237
625 681
625 831
625 916
625 1075
625 1117
625 1141
625 1169
626 830
626 913
626 1002
626 1024
626 1040
626 1041
626 1247
628 658
628 862
628 931
628 935
628 1070
628 1127
628 1175
628 1239
629 685
629 716
630 822
630 878
630 945
630 964
630 1033
631 757
631 884
631 919
631 943
631 1016
631 1114
632 755
632 787
632 824
632 950
633 774
634 1009
634 1104
635 693
635 794
635 807
635 822
635 871
636 707
636 754
636 881
636 909
636 933
636 1042
636 1106
636 1107
636 1130
636 1211
637 749
637 754
637 816
637 932
637 983
637 1027
637 1042
637 1106
637 1179
638 745
638 759
638 841
639 775
639 823
639 979
639 1012
640 665
640 872
640 1208
641 707
641 899
641 967
641 1130
642 817
642 860
642 880
643 662
643 697
643 714
643 732
643 1055
643 1148
643 1168
643 1172
644 804
644 944
644 976
644 1022
644 1069
644 1102
644 1142
645 849
645 1040
645 1150
646 862
646 879
646 1102
646 1111
646 1193
647 791
647 967
647 1152
648 846
648 891
648 953
648 1083
648 1121
648 1162
648 1195
649 700
649 832
649 1030
649 1037
649 1091
649 1132
649 1249
650 723
650 753
650 989
650 1125
650 1159
651 689
651 751
651 768
651 1120
651 1129
651 1187
652 755
652 824
652 987
652 1011
652 1018
653 1010
653 1035
653 1043
654 668
654 825
654 840
654 961
654 962
654 1052
654 1062
654 1095
654 1096
654 1215
655 659
655 703
655 783
655 846
655 891
655 947
656 734
657 743
657 771
657 813
657 848
657 901
657 1140
657 1155
658 842
658 931
658 1045
658 1070
658 1199
658 1239
659 702
659 783
659 891
659 947
659 995
659 1242
660 889
660 928
660 938
660 969
661 669
661 735
662 1023
662 1078
662 1112
662 1149
662 1172
663 682
663 756
663 818
663 856
663 866
663 959
664 775
664 1170
664 1237
665 872
665 1208
666 667
666 776
666 780
666 789
666 812
666 1056
667 674
667 776
667 780
667 812
668 870
668 961
668 1095
669 735
670 739
670 837
670 941
670 1242
671 847
671 961
671 1068
672 1174
672 1208
672 1229
673 1053
674 780
674 798
674 890
674 1056
674 1067
674 1200
674 1247
675 740
675 765
675 1120
676 734
676 808
676 910
676 936
676 1171
676 1222
677 883
677 908
677 1232
678 711
678 878
678 945
678 1079
678 1157
679 796
679 898
679 922
679 1188
680 690
680 930
680 1004
680 1021
680 1110
680 1119
681 831
681 916
681 978
681 1117
681 1219
681 1246
682 756
682 866
682 959
683 692
683 892
683 903
683 1228
684 954
684 983
684 1230
686 895
686 1030
686 1091
686 1114
686 1132
686 1206
686 1222
687 727
687 782
687 1028
687 1119
687 1133
687 1146
687 1160
688 805
688 985
688 1134
688 1139
688 1165
688 1192
688 1238
689 751
689 768
689 793
689 1129
689 1214
690 710
690 930
690 940
690 1004
690 1021
690 1057
690 1098
690 1101
690 1110
690 1119
690 1244
691 747
691 756
691 844
691 884
691 959
692 877
692 903
693 822
693 852
693 871
693 912
693 964
693 1167
693 1190
694 725
694 747
694 820
694 854
694 1113
694 1194
695 802
695 878
695 900
695 1033
695 1207
695 1212
696 811
696 852
696 912
696 964
696 1167
696 1233
697 714
697 732
697 877
697 1055
697 1148
697 1168
697 1172
698 774
698 1006
698 1174
699 896
699 970
699 1042
699 1067
699 1080
699 1084
700 717
700 799
700 832
700 929
700 1076
700 1091
700 1132
701 822
701 898
701 912
701 928
701 974
701 1049
701 1223
702 769
702 875
702 941
702 995
702 1007
703 740
703 836
703 1054
703 1107
704 851
704 1063
704 1091
704 1132
704 1206
704 1231
705 774
705 859
705 1051
705 1211
706 843
707 754
707 909
707 932
707 1042
707 1080
707 1106
707 1107
707 1130
707 1211
708 788
708 911
708 1039
708 1081
709 828
709 960
709 984
709 1057
709 1098
709 1118
709 1173
709 1197
710 720
710 991
710 998
710 1098
710 1101
710 1209
710 1244
711 1097
711 1157
711 1174
712 734
712 748
712 936
712 1064
713 844
713 1197
714 730
714 732
714 877
714 903
714 905
714 914
714 947
714 1055
714 1148
714 1228
715 765
715 867
715 953
715 1043
715 1195
716 761
716 1105
717 799
717 830
717 1041
717 1044
717 1067
717 1200
718 720
718 940
718 991
718 1101
718 1209
718 1244
719 908
719 1036
719 1218
720 991
720 998
720 1061
720 1098
720 1101
720 1209
720 1244
721 996
723 753
723 989
723 1125
723 1159
724 786
724 1147
725 859
725 933
725 1006
725 1034
725 1113
725 1194
726 746
726 785
726 952
726 985
726 1124
726 1241
727 782
727 1028
727 1119
727 1133
727 1160
728 810
728 942
728 981
728 997
728 1205
729 1122
729 1186
730 732
730 836
730 876
730 905
730 914
730 947
730 1055
730 1148
731 905
731 934
732 783
732 877
732 914
732 947
732 1055
732 1148
733 848
733 901
733 1059
733 1143
734 748
734 936
734 1064
735 1095
736 809
736 1014
736 1191
737 802
737 946
737 1060
737 1088
737 1176
737 1212
737 1226
738 786
738 853
738 869
738 1108
738 1147
739 837
739 941
739 982
739 1093
740 1054
740 1090
740 1107
740 1120
740 1187
741 819
741 907
741 1043
742 773
742 823
742 829
742 843
742 864
742 1012
743 848
743 879
743 901
743 1202
745 759
745 841
746 952
746 985
746 1139
746 1161
746 1192
747 820
747 884
747 1156
747 1201
748 936
748 1064
748 1109
749 754
749 816
749 896
749 932
749 1042
749 1084
749 1106
749 1179
750 781
750 943
751 768
751 1074
751 1129
751 1245
752 986
753 927
753 989
753 1159
753 1165
754 816
754 932
754 970
754 1042
754 1080
754 1106
754 1130
754 1179
755 824
755 987
755 1018
756 818
756 820
756 866
756 959
757 884
757 919
757 943
757 1016
757 1114
758 1020
759 841
762 845
762 1000
762 1017
762 1154
763 1004
763 1110
763 1154
764 846
764 891
764 966
764 1023
764 1136
764 1162
764 1227
765 867
765 907
765 953
765 1038
765 1072
766 882
766 902
766 939
766 1082
766 1180
767 1159
767 1221
768 793
768 907
768 1129
769 875
769 995
769 1007
770 923
770 985
770 1029
770 1192
771 951
771 963
771 1140
771 1155
771 1198
772 1171
772 1240
773 824
773 841
773 864
774 1006
774 1051
775 979
776 780
776 812
776 838
777 1050
778 1061
778 1216
779 858
779 918
779 1138
780 789
780 812
780 890
780 1056
780 1200
780 1247
781 904
781 1205
782 1047
782 1133
782 1146
782 1160
783 846
783 891
783 947
783 1162
784 1131
784 1163
784 1191
785 838
785 952
785 985
785 1031
785 1124
785 1241
786 853
786 886
786 1147
787 845
787 1019
787 1229
788 1081
789 812
789 827
789 1056
789 1152
789 1200
790 1118
790 1209
791 929
791 967
791 1008
791 1076
792 966
792 968
792 1227
793 1129
793 1214
794 807
794 907
794 1125
795 801
795 962
796 958
796 1026
796 1125
796 1188
796 1221
797 971
797 1016
797 1156
798 830
798 890
798 1056
798 1200
798 1247
799 827
799 1041
799 1063
799 1076
799 1152
800 857
800 944
800 990
800 994
800 1069
800 1100
800 1142
802 1049
802 1060
802 1212
803 1040
803 1044
803 1132
803 1150
804 944
804 1022
804 1069
804 1105
804 1142
805 819
805 860
805 880
805 1010
805 1043
805 1134
805 1165
805 1238
806 1065
807 871
808 910
808 936
808 1171
808 1222
809 889
809 1014
809 1048
810 856
810 868
810 981
810 1158
811 945
811 1225
811 1233
812 1056
812 1152
813 848
813 901
813 1140
813 1155
814 874
814 875
814 977
814 1058
814 1128
814 1181
815 920
815 965
815 975
815 988
815 993
815 1031
816 896
816 932
816 983
816 1042
816 1084
816 1106
817 860
817 906
818 820
818 866
818 972
819 860
819 880
819 989
819 1010
819 1043
819 1165
819 1238
820 854
820 866
820 972
820 1156
821 900
821 939
821 1005
821 1082
821 1099
821 1180
821 1207
822 871
822 878
822 912
822 974
822 1167
823 841
823 1012
823 1153
824 987
824 1018
825 826
825 840
825 847
825 1052
825 1068
825 1075
825 1096
825 1141
826 847
826 1052
826 1068
826 1075
826 1117
826 1141
827 1041
827 1056
827 1152
827 1200
827 1247
828 984
828 1118
828 1184
829 843
829 864
829 940
829 999
829 1021
830 890
830 913
830 1002
830 1024
830 1040
830 1041
830 1056
830 1200
830 1247
831 882
831 916
831 1082
831 1117
832 1030
832 1037
832 1063
832 1076
832 1091
832 1132
832 1233
832 1249
833 1138
834 889
834 921
834 928
834 938
834 1223
835 1122
835 1186
836 905
836 947
836 1054
837 941
837 982
837 1093
838 952
838 1031
838 1124
838 1241
839 849
839 942
839 981
840 1052
840 1062
840 1096
840 1099
840 1115
840 1144
840 1183
840 1215
842 1003
842 1113
842 1153
842 1199
842 1237
843 864
844 959
845 1000
845 1017
845 1154
845 1229
846 891
846 1023
846 1121
846 1162
846 1227
847 961
847 1068
848 879
848 901
848 1143
848 1202
849 981
849 1150
850 1017
850 1183
850 1213
850 1215
851 1131
851 1206
851 1231
852 964
852 1008
852 1076
852 1167
852 1190
853 869
853 917
853 1032
853 1108
853 1147
854 1100
854 1113
854 1243
855 867
855 953
855 1072
855 1245
856 1137
856 1158
857 994
857 1100
857 1243
858 918
859 881
859 933
859 1006
859 1034
859 1051
860 880
860 1165
860 1238
861 930
861 1028
861 1053
861 1089
861 1133
862 879
862 1111
862 1193
863 977
863 1058
863 1178
864 937
864 940
864 999
865 1126
865 1248
867 953
867 1072
868 948
869 917
869 919
869 943
869 1032
869 1108
870 961
870 1095
870 1144
870 1151
870 1215
871 1190
872 1160
873 881
873 931
873 1027
874 977
874 1058
874 1128
874 1181
875 995
875 1007
875 1181
876 1187
877 903
877 914
877 1055
877 1148
877 1168
877 1232
877 1236
878 945
878 1033
879 1111
879 1193
879 1202
880 1238
881 933
881 1034
881 1051
882 902
882 916
882 939
882 1082
882 1099
882 1115
882 1117
883 908
883 1123
883 1135
883 1177
883 1236
884 1016
884 1156
885 954
885 986
886 1147
887 899
887 1038
888 1137
889 921
889 938
889 1048
890 1056
890 1200
890 1247
891 1023
891 1121
891 1162
892 1228
892 1242
893 1030
893 1037
893 1249
894 919
894 1126
894 1222
894 1240
895 910
895 913
895 1171
895 1206
895 1222
896 932
896 1084
896 1106
898 912
898 922
898 928
900 1005
900 1033
900 1207
901 1140
901 1143
901 1155
902 939
902 1082
902 1180
904 948
904 1205
905 947
905 1054
906 1182
907 1072
907 1129
908 1036
908 1123
908 1135
908 1177
908 1236
909 1107
909 1130
909 1211
910 1171
910 1206
910 1222
911 1039
911 1046
911 1154
912 1167
913 1002
913 1024
913 1040
913 1132
913 1206
914 1055
914 1148
915 922
915 924
915 1231
916 1116
916 1117
917 1032
917 1164
918 997
919 943
919 1114
919 1240
920 965
920 975
920 993
921 938
921 1048
921 1049
921 1223
923 985
923 1029
923 1192
924 1231
925 960
925 1197
925 1201
926 1103
926 1109
927 967
928 938
929 967
929 1008
929 1076
930 1004
930 1021
930 1028
930 1053
930 1057
930 1089
930 1119
930 1133
930 1173
931 956
931 1027
931 1070
931 1071
931 1239
932 1042
932 1106
932 1130
932 1179
933 1034
933 1051
935 1070
935 1127
935 1175
935 1239
936 1064
937 999
938 1223
939 1082
939 1099
939 1180
939 1207
940 991
940 999
940 1021
940 1244
941 982
941 1093
942 981
942 1205
944 1022
944 1069
944 1105
944 1142
945 964
945 1097
946 957
946 992
946 1048
946 1060
946 1204
946 1226
947 1148
947 1228
948 1164
949 1047
949 1189
952 985
952 1031
952 1124
952 1241
953 1072
953 1121
954 986
956 1027
956 1239
956 1243
957 992
957 1048
957 1060
957 1204
958 1026
958 1152
958 1221
960 1021
960 1057
960 1118
961 1062
961 1095
961 1096
961 1144
961 1215
962 1062
962 1213
962 1215
963 1198
964 1145
964 1190
965 975
965 993
965 1031
965 1124
966 968
966 1073
966 1227
966 1245
967 1008
968 1073
968 1227
970 1042
970 1067
970 1080
970 1130
971 1006
971 1156
971 1194
971 1201
972 1025
973 1013
973 1123
973 1169
975 993
976 1069
976 1102
977 1178
977 1181
977 1228
978 1013
978 1219
979 990
979 994
979 1100
981 1158
982 1093
984 1184
984 1197
984 1235
985 1029
985 1139
985 1161
985 1192
987 1011
987 1018
988 1015
988 1224
989 1159
989 1165
989 1238
990 994
990 1100
991 998
991 1101
991 1209
991 1244
992 1048
992 1204
994 1100
994 1243
995 1007
995 1083
995 1196
996 1073
996 1220
996 1234
998 1039
998 1061
998 1101
998 1209
1000 1017
1000 1154
1002 1024
1003 1113
1003 1153
1003 1199
1004 1028
1004 1110
1004 1119
1004 1154
1005 1033
1005 1203
1006 1194
1008 1076
1008 1190
1009 1104
1009 1216
1010 1035
1010 1043
1010 1238
1011 1018
1012 1153
1013 1077
1013 1217
1013 1219
1014 1191
1016 1156
1017 1144
1017 1183
1017 1208
1017 1229
1021 1057
1021 1098
1021 1244
1022 1069
1022 1105
1022 1142
1023 1078
1023 1112
1023 1196
1026 1159
1026 1221
1027 1179
1028 1053
1028 1089
1028 1119
1028 1133
1028 1160
1029 1192
1030 1037
1030 1091
1030 1132
1030 1233
1030 1249
1031 1092
1031 1124
1031 1241
1032 1164
1034 1051
1035 1043
1036 1135
1036 1177
1036 1218
1037 1091
1037 1132
1037 1249
1039 1046
1040 1044
1040 1150
1041 1056
1041 1152
1041 1200
1041 1247
1042 1080
1042 1106
1042 1130
1042 1179
1043 1238
1044 1067
1044 1150
1045 1198
1047 1103
1048 1204
1051 1211
1052 1062
1052 1068
1052 1075
1052 1096
1052 1115
1053 1089
1053 1133
1054 1090
1054 1107
1054 1187
1054 1211
1055 1148
1056 1152
1056 1200
1056 1247
1057 1098
1057 1173
1057 1244
1058 1128
1058 1181
1059 1143
1060 1189
1060 1204
1060 1212
1061 1209
1062 1095
1062 1096
1062 1215
1063 1091
1063 1231
1066 1202
1068 1075
1069 1105
1069 1142
1070 1071
1070 1127
1070 1239
1071 1242
1072 1129
1073 1112
1073 1149
1074 1245
1075 1096
1075 1117
1075 1141
1077 1116
1077 1217
1078 1112
1078 1149
1078 1172
1078 1196
1079 1145
1079 1157
1080 1106
1080 1130
1082 1099
1082 1115
1082 1180
1083 1136
1083 1162
1083 1196
1086 1248
1088 1131
1088 1176
1088 1226
1089 1119
1089 1133
1090 1107
1090 1120
1090 1187
1090 1211
1091 1132
1091 1206
1091 1249
1092 1241
1095 1215
1096 1115
1096 1144
1096 1183
1096 1215
1097 1174
1098 1101
1098 1118
1098 1173
1098 1244
1099 1115
1100 1243
1101 1110
1101 1209
1101 1244
1103 1109
1105 1142
1106 1130
1106 1179
1107 1211
1108 1126
1108 1248
1110 1119
1110 1154
1110 1244
1111 1193
1111 1202
1112 1149
1112 1172
1113 1194
1113 1199
1114 1240
1116 1117
1116 1217
1117 1141
1119 1133
1119 1160
1120 1129
1120 1187
1121 1162
1122 1186
1122 1207
1123 1169
1123 1236
1124 1241
1125 1188
1126 1240
1126 1248
1127 1175
1127 1239
1128 1181
1131 1163
1131 1176
1131 1226
1132 1206
1132 1249
1133 1160
1134 1139
1134 1238
1135 1177
1135 1236
1140 1155
1144 1183
1144 1215
1145 1157
1148 1168
1152 1200
1153 1199
1154 1229
1156 1201
1159 1165
1159 1221
1161 1192
1163 1191
1165 1192
1165 1238
1166 1214
1166 1246
1168 1178
1170 1237
1171 1222
1175 1239
1176 1226
1177 1236
1180 1207
1183 1213
1183 1215
1189 1212
1200 1247
1203 1223
1206 1231
1209 1244
1212 1225
1213 1215
1214 1246
1217 1219
1220 1234
1222 1240
1225 1233
1227 1245
1228 1242
