0 101
0 427
0 460
0 561
0 692
0 801
0 991
0 1021
0 1023
1 54
1 182
2 40
2 222
2 367
2 368
2 406
2 635
2 663
2 687
2 744
2 829
2 1010
2 1022
3 293
3 451
3 670
3 1053
3 1116
3 1147
3 1154
5 53
5 132
5 138
5 324
5 507
5 563
5 820
5 890
5 958
5 960
5 1091
5 1230
5 1238
6 22
6 117
6 221
6 337
6 452
6 492
6 542
6 637
6 716
6 985
6 1223
7 46
7 251
7 282
7 370
7 378
7 605
7 708
7 776
7 861
7 920
7 1004
8 25
8 67
8 86
8 454
8 491
8 603
8 824
8 932
8 1018
8 1110
8 1160
8 1236
9 71
9 384
9 385
9 389
9 456
9 585
9 711
9 796
9 862
9 976
9 987
9 1214
10 230
10 233
10 556
10 656
10 842
10 1168
10 1198
11 12
11 48
11 62
11 107
11 252
11 363
11 425
11 432
11 457
11 495
11 592
11 738
11 869
11 1165
12 48
12 62
12 107
12 425
12 457
12 738
12 869
12 912
12 1165
12 1241
13 21
13 76
13 216
13 377
13 685
13 821
13 827
13 940
13 1049
14 311
14 424
14 481
14 504
14 618
14 786
14 867
14 928
14 979
15 449
15 839
15 927
15 1047
15 1115
16 582
16 624
16 736
16 850
16 939
16 1016
17 69
17 172
17 249
17 543
17 610
17 808
17 947
17 994
17 1007
17 1193
18 51
18 96
18 248
18 266
18 272
18 344
18 595
18 682
18 739
18 836
18 901
18 951
18 1220
19 34
19 263
19 646
19 969
19 1013
19 1130
20 219
20 472
20 1011
20 1247
21 112
21 216
21 377
21 470
21 685
21 821
21 827
21 897
21 1049
22 337
22 395
22 725
22 853
22 936
22 985
22 995
23 140
23 265
23 328
23 386
23 456
23 466
23 471
23 568
23 929
23 1101
23 1189
24 659
24 810
24 822
24 856
24 996
24 1120
24 1162
25 107
25 432
25 454
25 603
25 824
25 906
25 1018
25 1025
25 1080
25 1165
25 1236
26 52
26 699
26 702
26 709
26 843
26 891
26 1036
26 1135
26 1144
27 36
27 113
27 156
27 311
27 331
27 508
27 786
27 794
28 65
28 127
28 245
28 304
28 327
28 510
28 594
28 643
28 690
28 707
28 978
28 1234
28 1245
29 1093
30 81
30 306
30 411
30 491
30 621
30 630
30 841
30 872
30 967
30 1008
30 1039
30 1040
30 1160
30 1210
31 53
31 211
31 358
31 480
31 522
31 526
31 623
31 798
31 977
31 980
31 1064
31 1094
31 1118
31 1145
32 68
32 277
32 502
32 706
32 755
32 811
32 812
32 814
32 922
33 71
33 389
33 467
33 486
33 497
33 550
33 844
33 963
33 987
33 1095
34 144
34 369
34 539
34 646
34 745
34 969
34 1041
34 1244
35 49
35 125
35 415
35 465
35 501
35 505
35 530
35 538
35 574
35 600
35 778
35 780
35 806
35 845
35 1190
35 1232
35 1246
36 113
36 145
36 228
36 311
36 416
36 786
36 1032
36 1138
36 1224
37 662
37 666
37 791
38 126
38 201
38 647
38 695
38 981
38 1028
38 1122
38 1177
38 1227
39 116
39 211
39 480
39 526
39 628
39 673
39 1064
39 1118
40 298
40 367
40 368
40 406
40 535
40 635
40 663
40 744
40 829
40 970
40 982
40 1010
40 1022
41 122
41 133
41 162
41 198
41 360
41 423
41 573
41 578
41 863
41 911
41 1012
41 1029
41 1097
42 173
42 283
42 374
42 434
42 460
42 552
42 789
42 792
42 991
42 1002
42 1171
43 175
43 181
43 261
43 283
43 301
43 374
43 392
43 552
43 696
43 754
43 792
43 840
43 951
44 230
44 233
44 615
44 674
44 1158
44 1168
44 1178
45 128
45 210
45 264
45 353
45 447
45 921
45 1112
45 1205
45 1206
46 251
46 370
46 378
46 408
46 435
46 776
46 855
46 861
46 920
46 992
46 1004
46 1114
47 167
47 259
47 332
47 608
47 651
47 683
47 761
47 904
47 914
47 1069
47 1237
48 62
48 299
48 425
48 457
48 788
48 869
49 77
49 125
49 321
49 387
49 439
49 473
49 538
49 559
49 574
49 692
49 780
49 1190
49 1232
50 170
50 426
50 537
50 731
50 1108
50 1179
51 96
51 248
51 266
51 272
51 344
51 595
51 682
51 729
51 739
51 901
51 1082
51 1220
51 1221
51 1249
52 191
52 239
52 709
52 1036
53 61
53 132
53 138
53 310
53 358
53 562
53 583
53 623
53 798
53 890
53 958
53 977
53 980
53 1091
53 1094
53 1145
53 1230
54 185
54 292
54 339
54 815
54 1183
55 87
55 149
55 196
55 380
55 409
55 571
55 619
55 999
56 85
56 139
56 242
56 363
56 372
56 698
56 724
56 854
56 970
56 982
57 341
57 471
57 547
57 693
57 849
57 871
57 877
57 1079
57 1139
58 201
58 270
58 608
58 647
58 648
58 847
58 915
58 981
58 1249
59 220
59 286
59 357
59 816
59 1146
60 148
60 284
60 385
60 450
60 671
60 782
60 862
60 962
60 1070
60 1128
60 1139
61 138
61 358
61 548
61 798
61 977
61 980
61 1094
61 1145
62 193
62 252
62 425
62 457
62 513
62 592
62 661
62 738
62 835
62 841
62 869
62 872
62 912
62 1005
62 1165
62 1241
63 326
63 546
63 601
63 660
63 697
63 723
63 1063
63 1187
64 196
64 246
64 322
64 380
64 527
64 601
64 735
64 1006
64 1187
65 127
65 304
65 327
65 510
65 643
65 686
65 690
65 771
65 978
65 1234
65 1245
66 131
66 335
66 394
66 462
66 468
66 743
66 778
66 851
66 1155
67 86
67 118
67 223
67 240
67 498
67 563
67 603
67 664
67 665
67 750
67 824
67 942
67 1086
67 1110
67 1188
67 1236
67 1238
68 154
68 224
68 277
68 545
68 706
68 755
68 811
68 812
68 814
68 922
68 1019
69 110
69 249
69 365
69 371
69 610
69 732
69 767
69 857
69 947
69 994
69 1007
69 1098
69 1193
70 92
70 238
70 370
70 378
70 606
70 631
70 666
70 920
70 1225
71 384
71 389
71 486
71 599
71 796
71 976
71 987
71 1095
72 148
72 329
72 385
72 614
72 711
72 862
72 962
72 1020
72 1070
73 201
73 490
73 517
73 564
73 582
73 624
73 627
73 737
73 847
73 915
73 1016
74 303
74 444
74 591
74 655
74 682
74 705
74 713
74 729
74 1043
74 1127
75 326
75 361
75 587
75 714
75 959
75 983
75 1061
75 1169
75 1201
76 168
76 216
76 286
76 330
76 377
76 757
76 821
76 940
76 1213
77 125
77 197
77 321
77 352
77 387
77 439
77 446
77 559
77 692
77 807
77 1074
78 354
78 459
78 467
78 520
78 631
78 992
78 1001
78 1087
78 1202
79 153
79 174
79 204
79 225
79 403
79 442
79 511
79 569
79 576
79 718
79 759
79 802
79 918
79 986
79 1052
79 1151
79 1173
79 1209
80 868
80 1132
80 1217
81 105
81 401
81 593
81 669
81 680
81 838
81 967
81 995
81 1008
81 1040
82 187
82 192
82 247
82 300
82 898
82 934
82 972
82 1003
82 1121
82 1194
83 187
83 192
83 202
83 208
83 419
83 1003
83 1121
83 1194
84 93
84 190
84 197
84 281
84 352
84 391
84 807
84 878
84 931
84 993
84 1025
85 139
85 363
85 372
85 698
85 854
86 118
86 223
86 383
86 495
86 498
86 664
86 677
86 824
86 875
86 913
86 1066
86 1110
86 1160
86 1188
87 196
87 250
87 322
87 366
87 380
87 409
87 429
87 619
87 658
87 753
87 787
87 830
87 954
87 1131
87 1181
88 134
88 205
88 341
88 386
88 400
88 404
88 407
88 547
88 565
88 871
88 929
88 989
88 1014
88 1079
88 1081
89 100
89 111
89 167
89 259
89 307
89 455
89 525
89 651
89 813
89 1148
89 1237
90 252
90 257
90 592
90 669
90 700
90 838
90 894
90 1105
90 1178
91 240
91 287
91 334
91 824
91 1031
91 1080
91 1119
91 1136
91 1150
92 171
92 179
92 422
92 520
92 606
92 631
92 641
92 1015
92 1225
93 150
93 190
93 197
93 281
93 352
93 485
93 554
93 807
93 878
93 931
93 993
94 236
94 243
94 303
94 410
94 428
94 591
94 667
94 684
94 705
94 809
94 822
94 856
94 903
95 136
95 212
95 500
95 524
95 653
95 867
95 1125
96 248
96 270
96 301
96 381
96 595
96 739
96 836
96 901
96 951
96 1220
96 1221
96 1249
97 163
97 244
97 314
97 355
97 598
97 620
97 795
97 852
97 944
97 1074
97 1196
97 1240
98 161
98 306
98 343
98 411
98 454
98 630
98 657
98 841
98 932
98 1025
98 1210
99 263
99 345
99 501
99 646
99 845
99 946
99 1024
100 111
100 167
100 307
100 525
100 561
100 785
100 813
100 924
100 968
100 1134
101 190
101 197
101 244
101 352
101 355
101 391
101 427
101 620
101 692
101 807
101 878
101 944
101 993
101 1021
102 180
102 294
102 472
102 482
102 597
102 644
102 710
102 766
102 810
102 893
102 1108
102 1133
102 1162
102 1226
103 120
103 319
103 535
103 541
103 635
103 663
103 724
103 970
103 982
103 1027
103 1057
103 1158
103 1172
104 717
104 790
104 1083
104 1107
104 1203
105 112
105 315
105 401
105 470
105 593
105 669
105 680
105 701
105 725
105 838
105 955
105 1008
106 291
106 295
106 366
106 440
106 475
106 734
106 753
106 1056
106 1181
107 425
107 432
107 457
107 495
107 738
107 906
107 1165
108 246
108 437
108 440
108 527
108 555
108 584
108 818
108 909
108 1006
108 1078
108 1096
109 326
109 587
109 735
109 1201
110 282
110 346
110 365
110 371
110 708
110 741
110 861
111 167
111 307
111 308
111 332
111 525
111 651
111 813
111 1148
111 1237
112 130
112 315
112 470
112 593
112 701
112 838
112 897
112 948
112 955
113 141
113 228
113 311
113 416
113 508
113 686
113 786
113 794
113 1032
113 1123
113 1138
113 1224
114 575
114 892
114 998
114 1000
114 1200
115 154
115 273
115 530
115 540
115 600
115 688
115 722
115 837
115 1019
116 123
116 165
116 211
116 399
116 526
116 673
116 1222
117 256
117 288
117 452
117 492
117 542
117 612
117 634
117 720
117 783
117 936
117 985
118 223
118 383
118 495
118 498
118 664
118 681
118 913
118 1188
119 253
119 255
119 760
119 804
119 1043
119 1046
119 1185
120 319
120 541
120 1137
120 1172
121 278
121 328
121 418
121 438
121 456
121 466
121 568
121 796
121 919
121 938
122 131
122 133
122 198
122 534
122 578
122 679
122 863
122 874
122 911
122 1029
122 1155
122 1207
123 175
123 211
123 673
123 964
123 1113
123 1126
123 1222
124 146
124 414
124 460
124 792
124 887
124 991
124 1060
124 1085
124 1092
124 1113
124 1242
125 321
125 352
125 387
125 439
125 505
125 538
125 559
125 574
125 692
125 1232
126 201
126 236
126 478
126 517
126 647
126 668
126 847
126 908
127 304
127 361
127 510
127 643
127 723
127 771
127 978
127 1234
127 1245
128 210
128 264
128 417
128 443
128 447
128 511
128 576
128 726
128 921
128 1112
128 1199
128 1205
128 1206
129 143
129 176
129 180
129 626
129 766
129 1163
130 315
130 470
130 551
130 842
130 897
130 948
130 1231
131 133
131 462
131 679
131 911
131 1019
131 1155
132 138
132 310
132 358
132 562
132 563
132 583
132 623
132 890
132 958
132 1091
132 1094
132 1230
133 162
133 198
133 360
133 573
133 578
133 679
133 863
133 874
133 911
133 1012
133 1029
133 1155
133 1207
134 264
134 400
134 407
134 433
134 490
134 751
134 871
134 879
134 921
134 929
134 989
134 1014
134 1100
134 1170
134 1218
135 160
135 199
135 217
135 390
135 469
135 479
135 544
135 596
135 716
135 799
135 952
135 990
135 1067
135 1157
136 254
136 424
136 529
136 653
136 660
136 867
136 999
136 1125
137 222
137 246
137 437
137 523
137 532
137 617
137 681
137 703
137 818
137 829
137 896
137 913
137 1022
138 229
138 310
138 358
138 562
138 563
138 583
138 623
138 798
138 890
138 958
138 977
138 980
138 1094
138 1145
138 1230
139 372
139 698
139 854
140 151
140 213
140 265
140 328
140 384
140 456
140 466
140 568
140 585
140 796
140 800
140 1009
140 1149
140 1176
140 1189
141 228
141 359
141 393
141 935
141 1017
141 1032
141 1087
141 1123
142 218
142 267
142 347
142 594
142 611
142 900
142 948
142 1077
142 1088
143 214
143 274
143 296
143 607
143 626
143 809
143 1163
144 463
144 539
144 580
144 638
144 745
144 784
144 825
144 1041
145 361
145 481
145 686
145 771
145 786
145 979
145 1138
146 157
146 227
146 382
146 414
146 460
146 747
146 887
146 1060
146 1085
146 1229
147 477
147 534
147 767
147 773
147 826
147 857
148 385
148 464
148 614
148 671
148 769
148 782
148 862
148 962
148 1070
148 1128
149 250
149 364
149 409
149 619
149 645
149 658
149 787
149 830
150 190
150 197
150 439
150 485
150 554
150 625
150 640
150 846
150 912
150 931
151 328
151 456
151 486
151 796
151 800
151 1009
151 1149
151 1189
152 822
152 831
152 1058
152 1189
152 1235
153 174
153 178
153 204
153 225
153 403
153 418
153 438
153 569
153 718
153 759
153 802
153 879
153 918
153 938
153 1075
153 1219
154 188
154 388
154 448
154 540
154 688
154 722
154 814
154 837
154 1071
155 275
155 431
155 793
155 885
156 254
156 311
156 508
156 529
156 575
156 794
156 873
156 1125
157 227
157 484
157 689
157 747
157 876
157 1060
157 1080
157 1136
157 1150
157 1229
158 308
158 332
158 483
158 581
158 651
158 683
158 774
158 833
158 899
158 914
158 1212
159 429
159 437
159 498
159 523
159 532
159 617
159 665
159 677
159 703
159 875
159 954
159 1086
160 364
160 469
160 479
160 544
160 629
160 694
160 892
160 1157
161 306
161 411
161 454
161 473
161 630
161 657
161 780
161 841
161 932
161 1039
161 1210
162 198
162 351
162 360
162 396
162 431
162 487
162 488
162 573
162 578
162 636
162 834
162 1012
162 1029
163 244
163 314
163 355
163 620
163 944
163 968
164 237
164 375
164 376
164 402
164 421
164 453
164 553
164 691
164 817
164 973
164 1090
164 1156
164 1164
165 310
165 374
165 399
165 628
165 673
165 817
165 951
165 964
165 971
165 1113
165 1222
166 170
166 258
166 941
167 259
167 307
167 521
167 525
167 651
167 761
167 813
167 904
167 914
167 1148
167 1237
168 330
168 732
168 757
168 816
168 1098
169 494
169 513
169 600
169 1039
169 1097
170 184
170 258
170 426
170 770
170 941
170 1179
171 179
171 293
171 422
171 451
171 1015
171 1116
171 1154
172 249
172 543
172 808
172 994
172 1104
173 310
173 374
173 453
173 553
173 789
173 1002
173 1091
174 178
174 204
174 225
174 403
174 442
174 511
174 569
174 718
174 759
174 802
174 918
174 986
174 1051
174 1052
174 1209
175 181
175 261
175 414
175 696
175 792
175 840
175 887
175 964
175 1092
175 1113
175 1222
176 626
176 770
176 1106
176 1247
177 326
177 499
177 723
177 735
177 983
177 1061
177 1201
178 348
178 403
178 442
178 560
178 569
178 637
178 654
178 718
178 759
178 802
178 918
178 1051
178 1219
178 1223
179 422
179 436
179 606
179 631
179 641
179 1015
179 1225
180 482
180 515
180 597
180 626
180 644
180 712
180 766
180 810
180 893
180 1108
180 1133
180 1162
180 1226
180 1243
181 261
181 283
181 301
181 374
181 392
181 434
181 552
181 696
181 754
181 792
181 951
181 971
182 194
182 228
182 316
182 416
182 516
182 676
182 823
183 333
183 338
183 412
183 558
183 672
183 1055
183 1161
184 258
184 342
184 524
184 571
184 941
184 1124
185 292
185 520
185 763
185 815
185 1087
186 232
186 234
186 736
186 939
186 1016
187 192
187 419
187 1003
187 1121
187 1194
188 224
188 302
188 312
188 329
188 362
188 388
188 961
188 1045
188 1071
188 1114
189 214
189 274
189 296
189 1106
190 197
190 281
190 352
190 391
190 485
190 620
190 807
190 878
190 931
190 993
191 239
191 1036
192 247
192 297
192 925
192 1003
192 1121
192 1194
193 297
193 513
193 586
193 640
193 661
193 835
193 869
193 872
193 912
193 925
193 984
193 1005
193 1241
194 218
194 316
194 347
194 393
194 506
194 514
194 516
194 609
194 742
194 900
195 260
195 417
195 443
195 533
195 726
195 740
195 1013
195 1199
195 1248
196 322
196 380
196 409
196 546
196 619
196 1056
196 1063
197 321
197 352
197 391
197 439
197 473
197 485
197 554
197 559
197 692
197 807
197 878
197 931
197 993
198 351
198 360
198 396
198 431
198 477
198 534
198 573
198 578
198 834
198 863
198 911
198 1012
198 1029
198 1207
199 469
199 478
199 479
199 799
199 952
199 975
199 1067
199 1186
200 327
200 430
200 551
200 633
200 649
200 690
200 907
200 1038
200 1231
201 490
201 517
201 627
201 647
201 648
201 737
201 847
201 915
201 981
201 1227
202 208
202 357
202 572
202 733
202 1003
202 1194
203 614
203 1020
204 225
204 350
204 442
204 511
204 569
204 576
204 718
204 756
204 759
204 775
204 802
204 986
204 1024
204 1052
204 1151
204 1173
204 1209
205 232
205 234
205 400
205 407
205 490
205 564
205 565
205 929
205 989
205 1014
205 1081
206 218
206 551
206 652
206 690
206 900
206 948
206 965
206 997
206 1088
207 235
207 318
207 350
207 415
207 465
207 501
207 845
207 1246
208 572
208 602
208 1003
209 346
209 413
209 558
209 639
209 732
209 880
209 882
209 888
209 1055
210 379
210 417
210 567
210 726
210 921
210 1170
210 1174
210 1199
210 1205
210 1248
211 480
211 522
211 526
211 1064
211 1126
212 342
212 500
212 524
213 384
213 474
213 585
213 599
213 976
213 988
213 1062
213 1101
213 1109
213 1176
213 1214
214 274
214 296
214 713
214 804
214 1106
215 298
215 420
215 556
215 656
215 1166
216 377
216 821
216 827
217 390
217 469
217 596
217 622
217 716
217 952
217 990
217 1067
217 1102
218 316
218 327
218 551
218 594
218 690
218 900
218 948
218 965
218 1088
219 472
219 1011
220 286
220 325
220 330
220 757
220 816
220 940
220 1146
221 528
221 596
221 716
221 926
221 990
221 1067
221 1140
221 1157
221 1216
222 368
222 681
222 717
222 728
222 744
222 910
222 1010
222 1022
222 1078
222 1096
223 383
223 498
223 523
223 677
223 875
223 913
223 953
223 1066
223 1086
223 1110
223 1160
223 1188
224 251
224 282
224 302
224 312
224 329
224 362
224 435
224 708
224 741
224 861
224 961
224 1114
225 264
225 403
225 442
225 511
225 569
225 576
225 759
225 802
225 918
225 921
225 986
225 1069
225 1112
226 762
226 1129
226 1215
227 484
227 689
227 747
227 876
227 1060
227 1080
227 1136
227 1150
227 1229
228 416
228 516
228 686
228 1032
228 1123
228 1138
228 1224
229 310
229 382
229 522
229 562
229 623
229 887
229 890
229 964
229 1113
229 1126
230 233
230 615
230 1168
231 236
231 667
231 737
231 847
231 915
231 943
232 234
232 407
232 736
232 939
232 1016
232 1081
233 1168
234 407
234 736
234 939
234 989
235 318
235 350
235 442
235 509
235 560
235 569
235 570
235 806
235 1052
235 1246
236 410
236 428
236 624
236 667
236 737
236 847
236 943
237 421
237 691
237 727
237 1090
238 333
238 459
238 606
238 631
238 666
238 1225
239 1036
240 603
240 750
240 824
240 942
240 1018
240 1080
240 1119
240 1236
241 461
241 748
241 859
241 924
242 363
242 368
242 372
242 535
242 635
242 744
242 854
242 970
242 982
243 428
243 667
243 684
244 314
244 355
244 391
244 427
244 620
244 944
244 1042
245 267
245 304
245 707
245 842
245 897
245 1077
246 295
246 437
246 527
246 532
246 617
246 703
246 818
246 954
247 297
247 586
247 661
247 733
247 835
247 916
247 925
247 984
247 1121
247 1194
248 272
248 381
248 566
248 595
248 682
248 739
248 901
248 951
248 1082
248 1220
248 1249
249 371
249 543
249 708
249 808
249 994
249 1007
250 364
250 409
250 619
250 645
250 658
250 787
250 830
250 860
250 1131
250 1140
251 282
251 329
251 370
251 378
251 435
251 605
251 708
251 776
251 855
251 861
251 920
251 1004
251 1114
252 297
252 592
252 661
252 700
252 738
252 788
252 835
252 869
252 872
252 967
252 984
252 1165
252 1241
253 405
253 828
253 1182
254 508
254 529
254 653
254 777
254 794
254 998
254 1125
255 274
255 719
255 760
255 804
255 1046
255 1090
255 1185
256 288
256 306
256 411
256 491
256 612
256 621
256 630
256 783
256 853
256 936
256 985
256 995
256 1210
257 300
257 401
257 685
257 827
257 916
257 967
257 1037
257 1049
257 1105
257 1178
258 941
259 761
259 768
259 904
259 933
259 1069
259 1148
259 1237
260 496
260 533
260 721
260 740
260 1130
260 1159
260 1248
261 301
261 696
261 836
261 951
261 1222
262 346
262 365
262 413
262 579
262 639
262 704
262 741
262 772
262 776
262 880
262 1026
262 1114
262 1161
262 1228
263 345
263 443
263 646
263 946
263 969
263 1013
263 1024
263 1130
264 353
264 447
264 490
264 751
264 879
264 921
264 1100
264 1112
264 1170
264 1205
264 1206
264 1227
265 328
265 386
265 456
265 466
265 471
265 568
265 585
265 796
265 800
265 1101
265 1149
265 1189
266 272
266 344
266 595
266 729
266 901
266 1185
267 347
267 594
267 611
267 900
267 1077
267 1088
268 693
268 858
268 877
268 1054
268 1175
269 323
269 339
269 493
269 1035
269 1152
269 1183
270 608
270 648
270 981
270 1221
270 1249
271 278
271 654
271 919
271 938
271 1045
271 1072
272 344
272 421
272 595
272 682
272 739
272 901
272 951
273 318
273 415
273 501
273 540
273 806
273 845
273 884
273 1246
274 296
274 655
274 713
274 804
275 512
275 519
275 793
275 885
275 1215
276 372
276 589
276 635
276 728
276 744
276 1107
276 1167
277 502
277 545
277 679
277 706
277 755
277 812
277 814
277 922
277 1019
278 418
278 438
278 478
278 568
278 668
278 799
278 919
278 938
278 975
278 1186
279 393
279 506
279 579
279 629
279 652
279 935
279 1001
279 1017
279 1033
279 1087
280 397
280 455
280 616
280 768
281 878
281 912
281 931
282 329
282 362
282 365
282 435
282 708
282 741
282 776
282 861
282 920
282 961
282 1114
283 374
283 392
283 434
283 552
283 581
283 696
283 754
283 789
283 792
283 833
283 991
283 1134
284 385
284 450
284 474
284 670
284 962
284 1062
284 1147
284 1192
285 338
285 413
285 514
285 579
285 639
285 870
285 880
285 888
285 1088
285 1228
286 325
286 330
286 357
286 757
286 816
286 1146
287 334
287 937
287 1031
288 411
288 491
288 612
288 621
288 630
288 720
288 783
288 889
288 932
288 1073
288 1204
289 315
289 395
289 430
289 549
289 642
289 680
289 945
289 1038
289 1197
289 1231
290 613
291 295
291 322
291 366
291 380
291 440
291 475
291 734
291 753
291 1056
291 1181
292 467
292 520
292 536
292 763
292 815
292 866
292 1001
292 1087
293 422
293 451
293 1116
293 1154
294 390
294 597
294 659
294 710
294 810
294 949
294 1102
294 1133
294 1162
295 366
295 437
295 440
295 475
295 753
295 818
295 896
295 954
295 1181
296 1106
296 1163
297 586
297 661
297 788
297 835
297 869
297 916
297 925
297 984
297 1005
297 1121
297 1241
298 663
298 790
298 1010
298 1166
298 1172
299 700
299 788
300 615
300 700
300 898
300 934
300 1178
300 1194
300 1233
301 399
301 696
301 739
301 754
301 836
301 951
301 971
301 1222
302 312
302 329
302 435
302 711
302 855
302 961
302 1045
302 1114
303 410
303 428
303 444
303 591
303 655
303 659
303 705
303 713
303 809
303 856
303 903
304 510
304 643
304 707
305 424
305 476
305 500
305 867
305 1169
306 411
306 454
306 491
306 630
306 657
306 841
306 932
306 1039
306 1210
307 392
307 521
307 525
307 785
307 813
307 840
307 859
307 924
307 1134
307 1242
308 332
308 483
308 581
308 651
308 683
308 774
308 899
308 1212
309 818
309 896
309 1078
309 1096
310 374
310 376
310 453
310 583
310 623
310 817
310 890
310 964
310 1091
310 1113
310 1230
311 481
311 508
311 529
311 618
311 786
311 794
311 1032
312 329
312 362
312 435
312 961
312 1045
312 1071
312 1114
313 464
313 496
313 557
313 604
313 715
313 779
313 930
314 317
314 355
314 598
314 620
314 795
314 852
314 944
314 968
314 1074
314 1196
314 1240
315 470
315 549
315 593
315 680
315 701
315 725
315 948
315 955
315 997
316 347
316 393
316 506
316 516
316 609
316 690
316 900
316 1017
317 441
317 598
317 795
317 1196
317 1240
318 350
318 415
318 465
318 501
318 540
318 806
318 845
318 884
318 1052
318 1246
319 1137
319 1172
320 492
320 509
320 570
320 637
320 985
320 1051
320 1071
320 1153
320 1184
320 1223
321 352
321 387
321 439
321 473
321 538
321 559
321 692
321 807
322 380
322 577
322 734
322 1056
323 339
323 1035
323 1152
324 563
324 699
324 958
324 1091
325 330
325 572
325 757
325 826
325 940
325 1146
325 1191
325 1213
326 499
326 587
326 601
326 723
326 735
326 983
326 1006
326 1061
326 1169
326 1187
326 1201
327 510
327 551
327 594
327 633
327 643
327 686
327 690
327 900
327 907
327 1231
327 1245
328 418
328 456
328 466
328 568
328 796
328 800
328 1009
328 1058
328 1149
328 1189
329 435
329 711
329 855
329 961
329 1045
330 732
330 757
330 940
330 1098
330 1146
330 1191
330 1213
331 359
331 575
331 794
332 651
332 683
332 774
332 1069
332 1237
333 338
333 354
333 412
333 459
333 672
333 1161
333 1202
334 1031
334 1119
335 369
335 394
335 462
335 468
335 743
335 784
335 966
335 1244
336 497
336 550
336 844
336 866
336 1050
337 458
337 492
337 819
337 936
337 957
337 985
337 1084
337 1184
338 354
338 514
338 609
338 672
338 880
338 882
338 1055
338 1161
338 1228
339 1183
340 484
340 689
340 1136
341 386
341 407
341 471
341 547
341 565
341 849
341 871
341 877
341 929
341 1081
342 524
342 577
342 999
342 1056
343 454
343 820
343 889
343 905
343 932
343 960
343 1002
343 1025
343 1171
343 1204
344 399
344 595
344 739
344 836
344 901
345 394
345 415
345 463
345 501
345 505
345 580
345 638
345 646
345 784
345 845
345 1041
346 365
346 639
346 741
346 880
347 514
347 516
347 594
347 611
347 742
347 900
347 1077
347 1088
348 403
348 509
348 560
348 570
348 637
348 774
348 918
348 1051
348 1219
348 1223
349 433
349 464
349 715
349 746
349 756
349 775
349 848
349 1173
350 442
350 511
350 569
350 576
350 802
350 884
350 946
350 986
350 1024
350 1052
350 1151
351 396
351 431
351 488
351 636
351 793
351 834
352 391
352 439
352 559
352 620
352 692
352 807
352 878
352 931
352 993
353 447
353 490
353 648
353 879
353 921
353 981
353 1112
353 1205
353 1206
353 1227
354 459
354 514
354 609
354 672
354 676
354 1183
354 1202
355 391
355 427
355 620
355 944
355 1042
356 373
356 404
356 746
356 781
356 886
356 956
357 1003
357 1194
357 1233
358 522
358 562
358 623
358 798
358 890
358 977
358 980
358 1094
358 1118
358 1145
359 536
359 575
359 866
360 423
360 487
360 494
360 573
360 1012
360 1029
360 1034
360 1097
361 481
361 714
361 771
361 979
361 1234
362 435
362 704
362 741
362 961
362 1071
362 1114
363 372
363 457
363 495
363 698
363 700
363 854
363 982
364 409
364 544
364 619
364 645
364 658
364 752
364 777
364 1157
364 1208
365 558
365 708
365 741
365 776
365 861
365 880
365 1114
366 380
366 429
366 475
366 709
366 734
366 753
366 787
366 843
366 864
366 891
366 954
366 1065
366 1181
367 368
367 406
367 556
367 642
367 656
367 687
367 829
367 1022
367 1099
367 1180
367 1198
368 406
368 535
368 635
368 663
368 728
368 744
368 829
368 970
368 982
368 1010
368 1022
369 449
369 539
369 745
369 784
369 1041
369 1115
369 1244
370 378
370 408
370 435
370 855
370 920
370 992
371 543
371 708
371 767
371 994
372 635
372 698
372 728
372 854
372 970
372 982
373 400
373 404
373 781
373 871
373 886
373 956
373 1079
374 434
374 453
374 754
374 789
374 792
374 951
374 964
374 971
374 1113
375 376
375 402
375 628
375 727
375 973
375 1156
376 402
376 421
376 453
376 583
376 623
376 628
376 691
376 817
376 973
376 1091
376 1156
377 821
377 870
377 888
378 408
378 435
378 776
378 920
378 992
378 1161
378 1228
379 567
379 781
379 1159
379 1174
380 734
380 753
380 1056
381 566
381 595
381 682
381 695
381 739
381 1028
381 1082
381 1220
381 1249
382 484
382 522
382 562
382 887
382 890
382 964
382 980
382 1060
382 1085
382 1094
382 1113
382 1126
383 617
383 642
383 677
383 687
383 703
383 829
383 875
383 913
383 953
383 1066
383 1160
383 1180
384 389
384 456
384 474
384 585
384 599
384 796
384 976
384 987
384 988
384 1062
384 1109
384 1176
384 1214
385 671
385 711
385 862
385 962
385 976
386 471
386 565
386 849
386 929
386 1081
386 1189
386 1235
387 446
387 463
387 505
387 559
387 632
387 692
387 852
387 1074
387 1232
388 448
388 540
388 722
388 837
388 1071
388 1153
388 1184
389 486
389 550
389 599
389 796
389 976
389 987
389 1095
389 1176
390 469
390 479
390 716
390 952
390 990
390 1067
390 1102
391 427
391 620
391 807
391 878
391 944
391 993
391 1021
391 1042
392 521
392 552
392 581
392 651
392 696
392 785
392 840
392 914
392 1134
393 506
393 652
393 935
393 1001
393 1017
393 1033
393 1087
394 462
394 463
394 468
394 505
394 574
394 743
394 778
394 784
394 1143
394 1232
395 430
395 645
395 853
395 945
395 995
395 1038
395 1140
395 1197
396 431
396 487
396 488
396 573
396 578
396 636
396 834
396 874
396 1012
396 1207
397 580
397 616
397 638
397 825
398 507
398 563
398 665
398 750
398 843
398 1188
399 628
399 673
399 865
399 951
399 971
399 1222
400 404
400 407
400 565
400 751
400 871
400 886
400 929
400 989
400 1014
400 1079
400 1081
400 1100
400 1170
401 470
401 593
401 685
401 827
401 967
401 1008
401 1037
401 1040
401 1049
401 1105
402 691
402 973
402 1036
402 1089
402 1135
402 1156
403 438
403 569
403 654
403 718
403 759
403 802
403 918
403 1051
403 1219
404 547
404 565
404 871
404 886
404 956
404 1014
404 1079
405 828
405 1182
406 656
406 663
406 687
406 744
406 829
406 894
406 1010
406 1022
406 1180
406 1198
407 490
407 564
407 565
407 871
407 929
407 989
407 1014
407 1081
408 435
408 855
408 963
408 992
409 619
409 645
409 658
409 787
409 830
409 1131
410 428
410 659
410 822
410 908
410 943
411 491
411 612
411 621
411 630
411 783
411 841
411 932
411 936
411 1039
411 1210
412 882
412 1055
413 639
413 701
413 704
413 821
413 955
414 460
414 461
414 552
414 785
414 792
414 840
414 887
414 991
414 1060
414 1092
414 1113
414 1134
414 1242
415 465
415 501
415 505
415 574
415 845
415 884
415 1246
416 516
416 686
416 786
416 1032
416 1138
416 1224
417 443
417 511
417 576
417 726
417 933
417 986
417 1024
417 1151
417 1199
417 1248
418 438
418 445
418 466
418 568
418 879
418 938
418 1075
418 1218
419 885
420 556
420 656
420 1166
421 691
421 817
421 973
421 1090
421 1156
421 1164
421 1239
422 451
422 641
422 1116
422 1154
423 494
423 688
423 837
423 911
423 1019
423 1029
423 1097
424 481
424 500
424 504
424 653
424 660
424 867
424 979
424 1125
424 1169
425 457
425 738
425 835
425 869
425 912
425 1241
426 770
426 941
426 1108
426 1179
427 460
427 747
427 876
427 944
427 1021
427 1042
427 1229
428 591
428 667
428 684
428 705
428 822
428 903
428 943
429 753
429 787
429 830
429 860
429 864
429 891
429 954
429 1065
429 1131
429 1181
430 619
430 752
430 945
430 1038
430 1131
430 1197
430 1208
430 1231
431 488
431 793
431 834
432 457
432 495
432 738
432 906
432 1165
433 445
433 671
433 848
433 1079
433 1100
433 1103
433 1128
433 1139
433 1173
434 552
434 581
434 754
434 789
434 833
434 1028
435 741
435 776
435 855
435 861
435 920
435 961
435 992
435 1114
436 606
436 641
436 662
436 765
436 1035
436 1225
437 440
437 523
437 527
437 532
437 617
437 703
437 753
437 818
437 896
437 954
437 1078
437 1181
438 478
438 568
438 668
438 879
438 918
438 938
438 1075
438 1218
438 1219
439 473
439 485
439 538
439 554
439 559
439 625
439 846
440 475
440 527
440 584
440 818
440 909
440 1006
440 1078
441 588
441 598
441 758
441 795
441 1196
441 1240
442 511
442 560
442 569
442 718
442 759
442 802
442 986
442 1024
442 1052
443 933
443 986
443 1024
443 1069
443 1151
443 1237
444 655
444 659
444 710
444 713
444 923
444 1239
445 671
445 862
445 929
445 938
445 1075
445 1103
445 1139
446 463
446 588
446 598
446 758
446 795
446 832
446 852
446 1074
446 1196
447 490
447 751
447 879
447 921
447 1100
447 1112
447 1170
447 1205
447 1206
448 458
448 688
448 722
448 837
448 957
449 745
449 1047
449 1115
449 1143
450 474
450 693
450 782
450 988
450 1062
450 1139
450 1147
450 1192
451 670
451 1053
451 1116
451 1154
452 509
452 542
452 612
452 622
452 634
452 720
452 1223
453 553
453 583
453 817
453 971
453 973
453 1091
454 878
454 932
454 1018
454 1025
455 525
455 768
455 813
455 1148
456 466
456 486
456 568
456 585
456 796
456 800
456 919
456 987
456 1009
456 1149
457 495
457 592
457 698
457 738
457 869
457 1165
458 819
458 936
458 957
458 985
458 1008
458 1039
458 1040
459 520
459 631
459 672
459 676
459 1001
459 1183
459 1202
459 1225
460 552
460 747
460 792
460 801
460 991
460 1021
460 1023
460 1060
460 1229
460 1242
461 785
461 859
461 1092
461 1242
462 468
462 743
462 778
462 851
462 1155
463 505
463 580
463 638
463 784
463 1232
464 557
464 614
464 715
464 756
464 769
464 775
464 848
464 881
464 930
464 1209
465 501
465 505
465 538
465 574
465 780
465 806
465 845
465 1190
465 1246
466 471
466 568
466 585
466 796
466 800
466 938
466 1149
466 1189
467 520
467 550
467 763
467 844
467 963
467 1001
467 1087
468 743
468 778
468 784
468 839
468 851
468 1155
469 479
469 544
469 596
469 799
469 883
469 952
469 990
469 1067
469 1157
470 593
470 701
470 821
470 897
470 948
470 955
471 547
471 585
471 849
471 877
471 929
471 988
471 1101
471 1139
472 650
472 710
472 1011
473 538
473 559
473 657
473 692
473 780
473 1190
474 585
474 599
474 670
474 988
474 1062
474 1109
474 1147
474 1192
474 1214
475 753
475 1181
476 500
477 534
477 773
477 863
477 911
477 1207
478 668
478 908
478 975
478 1186
478 1219
479 544
479 883
479 952
479 996
479 1067
479 1157
480 522
480 526
480 623
480 628
480 798
480 1064
480 1118
481 618
481 714
481 771
481 786
481 867
481 979
482 515
482 597
482 626
482 644
482 712
482 766
482 810
482 893
482 1108
482 1133
482 1162
482 1226
482 1243
483 509
483 560
483 570
483 581
483 634
483 774
483 801
483 899
483 905
483 1002
483 1212
484 562
484 689
484 1136
485 554
485 625
485 640
485 846
485 912
485 931
486 497
486 550
486 796
486 800
486 919
486 987
486 1009
486 1050
486 1095
486 1149
487 573
487 778
487 851
487 1012
488 636
488 730
488 834
489 639
489 652
489 704
489 725
489 772
489 950
489 955
489 965
489 997
489 1026
490 517
490 564
490 627
490 879
490 989
490 1218
490 1227
491 621
491 630
491 677
491 783
491 841
491 875
491 932
491 995
491 1066
491 1160
492 509
492 570
492 634
492 637
492 819
492 985
492 1153
492 1184
492 1223
493 797
493 1035
493 1152
494 530
494 600
494 688
494 1034
494 1097
495 738
495 906
495 1165
496 557
496 604
496 715
496 756
496 779
497 550
497 844
497 1050
498 523
498 665
498 677
498 703
498 875
498 913
498 1086
498 1110
498 1188
498 1238
499 555
499 723
499 735
499 1006
499 1201
500 867
501 505
501 574
501 845
501 1246
502 755
502 812
502 814
502 922
503 587
503 895
503 959
503 983
503 1061
503 1201
504 618
504 786
504 867
504 928
504 979
505 574
505 778
505 784
505 845
505 1232
506 579
506 609
506 629
506 652
506 935
506 1001
506 1017
506 1033
506 1087
507 563
507 750
507 942
508 529
508 575
508 786
508 794
508 873
508 1032
509 560
509 570
509 634
509 637
509 1223
510 594
510 633
510 643
510 686
510 690
510 707
510 907
510 978
510 1234
510 1245
511 569
511 576
511 759
511 802
511 921
511 986
511 1024
511 1052
511 1069
511 1112
511 1151
512 519
512 1129
512 1215
513 586
513 640
513 661
513 835
513 872
513 925
513 984
513 1005
513 1034
513 1241
514 609
514 672
514 676
514 742
514 1202
515 626
515 712
515 766
515 809
515 810
515 856
515 1120
515 1142
515 1162
515 1226
515 1243
516 594
516 1138
516 1245
517 564
517 627
517 647
517 668
517 737
517 847
517 879
517 915
517 981
517 1218
517 1227
518 540
518 557
518 749
518 775
518 811
518 881
518 884
518 930
518 1209
519 1129
519 1215
520 606
520 631
520 815
520 1001
520 1015
521 552
521 581
521 651
521 696
521 785
521 840
521 914
521 1134
522 562
522 623
522 798
522 980
522 1064
522 1094
522 1118
522 1126
522 1145
523 665
523 677
523 703
523 818
523 875
523 896
523 1086
523 1188
524 577
524 653
524 999
525 561
525 813
525 924
525 968
525 1148
526 623
526 628
526 673
526 1064
526 1118
527 532
527 584
527 617
527 649
527 909
527 1006
527 1099
528 596
528 637
528 654
528 716
528 926
528 1048
528 1067
528 1216
529 653
529 794
529 873
529 1125
530 538
530 600
530 688
530 780
530 806
530 1097
530 1190
531 675
531 816
531 826
531 857
531 947
531 974
531 1098
531 1193
531 1211
532 617
532 642
532 703
532 818
532 954
532 1197
533 726
533 740
533 1248
534 773
534 863
534 1207
535 635
535 663
535 724
535 744
535 854
535 970
535 982
535 1010
535 1027
536 763
536 844
536 866
536 1087
537 731
537 998
537 1000
537 1179
538 559
538 574
538 600
538 692
538 780
538 806
538 1190
539 580
539 638
539 745
539 784
539 969
539 1041
540 722
540 811
540 881
540 884
540 1071
540 1153
540 1209
541 724
541 1027
541 1057
541 1158
541 1172
542 622
542 716
542 720
542 783
542 853
542 1140
543 708
543 808
543 994
543 1104
544 883
544 892
544 1157
545 679
545 755
545 812
545 814
545 863
545 911
545 922
545 1019
546 619
546 697
546 752
546 1063
547 565
547 693
547 849
547 871
547 877
547 929
547 1079
547 1139
548 980
548 1145
549 633
549 642
549 649
549 680
549 1038
549 1197
549 1231
550 763
550 844
550 866
550 963
550 1050
550 1095
551 633
551 690
551 900
551 907
551 1231
552 581
552 696
552 754
552 789
552 792
552 801
552 914
552 991
552 1134
553 817
553 971
553 1030
553 1091
554 625
554 640
554 846
554 912
555 584
555 735
555 909
555 1006
556 656
556 842
556 1099
556 1198
557 604
557 715
557 756
557 769
557 775
557 881
557 930
558 708
558 776
558 880
558 882
558 994
558 1055
558 1104
558 1161
559 692
560 570
560 634
560 774
560 1052
560 1223
561 692
561 813
561 944
561 968
562 798
562 890
562 980
562 1094
562 1145
562 1230
563 665
563 942
563 958
563 960
563 1230
563 1238
564 582
564 627
564 737
564 989
564 1016
565 849
565 871
565 877
565 929
565 1014
565 1079
565 1081
566 595
566 682
566 739
566 923
566 1082
566 1220
566 1239
566 1249
567 781
567 1159
567 1174
567 1199
567 1248
568 800
568 938
568 1058
568 1149
568 1189
568 1218
569 576
569 718
569 759
569 802
569 918
569 986
569 1052
569 1209
570 634
570 806
570 1212
570 1223
571 999
572 733
573 578
573 636
573 834
573 851
573 874
573 1012
573 1029
574 743
574 778
574 845
574 1190
574 1232
574 1246
575 794
575 873
575 1000
576 759
576 802
576 921
576 986
576 1024
576 1112
576 1151
576 1173
577 660
577 999
577 1056
577 1063
578 851
578 874
578 911
578 1012
578 1029
578 1155
578 1207
579 609
579 652
579 772
579 950
579 1026
579 1033
579 1228
580 616
580 638
580 646
580 825
580 969
580 1041
581 651
581 696
581 774
581 789
581 801
581 833
581 914
581 991
581 1134
582 624
582 627
582 736
582 737
582 850
582 939
582 1016
583 623
583 890
583 958
583 973
583 1091
583 1230
584 735
584 909
584 1006
584 1078
585 599
585 796
585 976
585 988
585 1062
585 1101
585 1109
585 1176
585 1214
586 640
586 661
586 805
586 835
586 872
586 917
586 925
586 984
586 1005
586 1034
586 1141
586 1241
587 714
587 895
587 959
587 983
587 1061
587 1169
587 1201
588 598
588 758
588 795
588 825
588 852
588 1196
588 1240
589 678
589 728
589 803
589 1107
589 1117
589 1167
590 640
590 805
590 917
590 1012
590 1034
590 1141
591 655
591 667
591 705
591 903
591 1127
592 661
592 700
592 738
592 788
592 835
592 869
592 872
592 1165
593 680
593 701
593 725
593 955
593 995
593 997
593 1008
593 1040
594 643
594 690
594 900
594 1077
594 1245
595 682
595 739
595 836
595 901
595 951
595 971
595 1220
596 645
596 716
596 990
596 1067
596 1140
596 1157
597 644
597 712
597 766
597 810
597 893
597 1108
597 1133
597 1162
597 1226
598 758
598 795
598 852
598 1074
598 1196
598 1240
599 976
599 987
599 1095
599 1109
599 1176
599 1214
600 688
600 780
600 806
600 1039
600 1097
600 1190
601 660
601 697
601 723
601 735
601 1006
601 1169
601 1187
601 1201
602 773
603 820
603 824
603 942
603 960
603 1018
603 1080
603 1236
604 721
604 779
604 930
604 966
604 1130
605 791
605 920
605 1004
605 1044
606 631
606 641
606 1015
606 1225
607 828
607 1163
607 1182
608 648
608 981
609 672
609 676
609 742
609 1202
610 732
610 857
610 947
610 1007
610 1098
610 1193
610 1211
611 742
611 870
611 888
611 1077
611 1088
612 630
612 634
612 657
612 720
612 783
612 889
612 905
612 932
612 985
612 1204
612 1210
614 769
614 962
614 1020
614 1070
615 674
615 898
615 934
615 1178
616 638
616 825
617 642
617 677
617 687
617 703
617 875
617 953
618 786
618 867
618 928
618 979
619 645
619 658
619 752
619 787
619 830
619 1131
620 807
620 944
620 993
620 1074
621 630
621 677
621 783
621 853
621 875
621 936
621 995
621 1160
622 716
622 990
623 628
623 798
623 890
623 977
623 980
623 1094
623 1118
623 1230
624 627
624 667
624 737
624 850
624 943
624 1016
625 640
625 846
626 766
626 1011
626 1226
626 1243
627 737
627 847
627 850
627 915
627 989
627 1016
628 673
628 727
628 817
628 865
628 973
628 1064
628 1118
629 652
629 694
629 935
629 950
629 965
629 1017
629 1033
629 1208
630 783
630 841
630 932
630 936
630 1160
630 1210
631 1015
631 1225
632 832
632 852
633 649
633 690
633 907
633 1231
634 657
634 899
634 905
634 1212
635 663
635 724
635 744
635 854
635 970
635 982
635 1010
635 1022
635 1027
636 730
636 874
637 654
637 926
637 1051
637 1153
637 1184
637 1223
638 646
638 825
638 1041
639 701
639 704
639 741
639 772
639 880
639 955
639 1026
639 1228
640 805
640 846
640 912
640 1005
640 1141
640 1241
641 662
641 765
641 1225
642 680
642 687
642 703
642 829
642 953
642 1099
642 1180
643 686
643 690
643 771
643 978
643 1234
643 1245
644 712
644 731
644 883
644 893
644 902
644 996
644 1108
644 1133
644 1162
644 1226
645 658
645 716
645 830
645 860
645 990
645 1140
645 1157
646 969
646 1013
647 668
647 737
647 847
647 908
647 981
647 1227
648 847
648 915
648 981
648 1227
649 1099
649 1231
650 710
650 949
650 1059
650 1164
650 1239
651 683
651 774
651 914
651 1134
651 1148
651 1237
652 772
652 935
652 950
652 965
652 1026
652 1033
653 660
653 867
653 999
653 1125
654 718
654 918
654 926
654 1051
654 1219
654 1223
655 713
655 804
655 1043
656 842
656 1099
656 1198
657 780
657 899
657 932
657 1210
657 1212
658 787
658 830
658 860
658 990
658 1140
659 710
659 810
659 856
659 923
659 949
659 1102
659 1162
659 1226
660 697
660 1063
660 1169
660 1187
661 788
661 835
661 869
661 872
661 916
661 925
661 984
661 1005
661 1241
662 765
663 744
663 970
663 982
663 1010
663 1172
664 678
664 750
664 824
664 913
664 942
664 1188
665 677
665 843
665 875
665 1086
665 1110
665 1144
665 1238
666 765
666 797
666 1104
666 1225
667 684
667 943
667 1127
668 908
668 975
668 1186
668 1218
669 680
669 838
669 967
669 1066
669 1180
670 1053
670 1062
670 1109
670 1116
670 1147
671 782
671 862
671 1070
671 1075
671 1103
671 1128
671 1139
672 676
672 742
672 1202
673 865
673 1222
674 934
674 1057
674 1158
675 816
675 947
675 974
675 1193
675 1211
676 823
676 1183
676 1202
677 703
677 875
677 953
677 1086
677 1110
677 1160
677 1238
678 681
678 728
678 803
679 706
679 755
679 812
679 863
679 911
679 1019
679 1155
680 995
680 1038
680 1197
681 728
681 913
681 1022
681 1188
682 729
682 739
682 901
682 923
682 1082
682 1220
682 1221
682 1249
683 774
683 1069
683 1237
684 822
685 733
685 827
685 916
685 1037
685 1049
685 1105
686 771
686 907
686 1032
686 1138
686 1224
686 1234
686 1245
687 829
687 953
687 1066
687 1180
687 1198
688 722
688 837
688 1019
688 1097
689 747
689 876
689 1080
689 1136
689 1150
689 1229
690 900
690 907
690 1231
690 1245
691 727
691 817
691 973
691 1090
691 1156
693 782
693 988
693 1062
693 1139
693 1192
694 844
694 892
694 935
694 1017
694 1200
695 833
695 1028
695 1122
695 1177
696 754
696 792
696 840
696 914
696 1134
697 723
697 752
697 1063
697 1187
698 854
699 702
699 709
699 843
699 864
699 891
699 958
699 1036
699 1135
699 1144
700 788
700 934
700 1178
701 725
701 948
701 955
701 997
702 709
702 843
702 891
702 958
702 1036
702 1089
702 1135
702 1144
703 875
703 953
704 741
704 772
704 1026
704 1114
704 1228
705 713
705 809
705 856
705 903
705 1142
706 755
706 811
706 812
706 814
706 922
706 1019
707 842
708 741
708 776
708 861
708 920
708 1114
709 843
709 864
709 891
709 1036
709 1065
709 1135
709 1144
709 1181
710 713
710 949
710 1011
710 1133
710 1226
710 1239
711 855
711 862
711 1045
712 766
712 810
712 883
712 893
712 902
712 996
712 1108
712 1120
712 1133
712 1162
712 1226
712 1243
713 1239
714 979
714 1061
714 1169
715 756
715 769
715 848
716 990
716 1067
716 1140
717 790
717 910
717 1083
717 1107
717 1203
718 802
718 918
718 1051
718 1153
718 1209
719 760
719 1046
720 783
720 889
720 1073
720 1204
721 1130
722 837
722 1071
722 1153
722 1184
723 735
723 978
723 1187
723 1201
724 854
724 970
724 982
724 1027
724 1057
725 950
725 955
725 965
725 997
725 1026
726 740
726 1199
726 1248
727 865
727 973
728 744
728 913
728 1022
729 901
729 1043
729 1082
729 1127
729 1185
729 1221
731 902
731 998
731 1108
731 1179
732 757
732 826
732 857
732 947
732 1007
732 1098
732 1193
733 916
733 984
733 1037
733 1049
733 1105
734 1056
735 1006
735 1187
735 1201
736 850
736 939
736 1016
737 847
737 915
737 943
737 1016
738 835
738 841
738 869
738 1165
739 836
739 901
739 951
739 971
739 1082
739 1220
740 1013
740 1130
740 1199
740 1248
741 776
741 861
741 880
741 1114
741 1228
743 778
743 784
743 851
743 1143
744 829
744 970
744 982
744 1010
744 1022
745 784
745 1041
745 1115
745 1143
746 781
746 848
746 1159
747 876
747 1021
747 1060
747 1229
748 859
749 1045
749 1209
750 824
750 942
750 1188
751 886
751 921
751 989
751 1014
751 1100
751 1170
751 1205
751 1206
752 777
752 907
752 1063
752 1208
753 787
753 843
753 864
753 954
753 1131
753 1181
754 789
754 792
754 951
754 971
755 811
755 812
755 814
755 922
755 1019
756 775
756 1151
756 1173
757 816
757 826
757 940
757 974
757 1098
757 1146
757 1191
757 1213
758 795
758 832
758 852
758 1076
758 1093
758 1196
758 1240
759 802
759 918
759 986
759 1052
759 1069
759 1112
759 1219
760 804
760 1043
760 1046
760 1185
761 904
761 933
761 1069
761 1148
761 1237
763 815
763 844
763 866
763 1001
763 1087
764 864
764 1030
764 1059
764 1065
764 1068
765 797
765 1035
766 893
766 1108
766 1133
766 1162
766 1226
766 1243
767 826
767 857
767 1098
768 933
768 1148
769 848
769 1070
770 941
770 1108
770 1179
770 1247
771 786
771 979
771 1032
771 1138
771 1224
771 1234
771 1245
772 950
772 1026
772 1033
772 1228
773 826
774 833
774 1122
775 779
775 881
775 884
775 930
775 946
775 986
775 1151
775 1209
776 861
776 880
776 920
776 1114
776 1161
776 1228
777 892
777 998
777 1123
777 1208
778 784
778 851
778 1143
778 1232
779 881
779 884
779 930
779 946
779 966
779 1130
780 806
780 1039
780 1190
780 1210
781 1159
782 848
782 862
782 962
782 1070
782 1128
782 1139
783 853
783 889
783 932
783 936
783 995
783 1204
784 1041
784 1143
785 840
785 859
785 924
785 1092
785 1134
785 1242
786 794
786 979
786 1138
787 830
787 860
787 864
787 954
787 1065
787 1131
787 1181
788 835
788 869
789 833
789 905
789 1002
790 1010
790 1083
790 1203
791 1044
791 1053
791 1116
791 1154
792 887
792 964
792 991
792 1092
792 1113
792 1242
793 885
794 873
794 1032
795 832
795 852
795 1074
795 1076
795 1196
795 1240
796 800
796 919
796 987
796 1009
796 1149
796 1176
797 1152
798 890
798 977
798 980
798 1094
798 1118
798 1145
799 919
799 952
799 975
799 1048
799 1067
799 1186
800 1009
800 1058
800 1149
800 1189
801 899
801 991
801 1021
801 1023
801 1171
801 1212
802 918
802 986
802 1052
802 1209
802 1219
804 1046
804 1090
804 1185
805 917
805 1034
805 1141
806 1190
806 1246
807 878
807 931
807 993
807 1074
808 994
808 1007
808 1104
809 856
809 903
809 1142
810 856
810 883
810 893
810 996
810 1120
810 1133
810 1162
810 1226
810 1243
811 814
811 881
812 814
812 922
812 1019
813 1148
814 922
814 1019
816 974
816 1146
816 1211
817 971
817 973
818 896
818 1078
818 1096
819 957
819 985
819 1039
819 1040
819 1210
820 889
820 960
820 1018
820 1171
820 1204
820 1236
820 1238
821 870
821 888
822 831
822 856
822 1120
823 1183
823 1202
824 942
824 1018
824 1080
824 1119
824 1236
825 1041
826 857
826 974
826 1098
826 1191
826 1211
827 1037
827 1049
827 1105
828 1182
829 953
829 1022
829 1180
830 860
830 945
830 954
830 1131
831 850
831 1016
831 1058
832 852
832 1076
832 1093
832 1196
833 1028
833 1122
833 1177
834 1012
834 1207
835 869
835 872
835 916
835 984
835 1005
835 1241
836 901
836 951
836 1221
837 957
838 894
838 1198
839 851
839 927
839 1143
840 914
840 1092
840 1134
840 1242
841 1039
841 1165
841 1210
842 897
843 891
843 1144
843 1181
844 866
844 963
844 1050
844 1200
845 884
845 1246
846 912
846 1005
846 1034
847 915
847 943
847 981
847 1227
848 1070
848 1128
848 1139
849 877
849 1081
849 1101
850 939
850 1016
851 874
851 927
851 1155
852 1074
852 1076
852 1196
853 936
853 945
853 995
854 970
854 982
854 1027
855 1004
855 1044
856 903
856 1120
856 1142
856 1162
857 947
857 974
857 1007
857 1098
857 1193
857 1211
858 1054
858 1175
859 924
859 968
859 1242
860 945
860 1131
860 1140
861 920
861 961
861 1004
861 1114
862 962
862 1103
863 911
863 1029
863 1207
864 891
864 1036
864 1065
864 1135
864 1144
864 1181
866 1200
867 928
867 979
867 1125
868 1132
868 1217
869 872
869 1165
869 1241
870 882
870 888
871 886
871 929
871 1014
871 1079
871 1081
871 1100
872 916
872 967
872 984
872 1005
872 1241
873 1125
874 1155
874 1207
875 953
875 1086
875 1110
875 1160
875 1238
876 1042
876 1229
877 1081
878 931
878 993
878 1021
878 1025
879 921
879 1218
879 1227
880 882
880 1055
880 1161
880 1228
881 884
881 930
881 966
881 1209
882 888
882 1055
883 893
883 902
883 952
883 996
883 1162
884 930
884 946
884 966
884 1024
884 1209
886 956
886 1014
886 1170
887 964
887 1060
887 1085
887 1113
887 1126
888 1055
889 905
889 932
889 960
889 1002
889 1073
889 1171
889 1204
889 1238
890 977
890 980
890 1091
890 1094
890 1230
891 1036
891 1065
891 1135
891 1144
892 1200
893 996
893 1108
893 1133
893 1162
893 1226
894 1178
894 1198
895 959
895 983
895 1061
896 1078
896 1188
897 948
897 1077
898 934
898 972
898 1178
898 1233
899 905
899 1023
899 1212
900 1088
901 1082
901 1220
901 1221
901 1249
902 996
902 1000
903 1142
904 933
904 1069
904 1148
904 1237
905 1002
905 1073
905 1171
906 1080
906 1119
907 1032
907 1208
908 952
908 975
908 1102
909 1006
909 1078
909 1096
910 1078
910 1083
910 1096
910 1107
911 1019
911 1029
911 1155
911 1207
912 1005
912 1241
913 1066
913 1188
914 1134
915 943
916 925
916 967
916 984
916 1105
916 1194
917 925
917 1034
917 1141
918 1051
918 1219
919 1048
919 1072
920 1004
921 1100
921 1112
921 1170
921 1205
921 1206
923 949
923 1082
923 1220
923 1239
924 944
924 968
925 984
925 1005
925 1121
925 1194
926 1084
926 1184
926 1216
928 979
929 1014
929 1079
929 1081
929 1100
929 1103
930 966
930 1209
931 993
932 1171
932 1204
932 1210
933 1069
933 1148
933 1237
934 972
935 1001
935 1017
935 1033
936 985
936 995
936 1040
937 1031
937 1195
938 1075
939 1016
940 1191
940 1213
941 1124
941 1179
941 1247
944 968
945 995
945 1038
945 1131
945 1197
946 966
946 986
946 1024
946 1130
946 1151
947 1007
947 1098
947 1193
947 1211
948 955
948 997
948 1088
949 1102
949 1239
950 965
950 997
950 1026
950 1033
951 971
952 975
952 996
952 1067
952 1102
952 1186
953 1066
953 1160
953 1180
954 1131
954 1181
954 1197
955 997
956 1054
956 1175
957 1008
957 1039
957 1040
958 1091
958 1135
958 1230
959 983
959 1061
959 1169
959 1201
960 1171
960 1204
960 1236
960 1238
961 1114
962 1020
962 1070
963 1001
963 1095
964 1113
964 1126
964 1222
965 997
965 1033
966 1244
967 984
967 1008
967 1037
967 1040
967 1105
969 1013
969 1041
970 982
970 1027
972 1194
973 1156
974 1098
974 1146
974 1211
975 1186
976 987
976 1095
976 1109
976 1214
977 980
977 1094
977 1118
977 1145
978 1234
980 1094
980 1145
981 1227
982 1027
983 1061
983 1201
984 1005
984 1241
986 1024
986 1052
986 1151
986 1209
987 1072
987 1095
988 1062
988 1101
988 1109
988 1192
988 1214
989 1014
990 1067
990 1140
990 1157
991 1021
991 1023
991 1060
991 1134
991 1242
992 1001
994 1007
994 1104
996 1120
996 1133
996 1162
997 1026
1000 1200
1001 1087
1002 1073
1002 1171
1002 1204
1003 1194
1003 1233
1004 1044
1005 1241
1006 1187
1007 1098
1007 1193
1008 1037
1008 1040
1009 1149
1010 1022
1011 1106
1012 1029
1014 1081
1014 1100
1014 1170
1015 1225
1017 1033
1017 1087
1017 1123
1018 1025
1018 1080
1018 1119
1018 1150
1018 1236
1021 1023
1021 1229
1023 1212
1024 1052
1024 1151
1025 1080
1025 1236
1026 1033
1026 1084
1027 1057
1028 1122
1028 1177
1028 1220
1028 1249
1029 1097
1029 1207
1030 1068
1030 1073
1031 1195
1032 1123
1032 1138
1032 1224
1034 1097
1034 1141
1035 1152
1036 1059
1036 1065
1036 1089
1036 1135
1036 1156
1036 1164
1037 1049
1037 1105
1038 1131
1038 1197
1038 1231
1039 1190
1039 1210
1042 1229
1043 1127
1043 1185
1044 1053
1044 1116
1045 1071
1046 1185
1047 1115
1048 1072
1049 1105
1050 1111
1051 1219
1051 1223
1053 1116
1053 1154
1054 1175
1057 1158
1058 1149
1058 1189
1058 1235
1059 1068
1059 1156
1059 1164
1060 1085
1060 1229
1061 1201
1062 1101
1062 1109
1062 1147
1062 1192
1062 1214
1064 1118
1065 1068
1066 1160
1066 1165
1066 1180
1067 1157
1067 1186
1068 1164
1069 1112
1069 1237
1070 1128
1071 1153
1071 1184
1073 1171
1073 1204
1074 1196
1075 1103
1076 1093
1076 1196
1077 1088
1078 1096
1079 1103
1079 1139
1080 1119
1080 1136
1080 1150
1080 1236
1082 1220
1082 1249
1083 1107
1083 1203
1084 1184
1084 1216
1085 1126
1085 1217
1086 1110
1086 1238
1089 1135
1089 1156
1090 1239
1091 1230
1092 1134
1092 1242
1094 1118
1094 1145
1094 1230
1098 1193
1098 1211
1100 1170
1100 1173
1103 1128
1103 1139
1103 1173
1107 1167
1107 1203
1108 1133
1108 1179
1109 1176
1109 1214
1110 1204
1110 1238
1112 1205
1112 1206
1113 1126
1113 1222
1115 1143
1116 1154
1117 1137
1117 1167
1119 1150
1120 1162
1120 1226
1120 1243
1121 1194
1122 1177
1122 1249
1123 1224
1126 1217
1128 1139
1129 1215
1131 1197
1132 1217
1133 1162
1133 1226
1134 1242
1135 1144
1135 1156
1136 1150
1138 1224
1142 1226
1142 1243
1143 1232
1144 1181
1147 1192
1148 1237
1149 1189
1151 1209
1153 1184
1153 1223
1156 1164
1159 1248
1160 1165
1160 1180
1161 1228
1162 1226
1162 1243
1164 1239
1169 1187
1169 1201
1170 1205
1170 1206
1171 1204
1174 1199
1174 1248
1176 1214
1183 1202
1184 1223
1187 1201
1189 1235
1191 1213
1193 1211
1196 1240
1199 1205
1199 1248
1204 1238
1205 1206
1220 1249
1221 1249
1226 1243
1234 1245
