0 17
0 59
0 90
0 96
0 193
0 318
0 380
0 462
0 485
0 637
0 812
0 1160
0 1229
1 48
1 83
1 123
1 278
1 279
1 330
1 464
1 496
1 658
1 842
1 859
1 1011
2 141
2 159
2 611
2 615
2 680
2 698
2 740
2 979
2 1030
3 173
3 178
3 561
3 728
3 838
3 909
3 977
3 1099
4 30
4 401
4 510
4 845
4 939
4 967
5 195
5 772
5 819
5 885
5 930
5 1023
5 1223
6 18
6 155
6 176
6 255
6 551
6 736
6 753
6 1010
6 1029
6 1170
6 1221
6 1225
7 70
7 386
7 409
7 431
7 542
7 556
7 778
7 918
7 981
7 1130
8 101
8 133
8 138
8 385
8 415
8 476
8 544
8 562
8 714
8 747
8 770
8 799
8 850
8 879
8 1065
8 1218
9 182
9 281
9 290
9 306
9 327
9 471
9 494
9 554
9 574
9 597
9 886
9 928
9 1017
9 1033
9 1035
9 1091
9 1152
9 1154
9 1226
10 80
10 100
10 265
10 368
10 501
10 608
10 821
10 858
10 1069
10 1113
11 58
11 238
11 313
11 449
11 499
11 751
11 992
12 810
12 906
12 996
12 1120
12 1123
12 1191
13 33
13 131
13 161
13 274
13 430
13 575
13 626
13 693
13 914
13 1014
13 1211
14 54
14 105
14 239
14 340
14 477
14 525
14 595
14 692
14 703
14 742
14 913
14 958
15 284
15 362
15 411
15 428
15 480
15 565
15 728
15 736
15 753
15 954
15 1010
16 157
16 162
16 252
16 312
16 553
16 593
16 619
16 990
16 1020
16 1072
16 1082
17 59
17 116
17 122
17 193
17 198
17 257
17 426
17 429
17 815
17 862
17 867
17 1004
17 1043
17 1073
17 1160
17 1233
18 65
18 155
18 160
18 353
18 551
18 596
18 708
18 736
18 753
18 794
18 864
18 893
18 899
18 952
18 959
18 1221
19 46
19 199
19 452
19 610
19 680
19 843
19 900
19 944
19 1193
19 1231
20 41
20 303
20 315
20 358
20 553
20 633
20 790
20 826
20 832
20 1078
20 1122
21 30
21 366
21 504
21 508
21 600
21 624
21 709
21 717
21 852
21 1047
21 1111
21 1188
21 1199
22 25
22 110
22 321
22 438
22 440
22 492
22 648
22 691
22 737
22 919
22 1230
23 134
23 159
23 252
23 495
23 593
23 595
23 615
23 619
23 832
23 840
23 1087
23 1097
23 1150
23 1159
24 113
24 337
24 381
24 558
24 623
24 659
24 676
24 964
24 1232
24 1244
25 110
25 321
25 491
25 492
25 648
25 683
25 691
25 1230
26 108
26 125
26 129
26 339
26 437
26 517
26 564
26 627
26 768
26 847
26 949
26 995
27 55
27 87
27 208
27 241
27 412
27 754
27 946
27 1162
27 1201
28 164
28 166
28 302
28 406
28 512
28 516
28 524
28 738
29 180
29 455
29 584
29 829
29 1036
29 1194
29 1249
30 215
30 401
30 461
30 504
30 508
30 845
30 939
30 967
30 1047
30 1199
31 58
31 247
31 313
31 449
31 705
31 748
31 751
31 913
31 992
31 1013
31 1155
32 77
32 122
32 426
32 429
32 460
32 482
32 1004
32 1147
32 1233
33 161
33 430
33 545
33 575
33 626
33 693
33 808
33 914
33 942
33 1014
34 48
34 261
34 278
34 314
34 330
34 453
34 634
34 660
34 689
34 788
34 828
34 1011
35 49
35 267
35 327
35 362
35 363
35 394
35 860
35 1007
35 1015
35 1035
35 1052
35 1238
36 109
36 191
36 209
36 299
36 469
36 548
36 635
36 710
36 883
36 921
36 1022
36 1136
37 235
37 237
37 505
37 580
37 584
37 640
37 961
37 1190
37 1249
38 44
38 188
38 481
38 647
38 887
39 178
39 320
39 631
39 838
39 977
39 1012
39 1099
40 348
40 354
40 470
40 487
40 752
40 1051
40 1196
41 259
41 303
41 315
41 356
41 358
41 511
41 553
41 573
41 633
41 723
41 790
41 925
41 1078
41 1122
42 124
42 246
42 276
42 281
42 464
42 597
42 786
42 834
42 1017
42 1033
42 1116
42 1126
43 98
43 212
43 304
43 357
43 534
43 912
43 950
43 966
43 970
43 984
43 1040
44 188
44 333
44 481
44 647
44 844
44 887
45 98
45 238
45 304
45 384
45 970
45 984
45 1090
46 190
46 295
46 359
46 452
46 817
46 843
46 900
46 944
47 49
47 149
47 441
47 574
47 886
47 988
47 1024
47 1035
47 1132
48 124
48 246
48 330
48 464
48 496
48 502
48 536
48 597
48 634
48 828
48 873
48 1011
49 327
49 561
49 860
49 1015
49 1035
49 1052
50 230
50 308
50 489
50 679
50 721
50 1044
50 1134
51 323
51 443
51 605
51 629
51 679
52 200
52 425
52 434
52 445
52 535
52 661
52 704
52 750
52 1003
52 1064
52 1217
53 85
53 213
53 365
53 388
53 612
53 731
53 1021
53 1210
53 1235
54 112
54 340
54 382
54 525
54 692
54 741
54 984
54 1140
55 75
55 87
55 241
55 412
55 529
55 639
55 733
55 754
55 760
55 946
56 203
56 287
56 371
56 513
56 528
56 591
56 644
56 732
56 861
56 926
56 1106
56 1225
57 63
57 217
57 642
57 762
57 792
57 926
57 937
58 238
58 247
58 313
58 499
58 751
58 992
58 1163
59 64
59 65
59 90
59 91
59 177
59 288
59 380
59 432
59 462
59 571
59 637
59 690
59 812
59 862
59 982
59 1073
59 1160
60 63
60 187
60 217
60 225
60 297
60 309
60 337
60 642
60 643
60 699
60 792
60 937
60 947
60 997
60 1115
60 1129
60 1137
60 1206
61 190
61 239
61 405
61 645
61 913
61 1110
61 1112
61 1114
62 234
62 265
62 315
62 407
62 573
62 582
62 858
62 1069
63 187
63 217
63 225
63 342
63 352
63 427
63 463
63 521
63 643
63 704
63 937
63 1060
63 1074
63 1129
63 1177
64 91
64 177
64 288
64 380
64 513
64 571
64 644
64 732
64 812
64 982
64 1073
65 90
65 91
65 155
65 160
65 177
65 288
65 432
65 571
65 637
65 708
65 864
65 952
65 959
65 982
66 73
66 223
66 326
66 682
66 744
66 853
67 189
67 253
67 667
67 719
67 895
67 1059
67 1144
67 1178
67 1179
67 1214
67 1248
68 96
68 130
68 318
68 485
68 555
68 630
68 712
68 889
68 941
69 95
69 353
69 486
69 550
69 596
69 728
69 813
70 386
70 409
70 542
70 556
70 778
70 981
70 1012
70 1151
71 78
71 152
71 175
71 451
71 801
71 807
71 1186
72 231
72 459
72 484
72 533
72 762
72 892
72 926
72 942
72 998
72 999
72 1014
72 1053
72 1171
72 1184
72 1241
73 248
73 261
73 398
73 453
73 660
73 682
73 853
73 1018
74 107
74 444
74 563
74 831
74 957
74 1009
74 1085
74 1213
75 241
75 400
75 529
75 733
75 760
75 802
75 1201
76 80
76 94
76 99
76 100
76 407
76 582
76 657
76 723
76 994
76 1113
77 122
77 460
77 706
77 1043
77 1131
77 1147
77 1203
78 451
78 801
78 1186
79 174
79 781
79 956
79 1048
80 94
80 100
80 379
80 608
80 1113
81 226
81 431
81 497
81 556
81 567
81 652
81 677
81 778
81 890
81 981
81 1148
81 1208
82 300
82 346
82 370
82 460
82 482
82 905
82 1147
82 1174
83 171
83 240
83 278
83 282
83 509
83 658
83 757
83 786
83 859
83 1011
84 332
84 368
84 383
84 435
84 609
84 718
84 730
84 777
84 787
84 791
84 836
84 870
84 891
84 969
84 1040
84 1071
84 1173
85 213
85 388
85 437
85 731
85 1021
85 1235
86 152
86 451
86 458
86 572
86 622
86 739
86 756
86 767
86 797
86 807
86 910
86 927
86 986
86 1186
87 208
87 241
87 412
87 754
87 946
87 1162
87 1201
88 287
88 396
88 540
88 541
88 729
88 759
88 774
88 776
88 861
88 1185
89 91
89 177
89 236
89 288
89 421
89 566
89 571
89 784
89 899
89 959
89 974
89 982
89 1025
90 96
90 380
90 432
90 462
90 571
90 637
90 690
90 812
90 1160
90 1229
91 177
91 288
91 371
91 421
91 432
91 506
91 551
91 571
91 690
91 812
91 899
91 959
91 974
91 982
92 163
92 256
92 365
92 417
92 440
92 612
92 674
92 805
92 837
92 1046
92 1055
92 1210
92 1215
93 199
93 347
93 355
93 393
93 520
93 610
93 720
93 865
93 884
93 888
93 987
93 1001
93 1139
93 1168
93 1231
94 99
94 309
94 407
94 582
94 657
94 723
94 994
94 1113
95 178
95 428
95 550
95 631
95 722
95 728
95 977
96 130
96 318
96 380
96 462
96 485
96 630
96 812
96 941
96 1229
97 525
97 741
97 970
97 984
97 1038
97 1207
98 137
98 212
98 560
98 609
98 777
98 891
98 950
98 966
98 970
99 309
99 582
99 657
99 723
99 876
99 947
99 994
100 286
100 349
100 379
100 408
100 608
100 1113
101 133
101 138
101 415
101 476
101 544
101 562
101 747
101 759
101 770
101 799
101 850
101 879
101 1065
101 1066
101 1218
102 224
102 269
102 390
102 664
102 767
102 1216
103 230
103 369
103 1044
103 1105
104 624
104 650
104 939
104 951
104 1089
105 134
105 239
105 317
105 340
105 405
105 477
105 595
105 692
105 703
105 742
105 913
105 958
105 1112
106 119
106 135
106 271
106 469
106 518
106 656
106 826
106 855
106 1119
107 262
107 331
107 444
107 831
107 957
107 1009
107 1187
107 1213
108 129
108 148
108 301
108 339
108 397
108 517
108 564
108 627
108 670
108 768
108 847
108 903
108 949
108 1050
108 1164
108 1240
109 119
109 250
109 469
109 656
109 725
109 818
109 921
110 321
110 440
110 492
110 648
110 691
110 1055
110 1230
111 202
111 254
111 695
111 758
111 823
111 1056
111 1058
112 245
112 340
112 477
112 583
112 692
112 741
112 1140
113 186
113 215
113 297
113 337
113 504
113 508
113 558
113 623
113 659
113 676
113 997
113 1102
113 1199
113 1232
113 1244
114 274
114 414
114 537
114 555
114 601
114 665
114 678
114 693
114 856
114 903
114 1050
114 1211
114 1240
115 127
115 142
115 286
115 379
115 392
115 787
115 836
115 876
115 955
115 1173
115 1194
116 198
116 257
116 378
116 462
116 815
116 862
116 867
116 1073
116 1160
117 272
117 374
117 669
117 1008
117 1107
118 156
118 169
118 243
118 280
118 552
118 934
118 963
118 1053
119 191
119 469
119 518
119 656
119 855
120 135
120 680
120 817
120 900
121 181
121 192
121 194
121 352
121 416
121 445
121 463
121 493
121 511
121 521
121 662
121 724
121 750
121 1031
121 1118
121 1177
121 1205
122 257
122 426
122 429
122 460
122 766
122 862
122 867
122 1004
122 1043
122 1203
122 1233
123 128
123 279
123 448
123 509
123 514
123 625
123 816
123 842
123 859
123 983
123 1022
124 246
124 276
124 464
124 467
124 496
124 502
124 597
124 634
124 834
124 1033
124 1126
125 437
125 627
125 731
125 768
125 995
125 1021
126 145
126 172
126 189
126 322
126 361
126 447
126 719
126 1034
126 1059
126 1143
126 1144
126 1227
127 142
127 286
127 392
127 876
127 955
127 980
127 1194
128 279
128 326
128 341
128 509
128 514
128 590
128 625
128 983
128 1142
129 301
129 339
129 397
129 517
129 564
129 670
129 847
129 903
129 949
129 1164
129 1240
130 380
130 462
130 485
130 555
130 812
130 975
131 203
131 427
131 430
131 575
131 762
131 926
131 942
131 1211
131 1241
132 221
132 262
132 308
132 331
132 372
132 523
132 548
132 696
132 1134
133 221
133 372
133 415
133 476
133 562
133 747
133 759
133 799
133 879
133 921
133 1066
134 449
134 595
134 703
134 705
134 748
134 840
134 1013
134 1087
134 1097
134 1159
134 1202
135 210
135 271
135 420
135 422
135 503
135 530
135 602
135 1119
136 316
136 478
136 600
136 606
136 717
136 825
136 985
136 1191
136 1247
137 212
137 332
137 435
137 609
137 663
137 730
137 777
137 791
137 891
137 898
137 1040
138 251
138 415
138 476
138 538
138 544
138 562
138 747
138 770
138 799
138 879
138 1066
138 1218
138 1236
139 151
139 329
139 470
139 603
139 715
139 841
139 1045
139 1196
140 253
140 772
140 819
140 885
140 895
140 923
140 1178
140 1179
140 1183
140 1214
140 1248
141 159
141 355
141 377
141 393
141 611
141 680
141 687
141 698
141 720
141 740
141 979
141 1030
142 379
142 392
142 418
142 787
142 836
142 876
142 955
142 1173
142 1194
142 1249
143 336
143 404
143 1034
143 1059
143 1117
143 1144
144 234
144 479
144 487
144 519
144 701
144 799
144 848
144 1066
144 1081
145 189
145 273
145 294
145 322
145 424
145 447
145 527
145 603
145 620
145 713
145 881
145 931
145 935
145 968
145 1045
145 1059
145 1075
145 1248
146 285
146 745
146 785
146 911
146 1202
147 202
147 226
147 546
147 749
147 823
147 938
147 1108
147 1200
147 1245
148 200
148 301
148 434
148 517
148 537
148 564
148 768
148 949
148 1050
148 1164
148 1217
149 387
149 988
149 1024
150 211
150 399
150 531
150 622
150 700
150 735
150 739
150 875
150 927
150 1070
150 1166
151 270
151 419
151 527
151 603
151 841
151 881
151 931
151 1045
151 1157
151 1196
152 413
152 451
152 458
152 572
152 797
152 801
152 807
152 910
152 1186
153 209
153 222
153 335
153 649
153 1026
153 1246
154 216
154 293
154 364
154 614
154 646
154 654
154 835
155 176
155 255
155 432
155 1000
155 1073
155 1225
156 169
156 231
156 243
156 280
156 552
156 934
156 1053
156 1169
156 1184
157 360
157 495
157 543
157 553
157 593
157 839
158 165
158 256
158 310
158 579
158 674
158 837
158 1046
159 258
159 611
159 615
159 619
159 666
159 698
159 740
159 764
159 1030
159 1133
160 596
160 637
160 708
160 727
160 864
160 952
161 626
161 914
161 937
161 1014
161 1115
161 1158
162 285
162 734
162 911
162 990
162 1072
162 1180
162 1234
163 213
163 365
163 417
163 674
163 805
163 837
163 1046
163 1055
163 1210
163 1215
163 1235
164 302
164 307
164 406
164 512
164 516
164 524
164 738
164 1041
165 232
165 307
165 450
165 579
165 589
165 837
165 1037
165 1046
165 1095
165 1098
165 1239
166 266
166 406
166 512
166 516
166 524
166 621
166 738
166 740
166 748
166 795
166 863
166 1013
166 1155
166 1197
167 545
167 763
167 780
167 783
167 808
167 943
167 1165
167 1220
168 241
168 296
168 400
168 549
168 714
168 760
168 854
168 872
168 1125
169 243
169 280
169 552
169 770
169 934
169 963
169 1053
169 1076
170 386
170 420
170 789
170 907
170 933
170 973
170 1028
170 1156
170 1212
171 282
171 446
171 509
171 673
171 757
171 786
171 1204
172 682
172 719
172 1143
173 178
173 228
173 838
173 909
173 977
173 1099
174 781
174 956
174 1048
175 413
175 451
175 796
175 807
175 910
175 915
175 1186
175 1222
176 255
176 287
176 371
176 389
176 432
176 644
176 1029
176 1170
176 1225
177 288
177 371
177 421
177 432
177 506
177 551
177 571
177 690
177 732
177 812
177 899
177 959
177 974
177 982
178 631
178 728
178 838
178 909
178 977
178 1099
179 181
179 386
179 416
179 438
179 468
179 491
179 493
179 737
179 919
179 960
179 1205
179 1212
180 455
180 829
180 932
180 1036
181 192
181 194
181 303
181 360
181 438
181 493
181 511
181 543
181 662
181 724
181 839
181 960
181 1118
181 1212
182 249
182 281
182 306
182 327
182 471
182 494
182 554
182 782
182 800
182 886
182 965
182 1035
182 1042
182 1091
182 1152
183 334
183 370
183 706
183 746
183 1131
184 207
184 376
184 418
184 694
184 869
184 877
184 1054
184 1207
185 263
185 410
185 413
185 702
185 773
185 796
185 1019
185 1128
185 1138
185 1167
186 297
186 337
186 401
186 508
186 643
186 699
186 709
186 775
186 948
186 997
186 1047
186 1111
186 1137
186 1188
186 1232
186 1242
187 217
187 225
187 297
187 309
187 342
187 642
187 643
187 699
187 704
187 792
187 937
187 997
187 1129
187 1137
187 1188
188 333
188 481
188 522
188 647
188 654
188 844
188 887
188 978
188 1209
189 253
189 273
189 294
189 424
189 447
189 620
189 667
189 719
189 1034
189 1059
189 1075
189 1144
189 1178
189 1248
190 239
190 317
190 405
190 645
190 703
190 1110
190 1112
190 1114
191 299
191 448
191 469
191 635
191 656
191 855
191 902
191 1022
192 194
192 303
192 315
192 352
192 463
192 511
192 521
192 662
192 724
192 798
192 1074
192 1078
192 1118
192 1177
193 426
193 500
193 867
193 1160
194 360
194 416
194 425
194 438
194 493
194 511
194 543
194 662
194 750
194 839
194 960
194 1031
194 1118
194 1205
195 539
195 772
195 819
195 885
195 930
195 1023
195 1223
196 206
196 256
196 310
196 612
196 814
196 871
196 1082
197 339
197 397
197 670
197 678
197 712
197 889
198 257
198 378
198 462
198 815
198 862
198 1160
199 520
199 616
199 638
199 680
199 720
199 851
199 865
199 987
199 1001
199 1139
199 1193
199 1231
200 301
200 434
200 535
200 537
200 661
200 811
200 1003
200 1050
200 1217
201 474
201 915
201 1222
202 254
202 711
202 749
202 779
202 823
202 1056
202 1058
202 1063
202 1200
202 1245
203 352
203 427
203 521
203 601
203 856
203 1060
203 1211
204 344
204 409
204 497
204 556
204 569
204 778
204 918
204 971
204 981
204 1130
205 293
205 348
205 364
205 614
205 646
205 752
205 1051
205 1084
205 1105
206 256
206 310
206 612
206 650
206 814
206 871
206 940
206 1082
207 376
207 392
207 418
207 694
207 836
207 869
207 877
207 1054
207 1173
207 1207
208 412
208 754
208 946
208 1048
208 1162
209 441
209 456
209 548
209 635
209 649
209 883
209 1022
209 1042
209 1136
210 271
210 303
210 420
210 503
210 789
210 1212
211 399
211 408
211 531
211 622
211 700
211 735
211 739
211 875
211 1070
211 1166
212 294
212 424
212 435
212 620
212 713
212 730
212 777
212 791
212 912
212 935
212 950
212 966
212 968
212 1040
213 365
213 388
213 1210
213 1235
214 302
214 307
214 589
214 916
214 1037
214 1041
214 1067
214 1095
214 1098
214 1153
214 1239
215 298
215 636
215 676
215 1039
215 1102
215 1199
216 402
216 522
216 835
216 874
216 1092
216 1209
217 225
217 309
217 642
217 643
217 792
217 937
217 947
217 1115
217 1129
217 1137
217 1206
218 305
218 336
218 374
218 419
218 628
218 671
218 881
218 1086
218 1107
219 251
219 490
219 557
219 622
219 756
219 806
219 820
219 927
219 1165
219 1206
219 1236
220 239
220 248
220 314
220 317
220 477
220 645
220 660
220 788
220 1112
220 1114
221 262
221 308
221 372
221 523
221 548
221 696
221 765
221 776
221 1185
222 335
222 646
222 752
222 816
222 989
222 1026
222 1246
223 227
223 590
223 625
223 853
224 390
224 395
224 664
224 686
224 854
224 872
224 1181
224 1216
225 342
225 642
225 643
225 699
225 704
225 792
225 937
225 1074
225 1129
225 1137
225 1177
225 1188
226 546
226 652
226 677
226 749
226 890
226 897
226 973
226 981
226 1148
226 1208
226 1245
227 325
227 518
227 590
227 675
227 853
228 338
228 345
228 641
228 672
228 769
228 846
228 868
228 1176
229 416
229 755
229 784
229 793
229 857
229 1002
229 1049
229 1094
229 1164
229 1205
230 335
230 369
230 487
230 519
230 848
230 1044
231 533
231 545
231 552
231 808
231 934
231 942
231 1014
231 1053
231 1184
231 1241
232 242
232 307
232 450
232 589
232 805
232 837
232 1037
232 1046
232 1095
232 1098
232 1215
232 1239
233 316
233 588
233 632
233 825
234 265
234 407
234 701
234 725
234 858
234 1081
235 455
235 505
235 580
235 584
235 640
236 324
236 421
236 506
236 571
236 690
236 727
236 784
236 866
236 1025
236 1189
237 455
237 505
237 580
237 584
237 640
237 961
237 1190
237 1249
238 313
238 384
238 466
238 751
238 992
239 317
239 405
239 477
239 645
239 692
239 703
239 913
239 958
239 1110
239 1112
239 1114
240 246
240 278
240 1011
241 400
241 412
241 529
241 760
241 946
241 1083
241 1201
242 307
242 377
242 450
242 589
242 805
242 1037
242 1046
242 1095
242 1215
242 1239
243 280
243 385
243 770
243 934
243 1053
243 1083
244 268
244 497
244 598
244 652
244 726
245 340
245 477
245 645
245 692
245 1112
245 1114
245 1140
246 464
246 634
246 1011
247 313
247 751
247 992
248 314
248 317
248 587
248 660
248 788
248 1114
249 306
249 327
249 471
249 494
249 635
249 710
249 782
249 800
249 965
249 1042
249 1091
249 1156
249 1238
250 396
250 528
250 540
250 541
250 725
250 774
250 798
250 818
250 1106
250 1219
251 538
251 756
251 770
251 963
251 1236
252 358
252 495
252 593
252 716
252 832
252 840
252 990
252 1072
252 1150
252 1159
252 1172
252 1180
253 667
253 719
253 895
253 923
253 1080
253 1178
253 1179
253 1214
253 1224
253 1248
254 758
254 823
254 1056
254 1058
254 1200
255 346
255 1010
255 1170
255 1174
255 1225
256 310
256 579
256 674
256 805
256 814
256 837
256 871
257 378
257 429
257 766
257 815
257 862
257 867
257 1027
257 1043
257 1160
258 440
258 579
258 611
258 619
258 666
258 698
258 764
258 805
258 1133
258 1215
259 356
259 553
259 1122
260 291
260 311
260 347
260 707
260 803
260 884
261 398
261 453
261 594
261 660
261 689
261 1018
261 1142
262 308
262 331
262 372
262 523
262 653
262 696
262 1187
263 410
263 433
263 586
263 607
263 617
263 681
263 773
263 964
263 1138
263 1228
264 338
264 345
264 574
264 860
264 868
264 988
264 1017
264 1154
264 1226
265 473
265 608
265 821
265 858
265 1081
265 1166
266 512
266 516
266 524
266 621
266 738
266 745
266 748
266 795
266 863
266 1013
266 1155
266 1197
267 394
267 523
267 548
267 696
267 710
267 765
267 883
267 1042
267 1185
267 1238
268 598
269 343
269 390
269 549
269 833
269 1216
270 383
270 475
270 791
270 841
270 870
270 904
270 1071
270 1157
271 303
271 420
271 503
271 789
271 826
272 374
272 404
272 669
272 1008
273 294
273 424
273 447
273 527
273 620
273 713
273 931
273 935
273 1059
273 1075
273 1178
273 1248
274 342
274 427
274 537
274 575
274 601
274 626
274 665
274 693
274 914
274 1060
274 1211
275 479
275 487
275 526
275 531
275 700
275 1103
275 1166
276 281
276 290
276 464
276 467
276 597
276 834
276 928
276 1033
276 1126
276 1176
277 617
277 775
277 829
277 932
277 955
278 328
278 330
278 689
278 1011
279 330
279 448
279 514
279 625
279 842
280 385
280 934
280 1053
280 1083
280 1169
280 1171
281 290
281 306
281 471
281 494
281 496
281 554
281 574
281 597
281 658
281 886
281 928
281 1017
281 1033
281 1091
281 1152
281 1226
282 402
282 509
282 576
282 908
282 1209
283 932
283 1039
284 362
284 428
284 480
284 561
284 565
284 804
284 909
284 1010
285 785
285 869
285 911
285 990
285 1180
285 1234
286 379
286 876
286 980
287 389
287 396
287 484
287 513
287 541
287 591
287 644
287 732
287 861
287 892
287 999
287 1029
287 1106
287 1141
287 1170
287 1225
288 371
288 421
288 432
288 513
288 571
288 690
288 732
288 812
288 899
288 959
288 974
288 982
289 411
289 423
289 864
289 954
289 976
289 1000
289 1233
290 306
290 554
290 597
290 928
290 1091
290 1126
290 1152
291 302
291 311
291 355
291 377
291 393
291 685
291 687
291 707
291 803
291 880
291 884
291 1067
292 323
292 442
292 489
292 629
292 679
292 743
292 781
293 364
293 614
293 646
293 752
293 1086
293 1107
294 424
294 447
294 534
294 620
294 713
294 912
294 935
294 950
294 966
294 968
294 1178
294 1183
294 1248
295 359
295 373
295 452
295 897
296 395
296 442
296 489
296 563
296 781
296 1125
296 1213
297 337
297 366
297 508
297 558
297 643
297 676
297 699
297 852
297 947
297 948
297 997
297 1137
297 1158
297 1232
297 1242
297 1244
298 636
298 1102
299 448
299 469
299 635
299 656
299 883
299 1022
299 1136
300 346
300 370
300 482
300 488
300 599
300 905
300 1174
301 434
301 517
301 537
301 564
301 661
301 793
301 847
301 857
301 949
301 1050
301 1064
301 1164
301 1217
302 307
302 406
302 589
302 685
302 687
302 738
302 1041
302 1067
302 1153
303 315
303 662
303 724
303 790
303 826
303 1078
303 1118
303 1122
304 357
304 384
304 534
304 741
304 912
304 950
304 966
304 970
304 984
304 1090
305 374
305 419
305 671
305 881
305 1086
305 1107
306 327
306 471
306 494
306 554
306 574
306 782
306 886
306 965
306 1035
306 1091
306 1152
306 1226
307 406
307 450
307 512
307 589
307 1037
307 1041
307 1067
307 1095
307 1098
307 1153
307 1239
308 372
308 649
308 1134
309 642
309 643
309 657
309 792
309 947
309 948
309 994
309 1137
310 579
310 814
310 871
310 940
310 1082
311 803
311 824
311 1067
312 593
312 619
312 666
312 764
312 814
312 840
312 911
312 990
312 1020
312 1082
312 1133
313 449
313 692
313 705
313 751
313 913
313 992
314 330
314 587
314 660
314 788
314 828
315 511
315 573
315 633
315 724
315 790
315 798
315 925
315 1074
315 1078
315 1122
316 351
316 478
316 588
316 606
316 632
316 825
316 1191
316 1247
317 405
317 422
317 477
317 645
317 703
317 817
317 958
317 1112
317 1114
318 630
318 941
318 1229
319 706
319 1027
319 1109
319 1131
319 1169
320 363
320 454
320 542
320 551
320 794
320 893
320 1012
320 1221
321 367
321 472
321 492
321 507
321 683
321 1016
321 1032
321 1230
322 357
322 361
322 447
322 713
322 849
322 1045
322 1093
322 1124
323 442
323 489
323 629
323 679
323 743
324 784
324 920
324 1025
325 473
325 518
325 675
326 341
326 590
326 628
326 668
326 744
326 917
326 1092
326 1100
326 1107
326 1142
326 1143
326 1227
327 494
327 554
327 782
327 860
327 886
327 965
327 1015
327 1035
327 1042
327 1238
328 402
328 509
328 874
328 1209
329 361
329 470
329 473
329 715
329 744
329 849
329 1196
330 453
330 587
330 689
330 788
331 350
331 515
331 523
331 653
331 696
331 1187
332 368
332 376
332 383
332 435
332 609
332 718
332 730
332 777
332 787
332 836
332 891
332 969
332 1040
332 1173
333 522
333 654
333 844
333 924
333 953
333 978
333 1209
334 746
334 831
334 1009
334 1085
335 646
335 989
335 1026
336 341
336 374
336 404
336 628
336 668
336 671
336 1008
336 1034
336 1092
336 1107
336 1117
336 1143
336 1144
336 1227
337 558
337 623
337 659
337 676
337 699
337 947
337 948
337 997
337 1137
337 1232
337 1242
337 1244
338 345
338 574
338 769
338 846
338 868
338 928
338 1017
338 1154
338 1176
338 1226
339 397
339 564
339 627
339 670
339 768
339 995
340 382
340 477
340 525
340 692
340 741
340 853
340 958
340 1140
341 374
341 590
341 628
341 668
341 917
341 1092
341 1100
341 1107
341 1142
341 1227
342 366
342 427
342 699
342 704
342 937
342 993
342 1060
342 1158
342 1211
343 390
343 549
343 833
343 872
344 431
344 556
344 567
344 918
344 920
344 971
344 1032
344 1130
345 641
345 672
345 769
345 846
345 868
345 1154
346 482
346 581
346 905
346 1061
346 1174
346 1198
347 520
347 707
347 865
347 884
347 888
347 1168
348 354
348 614
348 646
348 752
348 1051
348 1084
348 1086
348 1105
349 408
349 531
349 608
349 822
349 870
349 904
350 515
350 605
350 649
350 878
350 1175
350 1187
351 478
351 547
352 427
352 463
352 511
352 521
352 798
352 937
352 1060
352 1074
352 1177
353 411
353 428
353 551
353 596
353 631
353 728
353 736
353 753
353 794
353 864
353 893
353 952
353 954
353 1221
354 592
354 901
354 991
354 1051
354 1084
355 377
355 393
355 610
355 680
355 687
355 707
355 944
355 1192
356 511
356 553
356 925
356 1129
357 447
357 534
357 741
357 912
357 950
357 966
357 970
357 984
357 1040
357 1093
357 1124
358 495
358 553
358 633
358 790
358 826
358 832
358 1122
358 1150
358 1172
359 452
359 457
359 610
359 843
359 944
360 438
360 493
360 543
360 648
360 662
360 691
360 737
360 839
360 919
361 715
361 744
361 841
361 849
361 881
361 917
361 1045
362 363
362 428
362 480
362 561
362 565
362 736
362 804
362 838
362 909
362 977
362 1007
362 1010
362 1099
363 394
363 454
363 578
363 729
363 962
363 1151
363 1238
364 614
364 647
364 654
365 674
365 1055
365 1210
365 1235
366 504
366 508
366 699
366 704
366 811
366 852
366 945
366 993
366 1158
366 1188
367 431
367 468
367 472
367 491
367 567
367 616
367 683
367 737
367 1016
367 1032
367 1062
368 379
368 383
368 718
368 787
368 836
368 870
368 1077
368 1173
369 721
369 1044
370 599
370 604
370 706
370 905
370 1174
371 513
371 591
371 644
371 732
371 974
371 982
371 1029
371 1225
372 523
372 548
372 696
372 765
372 776
372 921
372 1185
373 375
373 873
373 1108
374 404
374 628
374 671
374 1008
374 1092
374 1107
375 502
375 536
375 634
375 828
375 873
376 609
376 694
376 836
376 869
376 877
376 891
376 1173
376 1207
377 393
377 687
377 698
377 720
377 884
377 979
378 766
378 815
378 862
378 1027
378 1109
379 383
379 392
379 718
379 787
379 836
379 870
379 969
379 1113
379 1173
380 462
380 485
380 555
380 571
380 690
380 812
380 975
380 1160
380 1229
381 465
381 558
381 623
381 659
381 1244
382 525
382 1119
383 718
383 787
383 822
383 870
383 969
383 1071
383 1182
384 534
384 741
384 912
384 970
384 984
384 1090
384 1163
385 544
385 562
385 714
385 747
385 850
385 1065
385 1083
385 1085
385 1171
386 789
386 907
386 933
386 960
386 973
386 1212
387 684
387 786
387 1024
389 604
389 644
389 892
389 1073
389 1141
389 1225
390 549
390 664
390 854
390 872
390 1216
391 483
391 606
391 768
391 985
392 718
392 787
392 836
392 1173
392 1194
392 1249
393 687
393 707
393 880
393 884
394 454
394 578
394 710
394 729
394 776
394 818
394 962
394 1185
394 1238
395 686
395 721
395 854
395 872
396 454
396 528
396 540
396 541
396 578
396 591
396 729
396 774
396 776
396 818
396 861
396 962
396 1029
396 1106
397 517
397 564
397 670
397 678
397 712
397 889
397 903
397 941
397 975
397 1240
398 453
398 594
398 668
398 682
398 1018
398 1100
398 1142
399 490
399 622
399 735
399 739
399 756
399 875
399 927
399 1070
400 529
400 714
400 733
400 760
400 1083
400 1201
401 510
401 709
401 775
401 845
401 939
401 967
401 1047
401 1068
401 1242
402 509
402 522
402 835
402 874
402 924
402 953
402 1209
403 418
403 510
403 734
403 1054
403 1068
403 1088
404 628
404 669
404 671
404 1008
404 1034
404 1117
404 1143
404 1144
404 1227
405 477
405 595
405 645
405 703
405 913
405 958
405 1110
405 1112
405 1114
406 512
406 516
406 524
406 738
407 568
407 573
407 582
407 642
407 723
407 858
407 925
407 994
407 1081
408 498
408 531
408 608
408 822
408 870
408 904
409 542
409 556
409 566
409 569
409 778
409 794
409 893
409 899
409 918
409 920
409 1012
409 1130
410 474
410 532
410 586
410 607
410 617
410 773
410 796
410 1138
410 1145
410 1222
410 1228
411 423
411 736
411 753
411 864
411 954
411 1000
412 754
412 946
412 1162
413 451
413 458
413 572
413 702
413 773
413 1019
413 1070
413 1128
413 1167
414 537
414 564
414 601
414 665
414 678
414 856
414 903
414 1050
414 1094
414 1211
414 1240
415 479
415 538
415 544
415 562
415 701
415 721
415 747
415 799
415 848
415 879
415 1066
416 438
416 445
416 491
416 493
416 750
416 755
416 857
416 960
416 1002
416 1031
416 1049
416 1064
416 1205
417 805
417 837
417 1046
417 1055
417 1215
418 694
418 1054
418 1088
418 1194
419 603
419 671
419 881
419 1086
419 1196
420 503
420 789
420 907
420 1156
420 1212
421 506
421 571
421 690
421 784
421 793
421 812
421 974
421 982
421 1094
422 530
422 602
422 742
422 817
422 958
422 1119
423 813
423 864
423 929
423 954
423 1000
424 447
424 527
424 620
424 713
424 931
424 935
424 968
424 1178
424 1248
425 535
425 750
426 429
426 500
426 867
426 976
426 1043
426 1233
427 463
427 521
427 537
427 601
427 661
427 937
427 1060
427 1177
427 1211
428 480
428 565
428 631
428 728
428 736
428 753
428 838
428 954
428 977
428 1010
428 1221
429 460
429 766
429 815
429 862
429 867
429 1004
429 1043
429 1073
429 1233
430 575
430 942
430 1211
431 468
431 472
431 556
431 567
431 616
431 677
431 890
431 933
431 981
431 1016
431 1032
431 1062
431 1148
432 637
432 1073
432 1225
433 586
433 617
433 681
433 964
433 1228
434 537
434 661
434 811
434 1003
434 1050
434 1064
434 1217
435 609
435 663
435 730
435 777
435 791
435 891
435 898
435 1040
436 863
436 880
436 1127
436 1155
436 1161
437 627
437 731
437 995
437 1021
438 468
438 491
438 493
438 543
438 648
438 662
438 691
438 737
438 839
438 919
438 960
438 1031
438 1205
439 1116
440 492
440 648
440 698
440 805
440 1055
440 1215
441 456
441 471
441 757
441 782
441 883
441 965
441 1035
441 1042
442 489
442 563
442 679
442 1125
442 1134
442 1213
443 605
443 629
444 563
444 831
444 1009
444 1213
445 463
445 521
445 537
445 601
445 661
445 750
445 755
445 793
445 857
445 1031
445 1049
445 1060
445 1064
445 1164
445 1177
446 456
446 673
446 757
446 816
446 894
446 1195
446 1204
447 620
447 713
447 912
447 935
447 950
447 1178
448 514
448 625
448 635
448 656
448 842
448 855
448 1022
449 466
449 705
449 745
449 748
449 751
449 1013
449 1155
449 1202
450 589
450 837
450 916
450 1037
450 1046
450 1095
450 1098
450 1239
451 458
451 572
451 801
451 807
451 910
451 1186
452 610
452 817
452 843
452 900
452 944
453 594
453 660
453 689
453 788
453 1018
454 542
454 559
454 578
454 729
454 962
454 1029
455 505
455 584
455 829
455 1036
455 1194
455 1249
456 635
456 757
456 782
456 883
456 1022
456 1136
456 1204
457 827
457 938
458 490
458 557
458 572
458 622
458 756
458 807
458 927
458 1070
459 476
459 484
459 533
459 759
459 762
459 926
459 998
459 999
459 1106
459 1218
459 1219
459 1241
460 482
460 1004
460 1147
460 1174
460 1203
460 1233
462 485
462 555
462 812
462 1160
463 511
463 521
463 535
463 661
463 750
463 1060
463 1074
463 1118
463 1177
464 496
464 597
464 834
464 1033
464 1126
465 557
465 702
465 780
465 783
465 943
465 1019
465 1128
465 1167
465 1220
466 785
466 1038
466 1243
467 502
467 597
467 651
467 697
467 834
467 928
467 1057
467 1108
467 1126
468 491
468 493
468 567
468 737
468 919
468 960
468 1016
468 1062
468 1205
469 656
469 855
470 715
470 1196
471 494
471 496
471 658
471 782
471 800
471 842
471 859
471 886
471 965
471 1035
471 1091
472 567
472 616
472 683
472 851
472 1016
472 1032
472 1062
473 675
473 821
474 584
474 607
474 796
474 915
474 1145
474 1222
475 822
475 870
475 904
475 1071
476 562
476 747
476 759
476 879
476 998
476 999
476 1066
476 1218
476 1219
477 645
477 692
477 703
477 913
477 958
477 1112
477 1114
477 1140
478 547
478 825
478 996
478 1120
478 1191
478 1247
479 538
479 700
479 701
479 799
479 848
479 1066
479 1081
479 1166
480 561
480 565
480 728
480 736
480 753
480 804
480 954
480 1010
481 647
481 887
482 1004
482 1147
482 1174
483 606
483 768
483 985
484 591
484 759
484 861
484 892
484 926
484 998
484 999
484 1106
484 1141
484 1171
484 1241
485 555
485 678
485 690
485 812
485 941
485 975
485 1240
486 813
487 519
487 848
488 577
488 599
488 653
488 905
488 1009
489 679
489 721
489 1134
489 1213
490 557
490 572
490 622
490 702
490 756
490 780
490 783
490 820
490 927
490 1070
490 1128
490 1167
490 1206
491 493
491 737
491 919
491 960
491 1205
491 1230
492 648
492 683
492 691
492 1055
492 1230
493 543
493 662
493 755
493 839
493 960
493 1031
493 1118
493 1205
493 1230
494 554
494 710
494 782
494 800
494 886
494 965
494 1035
494 1042
494 1091
494 1152
494 1238
495 593
495 615
495 742
495 832
495 840
495 1150
495 1159
496 597
496 658
496 842
496 859
496 1091
497 556
497 652
497 726
497 778
497 971
497 981
497 1208
498 531
498 822
498 910
498 915
498 1135
499 992
499 1096
500 613
500 976
500 1005
500 1233
501 570
501 633
501 821
501 858
501 1069
501 1113
502 536
502 634
502 651
502 697
502 873
503 789
503 907
503 1212
504 508
504 717
504 852
504 945
504 993
504 1111
504 1188
504 1199
505 580
505 584
505 640
505 961
506 571
506 690
506 708
506 727
506 784
506 866
506 959
506 974
506 982
506 1025
506 1189
506 1229
507 683
508 699
508 852
508 945
508 993
508 997
508 1047
508 1111
508 1188
508 1199
508 1242
509 514
509 816
509 835
509 874
509 983
510 709
510 775
510 845
510 939
510 967
510 1068
511 521
511 573
511 662
511 724
511 798
511 925
511 1074
511 1078
511 1118
511 1177
512 516
512 524
512 621
512 738
512 740
512 795
512 1197
513 528
513 591
513 644
513 732
513 861
513 1029
513 1225
514 590
514 625
514 816
514 842
514 902
514 983
514 1022
515 605
515 649
515 1134
515 1187
516 524
516 738
516 795
516 863
516 1197
517 564
517 768
517 847
517 903
517 949
517 1050
517 1164
517 1240
518 675
518 826
518 1119
519 848
520 638
520 695
520 851
520 865
520 884
520 888
520 987
520 1001
520 1139
521 661
521 750
521 1060
521 1074
521 1118
521 1177
522 654
522 835
522 844
522 874
522 908
522 978
522 1209
523 577
523 696
523 765
523 776
523 830
523 1061
523 1185
524 738
524 795
524 863
525 741
525 984
525 1172
526 592
526 700
526 761
526 901
526 936
526 991
526 1079
526 1103
527 603
527 620
527 713
527 841
527 881
527 931
527 1045
527 1059
527 1075
527 1157
528 540
528 541
528 591
528 732
528 774
528 861
528 1106
528 1219
529 733
529 760
529 802
529 1201
530 602
531 700
531 739
531 910
531 1166
532 586
532 607
532 796
532 1228
533 545
533 552
533 762
533 808
533 942
533 998
533 999
533 1014
533 1053
533 1184
533 1241
534 583
534 912
534 950
534 966
534 970
534 984
534 1080
534 1090
534 1178
534 1224
535 661
535 704
535 750
535 1177
535 1188
536 634
536 788
536 828
536 873
537 601
537 661
537 856
537 1050
537 1060
537 1164
537 1211
537 1217
538 686
538 799
538 879
538 1066
538 1181
538 1236
539 560
539 819
539 885
539 930
539 966
539 1023
539 1183
539 1237
540 541
540 578
540 725
540 729
540 774
540 818
540 861
540 1106
540 1219
541 578
541 591
541 729
541 759
541 774
541 776
541 818
541 861
541 962
541 1106
542 551
542 559
542 566
542 794
542 899
542 959
542 974
542 1012
543 648
543 662
543 691
543 737
543 839
543 919
543 1031
544 562
544 714
544 747
544 850
544 879
544 957
544 1065
544 1085
545 552
545 763
545 808
545 942
545 1014
545 1053
545 1165
546 652
546 677
546 749
546 897
546 973
546 1148
546 1200
546 1208
546 1245
547 1120
547 1191
548 696
548 710
548 883
548 1042
548 1136
548 1185
549 833
549 854
549 872
550 722
550 728
551 794
551 893
551 899
551 952
551 959
551 974
551 1012
551 1029
551 1221
552 763
552 808
552 934
552 1014
552 1053
553 1072
553 1122
554 574
554 886
554 928
554 1091
554 1151
554 1152
554 1226
555 678
556 567
556 778
556 918
556 971
556 981
556 1130
557 572
557 702
557 756
557 780
557 783
557 820
557 927
557 1019
557 1070
557 1128
557 1167
557 1206
558 623
558 659
558 676
558 997
558 1232
558 1244
559 578
559 729
559 962
559 1029
560 966
561 565
561 804
561 838
561 860
561 909
561 977
561 1007
561 1010
561 1015
561 1052
561 1099
562 747
562 759
562 799
562 850
562 879
562 957
562 1065
562 1218
563 831
563 1048
563 1125
563 1162
563 1213
564 768
564 847
564 903
564 949
564 1050
564 1164
564 1240
565 728
565 736
565 753
565 804
565 909
565 977
565 1010
566 784
566 899
566 918
566 920
566 959
566 974
566 1025
566 1130
567 616
567 677
567 890
567 981
567 1016
567 1032
567 1062
567 1148
567 1208
568 642
568 806
568 1081
568 1219
569 918
569 971
569 1130
570 633
570 877
570 1069
570 1172
571 690
571 812
571 959
571 974
571 975
571 982
571 1094
572 622
572 756
572 797
572 807
572 927
572 1070
573 642
573 798
573 925
573 1074
573 1078
573 1129
574 868
574 886
574 988
574 1017
574 1033
574 1035
574 1154
574 1226
575 626
575 665
575 693
575 914
575 1211
576 771
576 896
576 908
576 924
576 953
576 1104
576 1209
577 599
577 765
577 905
577 957
577 1061
578 710
578 729
578 818
578 962
578 1238
579 666
579 764
579 814
579 871
579 1082
579 1133
580 640
580 961
581 599
581 653
581 765
581 830
581 905
581 1007
581 1061
581 1198
582 633
582 642
582 723
582 858
582 925
582 994
582 1113
583 1080
583 1090
583 1140
583 1224
584 640
584 1036
584 1249
585 852
585 945
585 1199
586 607
586 617
586 681
586 773
586 796
586 1138
586 1228
587 660
587 788
588 632
588 825
589 916
589 1037
589 1041
589 1095
589 1098
589 1153
589 1239
590 625
590 744
590 902
590 917
590 983
591 644
591 732
591 861
591 926
591 999
591 1029
591 1106
591 1225
592 761
592 901
592 904
592 936
592 991
592 1079
592 1103
593 615
593 619
593 832
593 840
593 990
593 1072
593 1150
593 1159
594 689
594 1100
594 1142
595 703
595 913
595 958
595 1030
595 1087
595 1097
596 708
596 813
596 864
596 952
597 834
597 1033
597 1126
598 1146
599 653
599 905
600 717
600 811
600 996
600 1003
600 1123
600 1247
601 661
601 665
601 856
601 903
601 1050
601 1060
601 1164
601 1211
601 1240
602 817
602 958
602 1119
603 713
603 841
603 881
603 931
603 1045
603 1075
603 1157
603 1196
604 850
604 892
604 1109
604 1141
604 1171
604 1184
605 649
605 1175
606 768
606 985
606 1247
607 773
607 796
607 1145
607 1228
608 822
608 904
609 730
609 777
609 891
609 1040
610 707
610 843
610 944
610 1168
610 1192
611 615
611 619
611 666
611 698
611 720
611 764
611 979
611 1030
612 1055
612 1210
613 976
613 1005
614 646
614 752
614 1086
614 1105
615 619
615 666
615 698
615 764
615 1030
615 1159
616 695
616 851
616 890
616 1016
616 1062
616 1193
616 1231
617 681
617 773
617 964
617 1145
617 1228
618 641
618 672
618 769
618 846
618 882
618 1101
618 1149
619 666
619 764
619 1133
619 1159
620 713
620 935
620 968
620 1178
620 1248
621 740
621 745
621 748
621 795
621 1013
621 1087
621 1097
621 1133
621 1197
621 1202
622 735
622 739
622 756
622 875
622 927
622 1070
623 659
623 676
623 997
623 1232
623 1244
624 709
624 939
624 1047
624 1111
625 816
625 902
625 983
626 693
626 914
626 1014
627 768
627 985
627 995
628 668
628 671
628 917
628 1092
628 1100
628 1107
628 1117
628 1143
628 1227
629 743
630 712
630 866
630 941
630 975
630 1229
631 728
631 736
631 753
631 794
631 838
631 893
631 977
631 1221
632 825
633 723
633 790
633 925
633 1069
633 1078
633 1122
634 689
634 788
634 828
634 873
635 656
635 710
635 782
635 800
635 842
635 883
635 965
635 1022
635 1042
635 1136
636 1039
636 1102
637 864
637 1229
638 695
638 758
638 851
638 865
638 987
638 1001
638 1139
639 754
639 946
640 961
640 1190
640 1249
641 672
641 769
641 846
641 868
642 643
642 792
642 925
642 994
642 1074
642 1129
643 657
643 699
643 792
643 947
643 948
643 997
643 1129
643 1137
643 1242
644 732
644 861
644 1029
644 1073
644 1225
645 703
645 913
645 1110
645 1112
645 1114
646 752
646 989
646 1105
647 887
648 691
648 737
648 839
648 919
649 878
649 1175
650 940
650 951
650 1089
651 697
651 1057
651 1126
652 677
652 726
652 778
652 823
652 890
652 981
652 1208
652 1245
653 696
653 1198
654 844
654 978
655 972
656 855
656 1156
657 792
657 947
657 948
657 994
657 1137
658 842
658 859
658 1091
659 676
659 948
659 964
659 997
659 1232
659 1244
660 788
660 1018
660 1114
661 750
661 857
661 1060
661 1164
661 1177
661 1217
662 724
662 839
662 960
662 1118
663 688
663 777
663 898
664 686
664 854
664 1216
665 693
665 903
665 1211
665 1240
666 764
666 1133
667 895
667 1059
667 1144
667 1178
667 1179
667 1214
667 1248
668 682
668 1092
668 1100
668 1117
668 1142
668 1143
668 1227
669 1008
670 678
670 712
670 889
670 903
670 941
670 975
670 1240
671 881
671 1008
671 1034
671 1107
672 769
672 846
672 868
673 894
673 1195
673 1204
674 837
674 1046
675 821
676 997
676 1102
676 1232
676 1244
677 749
677 890
677 897
677 973
677 981
677 1062
677 1148
677 1208
677 1245
678 712
678 889
678 903
678 941
678 975
678 1240
679 1134
679 1187
680 720
680 900
680 1193
680 1231
681 773
681 964
681 1138
681 1228
682 1018
682 1140
682 1143
683 1016
683 1032
684 786
684 1024
685 880
685 1127
686 854
686 1181
686 1216
687 707
687 880
687 979
687 1127
688 898
688 1237
689 1011
690 812
690 975
690 982
690 1094
690 1189
690 1229
691 737
691 839
691 919
692 913
692 1140
693 914
693 1211
694 836
694 869
694 877
694 1054
694 1207
695 749
695 758
695 823
695 851
695 888
695 890
695 1001
695 1058
695 1139
695 1193
696 765
696 776
696 830
696 1185
697 873
697 1057
697 1108
697 1126
698 720
699 704
699 852
699 947
699 948
699 993
699 997
699 1111
699 1129
699 1137
699 1158
699 1188
699 1232
699 1242
700 739
700 761
700 1103
700 1166
701 799
701 806
701 848
701 879
701 1066
701 1081
701 1166
702 780
702 783
702 820
702 1019
702 1128
702 1138
702 1167
703 913
703 958
703 1110
703 1112
703 1114
704 993
704 1060
704 1074
704 1111
704 1129
704 1177
704 1188
705 745
705 748
705 751
705 1013
705 1155
705 1197
705 1202
706 766
706 1027
706 1109
706 1131
706 1147
706 1203
707 880
707 944
707 1192
708 727
708 893
708 952
708 959
708 1189
709 939
709 967
709 1047
709 1111
709 1188
709 1242
710 782
710 800
710 818
710 883
710 965
710 1042
710 1136
710 1185
710 1238
711 779
711 1146
711 1149
712 889
712 941
712 975
713 791
713 841
713 931
713 935
713 968
713 1040
713 1045
713 1157
714 747
714 760
714 850
714 1065
714 1083
714 1085
715 744
715 841
715 849
715 881
715 917
715 1045
715 1196
716 840
716 990
716 1038
716 1150
716 1172
716 1180
717 811
717 1003
717 1247
718 787
718 836
718 870
718 891
718 969
718 1173
719 1144
720 865
720 884
720 1231
721 848
721 1044
721 1134
722 728
723 925
723 1069
723 1113
724 798
724 1118
724 1212
725 774
725 818
725 921
725 1219
726 778
726 981
726 1208
727 866
727 952
727 1025
727 1189
728 838
728 909
728 977
729 776
729 818
729 962
729 1029
729 1170
729 1238
730 777
730 791
730 891
730 968
730 1040
731 1021
731 1235
732 861
732 1029
732 1225
733 760
733 802
733 809
733 833
733 1121
734 951
734 1072
735 739
735 875
735 927
735 1070
736 753
736 794
736 954
736 1000
736 1010
736 1221
737 839
737 919
737 960
737 1062
738 740
738 795
739 756
739 767
739 875
739 910
739 927
739 1070
740 979
740 1030
740 1087
740 1097
740 1133
740 1197
741 984
742 826
742 832
742 958
742 1119
742 1150
742 1172
743 781
744 849
744 917
745 840
745 911
745 1013
745 1197
745 1202
747 770
747 850
747 879
747 957
747 1065
747 1218
748 751
748 795
748 863
748 1013
748 1087
748 1097
748 1155
748 1197
749 758
749 823
749 890
749 1058
749 1193
749 1200
749 1208
749 1245
750 755
750 857
750 1031
750 1064
750 1177
751 913
751 992
751 1013
751 1155
752 989
752 1086
752 1105
753 794
753 864
753 893
753 954
753 1000
753 1221
754 946
755 793
755 857
755 1002
755 1031
755 1049
755 1064
755 1164
755 1205
756 927
756 963
756 1070
756 1236
757 786
757 859
757 1204
758 823
758 851
758 890
758 1058
758 1139
759 861
759 879
759 892
759 998
759 999
759 1106
759 1218
759 1219
760 1083
760 1201
761 936
761 991
761 1079
761 1103
762 926
762 942
762 998
762 999
762 1106
762 1241
763 808
763 943
763 1014
763 1165
763 1220
764 814
764 1082
764 1133
765 776
765 830
765 1061
765 1185
766 815
766 862
766 1004
766 1027
766 1043
766 1109
767 797
767 1181
767 1216
768 985
768 995
768 1050
769 846
769 868
769 928
769 1176
770 879
770 934
770 998
770 1218
770 1236
771 896
771 1104
772 819
772 885
772 895
772 923
772 930
772 1023
772 1223
773 796
773 1128
773 1138
773 1228
774 818
774 861
774 1106
774 1219
775 845
775 955
775 967
775 1068
775 1242
776 830
776 921
776 1061
776 1170
776 1185
777 791
777 891
777 1040
778 981
778 1130
778 1208
779 1063
779 1146
780 783
780 943
780 963
780 1019
780 1076
781 922
781 956
781 1048
781 1125
782 800
782 859
782 883
782 965
782 1022
782 1035
782 1042
782 1091
782 1136
783 820
783 943
783 1019
783 1128
783 1167
783 1206
783 1220
784 793
784 920
784 974
784 1002
784 1025
784 1049
784 1189
785 869
785 1038
785 1207
785 1243
786 1024
787 836
787 870
787 969
787 1173
788 828
789 907
789 933
789 1212
790 826
790 1078
790 1122
791 968
791 1040
791 1157
792 820
792 937
792 947
792 994
792 1115
792 1129
792 1137
792 1206
793 856
793 857
793 1002
793 1049
793 1094
793 1164
794 893
794 899
794 952
794 959
794 1012
794 1221
795 863
795 1013
795 1155
795 1197
796 1222
797 1121
797 1181
798 925
798 1074
798 1078
798 1118
799 848
799 879
799 1066
800 883
800 965
800 1042
800 1091
800 1136
800 1156
800 1238
801 807
801 1186
802 809
802 833
802 1121
803 884
803 1067
804 909
804 1007
804 1010
804 1052
805 837
805 1037
805 1046
805 1055
805 1210
805 1215
806 1236
807 910
807 986
807 1135
807 1186
808 942
808 1014
808 1053
808 1165
809 833
809 1076
809 1121
810 906
810 996
810 1123
811 852
811 945
811 993
811 1003
811 1217
811 1247
812 975
812 982
812 1229
813 864
813 929
814 871
814 1020
814 1082
815 862
815 1027
815 1073
815 1160
816 983
816 1022
816 1026
817 900
818 921
818 1185
819 885
819 930
819 1023
819 1223
820 1115
820 1165
820 1167
820 1206
820 1220
821 858
821 1069
821 1077
822 870
822 904
822 1071
823 890
823 1058
823 1200
823 1208
823 1245
824 1067
825 1247
826 832
826 1119
826 1122
827 938
827 1056
827 1063
828 873
829 932
829 1036
829 1145
830 1007
830 1061
830 1170
830 1185
831 1009
831 1085
831 1162
832 1150
832 1159
833 1121
834 1006
834 1033
834 1116
834 1126
835 874
835 1209
836 877
836 1054
836 1173
837 1037
837 1046
837 1055
837 1215
837 1239
838 909
838 977
838 1099
839 919
839 960
840 911
840 990
840 1087
840 1150
840 1159
840 1202
841 849
841 968
841 1040
841 1045
841 1093
841 1157
842 859
842 1022
843 944
843 1168
843 1192
844 924
844 953
844 978
844 1209
845 939
845 967
846 868
846 1176
847 949
848 1066
849 1045
849 1093
849 1124
850 892
850 1065
850 1085
850 1171
850 1218
851 890
851 987
851 1001
851 1016
851 1139
852 945
852 993
852 1111
852 1158
852 1188
852 1199
854 872
854 1216
855 1156
856 903
856 1060
856 1094
856 1164
856 1240
857 949
857 1002
857 1031
857 1049
857 1064
857 1164
858 1069
858 1081
859 965
859 1091
860 1015
860 1035
860 1052
860 1099
861 892
861 926
861 999
861 1106
861 1225
862 867
862 1043
862 1073
862 1160
863 1013
863 1096
863 1155
863 1197
864 954
864 1000
865 884
865 888
865 987
865 1001
865 1139
865 1168
865 1231
866 1189
867 1043
867 1160
867 1233
868 1154
868 1226
869 877
869 1038
869 1207
869 1243
870 904
870 969
870 1071
871 940
871 1082
872 1216
873 1108
874 1209
875 927
875 1070
876 955
876 980
877 1054
877 1207
878 894
878 1132
878 1175
879 1066
879 1218
880 979
880 1127
880 1161
881 931
881 1034
881 1075
881 1196
882 1101
882 1149
883 965
883 1022
883 1042
883 1136
884 987
885 923
885 930
885 1023
885 1178
885 1183
885 1223
885 1237
886 965
886 988
886 1017
886 1033
886 1035
886 1154
886 1226
887 908
887 1195
888 1001
888 1168
889 941
890 981
890 1016
890 1062
890 1148
890 1208
891 1040
892 999
892 1141
892 1171
892 1184
893 899
893 952
893 959
893 1012
893 1221
894 1132
894 1175
894 1195
894 1204
895 923
895 1178
895 1179
895 1214
897 907
897 933
897 973
897 1148
897 1193
899 952
899 959
899 974
899 1012
901 904
901 991
901 1079
901 1103
902 983
902 989
903 975
903 1050
903 1094
903 1240
904 1071
904 1103
905 1061
905 1174
906 996
906 1120
906 1123
906 1191
907 933
907 973
907 1062
907 1148
907 1212
908 1104
908 1195
908 1209
909 977
909 1099
910 986
910 1135
910 1186
911 990
911 1202
912 950
912 966
912 970
912 984
912 1090
912 1224
913 1110
913 1112
915 1222
916 1041
916 1067
916 1095
916 1098
916 1153
916 1239
917 1092
917 1107
918 920
918 1025
918 1130
919 960
919 1062
920 1025
920 1130
921 1185
922 956
923 1178
923 1179
923 1214
924 953
924 1209
925 1074
925 1078
925 1129
926 942
926 999
926 1106
926 1241
927 1070
927 1236
928 1017
928 1033
928 1126
928 1176
928 1226
930 1183
930 1237
931 1059
931 1075
932 1036
933 973
933 1062
933 1148
933 1212
934 1053
935 950
935 966
935 968
935 1178
935 1248
936 991
936 1079
936 1103
936 1135
937 1129
938 1063
938 1108
939 967
939 1047
941 975
942 1014
942 1053
942 1241
943 1165
943 1220
944 1192
945 993
945 1158
945 1199
947 948
947 997
947 1137
947 1232
947 1244
948 997
948 1137
948 1232
948 1242
948 1244
949 1064
949 1164
949 1217
950 966
950 970
950 984
950 1090
951 1089
952 959
952 1221
953 1209
954 1000
955 1068
955 1088
956 1048
956 1125
957 1065
957 1085
957 1213
958 1112
958 1114
959 974
959 1012
960 1118
960 1205
960 1212
961 1182
962 1029
962 1170
963 1076
963 1236
964 1138
964 1228
965 1035
965 1042
965 1091
965 1136
966 970
966 1090
968 1040
968 1045
968 1157
969 1173
969 1182
969 1190
970 984
971 1130
973 1028
973 1148
974 982
975 1094
975 1240
976 1005
976 1233
977 1099
978 1209
979 1030
979 1087
979 1097
981 1148
981 1208
982 1094
983 989
984 1090
985 995
986 1135
986 1186
987 1001
987 1139
988 1017
988 1024
988 1154
988 1226
989 1026
990 1072
990 1180
991 1079
991 1103
993 1158
993 1188
996 1003
996 1021
996 1120
996 1123
996 1191
997 1137
997 1158
997 1232
997 1242
997 1244
998 999
998 1053
998 1218
998 1241
999 1106
999 1141
999 1171
999 1241
1001 1139
1002 1049
1002 1164
1002 1205
1003 1217
1003 1247
1004 1073
1004 1147
1004 1174
1004 1233
1006 1116
1007 1010
1007 1052
1007 1198
1008 1092
1008 1107
1009 1085
1012 1130
1012 1221
1013 1087
1013 1097
1013 1155
1013 1197
1013 1202
1014 1053
1014 1241
1015 1035
1015 1052
1015 1099
1016 1032
1016 1062
1017 1033
1017 1154
1017 1226
1019 1128
1019 1138
1019 1167
1020 1082
1020 1133
1022 1026
1022 1136
1023 1223
1025 1189
1026 1246
1027 1109
1027 1184
1028 1151
1028 1152
1029 1170
1029 1225
1030 1087
1030 1097
1031 1064
1031 1205
1031 1230
1033 1116
1033 1126
1033 1154
1033 1226
1034 1059
1034 1075
1034 1117
1034 1144
1035 1042
1035 1238
1036 1194
1036 1249
1037 1046
1037 1095
1037 1098
1037 1215
1037 1239
1038 1207
1038 1243
1039 1102
1040 1077
1040 1093
1040 1124
1040 1157
1041 1067
1041 1095
1041 1098
1041 1153
1042 1136
1042 1238
1045 1093
1045 1124
1045 1157
1046 1055
1046 1215
1046 1239
1047 1111
1047 1188
1048 1125
1049 1094
1049 1164
1049 1205
1050 1164
1050 1217
1050 1240
1051 1084
1053 1165
1053 1184
1053 1241
1055 1210
1055 1215
1056 1058
1056 1063
1058 1200
1059 1075
1059 1144
1060 1177
1060 1211
1061 1170
1062 1148
1064 1164
1064 1217
1065 1085
1066 1081
1067 1153
1068 1088
1069 1113
1070 1167
1071 1157
1072 1180
1073 1225
1074 1129
1074 1177
1075 1144
1076 1121
1077 1093
1077 1124
1078 1122
1079 1103
1080 1090
1080 1178
1080 1224
1081 1166
1082 1133
1083 1201
1086 1107
1087 1097
1087 1159
1087 1197
1089 1234
1090 1224
1091 1152
1092 1100
1092 1107
1092 1142
1092 1227
1093 1124
1094 1164
1094 1240
1095 1098
1095 1153
1095 1239
1097 1155
1097 1197
1098 1153
1098 1239
1100 1142
1100 1227
1101 1149
1106 1219
1106 1241
1108 1126
1108 1245
1109 1131
1109 1141
1109 1184
1110 1112
1111 1137
1111 1188
1111 1242
1112 1114
1115 1206
1115 1220
1117 1143
1117 1144
1117 1227
1120 1123
1120 1191
1123 1191
1125 1213
1126 1176
1127 1161
1128 1138
1128 1167
1129 1137
1129 1177
1131 1147
1131 1203
1134 1187
1134 1213
1135 1186
1137 1188
1137 1242
1138 1228
1141 1171
1141 1184
1143 1227
1146 1149
1147 1174
1147 1203
1148 1208
1150 1159
1150 1172
1151 1152
1154 1226
1155 1197
1165 1206
1165 1220
1167 1206
1167 1220
1168 1192
1170 1225
1171 1184
1173 1194
1175 1195
1176 1226
1178 1179
1178 1214
1178 1224
1178 1248
1179 1214
1179 1248
1181 1216
1182 1190
1183 1237
1183 1248
1184 1241
1185 1238
1188 1242
1193 1231
1194 1249
1195 1204
1200 1245
1205 1230
1206 1220
1207 1243
1208 1245
1210 1235
1214 1248
1218 1236
1232 1242
1232 1244
