0 1248
0 1
0 2
0 3
0 4
0 5
0 1249
0 1245
0 1246
0 1247
1 1249
1 2
1 3
1 4
1 5
1 6
1 1248
1 1246
1 1247
2 3
2 4
2 5
2 6
2 1249
2 714
2 7
2 1248
2 401
2 53
2 1247
3 4
3 5
3 6
3 7
3 8
3 1249
3 1248
4 5
4 6
4 7
4 1001
4 1249
4 536
5 6
5 7
5 8
5 9
5 10
6 7
6 9
6 10
6 11
6 596
7 8
7 9
7 10
7 11
7 12
8 812
8 10
8 12
8 13
8 689
9 1163
9 10
9 11
9 12
9 13
9 14
10 580
10 11
10 12
10 13
10 14
10 15
11 12
11 13
11 14
11 15
11 16
12 13
12 14
12 15
12 16
12 17
12 309
13 14
13 15
13 16
13 17
13 18
14 1234
14 15
14 16
14 18
14 19
15 16
15 17
15 19
15 20
15 1012
16 18
16 19
16 20
16 21
16 1145
17 18
17 19
17 20
17 21
17 22
18 19
18 20
18 21
18 22
18 23
19 327
19 20
19 21
19 22
19 23
19 24
20 21
20 22
20 23
20 24
20 25
21 22
21 23
21 24
21 25
21 26
22 23
22 24
22 25
22 26
22 27
23 430
23 24
23 25
23 26
23 27
24 25
24 26
24 27
24 28
24 29
25 26
25 27
25 28
25 29
25 30
26 589
26 27
26 28
26 29
26 30
26 31
27 32
27 28
27 29
27 30
27 31
28 32
28 33
28 29
28 30
28 31
29 32
29 33
29 34
29 30
29 31
30 32
30 33
30 34
30 453
30 31
31 32
31 33
31 34
31 35
31 36
32 33
32 34
32 35
32 36
32 649
32 511
33 34
33 35
33 36
33 37
33 38
34 35
34 36
34 37
34 38
34 39
35 36
35 37
35 38
35 39
35 40
36 37
36 38
36 39
36 40
36 41
37 38
37 39
37 40
37 41
37 42
38 39
38 40
38 41
38 43
38 339
39 40
39 41
39 42
39 43
39 44
40 41
40 42
40 43
40 44
40 45
41 42
41 43
41 44
41 45
41 46
42 43
42 44
42 45
42 46
42 47
43 44
43 46
43 47
43 48
43 345
43 189
44 45
44 46
44 47
44 48
44 49
45 46
45 47
45 48
45 49
45 50
46 47
46 48
46 49
46 50
46 51
46 1046
47 1010
47 48
47 49
47 50
47 51
47 52
47 1054
48 49
48 50
48 51
48 52
48 53
49 50
49 51
49 52
49 53
49 54
50 51
50 52
50 53
50 55
50 117
51 790
51 52
51 53
51 54
51 55
51 56
52 649
52 53
52 54
52 55
52 56
52 57
53 227
53 55
53 56
53 57
53 58
54 55
54 56
54 57
54 58
54 59
55 997
55 56
55 57
55 59
55 60
56 57
56 58
56 59
56 60
56 61
57 58
57 59
57 60
57 61
57 62
58 94
58 59
58 61
58 62
58 63
59 64
59 105
59 60
59 61
59 62
59 63
60 64
60 65
60 98
60 61
60 62
60 63
61 64
61 65
61 66
61 622
61 63
62 64
62 66
62 67
62 373
62 63
63 64
63 65
63 66
63 67
63 68
64 65
64 66
64 67
64 68
64 69
65 66
65 67
65 68
65 69
65 70
66 67
66 68
66 69
66 70
66 71
67 68
67 69
67 70
67 71
67 72
68 69
68 70
68 72
68 73
68 790
69 70
69 71
69 72
69 73
69 74
70 71
70 72
70 73
70 74
70 75
71 72
71 73
71 74
71 75
71 76
71 549
72 73
72 74
72 75
72 76
72 77
73 74
73 75
73 76
73 77
73 78
74 75
74 76
74 77
74 78
74 79
75 1223
75 76
75 77
75 78
75 79
75 80
76 77
76 334
76 79
76 80
76 81
77 78
77 79
77 80
77 81
77 82
78 79
78 80
78 81
78 82
78 83
79 80
79 81
79 82
79 83
79 84
79 445
80 259
80 81
80 82
80 83
80 84
80 85
81 289
81 1032
81 82
81 83
81 85
82 83
82 84
82 85
82 86
82 87
83 84
83 85
83 86
83 87
83 88
84 417
84 85
84 86
84 88
84 89
85 1188
85 86
85 87
85 88
85 89
86 87
86 88
86 89
86 90
86 91
87 88
87 89
87 90
87 91
87 92
88 89
88 90
88 91
88 92
88 93
89 838
89 90
89 91
89 92
89 93
89 94
90 91
90 92
90 93
90 94
90 95
91 512
91 609
91 92
91 93
91 94
91 95
92 96
92 97
92 93
92 94
92 95
93 96
93 98
93 976
93 94
93 95
94 96
94 97
94 98
94 99
94 95
95 96
95 97
95 98
95 99
95 100
95 1068
95 410
96 97
96 98
96 99
96 100
96 101
96 324
97 98
97 99
97 100
97 101
97 102
97 606
98 99
98 101
98 102
98 103
99 100
99 101
99 102
99 103
99 104
100 101
100 102
100 103
100 104
100 105
101 103
101 104
101 105
101 106
101 263
102 103
102 104
102 105
102 106
102 107
103 104
103 105
103 106
103 107
103 108
104 105
104 106
104 107
104 108
104 109
104 470
105 106
105 107
105 108
105 109
106 107
106 108
106 109
106 110
106 111
107 1120
107 109
107 110
107 111
107 945
108 109
108 110
108 111
108 112
108 113
109 110
109 111
109 112
109 113
109 114
110 111
110 112
110 113
110 114
110 115
111 112
111 113
111 114
111 115
111 116
112 113
112 114
112 115
112 116
112 117
113 114
113 115
113 116
113 117
113 118
114 115
114 116
114 117
114 118
114 119
115 116
115 117
115 118
115 119
115 120
116 117
116 119
116 120
116 121
116 1119
117 118
117 119
117 120
117 121
117 122
118 119
118 120
118 121
118 122
118 123
119 708
119 120
119 121
119 122
119 123
119 124
120 657
120 121
120 123
120 124
120 125
121 122
121 123
121 124
121 125
121 126
122 123
122 124
122 125
122 126
122 127
123 128
123 124
123 125
123 126
123 127
124 128
124 129
124 921
124 125
124 126
125 128
125 129
125 130
125 1029
125 126
125 127
126 128
126 129
126 130
126 131
126 855
127 128
127 129
127 130
127 131
127 132
128 129
128 130
128 131
128 132
128 133
129 130
129 131
129 132
129 133
129 134
130 131
130 132
130 133
130 134
130 532
130 254
131 132
131 133
131 134
131 135
131 136
132 133
132 134
132 135
132 136
132 137
133 134
133 135
133 136
133 137
133 138
134 135
134 136
134 137
134 138
134 139
135 136
135 137
135 139
135 140
135 235
135 964
136 137
136 138
136 139
136 141
136 1247
137 138
137 139
137 140
137 141
137 142
138 139
138 140
138 141
138 142
138 143
139 773
139 141
139 142
139 143
139 144
140 1196
140 141
140 142
140 143
140 144
140 145
141 142
141 143
141 144
141 145
141 146
141 986
142 143
142 145
142 146
142 147
142 606
143 144
143 145
143 146
143 147
143 148
144 145
144 146
144 147
144 148
144 149
145 146
145 147
145 148
145 149
145 150
146 147
146 148
146 149
146 150
146 151
147 148
147 149
147 150
147 151
147 152
148 149
148 150
148 151
148 152
148 153
148 190
149 150
149 151
149 152
149 153
149 154
150 151
150 152
150 153
150 154
150 155
151 152
151 153
151 154
151 155
151 156
152 231
152 153
152 154
152 155
152 156
152 157
153 154
153 155
153 156
153 157
153 158
154 755
154 156
154 157
154 158
154 159
155 160
155 156
155 157
155 158
155 159
156 160
156 161
156 693
156 157
156 158
156 159
157 160
157 161
157 162
157 228
157 159
158 160
158 161
158 162
158 163
158 159
159 160
159 161
159 162
159 163
159 164
160 161
160 162
160 163
160 164
160 165
161 162
161 163
161 164
161 165
161 166
162 163
162 164
162 165
162 166
162 167
162 909
163 164
163 165
163 166
163 167
163 168
163 1223
163 306
164 165
164 166
164 167
164 169
164 1002
165 166
165 167
165 168
165 169
165 170
166 167
166 168
166 169
166 170
166 171
167 168
167 169
167 170
167 171
167 172
168 169
168 170
168 171
168 172
168 173
168 681
169 170
169 171
169 172
169 173
169 174
170 171
170 172
170 173
170 174
170 175
170 1142
171 172
171 173
171 174
171 175
171 176
171 874
172 173
172 174
172 175
172 176
172 177
173 174
173 175
173 176
173 177
173 178
174 175
174 176
174 177
174 178
174 179
175 176
175 177
175 178
175 179
175 180
176 881
176 177
176 178
176 179
176 180
177 232
177 178
177 179
177 180
177 181
177 182
178 1091
178 179
178 180
178 182
178 183
179 231
179 180
179 181
179 182
179 183
179 184
180 181
180 182
180 183
180 184
180 185
181 182
181 183
181 184
181 185
181 186
182 183
182 184
182 185
182 186
182 860
182 253
183 1000
183 184
183 185
183 186
183 188
184 185
184 186
184 187
184 188
184 189
185 186
185 187
185 188
185 189
185 190
186 871
186 187
186 188
186 189
186 190
186 191
187 192
187 188
187 189
187 190
187 191
188 192
188 579
188 189
188 190
188 191
189 193
189 194
189 696
189 1175
189 190
189 191
190 193
190 194
190 195
190 191
191 192
191 193
191 194
191 195
191 196
192 193
192 194
192 195
192 196
192 197
193 194
193 195
193 196
193 197
193 198
193 898
194 195
194 196
194 197
194 198
194 199
194 857
195 196
195 197
195 198
195 199
195 200
196 197
196 198
196 199
196 200
196 201
197 198
197 199
197 200
197 201
197 202
198 199
198 200
198 201
198 202
198 203
199 200
199 201
199 202
199 203
199 204
200 201
200 202
200 203
200 204
200 205
201 202
201 203
201 204
201 205
201 206
202 930
202 203
202 204
202 205
202 206
202 207
203 838
203 204
203 205
203 206
203 207
203 208
204 1248
204 205
204 206
204 207
204 208
205 865
205 207
205 208
205 209
205 210
206 207
206 208
206 209
206 210
206 211
207 208
207 209
207 210
207 211
207 212
208 209
208 210
208 211
208 212
208 213
209 1120
209 388
209 210
209 211
209 212
209 213
209 214
210 211
210 212
210 213
210 214
210 215
210 282
211 212
211 213
211 214
211 215
211 216
212 1030
212 213
212 214
212 216
212 217
212 819
213 214
213 215
213 216
213 217
213 218
214 215
214 216
214 217
214 218
214 219
215 216
215 217
215 218
215 219
215 220
216 217
216 218
216 219
216 220
216 221
217 218
217 219
217 220
217 221
217 222
218 219
218 220
218 221
218 222
218 223
219 224
219 220
219 221
219 222
219 223
220 224
220 225
220 221
220 222
220 223
221 224
221 225
221 226
221 222
221 223
222 224
222 225
222 226
222 227
222 857
222 223
223 225
223 226
223 227
223 228
223 1138
224 225
224 226
224 227
224 228
224 229
225 226
225 227
225 228
225 229
225 230
226 227
226 228
226 229
226 230
226 231
227 229
227 230
227 231
227 232
227 861
228 229
228 230
228 231
228 232
228 233
229 864
229 231
229 232
229 233
229 234
229 496
230 231
230 232
230 233
230 234
230 235
231 233
231 234
231 236
232 233
232 234
232 236
232 237
233 235
233 236
233 237
233 238
233 313
234 235
234 236
234 238
234 239
234 560
235 236
235 237
235 238
235 239
235 240
236 237
236 238
236 239
236 240
236 241
237 521
237 238
237 239
237 240
237 242
237 777
237 604
238 239
238 240
238 241
238 242
238 243
239 240
239 241
239 242
239 243
239 244
240 241
240 242
240 243
240 244
240 245
240 479
241 242
241 244
241 245
241 246
241 1087
242 243
242 245
242 246
242 247
242 1049
243 244
243 245
243 246
243 247
243 248
243 445
244 245
244 246
244 247
244 248
244 249
245 246
245 247
245 248
245 249
245 250
246 247
246 248
246 249
246 250
246 251
247 248
247 249
247 250
247 251
247 252
248 249
248 250
248 251
248 252
248 253
249 250
249 251
249 252
249 253
249 254
250 251
250 252
250 253
250 254
250 255
251 256
251 252
251 253
251 254
251 255
252 256
252 257
252 253
252 254
252 255
253 256
253 257
253 927
253 288
253 695
253 254
253 255
254 256
254 257
254 258
254 259
255 256
255 257
255 258
255 259
255 260
256 257
256 258
256 259
256 260
256 261
257 258
257 259
257 260
257 261
257 262
258 259
258 260
258 262
258 263
258 745
259 260
259 261
259 262
259 263
260 262
260 263
260 264
260 265
260 266
261 262
261 263
261 264
261 265
261 266
261 459
261 982
262 263
262 264
262 265
262 266
262 267
262 745
263 264
263 265
263 266
263 267
263 268
264 265
264 266
264 267
264 268
264 269
265 266
265 267
265 268
265 269
265 270
266 267
266 268
266 269
266 270
266 271
266 1174
267 268
267 269
267 270
267 271
267 272
268 932
268 269
268 270
268 272
268 273
268 668
269 270
269 271
269 272
269 273
269 274
270 271
270 272
270 273
270 274
270 275
271 272
271 273
271 274
271 275
271 276
272 273
272 274
272 275
272 276
272 277
273 274
273 275
273 277
273 278
273 1109
274 275
274 276
274 277
274 278
274 279
275 276
275 277
275 278
275 279
275 280
276 277
276 278
276 279
276 280
276 281
277 278
277 279
277 280
277 281
277 282
278 279
278 280
278 281
278 282
278 283
279 280
279 281
279 282
279 283
279 284
280 827
280 281
280 282
280 283
280 284
281 282
281 283
281 284
281 285
281 286
282 283
282 284
282 286
282 287
283 288
283 284
283 285
283 286
283 287
284 288
284 289
284 285
284 286
284 287
285 288
285 289
285 290
285 1013
285 287
286 288
286 289
286 290
286 291
286 287
287 288
287 289
287 290
287 291
287 292
288 289
288 291
288 293
288 520
289 290
289 291
289 292
289 293
289 294
290 291
290 292
290 293
290 294
290 295
291 292
291 293
291 294
291 295
291 296
292 293
292 294
292 295
292 296
292 297
293 294
293 295
293 296
293 297
293 298
294 295
294 296
294 297
294 298
294 299
294 1093
295 296
295 297
295 298
295 299
295 300
296 297
296 298
296 299
296 300
296 301
297 298
297 299
297 300
297 301
297 302
297 580
298 299
298 300
298 301
298 302
298 303
299 300
299 301
299 302
299 303
299 304
300 487
300 301
300 302
300 303
300 304
300 305
301 1008
301 303
301 304
301 305
301 306
302 303
302 304
302 305
302 306
302 307
303 304
303 305
303 306
303 307
303 308
303 1176
304 305
304 306
304 307
304 308
304 309
305 306
305 307
305 308
305 309
305 310
306 1123
306 307
306 309
306 310
306 311
307 308
307 309
307 310
307 311
307 312
308 309
308 310
308 311
308 312
308 313
309 310
309 311
309 313
309 314
310 311
310 312
310 313
310 314
310 315
311 471
311 312
311 313
311 314
311 316
311 954
312 313
312 314
312 315
312 316
312 317
313 314
313 315
313 316
313 317
313 318
314 315
314 316
314 317
314 318
314 319
315 320
315 316
315 317
315 318
315 319
316 320
316 321
316 317
316 318
316 319
317 320
317 321
317 322
317 318
317 319
318 320
318 321
318 323
318 470
318 319
319 320
319 321
319 322
319 323
319 324
320 321
320 322
320 323
320 324
320 325
321 322
321 323
321 324
321 325
321 326
322 323
322 324
322 325
322 326
322 327
323 324
323 325
323 326
323 327
323 328
324 325
324 326
324 327
324 328
325 326
325 328
325 329
325 330
325 1068
325 752
326 327
326 328
326 329
326 330
326 331
327 328
327 329
327 332
327 504
328 329
328 330
328 331
328 332
328 333
329 579
329 330
329 331
329 333
329 334
330 331
330 332
330 333
330 334
330 335
330 785
331 332
331 333
331 334
331 335
331 336
332 333
332 334
332 335
332 336
332 337
332 627
333 578
333 334
333 335
333 336
333 337
333 338
334 335
334 336
334 337
334 338
334 339
335 336
335 337
335 338
335 339
335 340
336 337
336 338
336 339
336 340
336 341
337 338
337 339
337 340
337 341
337 342
337 1048
338 776
338 339
338 340
338 341
338 342
338 343
339 877
339 340
339 341
339 342
339 343
339 344
340 341
340 342
340 343
340 344
340 345
341 342
341 343
341 344
341 345
341 346
342 367
342 343
342 344
342 346
342 347
343 344
343 345
343 346
343 347
343 348
344 345
344 346
344 347
344 348
344 349
345 346
345 347
345 348
345 349
345 350
346 347
346 348
346 349
346 350
346 351
347 352
347 348
347 349
347 350
347 351
348 352
348 353
348 349
348 350
348 351
349 352
349 353
349 354
349 350
349 351
350 352
350 353
350 354
350 355
350 351
351 352
351 353
351 354
351 355
351 356
352 353
352 354
352 667
352 356
352 357
353 354
353 355
353 356
353 357
353 358
354 355
354 356
354 357
354 358
354 359
355 356
355 357
355 358
355 359
355 360
356 357
356 358
356 359
356 360
356 361
357 358
357 359
357 360
357 361
357 362
358 359
358 360
358 361
358 362
358 363
359 1153
359 360
359 361
359 362
359 363
359 364
360 361
360 362
360 363
360 364
360 365
361 362
361 363
361 364
361 365
361 366
362 363
362 364
362 365
362 366
362 367
363 364
363 365
363 366
363 367
363 368
364 898
364 365
364 367
364 368
364 369
364 1085
365 366
365 367
365 368
365 370
365 408
366 367
366 368
366 369
366 370
366 371
367 368
367 369
367 370
367 371
367 372
368 369
368 370
368 371
368 372
368 373
369 370
369 371
369 372
369 373
369 374
370 371
370 372
370 373
370 374
370 375
371 1058
371 372
371 373
371 374
371 375
371 376
372 373
372 374
372 375
372 376
372 377
373 374
373 375
373 376
373 377
373 378
374 375
374 376
374 377
374 378
374 379
375 376
375 377
375 378
375 379
375 380
376 377
376 378
376 379
376 380
376 381
377 378
377 379
377 380
377 381
377 382
378 379
378 380
378 381
378 382
378 383
379 384
379 380
379 381
379 382
379 383
380 384
380 385
380 381
380 382
380 383
381 385
381 386
381 491
381 382
381 383
382 384
382 385
382 386
382 387
382 1124
382 383
383 384
383 385
383 386
383 387
383 388
384 385
384 386
384 387
384 388
384 389
385 1249
385 386
385 387
385 389
385 390
386 387
386 388
386 389
386 390
386 391
387 388
387 389
387 390
387 391
387 392
388 389
388 391
388 393
388 862
389 390
389 391
389 392
389 393
389 394
390 391
390 393
390 394
390 395
390 1225
391 392
391 393
391 394
391 395
391 396
392 393
392 394
392 395
392 397
392 1165
393 394
393 395
393 396
393 397
393 398
394 395
394 396
394 397
394 398
394 399
395 396
395 397
395 398
395 399
395 400
396 646
396 397
396 398
396 399
396 400
396 401
397 398
397 399
397 400
397 401
397 402
398 399
398 400
398 401
398 402
398 403
399 400
399 401
399 402
399 403
399 404
400 873
400 401
400 402
400 403
400 405
401 402
401 403
401 404
401 405
402 403
402 404
402 405
402 406
402 407
403 404
403 405
403 406
403 407
403 408
404 405
404 406
404 407
404 408
404 409
405 406
405 407
405 408
405 409
405 410
406 407
406 408
406 409
406 410
406 411
407 408
407 409
407 410
407 411
407 412
408 409
408 410
408 411
408 412
408 413
409 410
409 411
409 412
409 413
409 414
410 411
410 413
410 414
410 415
411 416
411 412
411 413
411 414
411 415
412 416
412 417
412 413
412 414
412 415
413 416
413 417
413 418
413 414
413 415
414 416
414 417
414 418
414 419
414 1154
414 415
415 416
415 417
415 418
415 419
415 420
416 417
416 418
416 419
416 420
416 421
417 418
417 419
417 420
417 421
417 422
418 419
418 420
418 421
418 422
418 423
418 715
419 420
419 421
419 422
419 423
419 424
420 421
420 422
420 423
420 424
420 425
421 422
421 423
421 424
421 425
421 426
422 423
422 424
422 425
422 426
422 427
423 424
423 425
423 426
423 427
423 428
424 425
424 426
424 427
424 428
424 429
425 426
425 427
425 428
425 429
425 430
426 427
426 428
426 429
426 430
426 431
427 428
427 429
427 430
427 431
427 432
428 1067
428 429
428 430
428 431
428 432
428 433
429 430
429 431
429 432
429 433
429 434
429 635
430 431
430 432
430 433
430 434
430 435
431 432
431 433
431 434
431 435
431 436
432 960
432 433
432 434
432 435
432 436
432 437
432 751
433 434
433 435
433 436
433 437
433 438
434 435
434 436
434 437
434 438
434 439
435 436
435 437
435 438
435 439
435 440
436 437
436 438
436 439
436 440
436 441
437 438
437 439
437 440
437 441
437 442
438 1140
438 440
438 441
438 442
438 443
439 616
439 440
439 441
439 442
439 443
439 444
440 441
440 442
440 443
440 444
440 445
441 442
441 443
441 444
441 445
441 446
442 882
442 444
442 445
442 446
442 447
443 448
443 444
443 445
443 446
443 447
444 448
444 449
444 445
444 446
444 447
445 448
445 446
445 447
446 448
446 449
446 450
446 451
446 447
447 448
447 449
447 450
447 451
447 452
448 449
448 450
448 451
448 452
448 453
449 450
449 451
449 452
449 453
449 454
450 451
450 452
450 453
450 454
450 455
451 452
451 453
451 454
451 455
451 456
452 453
452 454
452 455
452 456
452 457
453 454
453 455
453 456
453 457
453 458
453 479
454 455
454 456
454 457
454 458
454 459
455 456
455 457
455 458
455 459
455 460
456 457
456 458
456 459
456 460
456 461
457 651
457 458
457 459
457 460
457 461
458 459
458 460
458 461
458 463
458 744
459 461
459 462
459 463
459 464
460 461
460 462
460 463
460 464
460 465
461 462
461 463
461 464
461 465
461 1130
462 463
462 464
462 465
462 466
462 467
463 464
463 465
463 466
463 467
463 468
464 466
464 467
464 468
464 469
464 793
465 466
465 467
465 468
465 469
465 470
466 467
466 468
466 469
466 470
466 471
467 468
467 469
467 470
467 471
467 472
468 469
468 470
468 471
468 472
468 473
469 552
469 470
469 471
469 473
469 474
470 968
470 471
470 473
470 475
471 472
471 473
471 474
471 475
471 476
472 473
472 474
472 475
472 476
472 477
473 474
473 475
473 476
473 477
473 478
474 475
474 476
474 477
474 478
474 479
475 480
475 476
475 477
475 478
475 479
476 480
476 481
476 477
476 478
476 479
477 480
477 481
477 482
477 478
477 479
478 480
478 481
478 483
478 1074
478 915
478 479
479 481
479 484
479 988
480 481
480 482
480 483
480 484
480 485
480 1235
481 482
481 483
481 484
481 485
481 486
482 483
482 484
482 485
482 486
482 487
483 484
483 485
483 486
483 487
483 488
484 485
484 486
484 487
484 488
484 489
485 486
485 487
485 488
485 489
485 490
486 487
486 488
486 489
486 490
486 491
487 489
487 490
487 491
487 492
487 1158
488 489
488 490
488 491
488 492
488 493
489 490
489 491
489 492
489 493
489 494
490 491
490 492
490 493
490 494
490 495
491 877
491 492
491 493
491 494
491 495
491 496
492 493
492 494
492 495
492 496
492 497
493 494
493 495
493 496
493 497
493 498
494 495
494 496
494 497
494 498
494 499
495 1064
495 496
495 497
495 498
495 499
495 500
496 497
496 498
496 499
496 500
496 501
497 498
497 499
497 500
497 501
497 502
498 499
498 500
498 501
498 502
498 503
499 500
499 501
499 502
499 503
499 504
500 713
500 501
500 502
500 503
500 504
500 505
501 502
501 503
501 504
501 505
501 506
502 503
502 504
502 505
502 506
502 507
503 504
503 505
503 506
503 507
503 508
504 505
504 506
504 507
504 508
504 509
505 990
505 506
505 507
505 508
505 509
505 510
506 507
506 508
506 509
506 510
506 511
507 512
507 508
507 509
507 510
507 511
508 512
508 918
508 509
508 510
508 511
509 512
509 513
509 514
509 510
509 511
510 512
510 513
510 515
510 813
510 511
511 512
511 513
511 515
511 516
512 513
512 514
512 515
512 517
513 514
513 515
513 516
513 517
513 518
514 515
514 516
514 517
514 518
514 519
515 516
515 517
515 518
515 519
515 520
516 517
516 518
516 519
516 520
516 521
517 518
517 519
517 520
517 521
517 522
518 519
518 520
518 521
518 522
518 523
519 520
519 521
519 522
519 523
519 524
520 555
520 522
520 523
520 524
520 525
520 1044
521 522
521 524
521 525
521 526
522 523
522 524
522 525
522 526
522 527
523 524
523 525
523 526
523 527
523 528
524 525
524 526
524 527
524 528
524 529
524 631
525 527
525 528
525 529
525 530
525 535
526 527
526 528
526 529
526 530
526 531
527 1123
527 528
527 529
527 531
527 532
528 529
528 530
528 531
528 532
528 533
529 530
529 531
529 532
529 533
529 534
530 531
530 532
530 533
530 534
530 535
531 532
531 533
531 534
531 535
531 536
532 533
532 534
532 535
532 536
532 537
533 534
533 535
533 536
533 537
533 538
534 535
534 536
534 537
534 538
534 539
535 536
535 537
535 538
535 539
535 540
536 537
536 538
536 539
536 540
536 541
537 538
537 539
537 540
537 541
537 542
538 560
538 539
538 540
538 541
538 542
538 543
539 544
539 540
539 541
539 542
539 543
540 544
540 956
540 541
540 542
540 543
541 544
541 545
541 546
541 542
541 543
542 544
542 545
542 546
542 547
542 543
543 544
543 545
543 546
543 547
543 548
544 545
544 546
544 547
544 548
544 549
545 546
545 547
545 548
545 549
545 550
546 547
546 548
546 549
546 550
546 551
547 548
547 549
547 550
547 551
547 552
548 549
548 551
548 552
548 553
548 1063
549 550
549 551
549 552
549 553
549 958
550 551
550 553
550 554
550 555
550 931
551 552
551 553
551 554
551 555
551 556
552 553
552 554
552 555
552 556
552 557
552 1100
553 554
553 555
553 556
553 557
553 558
554 555
554 556
554 557
554 558
554 559
555 556
555 557
555 558
555 559
555 560
556 611
556 557
556 559
556 560
556 561
556 727
557 558
557 559
557 560
557 561
557 562
558 559
558 560
558 561
558 562
558 563
559 560
559 561
559 562
559 563
559 564
560 561
560 563
560 564
560 565
561 965
561 562
561 563
561 564
561 565
561 1189
562 563
562 564
562 565
562 566
562 567
563 564
563 565
563 566
563 567
563 568
564 1041
564 565
564 566
564 567
564 569
565 566
565 567
565 568
565 569
565 570
566 567
566 568
566 569
566 570
566 571
567 568
567 569
567 570
567 571
567 572
568 569
568 570
568 571
568 572
568 573
569 570
569 571
569 572
569 573
569 574
570 909
570 571
570 572
570 573
570 574
570 575
571 576
571 572
571 573
571 574
571 575
572 577
572 1076
572 573
572 574
572 575
573 576
573 577
573 578
573 574
573 575
574 576
574 577
574 578
574 579
574 575
575 576
575 577
575 578
575 579
575 580
576 577
576 578
576 579
576 580
576 581
577 578
577 579
577 580
577 581
577 582
578 579
578 581
578 582
578 583
579 580
579 581
579 582
579 583
579 584
580 582
580 583
580 585
581 582
581 583
581 584
581 585
581 586
582 583
582 584
582 585
582 586
582 587
583 584
583 585
583 586
583 587
583 588
584 585
584 586
584 587
584 588
584 589
585 586
585 587
585 588
585 589
585 590
586 587
586 588
586 589
586 590
586 591
587 588
587 589
587 590
587 591
587 592
588 589
588 590
588 591
588 592
588 593
589 590
589 592
589 593
589 594
590 591
590 592
590 593
590 594
590 595
591 592
591 593
591 594
591 595
591 596
592 770
592 593
592 594
592 595
592 596
592 597
593 594
593 595
593 596
593 597
593 598
594 676
594 595
594 596
594 597
594 598
594 599
595 1139
595 596
595 597
595 598
595 599
596 597
596 598
596 599
596 600
596 601
597 598
597 599
597 600
597 601
597 602
598 599
598 600
598 601
598 602
598 603
599 600
599 601
599 602
599 603
599 604
600 601
600 602
600 603
600 604
600 605
601 602
601 603
601 604
601 605
601 606
602 603
602 604
602 605
602 606
602 607
603 608
603 604
603 605
603 606
603 607
604 608
604 609
604 605
604 606
604 607
605 608
605 609
605 610
605 606
605 607
606 608
606 609
606 610
606 607
607 608
607 609
607 610
607 611
607 917
608 609
608 610
608 611
608 612
608 613
609 611
609 612
609 613
609 614
609 812
610 611
610 612
610 613
610 614
610 615
611 612
611 613
611 614
611 615
611 616
612 613
612 615
612 616
612 617
612 1184
612 1245
613 614
613 615
613 616
613 617
613 618
614 615
614 616
614 617
614 618
614 619
615 616
615 617
615 618
615 619
615 620
616 617
616 619
616 620
616 621
617 618
617 619
617 620
617 621
617 622
618 619
618 620
618 621
618 622
618 623
619 620
619 621
619 622
619 623
619 624
620 621
620 623
620 624
620 625
620 1182
621 622
621 623
621 624
621 625
621 626
622 623
622 624
622 625
622 626
622 627
623 624
623 625
623 626
623 627
623 628
624 625
624 626
624 627
624 628
624 629
625 626
625 627
625 628
625 629
625 630
626 627
626 628
626 629
626 630
626 631
627 804
627 628
627 630
627 631
627 632
628 629
628 630
628 631
628 632
628 633
629 630
629 631
629 632
629 633
629 634
630 631
630 632
630 633
630 634
630 635
631 632
631 633
631 634
631 635
632 668
632 633
632 635
632 636
632 637
633 634
633 635
633 636
633 637
633 638
634 635
634 636
634 637
634 638
634 639
635 640
635 637
635 638
635 639
636 640
636 1226
636 637
636 638
636 639
637 640
637 641
637 642
637 638
637 639
638 640
638 641
638 642
638 643
638 639
639 640
639 641
639 642
639 643
639 644
640 641
640 642
640 643
640 644
640 645
640 859
641 642
641 643
641 644
641 645
641 646
642 643
642 644
642 645
642 646
642 647
643 644
643 645
643 646
643 647
643 648
644 646
644 647
644 648
644 712
644 1207
645 646
645 647
645 648
645 649
645 650
646 647
646 648
646 649
646 651
647 648
647 649
647 650
647 651
647 652
647 816
648 649
648 650
648 651
648 652
648 653
649 651
649 652
649 653
649 654
650 651
650 652
650 653
650 654
650 655
651 837
651 652
651 653
651 654
651 655
651 656
652 704
652 654
652 655
652 656
652 657
653 654
653 655
653 656
653 657
653 658
654 655
654 656
654 657
654 658
654 659
655 656
655 657
655 658
655 659
655 660
656 657
656 658
656 659
656 660
656 661
657 658
657 659
657 660
657 661
657 662
658 813
658 660
658 661
658 662
658 663
658 773
659 660
659 661
659 662
659 663
659 664
660 661
660 662
660 663
660 664
660 665
661 662
661 663
661 664
661 665
661 666
662 663
662 664
662 665
662 666
662 667
663 665
663 666
663 667
663 668
663 831
664 665
664 666
664 667
664 668
664 669
665 666
665 667
665 668
665 669
665 670
666 667
666 668
666 669
666 670
666 671
667 672
667 1158
667 1040
667 668
667 670
668 672
668 673
668 669
668 670
668 671
669 672
669 673
669 674
669 670
669 671
670 672
670 673
670 674
670 675
670 671
671 672
671 673
671 674
671 675
671 676
672 673
672 674
672 675
672 676
672 677
673 674
673 675
673 676
673 677
673 678
674 675
674 676
674 677
674 678
674 679
675 676
675 677
675 678
675 679
675 680
676 677
676 678
676 680
676 681
677 678
677 679
677 680
677 681
677 682
678 679
678 680
678 681
678 682
678 683
679 680
679 681
679 682
679 683
679 684
680 681
680 682
680 683
680 684
680 685
681 682
681 683
681 684
681 685
682 1058
682 683
682 684
682 685
682 686
682 687
683 684
683 685
683 686
683 687
683 688
684 685
684 686
684 687
684 688
684 689
685 686
685 687
685 688
685 689
685 690
686 687
686 688
686 689
686 690
686 691
687 688
687 689
687 690
687 691
687 692
688 689
688 690
688 691
688 692
688 693
689 690
689 691
689 692
689 693
689 694
690 691
690 692
690 693
690 694
690 695
691 692
691 693
691 694
691 695
691 696
692 693
692 694
692 695
692 696
692 697
693 694
693 696
693 697
693 698
694 695
694 696
694 697
694 698
694 699
695 697
695 698
695 699
695 700
696 698
696 699
696 700
696 701
697 698
697 699
697 700
697 701
697 702
698 699
698 700
698 701
698 702
698 703
699 704
699 750
699 700
699 701
699 702
699 703
700 704
700 705
700 701
700 702
700 703
701 704
701 705
701 706
701 1164
701 702
701 703
702 704
702 705
702 706
702 707
702 703
703 704
703 705
703 706
703 707
703 708
704 705
704 706
704 707
704 708
704 709
705 706
705 707
705 708
705 709
705 710
706 707
706 708
706 709
706 710
706 711
706 855
707 708
707 710
707 711
707 712
707 1153
708 709
708 711
708 712
708 713
709 710
709 711
709 712
709 713
709 714
710 711
710 712
710 713
710 714
710 715
711 712
711 713
711 714
711 715
711 716
712 713
712 714
712 715
712 716
712 717
712 743
713 714
713 715
713 716
713 718
713 998
714 715
714 716
714 717
714 719
715 716
715 717
715 718
715 720
716 1123
716 717
716 718
716 719
716 720
716 721
717 718
717 719
717 720
717 721
717 722
718 719
718 720
718 721
718 722
718 723
719 720
719 721
719 722
719 723
719 766
720 721
720 722
720 723
720 724
720 725
721 722
721 723
721 724
721 725
721 726
722 723
722 724
722 725
722 726
722 727
723 1040
723 724
723 725
723 726
723 727
723 728
724 1152
724 725
724 726
724 727
724 728
724 729
725 726
725 727
725 728
725 729
725 730
726 727
726 728
726 729
726 730
726 731
727 728
727 730
727 731
727 732
728 729
728 730
728 731
728 732
728 733
729 730
729 731
729 732
729 733
729 734
730 731
730 732
730 733
730 734
730 735
731 736
731 732
731 733
731 734
731 735
732 736
732 737
732 733
732 734
732 735
733 736
733 737
733 738
733 734
733 735
734 736
734 737
734 738
734 739
734 735
735 736
735 737
735 738
735 739
735 740
736 737
736 739
736 740
736 741
736 847
737 738
737 739
737 740
737 741
737 742
738 739
738 740
738 741
738 742
738 743
738 881
739 740
739 741
739 742
739 743
739 744
740 741
740 742
740 743
740 744
740 745
741 742
741 743
741 744
741 745
741 746
742 743
742 744
742 745
742 746
742 747
743 745
743 746
743 747
743 748
743 1065
744 745
744 746
744 747
744 748
744 749
745 746
745 748
745 749
745 750
745 1102
746 747
746 748
746 749
746 751
746 998
747 748
747 749
747 750
747 751
747 752
747 1012
748 749
748 750
748 751
748 752
748 753
749 1121
749 750
749 751
749 752
749 754
750 751
750 752
750 754
750 755
751 752
751 753
751 755
751 756
752 753
752 754
752 755
752 756
752 757
753 754
753 755
753 756
753 757
753 758
754 755
754 756
754 757
754 758
754 759
755 756
755 757
755 758
755 759
755 760
756 757
756 758
756 759
756 760
756 761
757 1081
757 758
757 759
757 760
757 761
758 759
758 760
758 761
758 762
758 763
759 760
759 761
759 762
759 763
759 764
760 761
760 762
760 763
760 764
760 765
761 762
761 763
761 764
761 765
761 766
762 986
762 763
762 764
762 765
762 766
762 767
763 768
763 764
763 765
763 766
763 767
764 768
764 769
764 765
764 766
764 767
765 768
765 769
765 770
765 833
765 767
766 768
766 769
766 770
766 771
766 767
767 768
767 769
767 770
767 771
767 772
768 769
768 770
768 771
768 772
768 773
769 770
769 771
769 772
769 773
769 774
770 771
770 772
770 773
770 775
771 772
771 773
771 774
771 775
771 776
772 773
772 774
772 775
772 776
772 777
773 774
773 775
773 777
773 778
774 775
774 776
774 777
774 778
774 779
775 776
775 777
775 778
775 779
775 780
776 777
776 778
776 779
776 781
777 779
777 780
777 781
777 782
778 779
778 780
778 781
778 782
778 783
779 780
779 781
779 782
779 783
779 784
780 781
780 782
780 783
780 784
780 785
781 782
781 783
781 784
781 785
781 786
782 783
782 784
782 785
782 786
782 787
783 784
783 785
783 786
783 787
783 788
784 785
784 786
784 787
784 788
784 789
785 787
785 788
785 789
785 790
786 787
786 788
786 789
786 790
786 791
787 788
787 789
787 790
787 791
787 792
788 789
788 790
788 791
788 792
788 793
789 790
789 791
789 792
789 793
789 794
790 791
790 792
790 793
790 794
791 792
791 793
791 794
791 795
791 796
792 793
792 794
792 795
792 796
792 797
793 1093
793 794
793 795
793 796
793 797
793 798
794 795
794 796
794 797
794 798
794 799
795 800
795 796
795 797
795 798
795 799
796 800
796 801
796 797
796 798
796 799
797 800
797 801
797 802
797 798
797 799
798 800
798 801
798 802
798 803
798 799
799 800
799 801
799 802
799 803
799 804
799 1016
800 801
800 802
800 803
800 804
800 964
801 802
801 803
801 804
801 805
801 806
802 803
802 804
802 805
802 806
802 807
803 804
803 805
803 806
803 807
803 808
804 805
804 806
804 808
804 809
805 806
805 807
805 808
805 810
805 811
806 807
806 808
806 809
806 810
806 811
806 1226
807 808
807 809
807 810
807 811
807 812
808 809
808 810
808 811
808 812
808 813
809 810
809 811
809 812
809 813
809 1223
810 811
810 812
810 813
810 814
810 815
811 812
811 813
811 814
811 815
811 816
811 905
812 813
812 814
812 815
812 816
812 817
813 814
813 815
813 816
813 817
813 818
814 815
814 816
814 817
814 818
814 819
815 816
815 817
815 818
815 819
815 820
816 817
816 819
816 820
816 821
817 818
817 819
817 820
817 821
817 822
818 819
818 820
818 821
818 822
818 823
819 820
819 821
819 822
819 823
819 824
820 821
820 822
820 823
820 824
820 825
821 822
821 823
821 824
821 825
821 826
822 823
822 824
822 825
822 826
822 827
823 824
823 825
823 826
823 827
823 828
824 825
824 826
824 827
824 828
824 829
825 826
825 827
825 828
825 829
825 830
826 827
826 828
826 829
826 830
826 831
827 832
827 1153
827 828
827 829
827 830
827 831
828 832
828 833
828 829
828 830
828 831
829 832
829 833
829 834
829 830
829 831
830 832
830 834
830 835
830 854
830 831
831 832
831 833
831 834
831 835
831 836
832 833
832 834
832 835
832 836
832 837
833 834
833 835
833 836
833 837
833 838
834 835
834 836
834 837
834 838
834 839
835 836
835 837
835 838
835 839
835 840
836 837
836 838
836 839
836 840
836 841
837 838
837 839
837 840
837 842
838 839
838 841
838 842
839 840
839 841
839 842
839 843
839 844
840 841
840 842
840 843
840 844
840 845
841 842
841 843
841 844
841 845
841 846
842 843
842 844
842 845
842 846
842 847
843 869
843 844
843 845
843 846
843 847
843 848
844 845
844 846
844 847
844 848
844 849
845 846
845 847
845 848
845 849
845 850
846 847
846 848
846 849
846 850
846 851
847 848
847 849
847 850
847 851
847 852
848 849
848 850
848 851
848 852
848 853
849 1032
849 850
849 851
849 852
849 853
849 854
850 1134
850 852
850 853
850 854
850 855
851 852
851 853
851 854
851 855
851 856
852 853
852 854
852 855
852 856
852 857
853 854
853 855
853 856
853 857
853 858
854 855
854 856
854 857
854 858
854 859
855 856
855 857
855 858
855 860
856 857
856 858
856 859
856 860
856 861
857 1012
857 858
857 859
857 862
858 859
858 860
858 861
858 862
858 863
859 864
859 860
859 862
859 863
860 865
860 861
860 862
860 863
861 864
861 865
861 866
861 863
862 864
862 865
862 866
862 867
862 863
863 864
863 865
863 866
863 867
863 868
864 865
864 867
864 868
864 869
865 866
865 867
865 868
865 869
865 870
866 867
866 868
866 869
866 870
866 871
867 868
867 869
867 870
867 871
867 872
868 869
868 871
868 872
868 873
868 949
869 870
869 871
869 874
869 1051
870 871
870 872
870 873
870 874
870 875
871 872
871 873
871 874
871 876
871 990
872 873
872 874
872 875
872 876
872 877
873 874
873 875
873 876
873 877
873 878
874 876
874 877
874 878
874 879
875 876
875 877
875 878
875 879
875 880
876 877
876 878
876 879
876 880
876 881
877 879
877 881
877 882
878 879
878 880
878 881
878 882
878 883
879 880
879 881
879 882
879 883
879 884
880 881
880 882
880 883
880 884
880 885
881 882
881 883
881 884
881 885
882 883
882 884
882 885
882 886
882 887
883 884
883 885
883 886
883 887
883 888
884 885
884 886
884 887
884 888
884 889
885 886
885 887
885 888
885 889
885 890
886 887
886 888
886 889
886 890
886 891
887 1190
887 1176
887 888
887 890
887 891
887 892
888 914
888 889
888 890
888 891
888 892
888 893
889 890
889 891
889 892
889 893
889 894
890 891
890 892
890 893
890 894
890 895
891 896
891 892
891 893
891 894
891 895
892 896
892 897
892 893
892 894
892 895
893 896
893 897
893 898
893 894
893 895
894 896
894 897
894 898
894 899
894 895
895 896
895 897
895 898
895 899
895 900
896 897
896 898
896 899
896 900
896 901
897 898
897 899
897 900
897 901
897 902
898 899
898 900
898 901
898 903
899 900
899 901
899 902
899 903
899 904
900 901
900 902
900 903
900 904
900 905
901 902
901 903
901 904
901 905
901 906
902 903
902 904
902 905
902 906
902 907
903 904
903 905
903 906
903 907
903 908
904 905
904 906
904 907
904 908
904 909
905 907
905 908
905 909
905 910
906 907
906 908
906 909
906 910
906 911
907 908
907 909
907 910
907 911
907 912
908 909
908 910
908 911
908 912
908 913
909 911
909 913
909 914
910 911
910 912
910 913
910 914
910 915
911 912
911 913
911 914
911 915
911 916
912 913
912 914
912 915
912 916
912 917
913 914
913 915
913 916
913 917
913 918
914 915
914 917
914 918
914 919
915 916
915 917
915 918
915 920
916 917
916 918
916 919
916 920
916 921
916 1150
917 918
917 919
917 920
917 921
917 922
918 919
918 920
918 921
918 922
918 923
919 920
919 921
919 922
919 923
919 924
920 921
920 922
920 923
920 924
920 925
921 922
921 923
921 924
921 925
921 926
922 923
922 924
922 925
922 926
922 927
923 928
923 924
923 925
923 926
923 927
924 928
924 929
924 925
924 926
924 927
925 928
925 929
925 930
925 926
925 927
926 928
926 929
926 930
926 931
926 927
927 928
927 929
927 930
927 931
927 932
928 929
928 930
928 931
928 932
928 933
929 930
929 931
929 932
929 933
929 934
930 931
930 932
930 933
930 995
931 932
931 933
931 934
931 935
931 936
932 933
932 934
932 935
932 936
933 934
933 935
933 936
933 937
933 938
934 935
934 936
934 937
934 938
934 939
935 936
935 937
935 938
935 939
935 940
936 937
936 938
936 939
936 940
936 941
937 938
937 939
937 940
937 941
937 942
938 939
938 940
938 941
938 942
938 943
939 940
939 941
939 942
939 943
939 944
940 941
940 942
940 943
940 944
940 945
941 942
941 943
941 944
941 945
941 946
942 943
942 944
942 945
942 946
942 947
943 944
943 945
943 946
943 947
943 948
944 945
944 946
944 947
944 948
944 949
945 946
945 947
945 948
945 949
945 950
946 1126
946 947
946 948
946 949
946 950
946 951
947 948
947 949
947 950
947 951
947 952
948 949
948 950
948 951
948 952
948 953
949 950
949 951
949 952
949 953
949 954
950 1034
950 951
950 952
950 954
950 955
951 952
951 953
951 954
951 955
951 956
952 953
952 954
952 955
952 956
952 957
953 954
953 955
953 956
953 957
953 958
954 955
954 956
954 957
954 959
955 960
955 956
955 957
955 958
955 959
956 960
956 961
956 957
956 958
956 959
957 960
957 961
957 962
957 958
957 959
958 960
958 961
958 962
958 959
959 960
959 961
959 962
959 963
959 964
960 962
960 963
960 964
960 965
961 962
961 963
961 964
961 965
961 966
961 1144
962 963
962 964
962 965
962 966
962 967
963 964
963 965
963 966
963 967
963 968
964 965
964 966
964 967
964 969
965 966
965 968
965 969
965 970
966 967
966 968
966 969
966 970
966 971
967 968
967 969
967 970
967 971
967 972
968 969
968 970
968 971
968 972
968 973
969 970
969 971
969 972
969 973
969 974
970 971
970 972
970 973
970 974
970 975
971 1153
971 972
971 973
971 974
971 975
971 976
972 973
972 974
972 975
972 976
972 977
973 974
973 975
973 976
973 977
973 978
974 975
974 976
974 977
974 978
974 979
975 976
975 977
975 978
975 979
975 980
976 977
976 978
976 979
976 980
976 981
977 978
977 979
977 980
977 981
977 982
978 979
978 980
978 981
978 982
978 983
979 980
979 981
979 982
979 983
979 984
980 981
980 982
980 983
980 984
980 985
981 982
981 983
981 984
981 985
981 986
982 983
982 985
982 986
982 987
983 984
983 985
983 986
983 987
983 988
984 985
984 986
984 987
984 988
984 989
985 986
985 987
985 988
985 989
985 990
986 987
986 989
986 991
987 992
987 988
987 989
987 990
987 991
988 992
988 993
988 989
988 990
988 991
989 992
989 993
989 1208
989 990
989 991
990 992
990 995
990 991
991 992
991 993
991 994
991 995
991 996
992 993
992 994
992 995
992 996
992 997
993 994
993 995
993 996
993 997
993 998
993 1194
994 995
994 996
994 997
994 998
994 999
995 996
995 997
995 998
995 999
995 1000
996 997
996 998
996 999
996 1000
996 1001
997 998
997 999
997 1000
997 1001
997 1002
997 1020
998 1000
998 1001
998 1002
998 1003
999 1000
999 1001
999 1002
999 1003
999 1004
1000 1001
1000 1002
1000 1003
1000 1004
1000 1005
1001 1002
1001 1003
1001 1004
1001 1005
1001 1006
1002 1003
1002 1004
1002 1005
1002 1006
1002 1007
1003 1004
1003 1005
1003 1006
1003 1007
1003 1008
1004 1005
1004 1006
1004 1007
1004 1008
1004 1009
1005 1006
1005 1007
1005 1008
1005 1009
1005 1010
1006 1007
1006 1008
1006 1009
1006 1010
1006 1011
1007 1008
1007 1009
1007 1010
1007 1011
1007 1012
1008 1009
1008 1010
1008 1011
1008 1012
1008 1013
1009 1010
1009 1011
1009 1012
1009 1013
1009 1014
1010 1012
1010 1013
1010 1014
1010 1015
1011 1012
1011 1013
1011 1014
1011 1015
1011 1016
1012 1015
1012 1016
1012 1017
1013 1014
1013 1015
1013 1016
1013 1017
1013 1018
1014 1015
1014 1016
1014 1017
1014 1018
1014 1019
1015 1016
1015 1017
1015 1018
1015 1019
1015 1020
1016 1018
1016 1019
1016 1020
1016 1021
1017 1018
1017 1019
1017 1020
1017 1021
1017 1022
1018 1019
1018 1020
1018 1021
1018 1022
1018 1023
1019 1024
1019 1020
1019 1021
1019 1022
1019 1023
1020 1024
1020 1025
1020 1022
1020 1023
1021 1024
1021 1025
1021 1026
1021 1022
1021 1023
1022 1024
1022 1025
1022 1026
1022 1027
1022 1023
1023 1024
1023 1025
1023 1026
1023 1027
1023 1028
1024 1025
1024 1026
1024 1027
1024 1028
1024 1029
1025 1026
1025 1027
1025 1028
1025 1029
1025 1030
1026 1027
1026 1029
1026 1030
1026 1031
1026 1102
1027 1028
1027 1029
1027 1030
1027 1031
1027 1032
1028 1029
1028 1030
1028 1031
1028 1032
1028 1033
1029 1030
1029 1032
1029 1033
1029 1034
1030 1032
1030 1033
1030 1034
1030 1035
1031 1032
1031 1033
1031 1034
1031 1035
1031 1036
1032 1033
1032 1035
1032 1036
1032 1037
1033 1034
1033 1035
1033 1036
1033 1037
1033 1038
1034 1035
1034 1036
1034 1037
1034 1038
1034 1039
1035 1036
1035 1037
1035 1038
1035 1039
1035 1040
1036 1037
1036 1038
1036 1039
1036 1040
1036 1041
1037 1038
1037 1039
1037 1040
1037 1041
1037 1042
1038 1039
1038 1040
1038 1041
1038 1042
1038 1043
1039 1040
1039 1041
1039 1042
1039 1043
1039 1044
1040 1042
1040 1043
1040 1044
1040 1045
1041 1056
1041 1042
1041 1043
1041 1044
1041 1045
1041 1046
1042 1043
1042 1044
1042 1045
1042 1046
1042 1047
1043 1044
1043 1045
1043 1046
1043 1047
1043 1048
1044 1045
1044 1046
1044 1048
1044 1049
1045 1129
1045 1046
1045 1047
1045 1048
1045 1049
1046 1047
1046 1049
1046 1050
1046 1051
1047 1048
1047 1049
1047 1050
1047 1051
1047 1052
1048 1049
1048 1051
1048 1052
1048 1053
1049 1050
1049 1051
1049 1052
1049 1053
1049 1054
1050 1051
1050 1052
1050 1053
1050 1054
1050 1055
1051 1056
1051 1052
1051 1053
1051 1054
1051 1055
1052 1056
1052 1057
1052 1053
1052 1054
1052 1055
1053 1056
1053 1057
1053 1058
1053 1054
1053 1055
1054 1056
1054 1057
1054 1058
1054 1059
1055 1056
1055 1057
1055 1058
1055 1059
1055 1060
1056 1057
1056 1058
1056 1060
1056 1061
1057 1058
1057 1059
1057 1060
1057 1061
1057 1062
1058 1059
1058 1061
1058 1062
1059 1060
1059 1061
1059 1062
1059 1063
1059 1064
1060 1061
1060 1062
1060 1063
1060 1064
1060 1065
1061 1062
1061 1063
1061 1064
1061 1065
1061 1066
1062 1063
1062 1064
1062 1065
1062 1066
1062 1067
1063 1064
1063 1065
1063 1066
1063 1067
1063 1068
1064 1065
1064 1066
1064 1067
1064 1069
1065 1066
1065 1067
1065 1069
1065 1070
1066 1067
1066 1068
1066 1070
1066 1071
1066 1196
1067 1068
1067 1069
1067 1071
1067 1072
1068 1069
1068 1071
1068 1072
1069 1070
1069 1071
1069 1072
1069 1073
1069 1074
1070 1071
1070 1072
1070 1073
1070 1074
1070 1075
1071 1072
1071 1073
1071 1074
1071 1075
1071 1076
1072 1073
1072 1074
1072 1075
1072 1076
1072 1077
1073 1074
1073 1075
1073 1076
1073 1077
1073 1078
1074 1075
1074 1076
1074 1077
1074 1078
1074 1079
1075 1076
1075 1077
1075 1078
1075 1079
1075 1080
1075 1244
1076 1077
1076 1078
1076 1079
1076 1080
1076 1081
1077 1078
1077 1079
1077 1080
1077 1081
1077 1082
1078 1079
1078 1080
1078 1081
1078 1082
1078 1083
1079 1080
1079 1081
1079 1082
1079 1083
1079 1084
1080 1081
1080 1082
1080 1083
1080 1084
1080 1085
1081 1082
1081 1083
1081 1084
1081 1085
1081 1086
1082 1100
1082 1084
1082 1085
1082 1086
1082 1087
1083 1088
1083 1084
1083 1085
1083 1086
1083 1087
1084 1088
1084 1089
1084 1085
1084 1086
1084 1087
1085 1088
1085 1089
1085 1086
1085 1087
1086 1088
1086 1089
1086 1090
1086 1091
1086 1087
1087 1088
1087 1089
1087 1090
1087 1091
1087 1092
1088 1089
1088 1090
1088 1091
1088 1092
1088 1093
1089 1090
1089 1091
1089 1092
1089 1093
1089 1094
1090 1091
1090 1092
1090 1093
1090 1094
1090 1095
1091 1092
1091 1093
1091 1094
1091 1095
1091 1096
1092 1093
1092 1094
1092 1095
1092 1096
1092 1097
1093 1094
1093 1097
1093 1122
1094 1095
1094 1096
1094 1097
1094 1098
1094 1099
1095 1096
1095 1097
1095 1098
1095 1099
1095 1100
1096 1097
1096 1098
1096 1099
1096 1100
1096 1101
1097 1098
1097 1099
1097 1100
1097 1101
1097 1102
1098 1099
1098 1100
1098 1101
1098 1102
1098 1103
1099 1100
1099 1101
1099 1102
1099 1103
1099 1104
1100 1101
1100 1102
1100 1103
1100 1104
1101 1102
1101 1103
1101 1104
1101 1105
1101 1106
1102 1103
1102 1104
1102 1106
1102 1107
1103 1104
1103 1105
1103 1106
1103 1108
1103 1175
1104 1163
1104 1105
1104 1106
1104 1107
1104 1108
1104 1109
1105 1106
1105 1107
1105 1108
1105 1109
1105 1110
1106 1107
1106 1108
1106 1109
1106 1110
1106 1111
1107 1108
1107 1109
1107 1110
1107 1111
1107 1112
1108 1109
1108 1110
1108 1111
1108 1112
1108 1113
1109 1110
1109 1111
1109 1112
1109 1113
1109 1114
1110 1111
1110 1112
1110 1113
1110 1114
1110 1115
1111 1112
1111 1113
1111 1114
1111 1115
1111 1116
1112 1113
1112 1114
1112 1115
1112 1116
1112 1117
1113 1130
1113 1114
1113 1115
1113 1116
1113 1117
1114 1115
1114 1116
1114 1117
1114 1118
1114 1119
1115 1120
1115 1116
1115 1117
1115 1118
1115 1119
1116 1120
1116 1121
1116 1117
1116 1118
1116 1119
1117 1120
1117 1121
1117 1122
1117 1118
1117 1119
1118 1120
1118 1121
1118 1122
1118 1123
1118 1119
1119 1120
1119 1121
1119 1122
1119 1123
1119 1124
1120 1121
1120 1122
1120 1124
1120 1125
1121 1122
1121 1123
1121 1124
1121 1125
1121 1126
1122 1123
1122 1124
1122 1125
1122 1126
1122 1127
1123 1124
1123 1126
1123 1128
1124 1125
1124 1126
1124 1127
1124 1128
1125 1126
1125 1127
1125 1128
1125 1129
1125 1130
1126 1127
1126 1128
1126 1129
1126 1130
1127 1128
1127 1129
1127 1130
1127 1131
1127 1132
1128 1129
1128 1130
1128 1131
1128 1133
1128 1234
1129 1130
1129 1131
1129 1132
1129 1133
1129 1134
1130 1131
1130 1132
1130 1133
1130 1134
1130 1135
1131 1132
1131 1133
1131 1134
1131 1135
1131 1136
1132 1133
1132 1134
1132 1135
1132 1136
1132 1137
1133 1134
1133 1135
1133 1136
1133 1137
1133 1138
1134 1135
1134 1136
1134 1137
1134 1138
1134 1139
1135 1136
1135 1137
1135 1138
1135 1139
1135 1140
1136 1137
1136 1138
1136 1139
1136 1140
1136 1141
1137 1138
1137 1139
1137 1140
1137 1141
1137 1142
1138 1139
1138 1140
1138 1141
1138 1142
1138 1143
1139 1140
1139 1141
1139 1142
1139 1143
1139 1144
1140 1141
1140 1142
1140 1143
1140 1144
1140 1145
1141 1142
1141 1143
1141 1144
1141 1145
1141 1146
1142 1143
1142 1144
1142 1146
1142 1147
1143 1144
1143 1145
1143 1146
1143 1147
1143 1148
1144 1146
1144 1147
1144 1148
1144 1149
1145 1146
1145 1147
1145 1148
1145 1149
1145 1150
1146 1147
1146 1148
1146 1149
1146 1150
1146 1151
1147 1152
1147 1148
1147 1149
1147 1150
1147 1151
1148 1152
1148 1153
1148 1149
1148 1150
1148 1151
1149 1152
1149 1153
1149 1154
1149 1150
1149 1151
1150 1152
1150 1154
1150 1155
1150 1151
1151 1152
1151 1153
1151 1154
1151 1155
1151 1156
1152 1153
1152 1154
1152 1155
1152 1157
1153 1154
1153 1156
1154 1155
1154 1156
1154 1157
1154 1158
1155 1156
1155 1157
1155 1158
1155 1159
1155 1160
1156 1157
1156 1158
1156 1159
1156 1160
1156 1161
1157 1158
1157 1159
1157 1160
1157 1161
1157 1162
1158 1159
1158 1160
1158 1161
1158 1162
1159 1160
1159 1161
1159 1162
1159 1163
1159 1164
1160 1161
1160 1162
1160 1163
1160 1164
1160 1165
1161 1162
1161 1163
1161 1164
1161 1165
1161 1166
1162 1163
1162 1164
1162 1165
1162 1166
1162 1167
1163 1165
1163 1166
1163 1167
1164 1165
1164 1167
1164 1168
1164 1169
1165 1166
1165 1167
1165 1168
1165 1169
1165 1170
1166 1167
1166 1168
1166 1169
1166 1170
1166 1171
1167 1168
1167 1169
1167 1170
1167 1171
1167 1172
1168 1169
1168 1170
1168 1171
1168 1172
1168 1173
1169 1170
1169 1171
1169 1172
1169 1173
1169 1174
1170 1171
1170 1172
1170 1173
1170 1174
1170 1175
1171 1172
1171 1173
1171 1174
1171 1175
1171 1176
1172 1173
1172 1174
1172 1175
1172 1176
1172 1177
1173 1174
1173 1175
1173 1176
1173 1177
1173 1178
1174 1175
1174 1177
1174 1178
1174 1179
1175 1177
1175 1178
1175 1179
1175 1180
1176 1177
1176 1178
1176 1179
1176 1180
1177 1178
1177 1179
1177 1180
1177 1181
1177 1182
1178 1179
1178 1180
1178 1181
1178 1182
1178 1183
1179 1184
1179 1180
1179 1181
1179 1182
1179 1183
1180 1184
1180 1185
1180 1181
1180 1182
1180 1183
1181 1184
1181 1185
1181 1186
1181 1182
1181 1183
1182 1184
1182 1185
1182 1186
1182 1187
1182 1183
1183 1184
1183 1185
1183 1186
1183 1187
1183 1188
1184 1185
1184 1186
1184 1187
1184 1188
1184 1189
1185 1186
1185 1187
1185 1188
1185 1189
1185 1190
1186 1187
1186 1188
1186 1189
1186 1190
1186 1191
1187 1188
1187 1189
1187 1190
1187 1191
1187 1192
1188 1189
1188 1190
1188 1191
1188 1192
1188 1193
1189 1190
1189 1191
1189 1192
1189 1193
1189 1194
1190 1191
1190 1193
1190 1194
1190 1195
1191 1192
1191 1193
1191 1194
1191 1195
1191 1196
1192 1193
1192 1194
1192 1195
1192 1196
1192 1197
1193 1194
1193 1195
1193 1196
1193 1197
1193 1198
1194 1195
1194 1196
1194 1197
1194 1199
1195 1196
1195 1197
1195 1198
1195 1199
1195 1200
1196 1197
1196 1198
1196 1200
1196 1201
1197 1198
1197 1199
1197 1200
1197 1201
1197 1202
1198 1199
1198 1200
1198 1201
1198 1202
1198 1203
1199 1200
1199 1201
1199 1202
1199 1203
1199 1204
1200 1201
1200 1202
1200 1203
1200 1204
1200 1205
1201 1202
1201 1203
1201 1204
1201 1205
1201 1206
1202 1203
1202 1204
1202 1205
1202 1206
1202 1207
1203 1204
1203 1205
1203 1206
1203 1207
1203 1208
1204 1205
1204 1206
1204 1207
1204 1208
1204 1209
1205 1206
1205 1207
1205 1208
1205 1209
1205 1210
1206 1207
1206 1208
1206 1209
1206 1210
1206 1211
1207 1208
1207 1209
1207 1210
1207 1211
1207 1212
1208 1209
1208 1210
1208 1211
1208 1212
1208 1213
1209 1210
1209 1211
1209 1212
1209 1213
1209 1214
1210 1211
1210 1212
1210 1213
1210 1214
1210 1215
1211 1216
1211 1212
1211 1213
1211 1214
1211 1215
1212 1216
1212 1217
1212 1213
1212 1214
1212 1215
1213 1216
1213 1217
1213 1218
1213 1214
1213 1215
1214 1216
1214 1217
1214 1218
1214 1219
1214 1215
1215 1216
1215 1217
1215 1218
1215 1219
1215 1220
1216 1217
1216 1218
1216 1219
1216 1220
1216 1221
1217 1218
1217 1219
1217 1220
1217 1221
1217 1222
1218 1219
1218 1220
1218 1221
1218 1222
1218 1223
1219 1220
1219 1221
1219 1222
1219 1223
1219 1224
1220 1221
1220 1222
1220 1223
1220 1224
1220 1225
1221 1222
1221 1223
1221 1224
1221 1225
1221 1226
1222 1223
1222 1224
1222 1225
1222 1226
1222 1227
1223 1225
1223 1227
1223 1228
1224 1225
1224 1226
1224 1227
1224 1228
1224 1229
1225 1226
1225 1227
1225 1228
1225 1229
1225 1230
1226 1227
1226 1229
1226 1230
1226 1231
1227 1228
1227 1229
1227 1230
1227 1231
1227 1232
1228 1229
1228 1230
1228 1231
1228 1232
1228 1233
1229 1230
1229 1231
1229 1232
1229 1233
1229 1234
1230 1231
1230 1232
1230 1233
1230 1234
1230 1235
1231 1232
1231 1233
1231 1234
1231 1235
1231 1236
1232 1233
1232 1234
1232 1235
1232 1236
1232 1237
1233 1234
1233 1235
1233 1236
1233 1237
1233 1238
1234 1235
1234 1236
1234 1237
1234 1238
1234 1239
1235 1236
1235 1237
1235 1239
1235 1240
1236 1237
1236 1238
1236 1239
1236 1240
1236 1241
1237 1238
1237 1239
1237 1240
1237 1241
1237 1242
1238 1239
1238 1240
1238 1241
1238 1242
1238 1243
1239 1240
1239 1241
1239 1242
1239 1243
1239 1244
1240 1241
1240 1242
1240 1243
1240 1244
1240 1245
1241 1242
1241 1243
1241 1244
1241 1245
1241 1246
1242 1243
1242 1244
1242 1245
1242 1246
1242 1247
1243 1248
1243 1244
1243 1245
1243 1246
1243 1247
1244 1248
1244 1249
1244 1245
1244 1246
1245 1249
1245 1246
1245 1247
1246 1248
1246 1249
1246 1247
1247 1248
1247 1249
1248 1249
